1.854518632286665181e+01,0.000000000000000000e+00,0.000000000000000000e+00
1.827369431208930095e+01,3.189685206959190777e-01,0.000000000000000000e+00
1.800906886947225516e+01,6.288905427518504121e-01,0.000000000000000000e+00
1.774652320890843527e+01,9.300558713738413807e-01,0.000000000000000000e+00
1.748104036235731584e+01,1.222393421995475515e+00,0.000000000000000000e+00
1.721202251898314017e+01,1.505856846763942825e+00,0.000000000000000000e+00
1.694092825936003166e+01,1.780563309390723381e+00,0.000000000000000000e+00
1.666795271666680023e+01,2.046567255466308577e+00,0.000000000000000000e+00
1.639154859982541268e+01,2.303681922284278816e+00,0.000000000000000000e+00
1.611383455229673700e+01,2.552180667047693419e+00,0.000000000000000000e+00
1.583467149470156521e+01,2.792079815171123247e+00,0.000000000000000000e+00
1.555305841703162528e+01,3.023208303139601760e+00,0.000000000000000000e+00
1.527098623327644944e+01,3.245948327055483862e+00,0.000000000000000000e+00
1.498713815248935788e+01,3.460053475414131885e+00,0.000000000000000000e+00
1.470255316070269203e+01,3.665758216253696133e+00,0.000000000000000000e+00
1.441753055747662593e+01,3.863165669726895679e+00,0.000000000000000000e+00
1.413129859446075898e+01,4.052084666741549768e+00,0.000000000000000000e+00
1.384564142453685243e+01,4.233037387955909558e+00,0.000000000000000000e+00
1.355872322409641306e+01,4.405496231279458108e+00,0.000000000000000000e+00
1.327265515814766417e+01,4.570141672621748974e+00,0.000000000000000000e+00
1.298631060621026378e+01,4.726630513596017380e+00,0.000000000000000000e+00
1.270052043373118345e+01,4.875273020741801133e+00,0.000000000000000000e+00
1.241552017318119105e+01,5.016195757350648599e+00,0.000000000000000000e+00
1.213070061451749559e+01,5.149176913841052361e+00,0.000000000000000000e+00
1.184757677435762879e+01,5.274881031339194060e+00,0.000000000000000000e+00
1.156461745583553125e+01,5.392669683289085469e+00,0.000000000000000000e+00
1.128341521665263159e+01,5.503289311481418977e+00,0.000000000000000000e+00
1.100365378742328382e+01,5.606641642117922153e+00,0.000000000000000000e+00
1.072493229380534885e+01,5.702547654547082345e+00,0.000000000000000000e+00
1.044850530675359757e+01,5.791701065685809446e+00,0.000000000000000000e+00
1.017358062721757683e+01,5.873719513746428866e+00,0.000000000000000000e+00
9.900421020304584374e+00,5.948773102893682108e+00,0.000000000000000000e+00
9.629835623184115789e+00,6.017389144852412386e+00,0.000000000000000000e+00
9.361429805810574933e+00,6.079383599078884259e+00,0.000000000000000000e+00
9.094904455231866081e+00,6.134590514922024340e+00,0.000000000000000000e+00
8.831149071524290406e+00,6.183637150934986337e+00,0.000000000000000000e+00
8.570233237764604439e+00,6.226638922161065182e+00,0.000000000000000000e+00
8.311156969151467067e+00,6.262905995144151028e+00,0.000000000000000000e+00
8.057772676675430290e+00,6.295421973945071414e+00,0.000000000000000000e+00
7.811942490690142904e+00,6.325986297198512354e+00,0.000000000000000000e+00
7.574303977511268826e+00,6.355595673954310243e+00,0.000000000000000000e+00
7.344248865647866609e+00,6.384258138129555782e+00,0.000000000000000000e+00
7.121286541889586097e+00,6.412035202921162025e+00,0.000000000000000000e+00
6.904966246807624053e+00,6.438985194419457159e+00,0.000000000000000000e+00
6.694868992011477893e+00,6.465159834389433868e+00,0.000000000000000000e+00
6.490607437613062913e+00,6.490607437613062025e+00,0.000000000000000000e+00
6.291822353794363387e+00,6.515372776339195759e+00,0.000000000000000000e+00
6.098180001278822537e+00,6.539497421469688376e+00,0.000000000000000000e+00
5.909369806511958423e+00,6.563020061865946886e+00,0.000000000000000000e+00
5.725102255504713078e+00,6.585976762842365773e+00,0.000000000000000000e+00
5.545107011864639723e+00,6.608401202709027977e+00,0.000000000000000000e+00
5.369131224563290061e+00,6.630324882276764420e+00,0.000000000000000000e+00
5.196938006034952373e+00,6.651777313850621098e+00,0.000000000000000000e+00
5.028305060420308337e+00,6.672786191958472557e+00,0.000000000000000000e+00
4.863023444656620953e+00,6.693377548052821702e+00,0.000000000000000000e+00
4.700896447018929614e+00,6.713575890711172889e+00,0.000000000000000000e+00
4.541738569652867596e+00,6.733404332556222727e+00,0.000000000000000000e+00
4.385374603355395529e+00,6.752884704909245528e+00,0.000000000000000000e+00
4.231638784402080411e+00,6.772037661107945361e+00,0.000000000000000000e+00
4.080374024568783398e+00,6.790882769405832242e+00,0.000000000000000000e+00
3.931431206658679844e+00,6.809438596394650212e+00,0.000000000000000000e+00
3.784668543966661414e+00,6.827722791189422047e+00,0.000000000000000000e+00
3.639951006092940755e+00,6.845752189722999148e+00,0.000000000000000000e+00
3.497149761566885395e+00,6.863542861376000559e+00,0.000000000000000000e+00
3.356141668521918309e+00,6.881110155854837096e+00,0.000000000000000000e+00
3.216808808745807102e+00,6.898468752311493368e+00,0.000000000000000000e+00
3.079038059185360776e+00,6.915632709180986382e+00,0.000000000000000000e+00
2.942720722965992408e+00,6.932615577158014020e+00,0.000000000000000000e+00
2.807752148892042499e+00,6.949430431374049810e+00,0.000000000000000000e+00
2.674031360947808800e+00,6.966089857053417767e+00,0.000000000000000000e+00
2.541460734075606354e+00,6.982605979303293964e+00,0.000000000000000000e+00
2.409945713693478542e+00,6.998990556316822875e+00,0.000000000000000000e+00
2.279394546520074449e+00,7.015255070551885019e+00,0.000000000000000000e+00
2.149717971137598216e+00,7.031410654897826795e+00,0.000000000000000000e+00
2.020828960539845731e+00,7.047468105518668757e+00,0.000000000000000000e+00
1.892642507082791692e+00,7.063437996997517843e+00,0.000000000000000000e+00
1.765075398387523364e+00,7.079330754105859214e+00,0.000000000000000000e+00
1.638045958894097875e+00,7.095156551918442744e+00,0.000000000000000000e+00
1.511473840597712170e+00,7.110925340165030306e+00,0.000000000000000000e+00
1.385279848623468535e+00,7.126647008478604661e+00,0.000000000000000000e+00
1.259385722820199449e+00,7.142331353716302900e+00,0.000000000000000000e+00
1.133713923963885595e+00,7.157988004635167378e+00,0.000000000000000000e+00
1.008187457083046468e+00,7.173626506616225029e+00,0.000000000000000000e+00
8.827296985476795754e-01,7.189256467233883008e+00,0.000000000000000000e+00
7.572641830191493284e-01,7.204887425373302179e+00,0.000000000000000000e+00
6.317144190163379580e-01,7.220528849765240231e+00,0.000000000000000000e+00
5.060037187168286987e-01,7.236190306024488983e+00,0.000000000000000000e+00
3.800550024001062566e-01,7.251881449651281564e+00,0.000000000000000000e+00
2.537906010215613684e-01,7.267611931676787762e+00,0.000000000000000000e+00
1.271320710402831233e-01,7.283391471936859318e+00,0.000000000000000000e+00
4.469489339800406061e-16,7.299230019483559317e+00,0.000000000000000000e+00
-1.276862023911405353e-01,7.315137635765837310e+00,0.000000000000000000e+00
-2.560085082307144710e-01,7.331124484276173803e+00,0.000000000000000000e+00
-3.850504862603960077e-01,7.347200960010859205e+00,0.000000000000000000e+00
-5.148975317320048095e-01,7.363377757704138382e+00,0.000000000000000000e+00
-6.456370958812153171e-01,7.379665774525225430e+00,0.000000000000000000e+00
-7.773589268193191737e-01,7.396076141502356371e+00,0.000000000000000000e+00
-9.101553358623712953e-01,7.412620358532728382e+00,0.000000000000000000e+00
-1.044121474500331326e+00,7.429310326150816657e+00,0.000000000000000000e+00
-1.179355613323664231e+00,7.446158289962791166e+00,0.000000000000000000e+00
-1.315959446487625417e+00,7.463176884219456575e+00,0.000000000000000000e+00
-1.454038426447650467e+00,7.480379226156411931e+00,0.000000000000000000e+00
-1.593702125153638072e+00,7.497779003537613285e+00,0.000000000000000000e+00
-1.735064596745811594e+00,7.515390441129055965e+00,0.000000000000000000e+00
-1.878244779154519595e+00,7.533228348746188630e+00,0.000000000000000000e+00
-2.023366929971819772e+00,7.551308185009486529e+00,0.000000000000000000e+00
-2.170561101940007287e+00,7.569646138144825009e+00,0.000000000000000000e+00
-2.319963661077672601e+00,7.588259215623962106e+00,0.000000000000000000e+00
-2.471717829495551300e+00,7.607165272381011256e+00,0.000000000000000000e+00
-2.625974284732321973e+00,7.626383082216603881e+00,0.000000000000000000e+00
-2.782891815752380094e+00,7.645932424564738206e+00,0.000000000000000000e+00
-2.942638039251425752e+00,7.665834177405899119e+00,0.000000000000000000e+00
-3.105390183172226148e+00,7.686110417097599345e+00,0.000000000000000000e+00
-3.271335945323464944e+00,7.706784526194572216e+00,0.000000000000000000e+00
-3.440674436167224126e+00,7.727881310663743619e+00,0.000000000000000000e+00
-3.613617216209566330e+00,7.749427128233903339e+00,0.000000000000000000e+00
-3.790389440003430366e+00,7.771450029920627500e+00,0.000000000000000000e+00
-3.971231120557056737e+00,7.793979916994272727e+00,0.000000000000000000e+00
-4.156398529932387120e+00,7.817048715770434697e+00,0.000000000000000000e+00
-4.346165754007770943e+00,7.840690572555256033e+00,0.000000000000000000e+00
-4.540826421753997089e+00,7.864942070829109788e+00,0.000000000000000000e+00
-4.740695631912263508e+00,7.889842472260303552e+00,0.000000000000000000e+00
-4.946112102642523212e+00,7.915433982366664623e+00,0.000000000000000000e+00
-5.157440572501622356e+00,7.941762040551070712e+00,0.000000000000000000e+00
-5.375074486000644747e+00,7.968875635793237322e+00,0.000000000000000000e+00
-5.599439065410376948e+00,7.996827740139763385e+00,0.000000000000000000e+00
-5.830994760540595401e+00,8.025675766770218544e+00,0.000000000000000000e+00
-6.070241024949726949e+00,8.055481918147302522e+00,0.000000000000000000e+00
-6.317720731247638888e+00,8.086313784493153634e+00,0.000000000000000000e+00
-6.574025280006970284e+00,8.118245125270156848e+00,0.000000000000000000e+00
-6.839800024671793821e+00,8.151356252028575611e+00,0.000000000000000000e+00
-7.115751065091681760e+00,8.185735218930716428e+00,0.000000000000000000e+00
-7.402652380742684279e+00,8.221478376982943814e+00,0.000000000000000000e+00
-7.701354662707574406e+00,8.258691765090299342e+00,0.000000000000000000e+00
-8.012795059422547439e+00,8.297492182223361823e+00,0.000000000000000000e+00
-8.338008467408636548e+00,8.338008467408638325e+00,0.000000000000000000e+00
-8.678138230239238027e+00,8.380380675166154703e+00,0.000000000000000000e+00
-9.033202191471248810e+00,8.423597319678727047e+00,0.000000000000000000e+00
-9.394508476193315971e+00,8.458853426154806954e+00,0.000000000000000000e+00
-9.754990642301560655e+00,8.479883992874141185e+00,0.000000000000000000e+00
-1.011473230038188298e+01,8.487268142707362628e+00,0.000000000000000000e+00
-1.047219034529721071e+01,8.480212534200596508e+00,0.000000000000000000e+00
-1.082870761199235332e+01,8.460313610893507530e+00,0.000000000000000000e+00
-1.118297765310772895e+01,8.426978102708366336e+00,0.000000000000000000e+00
-1.153380349619223644e+01,8.379798749640579913e+00,0.000000000000000000e+00
-1.188210127985984776e+01,8.319936885929111625e+00,0.000000000000000000e+00
-1.222731774757132328e+01,8.247429958875416744e+00,0.000000000000000000e+00
-1.256847077790836842e+01,8.162060358054713305e+00,0.000000000000000000e+00
-1.290483083296115119e+01,8.063833279091941364e+00,0.000000000000000000e+00
-1.323669786721367103e+01,7.953410474374798866e+00,0.000000000000000000e+00
-1.356365366248269133e+01,7.830979093229233357e+00,0.000000000000000000e+00
-1.388528330232459318e+01,7.696738216464518167e+00,0.000000000000000000e+00
-1.420122192182752840e+01,7.550923636953454476e+00,0.000000000000000000e+00
-1.451117101100242657e+01,7.393810932071537501e+00,0.000000000000000000e+00
-1.481486149434768862e+01,7.225690745882901389e+00,0.000000000000000000e+00
-1.511116582347399451e+01,7.046452347136010985e+00,0.000000000000000000e+00
-1.540019136329424043e+01,6.856606954179373048e+00,0.000000000000000000e+00
-1.568256883615919506e+01,6.656855524423157533e+00,0.000000000000000000e+00
-1.595667360012080138e+01,6.446914611540296214e+00,0.000000000000000000e+00
-1.622294555248907599e+01,6.227405339938307804e+00,0.000000000000000000e+00
-1.648064562008307021e+01,5.998464447199899574e+00,0.000000000000000000e+00
-1.673074396736326364e+01,5.760857138842664149e+00,0.000000000000000000e+00
-1.697061398236486696e+01,5.514086740035907042e+00,0.000000000000000000e+00
-1.720157945760282914e+01,5.259050609738212145e+00,0.000000000000000000e+00
-1.742340988331567075e+01,4.996082388225188353e+00,0.000000000000000000e+00
-1.763570780631655666e+01,4.725473664653772943e+00,0.000000000000000000e+00
-1.783832595262380138e+01,4.447594183833371240e+00,0.000000000000000000e+00
-1.803143862229523009e+01,4.162885618120911069e+00,0.000000000000000000e+00
-1.821362784013176395e+01,3.871426109235798219e+00,0.000000000000000000e+00
-1.838448523820357394e+01,3.573581923939836091e+00,0.000000000000000000e+00
-1.854720812948056974e+01,3.270373210042803791e+00,0.000000000000000000e+00
-1.869627564449791990e+01,2.961199154107064135e+00,0.000000000000000000e+00
-1.883598061629685816e+01,2.647224438252432144e+00,0.000000000000000000e+00
-1.896513197989432697e+01,2.328625402616959938e+00,0.000000000000000000e+00
-1.908292424222737438e+01,2.005696159112151822e+00,0.000000000000000000e+00
-1.918880231222793498e+01,1.678802668959991307e+00,0.000000000000000000e+00
-1.928268970042462271e+01,1.348377016446662191e+00,0.000000000000000000e+00
-1.936511614793901259e+01,1.014882732871644322e+00,0.000000000000000000e+00
-1.943631046260204087e+01,6.787309174345652618e-01,0.000000000000000000e+00
-1.949617142324962771e+01,3.403069380444810332e-01,0.000000000000000000e+00
-1.954446025666094044e+01,2.393506069438247844e-15,0.000000000000000000e+00
-1.958102032575986939e+01,-3.417879811468804707e-01,0.000000000000000000e+00
-1.960575532235896290e+01,-6.846480623237021224e-01,0.000000000000000000e+00
-1.961858220059643543e+01,-1.028166325815053295e+00,0.000000000000000000e+00
-1.961943069133387851e+01,-1.371924240391631411e+00,0.000000000000000000e+00
-1.960833812177562052e+01,-1.715507296238571122e+00,0.000000000000000000e+00
-1.958562431029980999e+01,-2.058532065334895300e+00,0.000000000000000000e+00
-1.955128284805401506e+01,-2.400595679586808195e+00,0.000000000000000000e+00
-1.950521227569759475e+01,-2.741278814273873987e+00,0.000000000000000000e+00
-1.944732471783927608e+01,-3.080153641244491425e+00,0.000000000000000000e+00
-1.937754627266527407e+01,-3.416784227797639684e+00,0.000000000000000000e+00
-1.929581739068314050e+01,-3.750726949465951421e+00,0.000000000000000000e+00
-1.920209332575108974e+01,-4.081530934188525528e+00,0.000000000000000000e+00
-1.909671776072332960e+01,-4.408824685853608649e+00,0.000000000000000000e+00
-1.898126994066044659e+01,-4.732562125732163949e+00,0.000000000000000000e+00
-1.885756676036663038e+01,-5.052869784656213170e+00,0.000000000000000000e+00
-1.872734215942732661e+01,-5.369978951742171880e+00,0.000000000000000000e+00
-1.859147652541166806e+01,-5.683984787436789254e+00,0.000000000000000000e+00
-1.845023485134462149e+01,-5.994844703324682555e+00,0.000000000000000000e+00
-1.830384380406204770e+01,-6.302518851079513595e+00,0.000000000000000000e+00
-1.815231084083076141e+01,-6.606900829210094805e+00,0.000000000000000000e+00
-1.799552382119998128e+01,-6.907834386581773067e+00,0.000000000000000000e+00
-1.783345297563337084e+01,-7.205182699353897213e+00,0.000000000000000000e+00
-1.766631191819569935e+01,-7.498904504577666330e+00,0.000000000000000000e+00
-1.749434622761626557e+01,-7.788984771253930184e+00,0.000000000000000000e+00
-1.731766116411096590e+01,-8.075358022158347637e+00,0.000000000000000000e+00
-1.713627484589035888e+01,-8.357919688962155647e+00,0.000000000000000000e+00
-1.695022387054102708e+01,-8.636570436668602468e+00,0.000000000000000000e+00
-1.675956923783248342e+01,-8.911221034339115832e+00,0.000000000000000000e+00
-1.656437946411624651e+01,-9.181785468657999161e+00,0.000000000000000000e+00
-1.636473247407302267e+01,-9.448182699122273931e+00,0.000000000000000000e+00
-1.616071422709838856e+01,-9.710336754421838634e+00,0.000000000000000000e+00
-1.595242358231053714e+01,-9.968180585261452009e+00,0.000000000000000000e+00
-1.573996249245614187e+01,-1.022165115924503276e+01,0.000000000000000000e+00
-1.552343552779353786e+01,-1.047068947415104745e+01,0.000000000000000000e+00
-1.530296542579988817e+01,-1.071525174810763481e+01,0.000000000000000000e+00
-1.507869297903494044e+01,-1.095531171600472931e+01,0.000000000000000000e+00
-1.485069439973277561e+01,-1.119080091175750802e+01,0.000000000000000000e+00
-1.461898372117826561e+01,-1.142160185549225204e+01,0.000000000000000000e+00
-1.438349329932703924e+01,-1.164752321536241375e+01,0.000000000000000000e+00
-1.414428447478133499e+01,-1.186846388605554559e+01,0.000000000000000000e+00
-1.390184171101891231e+01,-1.208468663060918580e+01,0.000000000000000000e+00
-1.365631323611178338e+01,-1.229619966799317154e+01,0.000000000000000000e+00
-1.340744892982398007e+01,-1.250264839368110437e+01,0.000000000000000000e+00
-1.315530807149989379e+01,-1.270393333377634804e+01,0.000000000000000000e+00
-1.290015465219093116e+01,-1.290015465219092761e+01,0.000000000000000000e+00
-1.264234230804143166e+01,-1.309152869729392954e+01,0.000000000000000000e+00
-1.238167239100895145e+01,-1.327771804989448157e+01,0.000000000000000000e+00
-1.211795219998460738e+01,-1.345834936740484622e+01,0.000000000000000000e+00
-1.185191456077971850e+01,-1.363406807580364344e+01,0.000000000000000000e+00
-1.158348487798992288e+01,-1.380465971810519044e+01,0.000000000000000000e+00
-1.131227811055697607e+01,-1.396950007266052651e+01,0.000000000000000000e+00
-1.103895945661628630e+01,-1.412922378461467865e+01,0.000000000000000000e+00
-1.076359613718684471e+01,-1.428377451586725222e+01,0.000000000000000000e+00
-1.048595307171154012e+01,-1.443267622681292650e+01,0.000000000000000000e+00
-1.020630471606629897e+01,-1.457611373645271868e+01,0.000000000000000000e+00
-9.924956448257807651e+00,-1.471435304437584612e+01,0.000000000000000000e+00
-9.641901038886327768e+00,-1.484722559434848854e+01,0.000000000000000000e+00
-9.356861579936140316e+00,-1.497410866982940014e+01,0.000000000000000000e+00
-9.070444779585237427e+00,-1.509575514245706707e+01,0.000000000000000000e+00
-8.782763178749442901e+00,-1.521219205643915728e+01,0.000000000000000000e+00
-8.493456020383629124e+00,-1.532260026806965492e+01,0.000000000000000000e+00
-8.202902850533437373e+00,-1.542741648366310159e+01,0.000000000000000000e+00
-7.911467233551362277e+00,-1.552712870652766775e+01,0.000000000000000000e+00
-7.619078638899357436e+00,-1.562142620263009185e+01,0.000000000000000000e+00
-7.325410773098027128e+00,-1.570939409848397261e+01,0.000000000000000000e+00
-7.031007905941063285e+00,-1.579190231435491043e+01,0.000000000000000000e+00
-6.736166972201727887e+00,-1.586941489804526206e+01,0.000000000000000000e+00
-6.441083308043821454e+00,-1.594224061749839549e+01,0.000000000000000000e+00
-6.146269687059170650e+00,-1.601157995041681659e+01,0.000000000000000000e+00
-5.851949653378381910e+00,-1.607809953244237633e+01,0.000000000000000000e+00
-5.558087384500959516e+00,-1.614185784114045319e+01,0.000000000000000000e+00
-5.264557174123490668e+00,-1.620264094531773225e+01,0.000000000000000000e+00
-4.971322207497404833e+00,-1.626046225972122272e+01,0.000000000000000000e+00
-4.678442067646027880e+00,-1.631566644138170474e+01,0.000000000000000000e+00
-4.385859596834242424e+00,-1.636825085024895543e+01,0.000000000000000000e+00
-4.093438478821282089e+00,-1.641788500345836610e+01,0.000000000000000000e+00
-3.801204255706774671e+00,-1.646482452682013431e+01,0.000000000000000000e+00
-3.509174827880010561e+00,-1.650936955466813316e+01,0.000000000000000000e+00
-3.217263529261662924e+00,-1.655138600989784337e+01,0.000000000000000000e+00
-2.925338412594006066e+00,-1.659041855557371647e+01,0.000000000000000000e+00
-2.633454289196884623e+00,-1.662697600724430202e+01,0.000000000000000000e+00
-2.341582553446445836e+00,-1.666122560325600688e+01,0.000000000000000000e+00
-2.049630441187465735e+00,-1.669290036235316776e+01,0.000000000000000000e+00
-1.757536327179751945e+00,-1.672184115832396500e+01,0.000000000000000000e+00
-1.465295265396723723e+00,-1.674840152247309888e+01,0.000000000000000000e+00
-1.172854936873579668e+00,-1.677260701976593182e+01,0.000000000000000000e+00
-8.801436944304952270e-01,-1.679414213827021740e+01,0.000000000000000000e+00
-5.871263176988542609e-01,-1.681309794268964097e+01,0.000000000000000000e+00
-2.937643248087493664e-01,-1.682974689677921631e+01,0.000000000000000000e+00
-3.094189411877248749e-15,-1.684398262983005168e+01,0.000000000000000000e+00
2.942118574897287786e-01,-1.685538602690139243e+01,0.000000000000000000e+00
5.889131707088639534e-01,-1.686426671806379574e+01,0.000000000000000000e+00
8.841645991812669969e-01,-1.687086557142814414e+01,0.000000000000000000e+00
1.180012006666270263e+00,-1.687495788624728021e+01,0.000000000000000000e+00
1.476464008446119358e+00,-1.687606083968386272e+01,0.000000000000000000e+00
1.773592635804754680e+00,-1.687460673037178083e+01,0.000000000000000000e+00
2.071472561605825824e+00,-1.687079015776175694e+01,0.000000000000000000e+00
2.370124290621013152e+00,-1.686431061577210855e+01,0.000000000000000000e+00
2.669533846318822068e+00,-1.685477336567177886e+01,0.000000000000000000e+00
2.969793478059273184e+00,-1.684253576013684039e+01,0.000000000000000000e+00
3.270989998127958653e+00,-1.682778473106795758e+01,0.000000000000000000e+00
3.573122848012741049e+00,-1.681022133562621335e+01,0.000000000000000000e+00
3.876138033144931772e+00,-1.678939837596251650e+01,0.000000000000000000e+00
4.180153921487380408e+00,-1.676568164754669610e+01,0.000000000000000000e+00
4.485276179456115564e+00,-1.673927858770861832e+01,0.000000000000000000e+00
4.791478432939600296e+00,-1.670987109438575047e+01,0.000000000000000000e+00
5.098665961336865671e+00,-1.667698491041464592e+01,0.000000000000000000e+00
5.406975834550402205e+00,-1.664096051190021086e+01,0.000000000000000000e+00
5.716500233743574633e+00,-1.660192216107449426e+01,0.000000000000000000e+00
6.027224811193177878e+00,-1.655966407072993718e+01,0.000000000000000000e+00
6.339095470376000740e+00,-1.651390828992656878e+01,0.000000000000000000e+00
6.652110965448805757e+00,-1.646455239804872761e+01,0.000000000000000000e+00
6.966370991468656015e+00,-1.641174158145740947e+01,0.000000000000000000e+00
7.281970427156591263e+00,-1.635557336587667621e+01,0.000000000000000000e+00
7.598849375105868553e+00,-1.629578507282425903e+01,0.000000000000000000e+00
7.916839893750830193e+00,-1.623192724732555448e+01,0.000000000000000000e+00
8.236080071445346817e+00,-1.616421727240025419e+01,0.000000000000000000e+00
8.556639605689225547e+00,-1.609269856085034789e+01,0.000000000000000000e+00
8.878562048981075705e+00,-1.601734993450238775e+01,0.000000000000000000e+00
9.201787806389157609e+00,-1.593796400113378553e+01,0.000000000000000000e+00
9.526108414774915545e+00,-1.585410678135651352e+01,0.000000000000000000e+00
9.851633269423372141e+00,-1.576590888850780736e+01,0.000000000000000000e+00
1.017845158916381543e+01,-1.567344098803623709e+01,0.000000000000000000e+00
1.050656630527664781e+01,-1.557662511729429333e+01,0.000000000000000000e+00
1.083596377589824833e+01,-1.547536006767884054e+01,0.000000000000000000e+00
1.116653417078039467e+01,-1.536941574698571245e+01,0.000000000000000000e+00
1.149799438929473006e+01,-1.525835391333411550e+01,0.000000000000000000e+00
1.183060028590886148e+01,-1.514247783977008233e+01,0.000000000000000000e+00
1.216440074036290042e+01,-1.502178388522701447e+01,0.000000000000000000e+00
1.249930549632548171e+01,-1.489609223017844997e+01,0.000000000000000000e+00
1.283532823388743793e+01,-1.476535609657595494e+01,0.000000000000000000e+00
1.317232840047485176e+01,-1.462935277100739029e+01,0.000000000000000000e+00
1.350987108031975126e+01,-1.448756302300227361e+01,0.000000000000000000e+00
1.384838782466839824e+01,-1.434042538957239188e+01,0.000000000000000000e+00
1.418699098086344890e+01,-1.418699098086345423e+01,0.000000000000000000e+00
1.452231670152929688e+01,-1.402403822286014723e+01,0.000000000000000000e+00
1.485173082386557297e+01,-1.384946304851036558e+01,0.000000000000000000e+00
1.517421504757242090e+01,-1.366292459787934277e+01,0.000000000000000000e+00
1.548773987030723021e+01,-1.346328686800568519e+01,0.000000000000000000e+00
1.579346281157484633e+01,-1.325228882020455146e+01,0.000000000000000000e+00
1.609220624363074137e+01,-1.303121167497318922e+01,0.000000000000000000e+00
1.638250962321519566e+01,-1.279941929472602880e+01,0.000000000000000000e+00
1.666205931044315847e+01,-1.255576227643741127e+01,0.000000000000000000e+00
1.693314275720709361e+01,-1.230264834589691603e+01,0.000000000000000000e+00
1.719534951368601128e+01,-1.204031335163362293e+01,0.000000000000000000e+00
1.744615344830383563e+01,-1.176757908702082389e+01,0.000000000000000000e+00
1.768668589409597303e+01,-1.148586811812522157e+01,0.000000000000000000e+00
1.791743374561099245e+01,-1.119605521249828151e+01,0.000000000000000000e+00
1.813731306072772398e+01,-1.089799715316552486e+01,0.000000000000000000e+00
1.834571006465204945e+01,-1.059190064430169897e+01,0.000000000000000000e+00
1.854234812266696508e+01,-1.027819139958255157e+01,0.000000000000000000e+00
1.872713737330977679e+01,-9.957395569408978631e+00,0.000000000000000000e+00
1.890005661852485375e+01,-9.630059844024035698e+00,0.000000000000000000e+00
1.906093438735334900e+01,-9.296638869227882296e+00,0.000000000000000000e+00
1.920951914496014012e+01,-8.957545886769988641e+00,0.000000000000000000e+00
1.934556459985178734e+01,-8.613200293343368230e+00,0.000000000000000000e+00
1.946882475155682002e+01,-8.264025808234109149e+00,0.000000000000000000e+00
1.957906430422186972e+01,-7.910455456218610237e+00,0.000000000000000000e+00
1.967607458447916713e+01,-7.552937383655978110e+00,0.000000000000000000e+00
1.975971129931974346e+01,-7.191946750645928255e+00,0.000000000000000000e+00
1.982985641974371660e+01,-6.827967132887119206e+00,0.000000000000000000e+00
1.988640701055209448e+01,-6.461485325032531257e+00,0.000000000000000000e+00
1.992927530414379689e+01,-6.092990919713122899e+00,0.000000000000000000e+00
1.995838876347011848e+01,-5.722975885105509697e+00,0.000000000000000000e+00
1.997369013412230032e+01,-5.351934141307551407e+00,0.000000000000000000e+00
1.997513748553408419e+01,-4.980361135786171012e+00,0.000000000000000000e+00
1.996273861534438154e+01,-4.608761354036992941e+00,0.000000000000000000e+00
1.993655220709211306e+01,-4.237644988694402315e+00,0.000000000000000000e+00
1.989627421580131639e+01,-3.867443932756274183e+00,0.000000000000000000e+00
1.984150809535049831e+01,-3.498593215155738179e+00,0.000000000000000000e+00
1.977230746146382501e+01,-3.131625851208605926e+00,0.000000000000000000e+00
1.969017286780517040e+01,-2.767273330275728416e+00,0.000000000000000000e+00
1.959524440126919842e+01,-2.405993479594950912e+00,0.000000000000000000e+00
1.948611413070408460e+01,-2.048073124007343537e+00,0.000000000000000000e+00
1.936252022139631279e+01,-1.694001016663644332e+00,0.000000000000000000e+00
1.922483770514579859e+01,-1.344331610852228076e+00,0.000000000000000000e+00
1.907395655328284079e+01,-9.996237050987745176e-01,0.000000000000000000e+00
1.891201295281373618e+01,-6.604220449501531087e-01,0.000000000000000000e+00
1.873349442842865642e+01,-3.269943615806421566e-01,0.000000000000000000e+00
1.854554548748581411e+01,-4.542348583938229116e-15,0.000000000000000000e+00
