1.797467947649778353e+01,0.000000000000000000e+00,0.000000000000000000e+00
1.739704225260009451e+01,3.036665020780793811e-01,0.000000000000000000e+00
1.685438420125867509e+01,5.885680656175088510e-01,0.000000000000000000e+00
1.634402986511884492e+01,8.565543097665819783e-01,0.000000000000000000e+00
1.586240230017812358e+01,1.109207222616862776e+00,0.000000000000000000e+00
1.539762510445911836e+01,1.347117641862344284e+00,0.000000000000000000e+00
1.494164737933787279e+01,1.570430421414705791e+00,0.000000000000000000e+00
1.449426223250055834e+01,1.779671623829134353e+00,0.000000000000000000e+00
1.405577277317023110e+01,1.975410037928491347e+00,0.000000000000000000e+00
1.362646452440896461e+01,2.158219957300662184e+00,0.000000000000000000e+00
1.320577119173766789e+01,2.328533762165930110e+00,0.000000000000000000e+00
1.279452869095233325e+01,2.487004442218722744e+00,0.000000000000000000e+00
1.239326950948860251e+01,2.634270754786818269e+00,0.000000000000000000e+00
1.200226420292516849e+01,2.770941025940432567e+00,0.000000000000000000e+00
1.162186682458728271e+01,2.897656844683765609e+00,0.000000000000000000e+00
1.125207352824910600e+01,3.014984015069960943e+00,0.000000000000000000e+00
1.089343111016562027e+01,3.123641105921439287e+00,0.000000000000000000e+00
1.054854715363865836e+01,3.225014509680758756e+00,0.000000000000000000e+00
1.022080887641446090e+01,3.320942115379179160e+00,0.000000000000000000e+00
9.909970693598339153e+00,3.412276556697244168e+00,0.000000000000000000e+00
9.613874172799716789e+00,3.499164034879704843e+00,0.000000000000000000e+00
9.331473754423599942e+00,3.582017168200123169e+00,0.000000000000000000e+00
9.061747867447696336e+00,3.661183790354673562e+00,0.000000000000000000e+00
8.803650378741517457e+00,3.736927876489922085e+00,0.000000000000000000e+00
8.556307311339670818e+00,3.809513455323576547e+00,0.000000000000000000e+00
8.318921830258963368e+00,3.879176957042552054e+00,0.000000000000000000e+00
8.090772607457754617e+00,3.946133467333134970e+00,0.000000000000000000e+00
7.871191124230326963e+00,4.010572195630015990e+00,0.000000000000000000e+00
7.659584555782141813e+00,4.072673350917963120e+00,0.000000000000000000e+00
7.455396603568348546e+00,4.132593819528167067e+00,0.000000000000000000e+00
7.258134818007672351e+00,4.190486090991323742e+00,0.000000000000000000e+00
7.067328775860009848e+00,4.246479543134535461e+00,0.000000000000000000e+00
6.882563634990146006e+00,4.300703078070997165e+00,0.000000000000000000e+00
6.703445877589757629e+00,4.353268653495337759e+00,0.000000000000000000e+00
6.529614452692729998e+00,4.404280560038647430e+00,0.000000000000000000e+00
6.360744316351366834e+00,4.453841118933793197e+00,0.000000000000000000e+00
6.196519486092552320e+00,4.502034932260162492e+00,0.000000000000000000e+00
6.036658772457535349e+00,4.548948667073938523e+00,0.000000000000000000e+00
5.880898006762690144e+00,4.594661083635692478e+00,0.000000000000000000e+00
5.728982228061728854e+00,4.639238334742344705e+00,0.000000000000000000e+00
5.580689854821841323e+00,4.682754798895794934e+00,0.000000000000000000e+00
5.435810827491256880e+00,4.725278261615997621e+00,0.000000000000000000e+00
5.294139070610720310e+00,4.766864230253100132e+00,0.000000000000000000e+00
5.155481569197204017e+00,4.807564339581057666e+00,0.000000000000000000e+00
5.019652046794589317e+00,4.847421635026887721e+00,0.000000000000000000e+00
4.886469070628527867e+00,4.886469070628526978e+00,0.000000000000000000e+00
4.755791855817607328e+00,4.924766632777440201e+00,0.000000000000000000e+00
4.627514816931034503e+00,4.962402094852437884e+00,0.000000000000000000e+00
4.501532490600052228e+00,4.999458319970643494e+00,0.000000000000000000e+00
4.377696345239349363e+00,5.035963571970225594e+00,0.000000000000000000e+00
4.255688342342943464e+00,5.071731870948500642e+00,0.000000000000000000e+00
4.135163864128472255e+00,5.106502097618744962e+00,0.000000000000000000e+00
4.015801412962323624e+00,5.139991415070269021e+00,0.000000000000000000e+00
3.897450976176890958e+00,5.172092135454954942e+00,0.000000000000000000e+00
3.780270882662648102e+00,5.203096497380473195e+00,0.000000000000000000e+00
3.664436953495438409e+00,5.233358330966657590e+00,0.000000000000000000e+00
3.550101105308898664e+00,5.263241333004911482e+00,0.000000000000000000e+00
3.437293214779761463e+00,5.292967391796947751e+00,0.000000000000000000e+00
3.325875134123759125e+00,5.322512816417287240e+00,0.000000000000000000e+00
3.215699819586484320e+00,5.351823231136047632e+00,0.000000000000000000e+00
3.106627028673080826e+00,5.380835853828509485e+00,0.000000000000000000e+00
2.998543370441681510e+00,5.409515436529324539e+00,0.000000000000000000e+00
2.891381610741297958e+00,5.437897916736863735e+00,0.000000000000000000e+00
2.785079326387077447e+00,5.466025944632485256e+00,0.000000000000000000e+00
2.679573127821065270e+00,5.493939077764179224e+00,0.000000000000000000e+00
2.574797825592073597e+00,5.521671755895164679e+00,0.000000000000000000e+00
2.470683269396790838e+00,5.549245479735088971e+00,0.000000000000000000e+00
2.367158232445057742e+00,5.576675322184859063e+00,0.000000000000000000e+00
2.264151991912540574e+00,5.603972829319049609e+00,0.000000000000000000e+00
2.161594648403002861e+00,5.631146580855303618e+00,0.000000000000000000e+00
2.059420694239712635e+00,5.658211854581170819e+00,0.000000000000000000e+00
1.957567933983401343e+00,5.685190087663978709e+00,0.000000000000000000e+00
1.855973857158746521e+00,5.712100185605128999e+00,0.000000000000000000e+00
1.754575597649803864e+00,5.738958187901237018e+00,0.000000000000000000e+00
1.653310590574257555e+00,5.765779233723808517e+00,0.000000000000000000e+00
1.552117776986365438e+00,5.792582403043977202e+00,0.000000000000000000e+00
1.450935771275589925e+00,5.819385527217256993e+00,0.000000000000000000e+00
1.349702482601518483e+00,5.846203740849909458e+00,0.000000000000000000e+00
1.248355272431540097e+00,5.873049802007597187e+00,0.000000000000000000e+00
1.146832215982103387e+00,5.899940282374856793e+00,0.000000000000000000e+00
1.045071499211397636e+00,5.926894993678218704e+00,0.000000000000000000e+00
9.430100813798383275e-01,5.953931329665787864e+00,0.000000000000000000e+00
8.405837280046758453e-01,5.981064007373302793e+00,0.000000000000000000e+00
7.377274133857010252e-01,6.008307624026769211e+00,0.000000000000000000e+00
6.343758260425756967e-01,6.035682809917572555e+00,0.000000000000000000e+00
5.304620781808626617e-01,6.063209298238739997e+00,0.000000000000000000e+00
4.259174992548068195e-01,6.090904009736330060e+00,0.000000000000000000e+00
3.206717601076722879e-01,6.118781686508869555e+00,0.000000000000000000e+00
2.146531760145795886e-01,6.146862716335745880e+00,0.000000000000000000e+00
1.077879961736217806e-01,6.175170165043284420e+00,0.000000000000000000e+00
3.798685413523669930e-16,6.203724071574698407e+00,0.000000000000000000e+00
-1.087894147526952543e-01,6.232541397014697893e+00,0.000000000000000000e+00
-2.186613871890892291e-01,6.261642866740479541e+00,0.000000000000000000e+00
-3.297002392432373807e-01,6.291055330976930371e+00,0.000000000000000000e+00
-4.419935786586384197e-01,6.320802656006936360e+00,0.000000000000000000e+00
-5.556321872886684776e-01,6.350904961807161797e+00,0.000000000000000000e+00
-6.707106372001907513e-01,6.381385445646484023e+00,0.000000000000000000e+00
-7.873284495388197524e-01,6.412275645644267996e+00,0.000000000000000000e+00
-9.055894725879727325e-01,6.443603914162349788e+00,0.000000000000000000e+00
-1.025601676683908003e+00,6.475394139616280853e+00,0.000000000000000000e+00
-1.147478755535450201e+00,6.507675404665754115e+00,0.000000000000000000e+00
-1.271341579193125959e+00,6.540485426908032807e+00,0.000000000000000000e+00
-1.397316500905249281e+00,6.573857282629921528e+00,0.000000000000000000e+00
-1.525535404247672533e+00,6.607819798865126160e+00,0.000000000000000000e+00
-1.656139666889430373e+00,6.642413399232530935e+00,0.000000000000000000e+00
-1.789279616803912676e+00,6.677682438859570802e+00,0.000000000000000000e+00
-1.925112228933640868e+00,6.713664193197947938e+00,0.000000000000000000e+00
-2.063804213138225929e+00,6.750399414581770507e+00,0.000000000000000000e+00
-2.205536449901544405e+00,6.787943222501938934e+00,0.000000000000000000e+00
-2.350498872622142521e+00,6.826344393833989166e+00,0.000000000000000000e+00
-2.498892074362689009e+00,6.865649547965610111e+00,0.000000000000000000e+00
-2.650935954701878483e+00,6.905924266797486943e+00,0.000000000000000000e+00
-2.806863085978573480e+00,6.947229923445060962e+00,0.000000000000000000e+00
-2.966919605756553224e+00,6.989624572430454208e+00,0.000000000000000000e+00
-3.131377064301503310e+00,7.033188039381406576e+00,0.000000000000000000e+00
-3.300522977525317536e+00,7.077994366603859611e+00,0.000000000000000000e+00
-3.474665678872508323e+00,7.124120389596034109e+00,0.000000000000000000e+00
-3.654145603827049005e+00,7.171664550716428721e+00,0.000000000000000000e+00
-3.839322121009983046e+00,7.220714721973092942e+00,0.000000000000000000e+00
-4.030591471809071180e+00,7.271379497133300340e+00,0.000000000000000000e+00
-4.228382523638609669e+00,7.323773364778385364e+00,0.000000000000000000e+00
-4.433158289998438306e+00,7.378014384056507780e+00,0.000000000000000000e+00
-4.645432011119598137e+00,7.434245249707305270e+00,0.000000000000000000e+00
-4.865754009677285552e+00,7.492604122042373582e+00,0.000000000000000000e+00
-5.094739191593610883e+00,7.553261470208840755e+00,0.000000000000000000e+00
-5.333050546349712207e+00,7.616385507624292117e+00,0.000000000000000000e+00
-5.581430689996422778e+00,7.682180292074026084e+00,0.000000000000000000e+00
-5.840687148797314876e+00,7.750853635516350870e+00,0.000000000000000000e+00
-6.111721266969533772e+00,7.822646493954136915e+00,0.000000000000000000e+00
-6.395532615572517621e+00,7.897825041497684495e+00,0.000000000000000000e+00
-6.693236696958591025e+00,7.976688879683802469e+00,0.000000000000000000e+00
-7.006048844370778461e+00,8.059537250011402421e+00,0.000000000000000000e+00
-7.335390421058720634e+00,8.146776402785999238e+00,0.000000000000000000e+00
-7.682488904641095573e+00,8.238460716448912535e+00,0.000000000000000000e+00
-8.045676093877013102e+00,8.331541490149753315e+00,0.000000000000000000e+00
-8.420250973674281880e+00,8.420250973674283657e+00,0.000000000000000000e+00
-8.800730324086421419e+00,8.498766484074478100e+00,0.000000000000000000e+00
-9.183245310327780686e+00,8.563514791583589414e+00,0.000000000000000000e+00
-9.565703035639812057e+00,8.612997699842217969e+00,0.000000000000000000e+00
-9.949516849281440756e+00,8.648983044759445349e+00,0.000000000000000000e+00
-1.033470833700070912e+01,8.671849953902059482e+00,0.000000000000000000e+00
-1.072049145592959540e+01,8.681282809015288038e+00,0.000000000000000000e+00
-1.110677173663388118e+01,8.677561114723104652e+00,0.000000000000000000e+00
-1.149274419673469616e+01,8.660403936244810197e+00,0.000000000000000000e+00
-1.187613680395164550e+01,8.628518456480536614e+00,0.000000000000000000e+00
-1.225820181355985383e+01,8.583285314750551009e+00,0.000000000000000000e+00
-1.263910729773180996e+01,8.525185517605375907e+00,0.000000000000000000e+00
-1.301826634848494280e+01,8.454161016973749554e+00,0.000000000000000000e+00
-1.339567907344411601e+01,8.370549301008365362e+00,0.000000000000000000e+00
-1.377050244929560030e+01,8.274152626004294575e+00,0.000000000000000000e+00
-1.414013176995919885e+01,8.163808883762721180e+00,0.000000000000000000e+00
-1.450637797917353211e+01,8.041016617651017384e+00,0.000000000000000000e+00
-1.486940854984369054e+01,7.906204769179728586e+00,0.000000000000000000e+00
-1.522891333204507269e+01,7.759518910821966209e+00,0.000000000000000000e+00
-1.558401267044988892e+01,7.600830840001704836e+00,0.000000000000000000e+00
-1.593212394754408123e+01,7.429271407414453243e+00,0.000000000000000000e+00
-1.627516375972822971e+01,7.246169763924936724e+00,0.000000000000000000e+00
-1.661407680656837371e+01,7.052257198960375284e+00,0.000000000000000000e+00
-1.694711959269352164e+01,6.847080767813007895e+00,0.000000000000000000e+00
-1.727186941852293955e+01,6.630049487599015912e+00,0.000000000000000000e+00
-1.759105574670732253e+01,6.402620681118892598e+00,0.000000000000000000e+00
-1.790421608362760963e+01,6.164915991897939485e+00,0.000000000000000000e+00
-1.820840116114800367e+01,5.916268174167109706e+00,0.000000000000000000e+00
-1.850622343838613304e+01,5.657920303044031485e+00,0.000000000000000000e+00
-1.879708998076671023e+01,5.389978817677984146e+00,0.000000000000000000e+00
-1.907806230365694944e+01,5.111951387415529346e+00,0.000000000000000000e+00
-1.935057359925644249e+01,4.824639869372588485e+00,0.000000000000000000e+00
-1.961558238263821607e+01,4.528614022554143581e+00,0.000000000000000000e+00
-1.987200797350152826e+01,4.223925688326748862e+00,0.000000000000000000e+00
-2.011924734941699455e+01,3.910785519397902199e+00,0.000000000000000000e+00
-2.035709703160525308e+01,3.589505455572208348e+00,0.000000000000000000e+00
-2.058525984029918021e+01,3.260384858740941638e+00,0.000000000000000000e+00
-2.080344723136583696e+01,2.923733838583315148e+00,0.000000000000000000e+00
-2.101165437523929214e+01,2.579906756307351667e+00,0.000000000000000000e+00
-2.120996230522825243e+01,2.229256868104845690e+00,0.000000000000000000e+00
-2.139815897681464918e+01,1.872096330796777064e+00,0.000000000000000000e+00
-2.157586124522059379e+01,1.508731191813819983e+00,0.000000000000000000e+00
-2.174279749868016509e+01,1.139491732306689986e+00,0.000000000000000000e+00
-2.189890082466767751e+01,7.647264678208581801e-01,0.000000000000000000e+00
-2.204413420624169717e+01,3.847817938562894113e-01,0.000000000000000000e+00
-2.217841289424634965e+01,2.716072236110717700e-15,0.000000000000000000e+00
-2.230158874679746717e+01,-3.892756795777493339e-01,0.000000000000000000e+00
-2.241351890833997729e+01,-7.826973272970679796e-01,0.000000000000000000e+00
-2.251407233713356604e+01,-1.179912533806913633e+00,0.000000000000000000e+00
-2.260314416509152124e+01,-1.580565811364398776e+00,0.000000000000000000e+00
-2.268064867255034400e+01,-1.984299640262446873e+00,0.000000000000000000e+00
-2.274651057821395383e+01,-2.390754599285787929e+00,0.000000000000000000e+00
-2.280066498439565947e+01,-2.799569638403259564e+00,0.000000000000000000e+00
-2.284305741038182447e+01,-3.210382355609711968e+00,0.000000000000000000e+00
-2.287364381887585196e+01,-3.622829274435437341e+00,0.000000000000000000e+00
-2.289239063550907716e+01,-4.036546121958056510e+00,0.000000000000000000e+00
-2.289927476140923446e+01,-4.451168107152279063e+00,0.000000000000000000e+00
-2.289421842144603758e+01,-4.866316349785045681e+00,0.000000000000000000e+00
-2.287700003141380378e+01,-5.281571615631954764e+00,0.000000000000000000e+00
-2.284776321129493581e+01,-5.696587170906058262e+00,0.000000000000000000e+00
-2.280676360771120059e+01,-6.111053890653725063e+00,0.000000000000000000e+00
-2.275426304761107232e+01,-6.524679935244620310e+00,0.000000000000000000e+00
-2.269052299890362434e+01,-6.937189059108202827e+00,0.000000000000000000e+00
-2.261543521367235243e+01,-7.348200339801401526e+00,0.000000000000000000e+00
-2.252831013085786438e+01,-7.757119258807676943e+00,0.000000000000000000e+00
-2.242880455011499308e+01,-8.163417246416216244e+00,0.000000000000000000e+00
-2.231797000899325312e+01,-8.567066021451550384e+00,0.000000000000000000e+00
-2.219632436238622830e+01,-8.967897159547851160e+00,0.000000000000000000e+00
-2.206303273241169194e+01,-9.365201764116941163e+00,0.000000000000000000e+00
-2.191873446714106421e+01,-9.758849330432102676e+00,0.000000000000000000e+00
-2.176386943225144677e+01,-1.014865898734432648e+01,0.000000000000000000e+00
-2.159801645761803357e+01,-1.053405647476211016e+01,0.000000000000000000e+00
-2.142121277078307173e+01,-1.091465306574902527e+01,0.000000000000000000e+00
-2.123355205001236001e+01,-1.129007989266650291e+01,0.000000000000000000e+00
-2.103526603150416463e+01,-1.166003836097972091e+01,0.000000000000000000e+00
-2.082668763711455995e+01,-1.202429371361634658e+01,0.000000000000000000e+00
-2.060828628046490252e+01,-1.238270765157732001e+01,0.000000000000000000e+00
-2.038085958596422032e+01,-1.273537452083646038e+01,0.000000000000000000e+00
-2.014423396959739776e+01,-1.308181849900377891e+01,0.000000000000000000e+00
-1.989787901373033918e+01,-1.342128886186129222e+01,0.000000000000000000e+00
-1.964448480218323212e+01,-1.375521634273476757e+01,0.000000000000000000e+00
-1.938152852122254544e+01,-1.408150472841703049e+01,0.000000000000000000e+00
-1.911121400976094264e+01,-1.440133271943660809e+01,0.000000000000000000e+00
-1.883233510617698059e+01,-1.471343273201391533e+01,0.000000000000000000e+00
-1.854666056503775451e+01,-1.501878959465507002e+01,0.000000000000000000e+00
-1.825207124392804303e+01,-1.531530624900145732e+01,0.000000000000000000e+00
-1.795151686017928938e+01,-1.560501553023824961e+01,0.000000000000000000e+00
-1.764342125733583089e+01,-1.588620785535566071e+01,0.000000000000000000e+00
-1.732785212188669632e+01,-1.615848351402182814e+01,0.000000000000000000e+00
-1.700627334698438275e+01,-1.642276727248354717e+01,0.000000000000000000e+00
-1.667866232434378659e+01,-1.667866232434378304e+01,0.000000000000000000e+00
-1.634494450738654336e+01,-1.692568551462342086e+01,0.000000000000000000e+00
-1.600469167246145474e+01,-1.716293056314025378e+01,0.000000000000000000e+00
-1.565894023402348800e+01,-1.739101499286884334e+01,0.000000000000000000e+00
-1.530795441263978418e+01,-1.760978713548023578e+01,0.000000000000000000e+00
-1.495197044544362086e+01,-1.781906449471987841e+01,0.000000000000000000e+00
-1.459123540807897079e+01,-1.801867511577029646e+01,0.000000000000000000e+00
-1.422601399481458451e+01,-1.820846757212456879e+01,0.000000000000000000e+00
-1.385658665562702474e+01,-1.838831156668431888e+01,0.000000000000000000e+00
-1.348324470752540094e+01,-1.855809424472658975e+01,0.000000000000000000e+00
-1.310628374533424356e+01,-1.871771300669566074e+01,0.000000000000000000e+00
-1.272599480652435489e+01,-1.886706318564883134e+01,0.000000000000000000e+00
-1.234265578842614453e+01,-1.900602320902068243e+01,0.000000000000000000e+00
-1.195621423202066147e+01,-1.913394247211468624e+01,0.000000000000000000e+00
-1.156731402456074065e+01,-1.925124339698182396e+01,0.000000000000000000e+00
-1.117631865862655616e+01,-1.935795175832121373e+01,0.000000000000000000e+00
-1.078357945887615799e+01,-1.945409231657658111e+01,0.000000000000000000e+00
-1.038941406879499851e+01,-1.953964599862426965e+01,0.000000000000000000e+00
-9.994089418828448146e+00,-1.961450488635056644e+01,0.000000000000000000e+00
-9.597648165285278310e+00,-1.967809490341087297e+01,0.000000000000000000e+00
-9.200407605914255882e+00,-1.973033778239187086e+01,0.000000000000000000e+00
-8.802971497338266005e+00,-1.977179770265241032e+01,0.000000000000000000e+00
-8.405692761309964567e+00,-1.980257117811966694e+01,0.000000000000000000e+00
-8.008858547804923234e+00,-1.982262050254267649e+01,0.000000000000000000e+00
-7.612710206277204072e+00,-1.983178811105561223e+01,0.000000000000000000e+00
-7.217203630948988646e+00,-1.982910400763821812e+01,0.000000000000000000e+00
-6.823038260292941359e+00,-1.981554193434108768e+01,0.000000000000000000e+00
-6.430569078075280665e+00,-1.979125658626052697e+01,0.000000000000000000e+00
-6.040106855584010503e+00,-1.975629932451094461e+01,0.000000000000000000e+00
-5.651938539159488073e+00,-1.971065209716590871e+01,0.000000000000000000e+00
-5.266344382027040361e+00,-1.965426480387984753e+01,0.000000000000000000e+00
-4.883622196025062756e+00,-1.958713879040977446e+01,0.000000000000000000e+00
-4.504016866017401810e+00,-1.950904039252328204e+01,0.000000000000000000e+00
-4.127962187013164197e+00,-1.942053519581061849e+01,0.000000000000000000e+00
-3.758090025550126168e+00,-1.933369713332179884e+01,0.000000000000000000e+00
-3.393956125769236998e+00,-1.924808167265523551e+01,0.000000000000000000e+00
-3.035239978468465161e+00,-1.916375101145749582e+01,0.000000000000000000e+00
-2.681605875752263834e+00,-1.908061725569531930e+01,0.000000000000000000e+00
-2.332735072708771451e+00,-1.899860255682678911e+01,0.000000000000000000e+00
-1.988323692986833091e+00,-1.891763626804252496e+01,0.000000000000000000e+00
-1.648080817923633479e+00,-1.883764994804480608e+01,0.000000000000000000e+00
-1.311727558254924153e+00,-1.875857803033525073e+01,0.000000000000000000e+00
-9.789960547460891949e-01,-1.868035753735660975e+01,0.000000000000000000e+00
-6.496285556733608635e-01,-1.860292786007664034e+01,0.000000000000000000e+00
-3.233765578757000769e-01,-1.852623059298592523e+01,0.000000000000000000e+00
-3.389248466167068316e-15,-1.845020930947489290e+01,0.000000000000000000e+00
3.207334907758344067e-01,-1.837480938024748767e+01,0.000000000000000000e+00
6.390493068507852037e-01,-1.829997781125057443e+01,0.000000000000000000e+00
9.551665286035081470e-01,-1.822566309182635536e+01,0.000000000000000000e+00
1.269298558097979202e+00,-1.815181505948489615e+01,0.000000000000000000e+00
1.581653720172313760e+00,-1.807838474642666071e+01,0.000000000000000000e+00
1.892435834900022096e+00,-1.800532423946989624e+01,0.000000000000000000e+00
2.201844765722403174e+00,-1.793258655266578216e+01,0.000000000000000000e+00
2.510076946281703858e+00,-1.786012550442744740e+01,0.000000000000000000e+00
2.817325888932658451e+00,-1.778789559858180880e+01,0.000000000000000000e+00
3.123782678145879288e+00,-1.771585191100548329e+01,0.000000000000000000e+00
3.429636451847741352e+00,-1.764394998167151840e+01,0.000000000000000000e+00
3.735074870647796974e+00,-1.757214569760603595e+01,0.000000000000000000e+00
4.040284579860047742e+00,-1.750039518290610019e+01,0.000000000000000000e+00
4.345451666490751208e+00,-1.742865469156269143e+01,0.000000000000000000e+00
4.650762113313006374e+00,-1.735688050080051781e+01,0.000000000000000000e+00
4.956402252367798411e+00,-1.728502880439305756e+01,0.000000000000000000e+00
5.262559220229685586e+00,-1.721305560541611968e+01,0.000000000000000000e+00
5.569421418433586624e+00,-1.714091661110430920e+01,0.000000000000000000e+00
5.877178981226304444e+00,-1.706856712732516712e+01,0.000000000000000000e+00
6.186024249288840871e+00,-1.699596194111985170e+01,0.000000000000000000e+00
6.496152256162761596e+00,-1.692305520511561667e+01,0.000000000000000000e+00
6.807761229059493324e+00,-1.684980031924232335e+01,0.000000000000000000e+00
7.121053106512639452e+00,-1.677614980813439871e+01,0.000000000000000000e+00
7.436234075756981809e+00,-1.670205519350979628e+01,0.000000000000000000e+00
7.753515136533927432e+00,-1.662746686857261480e+01,0.000000000000000000e+00
8.073112692864004458e+00,-1.655233396768164411e+01,0.000000000000000000e+00
8.395249165937487490e+00,-1.647660420940227155e+01,0.000000000000000000e+00
8.720153643767375229e+00,-1.640022373971956782e+01,0.000000000000000000e+00
9.048062568639986480e+00,-1.632313696651038626e+01,0.000000000000000000e+00
9.379220470700198931e+00,-1.624528639064282132e+01,0.000000000000000000e+00
9.713880764599885254e+00,-1.616661245052294760e+01,0.000000000000000000e+00
1.005230657173652453e+01,-1.608705330325624061e+01,0.000000000000000000e+00
1.039477160263309941e+01,-1.600654459774948890e+01,0.000000000000000000e+00
1.074156111441195094e+01,-1.592501924912139621e+01,0.000000000000000000e+00
1.109297298039403223e+01,-1.584240725079387424e+01,0.000000000000000000e+00
1.144931878117706070e+01,-1.575863537212316601e+01,0.000000000000000000e+00
1.181092498101505051e+01,-1.567362683460317818e+01,0.000000000000000000e+00
1.217813428779114382e+01,-1.558730107738188408e+01,0.000000000000000000e+00
1.255130707188963335e+01,-1.549957341387478671e+01,0.000000000000000000e+00
1.293082284376937352e+01,-1.541035457926143337e+01,0.000000000000000000e+00
1.331708205289242031e+01,-1.531955047001735615e+01,0.000000000000000000e+00
1.371050784627293773e+01,-1.522706159873458454e+01,0.000000000000000000e+00
1.411154811794873076e+01,-1.513278265169593517e+01,0.000000000000000000e+00
1.452067776089841900e+01,-1.503660199819490906e+01,0.000000000000000000e+00
1.493840144576826923e+01,-1.493840144576827633e+01,0.000000000000000000e+00
1.536525724166655316e+01,-1.483805644030050885e+01,0.000000000000000000e+00
1.580180191492195441e+01,-1.473541867382370896e+01,0.000000000000000000e+00
1.624845673329311779e+01,-1.463017615625558676e+01,0.000000000000000000e+00
1.670489215021310159e+01,-1.452134120283064256e+01,0.000000000000000000e+00
1.715120662356200398e+01,-1.439157115207620841e+01,0.000000000000000000e+00
1.758142228278703811e+01,-1.423715504545987365e+01,0.000000000000000000e+00
1.800235611702964178e+01,-1.406498207749056029e+01,0.000000000000000000e+00
1.840257350178134743e+01,-1.386733379458169502e+01,0.000000000000000000e+00
1.879245395452189271e+01,-1.365351700354268161e+01,0.000000000000000000e+00
1.916141400386907989e+01,-1.341696652826624003e+01,0.000000000000000000e+00
1.951468735658048104e+01,-1.316282282553077287e+01,0.000000000000000000e+00
1.985140464803365390e+01,-1.289165291406940916e+01,0.000000000000000000e+00
2.016959957919365820e+01,-1.260336461732141267e+01,0.000000000000000000e+00
2.046620575037870537e+01,-1.229733705631797314e+01,0.000000000000000000e+00
2.074368741824043028e+01,-1.197637351490658020e+01,0.000000000000000000e+00
2.100118711015958439e+01,-1.164114810641467024e+01,0.000000000000000000e+00
2.123750254925073477e+01,-1.129218041037131393e+01,0.000000000000000000e+00
2.145021919725883208e+01,-1.092943257823733738e+01,0.000000000000000000e+00
2.164218861713966291e+01,-1.055560067646813671e+01,0.000000000000000000e+00
2.181289075173464198e+01,-1.017151800403222417e+01,0.000000000000000000e+00
2.195935713150606361e+01,-9.776935705881072636e+00,0.000000000000000000e+00
2.208185988934265609e+01,-9.373193418094993845e+00,0.000000000000000000e+00
2.218090695353116359e+01,-8.961668122035991502e+00,0.000000000000000000e+00
2.225611555833683042e+01,-8.543322322437687077e+00,0.000000000000000000e+00
2.230699117887349203e+01,-8.119080805148689350e+00,0.000000000000000000e+00
2.233306709642343435e+01,-7.689891690749457887e+00,0.000000000000000000e+00
2.233390526016900068e+01,-7.256725712828627550e+00,0.000000000000000000e+00
2.230907911368949215e+01,-6.820569960143443744e+00,0.000000000000000000e+00
2.225822158897019776e+01,-6.382442335834301872e+00,0.000000000000000000e+00
2.218138867532614711e+01,-5.943485182554489654e+00,0.000000000000000000e+00
2.207877853310034411e+01,-5.504857756874803165e+00,0.000000000000000000e+00
2.195062983049980687e+01,-5.067702203034325059e+00,0.000000000000000000e+00
2.179721756181166725e+01,-4.633141618912123505e+00,0.000000000000000000e+00
2.161866397484035573e+01,-4.202242586573922800e+00,0.000000000000000000e+00
2.141483531560855269e+01,-3.776013253570285055e+00,0.000000000000000000e+00
2.118531733488404711e+01,-3.355424629183311858e+00,0.000000000000000000e+00
2.092822209481812479e+01,-2.941269802042779880e+00,0.000000000000000000e+00
2.064309064960607998e+01,-2.534652821090751296e+00,0.000000000000000000e+00
2.033593522616842364e+01,-2.137392920358762272e+00,0.000000000000000000e+00
2.000587372951560994e+01,-1.750287155263716476e+00,0.000000000000000000e+00
1.964649089802415460e+01,-1.373816474376013286e+00,0.000000000000000000e+00
1.926238429118415141e+01,-1.009498784397509397e+00,0.000000000000000000e+00
1.885505604990419570e+01,-6.584330660726851470e-01,0.000000000000000000e+00
1.842401044357237794e+01,-3.215922985307319570e-01,0.000000000000000000e+00
1.796952996736144570e+01,-4.401265471342327938e-15,0.000000000000000000e+00
