1.960491417172075757e+01,0.000000000000000000e+00,0.000000000000000000e+00
1.895295366740162990e+01,3.308250368459949575e-01,0.000000000000000000e+00
1.833102526659380160e+01,6.401335078821254188e-01,0.000000000000000000e+00
1.771903601349950463e+01,9.286153285037401783e-01,0.000000000000000000e+00
1.711887612315877405e+01,1.197068431348374151e+00,0.000000000000000000e+00
1.653083644152362908e+01,1.446260787234543654e+00,0.000000000000000000e+00
1.595525297427305844e+01,1.676964662331379197e+00,0.000000000000000000e+00
1.539271043316694154e+01,1.889987191641961273e+00,0.000000000000000000e+00
1.484338325387949808e+01,2.086101472307723803e+00,0.000000000000000000e+00
1.430667978896678783e+01,2.265955471277859790e+00,0.000000000000000000e+00
1.378536057255075420e+01,2.430731007735390747e+00,0.000000000000000000e+00
1.327744434512459648e+01,2.580873736364170945e+00,0.000000000000000000e+00
1.279011113973940539e+01,2.718622047240455419e+00,0.000000000000000000e+00
1.233419486824937117e+01,2.847573258222935610e+00,0.000000000000000000e+00
1.190624484785994142e+01,2.968560249278829222e+00,0.000000000000000000e+00
1.150364315305814245e+01,3.082391892877742734e+00,0.000000000000000000e+00
1.112395612847259763e+01,3.189743091222930982e+00,0.000000000000000000e+00
1.076507180502185257e+01,3.291212738900742618e+00,0.000000000000000000e+00
1.042512429193553025e+01,3.387328218125984947e+00,0.000000000000000000e+00
1.010246173022364147e+01,3.478556535918087889e+00,0.000000000000000000e+00
9.795616159140685397e+00,3.565312708224232185e+00,0.000000000000000000e+00
9.503278818720334087e+00,3.647966953420586744e+00,0.000000000000000000e+00
9.224278837435193168e+00,3.726850564740048721e+00,0.000000000000000000e+00
8.957564757786478538e+00,3.802260654247047622e+00,0.000000000000000000e+00
8.702189100432953239e+00,3.874464212492036541e+00,0.000000000000000000e+00
8.457299084636973774e+00,3.943703330473480761e+00,0.000000000000000000e+00
8.222122225279315799e+00,4.010196956440381655e+00,0.000000000000000000e+00
7.995954410755446773e+00,4.074142265277129304e+00,0.000000000000000000e+00
7.778159616606319382e+00,4.135720829118011643e+00,0.000000000000000000e+00
7.568155329582490154e+00,4.195097001988087548e+00,0.000000000000000000e+00
7.365408118496454826e+00,4.252420359905381808e+00,0.000000000000000000e+00
7.169433579740165818e+00,4.307830298799653512e+00,0.000000000000000000e+00
6.979780797920616564e+00,4.361451103665824114e+00,0.000000000000000000e+00
6.796042423589224946e+00,4.413401553571254965e+00,0.000000000000000000e+00
6.617835199673755220e+00,4.463786205239548721e+00,0.000000000000000000e+00
6.444813231083126759e+00,4.512706806758080447e+00,0.000000000000000000e+00
6.276648469652850615e+00,4.560252046542561111e+00,0.000000000000000000e+00
6.113044807792340940e+00,4.606509673371775193e+00,0.000000000000000000e+00
5.953719923407423842e+00,4.651555800404894470e+00,0.000000000000000000e+00
5.798417424167011447e+00,4.695465847890167410e+00,0.000000000000000000e+00
5.646894363282592977e+00,4.738306977527484420e+00,0.000000000000000000e+00
5.498925105295542792e+00,4.780142666278112351e+00,0.000000000000000000e+00
5.354300966708537501e+00,4.821034244812200775e+00,0.000000000000000000e+00
5.212821329985116492e+00,4.861034531551310600e+00,0.000000000000000000e+00
5.074304487390828733e+00,4.900198883426487129e+00,0.000000000000000000e+00
4.938574754585198789e+00,4.938574754585197901e+00,0.000000000000000000e+00
4.805468167990796680e+00,4.976207959910102119e+00,0.000000000000000000e+00
4.674832808121084149e+00,5.013144428025871235e+00,0.000000000000000000e+00
4.546520367361329029e+00,5.049422418917311361e+00,0.000000000000000000e+00
4.420394624829852681e+00,5.085082323853831632e+00,0.000000000000000000e+00
4.296326156165054755e+00,5.120162131566175390e+00,0.000000000000000000e+00
4.174188845238070655e+00,5.154693935824822937e+00,0.000000000000000000e+00
4.053866933157173058e+00,5.188713059118741810e+00,0.000000000000000000e+00
3.935248975929756199e+00,5.222251775294605380e+00,0.000000000000000000e+00
3.818226225687293418e+00,5.255337545304878510e+00,0.000000000000000000e+00
3.702698271034331690e+00,5.288001155345154913e+00,0.000000000000000000e+00
3.588568090368800423e+00,5.320270983631083972e+00,0.000000000000000000e+00
3.475740432033194605e+00,5.352170914601677154e+00,0.000000000000000000e+00
3.364126412007832911e+00,5.383727657195114702e+00,0.000000000000000000e+00
3.253640418826880598e+00,5.414966991999922818e+00,0.000000000000000000e+00
3.144197815086660963e+00,5.445910364777148516e+00,0.000000000000000000e+00
3.035718206923679663e+00,5.476580616837256166e+00,0.000000000000000000e+00
2.928124768275990775e+00,5.507001745532750014e+00,0.000000000000000000e+00
2.821341233678286375e+00,5.537193944831866332e+00,0.000000000000000000e+00
2.715293436459731424e+00,5.567176563788435395e+00,0.000000000000000000e+00
2.609910912844557895e+00,5.596972014508573956e+00,0.000000000000000000e+00
2.505123764191163893e+00,5.626600097554708135e+00,0.000000000000000000e+00
2.400862665535034246e+00,5.656077990618628704e+00,0.000000000000000000e+00
2.297061148129162067e+00,5.685425849227833339e+00,0.000000000000000000e+00
2.193653814747320574e+00,5.714663564522085792e+00,0.000000000000000000e+00
2.090575143035986905e+00,5.743807999164489253e+00,0.000000000000000000e+00
1.987760772550024368e+00,5.772876457857075927e+00,0.000000000000000000e+00
1.885147983497352353e+00,5.801888913948927140e+00,0.000000000000000000e+00
1.782673717906464006e+00,5.830862998117215312e+00,0.000000000000000000e+00
1.680274731243745823e+00,5.859814367360340448e+00,0.000000000000000000e+00
1.577889012984342587e+00,5.888761965162276013e+00,0.000000000000000000e+00
1.475454462529541821e+00,5.917724626613860117e+00,0.000000000000000000e+00
1.372908151589968151e+00,5.946718536220003237e+00,0.000000000000000000e+00
1.270187125868928568e+00,5.975760597034856403e+00,0.000000000000000000e+00
1.167228640927345795e+00,6.004870792238341082e+00,0.000000000000000000e+00
1.063968813737486530e+00,6.034066989989626428e+00,0.000000000000000000e+00
9.603427149503673821e-01,6.063365271125022993e+00,0.000000000000000000e+00
8.562851686687686925e-01,6.092785562872401250e+00,0.000000000000000000e+00
7.517298019219551541e-01,6.122347927085123764e+00,0.000000000000000000e+00
6.466085859196349928e-01,6.152069745668905298e+00,0.000000000000000000e+00
5.408522885480724351e-01,6.181969946172641173e+00,0.000000000000000000e+00
4.343903134073875960e-01,6.212070897187532914e+00,0.000000000000000000e+00
3.271499286020762565e-01,6.242392505036725048e+00,0.000000000000000000e+00
2.190563664583123626e-01,6.272953593135391692e+00,0.000000000000000000e+00
1.100328585565724104e-01,6.303778244828861510e+00,0.000000000000000000e+00
3.879001099661029743e-16,6.334889540987232337e+00,0.000000000000000000e+00
-1.111243187471582516e-01,6.366307957268989348e+00,0.000000000000000000e+00
-2.234251369566206125e-01,6.398058811659939060e+00,0.000000000000000000e+00
-3.369908723344014478e-01,6.430168897529507710e+00,0.000000000000000000e+00
-4.519133217391986257e-01,6.462661591154356344e+00,0.000000000000000000e+00
-5.682882226939970360e-01,6.495564108435667450e+00,0.000000000000000000e+00
-6.862158154702933111e-01,6.528907362635932188e+00,0.000000000000000000e+00
-8.058004989311956523e-01,6.562718415130435190e+00,0.000000000000000000e+00
-9.271518045957054532e-01,6.597027878474167828e+00,0.000000000000000000e+00
-1.050385229535425902e+00,6.631871333971579574e+00,0.000000000000000000e+00
-1.175621370972980806e+00,6.667280107953114765e+00,0.000000000000000000e+00
-1.302987650577434042e+00,6.703290350537857378e+00,0.000000000000000000e+00
-1.432619101049100507e+00,6.739942958209561574e+00,0.000000000000000000e+00
-1.564657064444212820e+00,6.777274326168383212e+00,0.000000000000000000e+00
-1.699252362411526995e+00,6.815328976425892193e+00,0.000000000000000000e+00
-1.836564836903742171e+00,6.854153282719212648e+00,0.000000000000000000e+00
-1.976762819087312328e+00,6.893791207332769844e+00,0.000000000000000000e+00
-2.120027665025716157e+00,6.934298039408185232e+00,0.000000000000000000e+00
-2.266550562667006830e+00,6.975725352895556952e+00,0.000000000000000000e+00
-2.416536399748963948e+00,7.018131298450517086e+00,0.000000000000000000e+00
-2.570204907474220590e+00,7.061579946656879159e+00,0.000000000000000000e+00
-2.727789142668957556e+00,7.106133666357381529e+00,0.000000000000000000e+00
-2.889542325852542781e+00,7.151868223107573641e+00,0.000000000000000000e+00
-3.055732820777366854e+00,7.198855395153653802e+00,0.000000000000000000e+00
-3.226653115636068492e+00,7.247181554351225685e+00,0.000000000000000000e+00
-3.402615165040007383e+00,7.296931769259072276e+00,0.000000000000000000e+00
-3.583959002702508112e+00,7.348204911303653830e+00,0.000000000000000000e+00
-3.771049603635650005e+00,7.401101568876361725e+00,0.000000000000000000e+00
-3.964285807663823658e+00,7.455737234670216651e+00,0.000000000000000000e+00
-4.164097385952670649e+00,7.512230541859518773e+00,0.000000000000000000e+00
-4.370955878076128620e+00,7.570717658469693134e+00,0.000000000000000000e+00
-4.585371647608966761e+00,7.631339952067392574e+00,0.000000000000000000e+00
-4.807907100396295874e+00,7.694259745185831001e+00,0.000000000000000000e+00
-5.039174069489713581e+00,7.759647596170161421e+00,0.000000000000000000e+00
-5.279843385179896487e+00,7.827689722727895649e+00,0.000000000000000000e+00
-5.530670735204280319e+00,7.898616386428943592e+00,0.000000000000000000e+00
-5.792451993060390159e+00,7.972626198445539103e+00,0.000000000000000000e+00
-6.066082772673298429e+00,8.049963730996875455e+00,0.000000000000000000e+00
-6.352748295144484914e+00,8.131147021799030483e+00,0.000000000000000000e+00
-6.652699539553650787e+00,8.215399744676853189e+00,0.000000000000000000e+00
-6.964298318452007308e+00,8.299727540912995138e+00,0.000000000000000000e+00
-7.285492122307117846e+00,8.380999968559647684e+00,0.000000000000000000e+00
-7.616048927707474547e+00,8.458479252663375192e+00,0.000000000000000000e+00
-7.955969048164542201e+00,8.531732265176515284e+00,0.000000000000000000e+00
-8.305142440523884062e+00,8.600226757511080677e+00,0.000000000000000000e+00
-8.663746893639688196e+00,8.663746893639689972e+00,0.000000000000000000e+00
-9.031874654963081284e+00,8.721979969762358564e+00,0.000000000000000000e+00
-9.409170867040659303e+00,8.774193781562399153e+00,0.000000000000000000e+00
-9.792669078086628787e+00,8.817358842379606543e+00,0.000000000000000000e+00
-1.017711668044118056e+01,8.846832559515819483e+00,0.000000000000000000e+00
-1.056190473853680345e+01,8.862490370635802250e+00,0.000000000000000000e+00
-1.094653051314858772e+01,8.864325628429678972e+00,0.000000000000000000e+00
-1.133059121316532014e+01,8.852428054669376323e+00,0.000000000000000000e+00
-1.171365402403696088e+01,8.826871431315941763e+00,0.000000000000000000e+00
-1.209529539275844634e+01,8.787746491626318601e+00,0.000000000000000000e+00
-1.247509092325148927e+01,8.735152704312225680e+00,0.000000000000000000e+00
-1.285261976067201672e+01,8.669201492310547152e+00,0.000000000000000000e+00
-1.322746514352314051e+01,8.590016302959323724e+00,0.000000000000000000e+00
-1.359921610521162094e+01,8.497733354138475192e+00,0.000000000000000000e+00
-1.396746901134605778e+01,8.392502076405662592e+00,0.000000000000000000e+00
-1.433182925298327071e+01,8.274485477189641003e+00,0.000000000000000000e+00
-1.469191301250339698e+01,8.143860365987354299e+00,0.000000000000000000e+00
-1.504734905963186264e+01,8.000817416508750668e+00,0.000000000000000000e+00
-1.539778073460120211e+01,7.845561150014335183e+00,0.000000000000000000e+00
-1.574286738038489375e+01,7.678309458884182703e+00,0.000000000000000000e+00
-1.608228801016576881e+01,7.499294059794612721e+00,0.000000000000000000e+00
-1.641573625147693605e+01,7.308756669616760071e+00,0.000000000000000000e+00
-1.674294746343191775e+01,7.106959547347340589e+00,0.000000000000000000e+00
-1.706361404069732757e+01,6.894147579970736572e+00,0.000000000000000000e+00
-1.737764501656207727e+01,6.670652935470602785e+00,0.000000000000000000e+00
-1.768456181287942997e+01,6.436654105928865555e+00,0.000000000000000000e+00
-1.798287172758741548e+01,6.191999302054380649e+00,0.000000000000000000e+00
-1.827294632726740531e+01,5.937240169935928513e+00,0.000000000000000000e+00
-1.855517650554434539e+01,5.672886757625803078e+00,0.000000000000000000e+00
-1.883001735204055649e+01,5.399420589455926844e+00,0.000000000000000000e+00
-1.909640136167408642e+01,5.116865323201167826e+00,0.000000000000000000e+00
-1.935178211162176254e+01,4.824941185347044303e+00,0.000000000000000000e+00
-1.959901337620380701e+01,4.524788766009884000e+00,0.000000000000000000e+00
-1.983784809941329286e+01,4.216664782943471579e+00,0.000000000000000000e+00
-2.006527500803615638e+01,3.900294358995408217e+00,0.000000000000000000e+00
-2.028289946389393705e+01,3.576422422481759344e+00,0.000000000000000000e+00
-2.049150133291367482e+01,3.245534970023024268e+00,0.000000000000000000e+00
-2.068988641544441620e+01,2.907773906724234525e+00,0.000000000000000000e+00
-2.087747573251767363e+01,2.563431690578230171e+00,0.000000000000000000e+00
-2.105410627898020692e+01,2.212875739654497576e+00,0.000000000000000000e+00
-2.121981155377299544e+01,1.856492953111569921e+00,0.000000000000000000e+00
-2.137468613239935422e+01,1.494663657531854595e+00,0.000000000000000000e+00
-2.151864733702077359e+01,1.127744520108186599e+00,0.000000000000000000e+00
-2.165151982660869479e+01,7.560877330110020722e-01,0.000000000000000000e+00
-2.177312761427361920e+01,3.800513561975116805e-01,0.000000000000000000e+00
-2.188328447739942462e+01,2.679929429007816358e-15,0.000000000000000000e+00
-2.198181241225564264e+01,-3.836939628958144222e-01,0.000000000000000000e+00
-2.206856081497621958e+01,-7.706511252343993812e-01,0.000000000000000000e+00
-2.214345684883953069e+01,-1.160489399097523355e+00,0.000000000000000000e+00
-2.220645586774723057e+01,-1.552826663395813434e+00,0.000000000000000000e+00
-2.225752441502123702e+01,-1.947281064465826272e+00,0.000000000000000000e+00
-2.229664017637481521e+01,-2.343471314731822908e+00,0.000000000000000000e+00
-2.232379192546663660e+01,-2.741016989256233938e+00,0.000000000000000000e+00
-2.233897946210440111e+01,-3.139538820003734187e+00,0.000000000000000000e+00
-2.234221354317329045e+01,-3.538658987646773557e+00,0.000000000000000000e+00
-2.233349686058699035e+01,-3.937998070089288483e+00,0.000000000000000000e+00
-2.231278354402008901e+01,-4.337165763009620534e+00,0.000000000000000000e+00
-2.228008426980155221e+01,-4.735778106107356500e+00,0.000000000000000000e+00
-2.223543683513159408e+01,-5.133455081013545751e+00,0.000000000000000000e+00
-2.217889007375683619e+01,-5.529818367368231513e+00,0.000000000000000000e+00
-2.211050379663601007e+01,-5.924491636553881335e+00,0.000000000000000000e+00
-2.203034872530230004e+01,-6.317100843637866170e+00,0.000000000000000000e+00
-2.193850641797170198e+01,-6.707274517351674348e+00,0.000000000000000000e+00
-2.183506917906242251e+01,-7.094644044885464851e+00,0.000000000000000000e+00
-2.172013619651195526e+01,-7.478842656871432126e+00,0.000000000000000000e+00
-2.159380781025153695e+01,-7.859503287396599980e+00,0.000000000000000000e+00
-2.145619371062236524e+01,-8.236261094261015714e+00,0.000000000000000000e+00
-2.130741663849189038e+01,-8.608755126747102082e+00,0.000000000000000000e+00
-2.114769031783079356e+01,-8.976661960918859151e+00,0.000000000000000000e+00
-2.097733643507232415e+01,-9.339711922262095456e+00,0.000000000000000000e+00
-2.079667338063885040e+01,-9.697648061540094844e+00,0.000000000000000000e+00
-2.060570422331238305e+01,-1.005007346005864122e+01,0.000000000000000000e+00
-2.040413223079380245e+01,-1.039642464643895892e+01,0.000000000000000000e+00
-2.019184088729132043e+01,-1.073619224238067993e+01,0.000000000000000000e+00
-1.996936898046719122e+01,-1.106920197767311365e+01,0.000000000000000000e+00
-1.973736305392288770e+01,-1.139537187227575643e+01,0.000000000000000000e+00
-1.949617684645472337e+01,-1.171448488863157422e+01,0.000000000000000000e+00
-1.924598768515274472e+01,-1.202622785167628905e+01,0.000000000000000000e+00
-1.898655940722616364e+01,-1.233001584774829418e+01,0.000000000000000000e+00
-1.871789243725965690e+01,-1.262537786627207836e+01,0.000000000000000000e+00
-1.844208828551736445e+01,-1.291328923784823246e+01,0.000000000000000000e+00
-1.816138418642667673e+01,-1.319501797888301731e+01,0.000000000000000000e+00
-1.787671467915412293e+01,-1.347107074900865342e+01,0.000000000000000000e+00
-1.758843962299069830e+01,-1.374159507012384474e+01,0.000000000000000000e+00
-1.729648380205427571e+01,-1.400641641331962717e+01,0.000000000000000000e+00
-1.700061912071527104e+01,-1.426521323397759744e+01,0.000000000000000000e+00
-1.670087874738762679e+01,-1.451785240498094431e+01,0.000000000000000000e+00
-1.639811099667224781e+01,-1.476492546024857511e+01,0.000000000000000000e+00
-1.609223211525771546e+01,-1.500624921710678983e+01,0.000000000000000000e+00
-1.578252516150789653e+01,-1.524100738657838150e+01,0.000000000000000000e+00
-1.546984071675779404e+01,-1.546984071675778871e+01,0.000000000000000000e+00
-1.515453788040695748e+01,-1.569298336664887827e+01,0.000000000000000000e+00
-1.483597205548107922e+01,-1.590963221509846726e+01,0.000000000000000000e+00
-1.451471897335035877e+01,-1.612022854103162928e+01,0.000000000000000000e+00
-1.419107009809014563e+01,-1.632495870550163986e+01,0.000000000000000000e+00
-1.386448645558064641e+01,-1.652305154291199329e+01,0.000000000000000000e+00
-1.353567737269346871e+01,-1.671516949931501372e+01,0.000000000000000000e+00
-1.320481712226529503e+01,-1.690139518028336596e+01,0.000000000000000000e+00
-1.287119395070876848e+01,-1.708065128036001923e+01,0.000000000000000000e+00
-1.253575219072219404e+01,-1.725398267481692827e+01,0.000000000000000000e+00
-1.219861552465389387e+01,-1.742142844654785705e+01,0.000000000000000000e+00
-1.185911639758091418e+01,-1.758186309210286069e+01,0.000000000000000000e+00
-1.151799185564222050e+01,-1.773615211200517550e+01,0.000000000000000000e+00
-1.117547840924359370e+01,-1.788450397686526827e+01,0.000000000000000000e+00
-1.083135648632276293e+01,-1.802640436621116038e+01,0.000000000000000000e+00
-1.048560085723813806e+01,-1.816159343262420833e+01,0.000000000000000000e+00
-1.013876897266684018e+01,-1.829082340635518733e+01,0.000000000000000000e+00
-9.790901470655692052e+00,-1.841400751546048653e+01,0.000000000000000000e+00
-9.441580697406827483e+00,-1.853014546530527795e+01,0.000000000000000000e+00
-9.091341366432999394e+00,-1.864001212870633140e+01,0.000000000000000000e+00
-8.740497291377032241e+00,-1.874405693005306617e+01,0.000000000000000000e+00
-8.388929950983465389e+00,-1.884184516361536410e+01,0.000000000000000000e+00
-8.036412089691660654e+00,-1.893260043423470051e+01,0.000000000000000000e+00
-7.683473458434488812e+00,-1.901726414554422817e+01,0.000000000000000000e+00
-7.330297987603744403e+00,-1.909607912845346789e+01,0.000000000000000000e+00
-6.976727445530967131e+00,-1.916840111828562243e+01,0.000000000000000000e+00
-6.622820158953063086e+00,-1.923406634652220859e+01,0.000000000000000000e+00
-6.268937524276079643e+00,-1.929380581404467421e+01,0.000000000000000000e+00
-5.915156964330416045e+00,-1.934760664552481657e+01,0.000000000000000000e+00
-5.561346074953139151e+00,-1.939471862898954768e+01,0.000000000000000000e+00
-5.207723728116816275e+00,-1.943548954511397753e+01,0.000000000000000000e+00
-4.854564400176594852e+00,-1.947059433685015151e+01,0.000000000000000000e+00
-4.501874795106675542e+00,-1.949976206405246515e+01,0.000000000000000000e+00
-4.149526517668770786e+00,-1.952198739510373215e+01,0.000000000000000000e+00
-3.797849035989796285e+00,-1.953823951015020910e+01,0.000000000000000000e+00
-3.447011511923583793e+00,-1.954897371958517382e+01,0.000000000000000000e+00
-3.097002364735670366e+00,-1.955370337130200653e+01,0.000000000000000000e+00
-2.747820330255978938e+00,-1.955175758045524148e+01,0.000000000000000000e+00
-2.399712059789587570e+00,-1.954408634231493380e+01,0.000000000000000000e+00
-2.052791693348677171e+00,-1.953100831912006541e+01,0.000000000000000000e+00
-1.707191791441145412e+00,-1.951329146701710826e+01,0.000000000000000000e+00
-1.363224468271480250e+00,-1.949501815373393754e+01,0.000000000000000000e+00
-1.020753370316354269e+00,-1.947713458346543192e+01,0.000000000000000000e+00
-6.795296544941024086e-01,-1.945918329934486479e+01,0.000000000000000000e+00
-3.393492075854879220e-01,-1.944130308200123736e+01,0.000000000000000000e+00
-3.568035321156281103e-15,-1.942347961681951674e+01,0.000000000000000000e+00
3.387274053636937787e-01,-1.940568005657313577e+01,0.000000000000000000e+00
6.770405366421627935e-01,-1.938790429008590621e+01,0.000000000000000000e+00
1.015146010715997527e+00,-1.937013978847391371e+01,0.000000000000000000e+00
1.353249884824241134e+00,-1.935237496480535313e+01,0.000000000000000000e+00
1.691558273412784974e+00,-1.933459953827686917e+01,0.000000000000000000e+00
2.030277745184724481e+00,-1.931680241098480977e+01,0.000000000000000000e+00
2.369615906970619079e+00,-1.929897284760790654e+01,0.000000000000000000e+00
2.709781866759049418e+00,-1.928109984900309826e+01,0.000000000000000000e+00
3.050986736359812213e+00,-1.926317212794525702e+01,0.000000000000000000e+00
3.393444240415492530e+00,-1.924517862655484990e+01,0.000000000000000000e+00
3.737371200323369447e+00,-1.922710801779542678e+01,0.000000000000000000e+00
4.082988056051821246e+00,-1.920894854514237693e+01,0.000000000000000000e+00
4.430519518399862022e+00,-1.919068840449406466e+01,0.000000000000000000e+00
4.780195182597327452e+00,-1.917231569694127913e+01,0.000000000000000000e+00
5.132250072636090898e+00,-1.915381802822692237e+01,0.000000000000000000e+00
5.486925305086207239e+00,-1.913518256123381178e+01,0.000000000000000000e+00
5.844468892132208104e+00,-1.911639637947973824e+01,0.000000000000000000e+00
6.205136403679039958e+00,-1.909744615552984826e+01,0.000000000000000000e+00
6.569191685235407974e+00,-1.907831794979826512e+01,0.000000000000000000e+00
6.936907706516503680e+00,-1.905899728449487895e+01,0.000000000000000000e+00
7.308567564499927727e+00,-1.903946944085461723e+01,0.000000000000000000e+00
7.684465225517490339e+00,-1.901971885521303562e+01,0.000000000000000000e+00
8.064906839565830765e+00,-1.899972985813934301e+01,0.000000000000000000e+00
8.450211241730499978e+00,-1.897948519618548957e+01,0.000000000000000000e+00
8.840710957470326647e+00,-1.895896583051979079e+01,0.000000000000000000e+00
9.236759478045184935e+00,-1.893816344158001996e+01,0.000000000000000000e+00
9.638704713996126827e+00,-1.891702313115082745e+01,0.000000000000000000e+00
1.004698040268519499e+01,-1.889562194014601104e+01,0.000000000000000000e+00
1.046188357450258799e+01,-1.887373757849239908e+01,0.000000000000000000e+00
1.088318065036809124e+01,-1.885022183438802656e+01,0.000000000000000000e+00
1.131052972548269153e+01,-1.882388255663648025e+01,0.000000000000000000e+00
1.174414485517023365e+01,-1.879456052578874292e+01,0.000000000000000000e+00
1.218418074714196386e+01,-1.876199304530811673e+01,0.000000000000000000e+00
1.263074658164829778e+01,-1.872585188512751131e+01,0.000000000000000000e+00
1.308395838227383656e+01,-1.868582908394116515e+01,0.000000000000000000e+00
1.354391418378641809e+01,-1.864159861497672566e+01,0.000000000000000000e+00
1.401070335710826242e+01,-1.859283133731023341e+01,0.000000000000000000e+00
1.448440396977160560e+01,-1.853919165841336891e+01,0.000000000000000000e+00
1.496508394189909552e+01,-1.848033960715955004e+01,0.000000000000000000e+00
1.545280208012808743e+01,-1.841593239463993470e+01,0.000000000000000000e+00
1.594760622543553019e+01,-1.834562237254214168e+01,0.000000000000000000e+00
1.644954434344500172e+01,-1.826906981106779781e+01,0.000000000000000000e+00
1.695862593768457316e+01,-1.818589982058595211e+01,0.000000000000000000e+00
1.747496774085418991e+01,-1.809585882816685043e+01,0.000000000000000000e+00
1.799715160899500432e+01,-1.799715160899501498e+01,0.000000000000000000e+00
1.851653906424748541e+01,-1.788121392262049270e+01,0.000000000000000000e+00
1.902397100496312987e+01,-1.774013996037356833e+01,0.000000000000000000e+00
1.951754124976330118e+01,-1.757367307603678697e+01,0.000000000000000000e+00
1.999639041738187117e+01,-1.738259699402554759e+01,0.000000000000000000e+00
2.045957656892713672e+01,-1.716762315303009601e+01,0.000000000000000000e+00
2.090628981906183625e+01,-1.692957968882362962e+01,0.000000000000000000e+00
2.133585247983460675e+01,-1.666939487176250623e+01,0.000000000000000000e+00
2.174758853216198062e+01,-1.638798341837973993e+01,0.000000000000000000e+00
2.214143530485517175e+01,-1.608669438005663466e+01,0.000000000000000000e+00
2.251620139107011198e+01,-1.576601394587526173e+01,0.000000000000000000e+00
2.286964483015500349e+01,-1.542577021510094326e+01,0.000000000000000000e+00
2.320163774322635675e+01,-1.506731972506914552e+01,0.000000000000000000e+00
2.351205917369018294e+01,-1.469196517791757550e+01,0.000000000000000000e+00
2.380041666120632371e+01,-1.430073308816630551e+01,0.000000000000000000e+00
2.406585830930538705e+01,-1.389442977315687422e+01,0.000000000000000000e+00
2.430774739429198306e+01,-1.347400440108349962e+01,0.000000000000000000e+00
2.452562532054345468e+01,-1.304050630032853242e+01,0.000000000000000000e+00
2.471893886278341768e+01,-1.259492843508503057e+01,0.000000000000000000e+00
2.488708379923641445e+01,-1.213824180325707580e+01,0.000000000000000000e+00
2.502951555974464526e+01,-1.167145478541864456e+01,0.000000000000000000e+00
2.514579734836749481e+01,-1.119563029444853264e+01,0.000000000000000000e+00
2.523553847574720166e+01,-1.071185055644323114e+01,0.000000000000000000e+00
2.529838362138708163e+01,-1.022121045427897812e+01,0.000000000000000000e+00
2.533401318211864250e+01,-9.724816523728492257e+00,0.000000000000000000e+00
2.534214359454227150e+01,-9.223785940913286296e+00,0.000000000000000000e+00
2.532230694409678406e+01,-8.719169513049186193e+00,0.000000000000000000e+00
2.527368635219603377e+01,-8.211918492241293777e+00,0.000000000000000000e+00
2.519730628836569153e+01,-7.703589622464617648e+00,0.000000000000000000e+00
2.509373583095172933e+01,-7.195512960975890770e+00,0.000000000000000000e+00
2.496026548077141172e+01,-6.688082978439126691e+00,0.000000000000000000e+00
2.479629009117531879e+01,-6.182409486352897332e+00,0.000000000000000000e+00
2.460962253886027540e+01,-5.681579039829569133e+00,0.000000000000000000e+00
2.439265997180349288e+01,-5.184819933592542895e+00,0.000000000000000000e+00
2.414543733658794622e+01,-4.693397573751370899e+00,0.000000000000000000e+00
2.386887087580813471e+01,-4.208725934451485351e+00,0.000000000000000000e+00
2.356764490543923785e+01,-3.732748248115408618e+00,0.000000000000000000e+00
2.323605883205898337e+01,-3.265615103451455337e+00,0.000000000000000000e+00
2.287732733507641925e+01,-2.808982591469389334e+00,0.000000000000000000e+00
2.248868214812278410e+01,-2.363655739311314008e+00,0.000000000000000000e+00
2.207529134150622241e+01,-1.931337736413784478e+00,0.000000000000000000e+00
2.163283407802752123e+01,-1.512715120379382494e+00,0.000000000000000000e+00
2.116466518407232300e+01,-1.109193101566340323e+00,0.000000000000000000e+00
2.067121081134277460e+01,-7.218545878582214304e-01,0.000000000000000000e+00
2.014921398788153439e+01,-3.517058384110410829e-01,0.000000000000000000e+00
1.960497550240888032e+01,-4.801834099277462005e-15,0.000000000000000000e+00
