1.655352241899551302e+01,0.000000000000000000e+00,0.000000000000000000e+00
1.664097084964575757e+01,2.904692266491428199e-01,0.000000000000000000e+00
1.671968770866492449e+01,5.838643604482955940e-01,0.000000000000000000e+00
1.678938349285637699e+01,8.798943043919522644e-01,0.000000000000000000e+00
1.685028207393816757e+01,1.178286505779379212e+00,0.000000000000000000e+00
1.690246544853202337e+01,1.478774112385174089e+00,0.000000000000000000e+00
1.694583813133692018e+01,1.781079357730106949e+00,0.000000000000000000e+00
1.698040900367830019e+01,2.084932063468367680e+00,0.000000000000000000e+00
1.700610269882293579e+01,2.390051868327166762e+00,0.000000000000000000e+00
1.702279446998493029e+01,2.696145774888174529e+00,0.000000000000000000e+00
1.703036803984878489e+01,3.002913376820474767e+00,0.000000000000000000e+00
1.702874965227999127e+01,3.310053621639000632e+00,0.000000000000000000e+00
1.701799696735040257e+01,3.617286921890864981e+00,0.000000000000000000e+00
1.699817000799876965e+01,3.924336762191474648e+00,0.000000000000000000e+00
1.696932685541701602e+01,4.230928374454276053e+00,0.000000000000000000e+00
1.693153311745475165e+01,4.536790625442810310e+00,0.000000000000000000e+00
1.688486177822766265e+01,4.841656204082042336e+00,0.000000000000000000e+00
1.682939304341163833e+01,5.145261803697879444e+00,0.000000000000000000e+00
1.676521418137368258e+01,5.447348299091550494e+00,0.000000000000000000e+00
1.669241767721609193e+01,5.747660338830034021e+00,0.000000000000000000e+00
1.661102956669250474e+01,6.045920322791884516e+00,0.000000000000000000e+00
1.652098489659688596e+01,6.341811925166842556e+00,0.000000000000000000e+00
1.642222287890578869e+01,6.635008729588069087e+00,0.000000000000000000e+00
1.631474869526653748e+01,6.925199953929152663e+00,0.000000000000000000e+00
1.619885508312013656e+01,7.212194952161075534e+00,0.000000000000000000e+00
1.607492356361968433e+01,7.495859961972098695e+00,0.000000000000000000e+00
1.594314138835085615e+01,7.775989619211885362e+00,0.000000000000000000e+00
1.580332259147439622e+01,8.052195046926451383e+00,0.000000000000000000e+00
1.565534344423586255e+01,8.324093765199908290e+00,0.000000000000000000e+00
1.549948705938907878e+01,8.591505969894427608e+00,0.000000000000000000e+00
1.533606685524502566e+01,8.854282327185810431e+00,0.000000000000000000e+00
1.516502710084112238e+01,9.112067571381126996e+00,0.000000000000000000e+00
1.498643351137924107e+01,9.364562995687773395e+00,0.000000000000000000e+00
1.480097170249443650e+01,9.611863410301372923e+00,0.000000000000000000e+00
1.460884378887413249e+01,9.853789556816188622e+00,0.000000000000000000e+00
1.440962729922544661e+01,1.008972965771007857e+01,0.000000000000000000e+00
1.420379511533833927e+01,1.031966121036811224e+01,0.000000000000000000e+00
1.399168429207726305e+01,1.054349036605446699e+01,0.000000000000000000e+00
1.377287114620270359e+01,1.076054626225726807e+01,0.000000000000000000e+00
1.354836754201972582e+01,1.097125171138505806e+01,0.000000000000000000e+00
1.331837694938192840e+01,1.117544518610636395e+01,0.000000000000000000e+00
1.308202692390560351e+01,1.137203250870594573e+01,0.000000000000000000e+00
1.284020452256900313e+01,1.156137208173254649e+01,0.000000000000000000e+00
1.259343860205700416e+01,1.174357148276653895e+01,0.000000000000000000e+00
1.234198236714194863e+01,1.191851383081581872e+01,0.000000000000000000e+00
1.208586633158655488e+01,1.208586633158655310e+01,0.000000000000000000e+00
1.182485300205085110e+01,1.224499373974107108e+01,0.000000000000000000e+00
1.155933138195950249e+01,1.239586528281974154e+01,0.000000000000000000e+00
1.128988090795163224e+01,1.253868302730225004e+01,0.000000000000000000e+00
1.101678014626861035e+01,1.267335582956705942e+01,0.000000000000000000e+00
1.074022443423910822e+01,1.279970105477257292e+01,0.000000000000000000e+00
1.046045914495893037e+01,1.291759125416085219e+01,0.000000000000000000e+00
1.017772447817742609e+01,1.302689328060986540e+01,0.000000000000000000e+00
9.892273187030388826e+00,1.312748990690310791e+01,0.000000000000000000e+00
9.604362219347938989e+00,1.321927051636689576e+01,0.000000000000000000e+00
9.314259079661656671e+00,1.330214053889843839e+01,0.000000000000000000e+00
9.022228791106083889e+00,1.337600425468576404e+01,0.000000000000000000e+00
8.728451107619246585e+00,1.344063604899146291e+01,0.000000000000000000e+00
8.433192740773645113e+00,1.349592953311839594e+01,0.000000000000000000e+00
8.136870741997315193e+00,1.354202702644436229e+01,0.000000000000000000e+00
7.839770708338064331e+00,1.357888118653177045e+01,0.000000000000000000e+00
7.542173143150741943e+00,1.360644052876951093e+01,0.000000000000000000e+00
7.244364931226453308e+00,1.362466885078444889e+01,0.000000000000000000e+00
6.946633842566723338e+00,1.363353655731906322e+01,0.000000000000000000e+00
6.649270131468576039e+00,1.363302409424849237e+01,0.000000000000000000e+00
6.352565662366814081e+00,1.362312102593702079e+01,0.000000000000000000e+00
6.056813892085472162e+00,1.360382673431789158e+01,0.000000000000000000e+00
5.762309596036311099e+00,1.357515069443105027e+01,0.000000000000000000e+00
5.469348741356227173e+00,1.353711316647976481e+01,0.000000000000000000e+00
5.178228124762932261e+00,1.348974546230980209e+01,0.000000000000000000e+00
4.889245734736653581e+00,1.343309225435377563e+01,0.000000000000000000e+00
4.602698611255311434e+00,1.336720737347107679e+01,0.000000000000000000e+00
4.318888598705469484e+00,1.329217233912972240e+01,0.000000000000000000e+00
4.038104258924318124e+00,1.320804388901456683e+01,0.000000000000000000e+00
3.760666399706177998e+00,1.311500232080251571e+01,0.000000000000000000e+00
3.486834135814455671e+00,1.301304215242507034e+01,0.000000000000000000e+00
3.216636874435903515e+00,1.290122584609584599e+01,0.000000000000000000e+00
2.950588149580874564e+00,1.278040138485829225e+01,0.000000000000000000e+00
2.689059781562252560e+00,1.265103161452531921e+01,0.000000000000000000e+00
2.432324903630215918e+00,1.251322685111541588e+01,0.000000000000000000e+00
2.180717689882349486e+00,1.236746458834849527e+01,0.000000000000000000e+00
1.934435042033398888e+00,1.221354217667884967e+01,0.000000000000000000e+00
1.693550656904656115e+00,1.205023906746325579e+01,0.000000000000000000e+00
1.458537700607314358e+00,1.187883631200745782e+01,0.000000000000000000e+00
1.230310945355945540e+00,1.170562672613559485e+01,0.000000000000000000e+00
1.009286305989069543e+00,1.153619526591585931e+01,0.000000000000000000e+00
7.952352080986131444e-01,1.137239330660509928e+01,0.000000000000000000e+00
5.876815506369531539e-01,1.121363199655974263e+01,0.000000000000000000e+00
3.862039285480668993e-01,1.105943351675944974e+01,0.000000000000000000e+00
1.904281853545963799e-01,1.090962343238005694e+01,0.000000000000000000e+00
6.590994995787701601e-16,1.076391168519218766e+01,0.000000000000000000e+00
-1.854082963111874927e-01,1.062203418169243108e+01,0.000000000000000000e+00
-3.661011465092497974e-01,1.048376515860474356e+01,0.000000000000000000e+00
-5.423623227945609804e-01,1.034888961551683018e+01,0.000000000000000000e+00
-7.144563200114237844e-01,1.021720138748194096e+01,0.000000000000000000e+00
-8.826305197634977118e-01,1.008851300491020098e+01,0.000000000000000000e+00
-1.047116383962954256e+00,9.962646903011231458e+00,0.000000000000000000e+00
-1.208130961316197238e+00,9.839437079321090351e+00,0.000000000000000000e+00
-1.365878098441516864e+00,9.718727666118493147e+00,0.000000000000000000e+00
-1.520549477778127878e+00,9.600371568459991067e+00,0.000000000000000000e+00
-1.672325831539824614e+00,9.484231084888875785e+00,0.000000000000000000e+00
-1.821377562550227758e+00,9.370175254015990163e+00,0.000000000000000000e+00
-1.967865885886631805e+00,9.258081098157751043e+00,0.000000000000000000e+00
-2.111943377178550296e+00,9.147831786103100882e+00,0.000000000000000000e+00
-2.253754678287489099e+00,9.039316292542670439e+00,0.000000000000000000e+00
-2.393437447059575174e+00,8.932430157164276352e+00,0.000000000000000000e+00
-2.531122184108163253e+00,8.827072063984960693e+00,0.000000000000000000e+00
-2.666934051723796273e+00,8.723148226405299965e+00,0.000000000000000000e+00
-2.800991550971127619e+00,8.620565584190822861e+00,0.000000000000000000e+00
-2.933409209781218774e+00,8.519238935721062944e+00,0.000000000000000000e+00
-3.064295645816277336e+00,8.419083093413341601e+00,0.000000000000000000e+00
-3.193756032142979429e+00,8.320018914635541663e+00,0.000000000000000000e+00
-3.321891117323806597e+00,8.221969032968523550e+00,0.000000000000000000e+00
-3.448797795712063685e+00,8.124858446276011392e+00,0.000000000000000000e+00
-3.574570452766033579e+00,8.028616687823957321e+00,0.000000000000000000e+00
-3.699299149463783021e+00,7.933172627060209869e+00,0.000000000000000000e+00
-3.823072558233476581e+00,7.838460352782481877e+00,0.000000000000000000e+00
-3.945975879012267651e+00,7.744413714619398981e+00,0.000000000000000000e+00
-4.068092263585562307e+00,7.650968783596038492e+00,0.000000000000000000e+00
-4.189503502657112577e+00,7.558064389670335004e+00,0.000000000000000000e+00
-4.310288275342845310e+00,7.465638288162243619e+00,0.000000000000000000e+00
-4.430525163164896973e+00,7.373632125093019241e+00,0.000000000000000000e+00
-4.550290412916734972e+00,7.281986864955111827e+00,0.000000000000000000e+00
-4.669659094410286926e+00,7.190644432440534750e+00,0.000000000000000000e+00
-4.788706268168885671e+00,7.099549002859495417e+00,0.000000000000000000e+00
-4.907504674508769149e+00,7.008643018977314121e+00,0.000000000000000000e+00
-5.026127847669444648e+00,6.917871499508917665e+00,0.000000000000000000e+00
-5.144648336433978564e+00,6.827178933922766646e+00,0.000000000000000000e+00
-5.263137805729166452e+00,6.736509193522090655e+00,0.000000000000000000e+00
-5.381669370863285451e+00,6.645808203490854993e+00,0.000000000000000000e+00
-5.500314583585581119e+00,6.555019665386442540e+00,0.000000000000000000e+00
-5.619146286553606373e+00,6.464088363604520104e+00,0.000000000000000000e+00
-5.738237946262651157e+00,6.372958876187065691e+00,0.000000000000000000e+00
-5.857662285340246910e+00,6.281573748690556513e+00,0.000000000000000000e+00
-5.977494827967149149e+00,6.189877094886333531e+00,0.000000000000000000e+00
-6.097810507768691934e+00,6.097810507768692823e+00,0.000000000000000000e+00
-6.218685919921591143e+00,6.005315186919080617e+00,0.000000000000000000e+00
-6.340199966675605481e+00,5.912332118054502317e+00,0.000000000000000000e+00
-6.462431179599472664e+00,5.818799170107827656e+00,0.000000000000000000e+00
-6.585462195590746859e+00,5.724654949017165428e+00,0.000000000000000000e+00
-6.709376111602979087e+00,5.629835020675715285e+00,0.000000000000000000e+00
-6.834258551178646890e+00,5.534273453470915705e+00,0.000000000000000000e+00
-6.960198905551885140e+00,5.437903362535474905e+00,0.000000000000000000e+00
-7.087287002758854371e+00,5.340653825169825453e+00,0.000000000000000000e+00
-7.215618542885193776e+00,5.242453737270168723e+00,0.000000000000000000e+00
-7.345290282396872428e+00,5.143227626072821579e+00,0.000000000000000000e+00
-7.476403910259167063e+00,5.042898112823829493e+00,0.000000000000000000e+00
-7.609065385221884803e+00,4.941384838299430093e+00,0.000000000000000000e+00
-7.743383413280201744e+00,4.838602975041835563e+00,0.000000000000000000e+00
-7.879474132596688385e+00,4.734465704923696450e+00,0.000000000000000000e+00
-8.017455595754215736e+00,4.628880146424567243e+00,0.000000000000000000e+00
-8.157455597060552677e+00,4.521751474274717353e+00,0.000000000000000000e+00
-8.299604806672627788e+00,4.412978154770784478e+00,0.000000000000000000e+00
-8.444041697680757963e+00,4.302454141560488665e+00,0.000000000000000000e+00
-8.590909307731713795e+00,4.190066434794539774e+00,0.000000000000000000e+00
-8.740366205880420125e+00,4.075699696881189382e+00,0.000000000000000000e+00
-8.892582527616600174e+00,3.959232827768400576e+00,0.000000000000000000e+00
-9.047716125211312743e+00,3.840527639365753920e+00,0.000000000000000000e+00
-9.205917623071215417e+00,3.719432152598823205e+00,0.000000000000000000e+00
-9.367441228472728199e+00,3.595823787918652759e+00,0.000000000000000000e+00
-9.532606410387705509e+00,3.469584988356317012e+00,0.000000000000000000e+00
-9.701339898920092963e+00,3.340439213106960903e+00,0.000000000000000000e+00
-9.872941038503309841e+00,3.207913003155891118e+00,0.000000000000000000e+00
-1.004419990752126779e+01,3.070820082433493248e+00,0.000000000000000000e+00
-1.021169960997521642e+01,2.928157743915417388e+00,0.000000000000000000e+00
-1.037573967348391335e+01,2.780171066385578094e+00,0.000000000000000000e+00
-1.053710664135799746e+01,2.627195754635405223e+00,0.000000000000000000e+00
-1.069547491286132335e+01,2.469244946361130566e+00,0.000000000000000000e+00
-1.085048457094844743e+01,2.306341692854426029e+00,0.000000000000000000e+00
-1.100206089864144587e+01,2.138583998629930871e+00,0.000000000000000000e+00
-1.115014194938263792e+01,1.966070864405437213e+00,0.000000000000000000e+00
-1.129462038054288797e+01,1.788892127650387964e+00,0.000000000000000000e+00
-1.143532946621155055e+01,1.607130748278227550e+00,0.000000000000000000e+00
-1.157196028941204879e+01,1.420858062921308118e+00,0.000000000000000000e+00
-1.170426122709218753e+01,1.230167425623235555e+00,0.000000000000000000e+00
-1.183236737245509929e+01,1.035198007763851402e+00,0.000000000000000000e+00
-1.195651625868940116e+01,8.360810639209012018e-01,0.000000000000000000e+00
-1.207660852781577709e+01,6.329082342134620953e-01,0.000000000000000000e+00
-1.219225039841847469e+01,4.257627657488376460e-01,0.000000000000000000e+00
-1.230310006188177852e+01,2.147514103985032619e-01,0.000000000000000000e+00
-1.240908313563693355e+01,1.519674394241117286e-15,0.000000000000000000e+00
-1.251020134236950199e+01,-2.183663766961304042e-01,0.000000000000000000e+00
-1.260644299813625224e+01,-4.402266900487721846e-01,0.000000000000000000e+00
-1.269774536648851182e+01,-6.654606365591855255e-01,0.000000000000000000e+00
-1.278403768122454487e+01,-8.939469988137336287e-01,0.000000000000000000e+00
-1.286525086155709729e+01,-1.125563603803369839e+00,0.000000000000000000e+00
-1.294130412659174567e+01,-1.360185873565963099e+00,0.000000000000000000e+00
-1.301211050673731151e+01,-1.597686274989815747e+00,0.000000000000000000e+00
-1.307758610294074586e+01,-1.837934866799687983e+00,0.000000000000000000e+00
-1.313765033086168188e+01,-2.080799394832985261e+00,0.000000000000000000e+00
-1.319222796915478568e+01,-2.326145726618829901e+00,0.000000000000000000e+00
-1.324125036609435924e+01,-2.573838339531348662e+00,0.000000000000000000e+00
-1.328465253892520259e+01,-2.823740066654867320e+00,0.000000000000000000e+00
-1.332237292815915097e+01,-3.075712139424274127e+00,0.000000000000000000e+00
-1.335435343544592968e+01,-3.329614271321699626e+00,0.000000000000000000e+00
-1.338053945945549295e+01,-3.585304742453863991e+00,0.000000000000000000e+00
-1.340087992975142583e+01,-3.842640484964036762e+00,0.000000000000000000e+00
-1.341532733863630789e+01,-4.101477169232270015e+00,0.000000000000000000e+00
-1.342383777095070130e+01,-4.361669290817120626e+00,0.000000000000000000e+00
-1.342637093180869279e+01,-4.623070258091428464e+00,0.000000000000000000e+00
-1.342289039656554195e+01,-4.885532562167517412e+00,0.000000000000000000e+00
-1.341336512886085508e+01,-5.148908461767870648e+00,0.000000000000000000e+00
-1.339777126086249126e+01,-5.413050957129001972e+00,0.000000000000000000e+00
-1.337608929514117762e+01,-5.677813045158309535e+00,0.000000000000000000e+00
-1.334830325899386771e+01,-5.943047511101481106e+00,0.000000000000000000e+00
-1.331440070078656390e+01,-6.208607010521052239e+00,0.000000000000000000e+00
-1.327437268445367735e+01,-6.474344150976548029e+00,0.000000000000000000e+00
-1.322821378216522348e+01,-6.740111573366124986e+00,0.000000000000000000e+00
-1.317592216454419152e+01,-7.005762085725675270e+00,0.000000000000000000e+00
-1.311751019042122124e+01,-7.271154631074415065e+00,0.000000000000000000e+00
-1.305301324022058829e+01,-7.536160707977108686e+00,0.000000000000000000e+00
-1.298247106937443363e+01,-7.800655603251715142e+00,0.000000000000000000e+00
-1.290591697278072481e+01,-8.064511974577078135e+00,0.000000000000000000e+00
-1.282328853258326262e+01,-8.327540942822134085e+00,0.000000000000000000e+00
-1.273446710634346246e+01,-8.589506520678394708e+00,0.000000000000000000e+00
-1.263938184384842955e+01,-8.850190445373605996e+00,0.000000000000000000e+00
-1.253818219732908545e+01,-9.109522590239283346e+00,0.000000000000000000e+00
-1.243107699129849131e+01,-9.367488413932630209e+00,0.000000000000000000e+00
-1.231809710739987729e+01,-9.623952215925486442e+00,0.000000000000000000e+00
-1.219913973780874095e+01,-9.878668578392247213e+00,0.000000000000000000e+00
-1.207428281080696131e+01,-1.013152625327829170e+01,0.000000000000000000e+00
-1.194374818261635696e+01,-1.038254189496506186e+01,0.000000000000000000e+00
-1.180736902557778656e+01,-1.063140282314728502e+01,0.000000000000000000e+00
-1.166485767923894912e+01,-1.087765576353907093e+01,0.000000000000000000e+00
-1.151665641649732308e+01,-1.112150582472133031e+01,0.000000000000000000e+00
-1.136298661066143367e+01,-1.136298661066142834e+01,0.000000000000000000e+00
-1.120346416987485050e+01,-1.160152676737189559e+01,0.000000000000000000e+00
-1.103868509552929211e+01,-1.183754049626142368e+01,0.000000000000000000e+00
-1.086851195126128999e+01,-1.207070539064143055e+01,0.000000000000000000e+00
-1.069148007342133688e+01,-1.229914090289685191e+01,0.000000000000000000e+00
-1.050781183069857150e+01,-1.252272249953895766e+01,0.000000000000000000e+00
-1.031769739195721769e+01,-1.274129517131709477e+01,0.000000000000000000e+00
-1.012115571529053426e+01,-1.295448856590928166e+01,0.000000000000000000e+00
-9.918285091017976285e+00,-1.316200886939032344e+01,0.000000000000000000e+00
-9.709032626879153582e+00,-1.336333697290120881e+01,0.000000000000000000e+00
-9.493614147301464357e+00,-1.355828612124731336e+01,0.000000000000000000e+00
-9.272473562490487708e+00,-1.374700738531465838e+01,0.000000000000000000e+00
-9.045813956693155689e+00,-1.392933198109675708e+01,0.000000000000000000e+00
-8.813822451095237653e+00,-1.410506440132493111e+01,0.000000000000000000e+00
-8.576710555325021801e+00,-1.427404340328653909e+01,0.000000000000000000e+00
-8.334700699033923854e+00,-1.443612507660657585e+01,0.000000000000000000e+00
-8.088013792262580992e+00,-1.459116312653563519e+01,0.000000000000000000e+00
-7.836889909556282063e+00,-1.473904625890812525e+01,0.000000000000000000e+00
-7.581197600288426486e+00,-1.487893805463649777e+01,0.000000000000000000e+00
-7.321529271864467781e+00,-1.501135959233897132e+01,0.000000000000000000e+00
-7.058130083228340901e+00,-1.513620880933986257e+01,0.000000000000000000e+00
-6.791267607199472423e+00,-1.525343678719451290e+01,0.000000000000000000e+00
-6.521203626388889951e+00,-1.536299299124669915e+01,0.000000000000000000e+00
-6.248183595234152676e+00,-1.546479707429540618e+01,0.000000000000000000e+00
-5.972452129632350726e+00,-1.555876973231242211e+01,0.000000000000000000e+00
-5.693741006525288917e+00,-1.564342484765103514e+01,0.000000000000000000e+00
-5.412904683845631837e+00,-1.572021666264689443e+01,0.000000000000000000e+00
-5.130163957110163153e+00,-1.578902115380779314e+01,0.000000000000000000e+00
-4.845803484462441801e+00,-1.584990901581353384e+01,0.000000000000000000e+00
-4.559862766166079773e+00,-1.590213127265996462e+01,0.000000000000000000e+00
-4.272462238252342281e+00,-1.594504614657719621e+01,0.000000000000000000e+00
-3.984258493277821334e+00,-1.597998799911693268e+01,0.000000000000000000e+00
-3.695469884851455777e+00,-1.600683865037770559e+01,0.000000000000000000e+00
-3.406291392728996836e+00,-1.602534104789010172e+01,0.000000000000000000e+00
-3.116684578377153070e+00,-1.603395216420285863e+01,0.000000000000000000e+00
-2.827328553292038471e+00,-1.603457702237117743e+01,0.000000000000000000e+00
-2.538431856721446334e+00,-1.602702798027439357e+01,0.000000000000000000e+00
-2.250256896910732163e+00,-1.601140979186492785e+01,0.000000000000000000e+00
-1.962789171524933485e+00,-1.598563497797634803e+01,0.000000000000000000e+00
-1.676609584627203331e+00,-1.595187463558597685e+01,0.000000000000000000e+00
-1.391942107262915007e+00,-1.590997108843094487e+01,0.000000000000000000e+00
-1.109044995320721760e+00,-1.586008234175821663e+01,0.000000000000000000e+00
-8.280964643025244820e-01,-1.580102182598077221e+01,0.000000000000000000e+00
-5.494137614753398235e-01,-1.573315163072690481e+01,0.000000000000000000e+00
-2.732999681602062414e-01,-1.565734468958600267e+01,0.000000000000000000e+00
-2.860819214730959338e-15,-1.557357444733057328e+01,0.000000000000000000e+00
2.702366181842982829e-01,-1.548184548700497132e+01,0.000000000000000000e+00
5.371599746924969887e-01,-1.538224908873874419e+01,0.000000000000000000e+00
8.004580816020713252e-01,-1.527365006784579116e+01,0.000000000000000000e+00
1.059896543447942374e+00,-1.515722673449161562e+01,0.000000000000000000e+00
1.315229364362424658e+00,-1.503314042479011903e+01,0.000000000000000000e+00
1.566209093196930136e+00,-1.490148412419312685e+01,0.000000000000000000e+00
1.812585261856514141e+00,-1.476232230280047020e+01,0.000000000000000000e+00
2.054129611319930770e+00,-1.461589164223867954e+01,0.000000000000000000e+00
2.290925595342658827e+00,-1.446433494760255734e+01,0.000000000000000000e+00
2.523449856942272973e+00,-1.431119529639365417e+01,0.000000000000000000e+00
2.752015791921542665e+00,-1.415789389434373113e+01,0.000000000000000000e+00
2.976725313627750502e+00,-1.400439153813986337e+01,0.000000000000000000e+00
3.197710200553363524e+00,-1.385080458664925018e+01,0.000000000000000000e+00
3.415094141423480778e+00,-1.369719446865128099e+01,0.000000000000000000e+00
3.629004473851256130e+00,-1.354362907730762622e+01,0.000000000000000000e+00
3.839570625601029352e+00,-1.339017405786829329e+01,0.000000000000000000e+00
4.046918316633012047e+00,-1.323687337275051767e+01,0.000000000000000000e+00
4.251150353054598874e+00,-1.308369545565291503e+01,0.000000000000000000e+00
4.452386359590573051e+00,-1.293066889713841583e+01,0.000000000000000000e+00
4.650785319091267134e+00,-1.277792764693433902e+01,0.000000000000000000e+00
4.846483882820355582e+00,-1.262552216535009286e+01,0.000000000000000000e+00
5.039608241071002581e+00,-1.247346810384326332e+01,0.000000000000000000e+00
5.230288498267080755e+00,-1.232178753258327752e+01,0.000000000000000000e+00
5.418632108144963766e+00,-1.217044697915170381e+01,0.000000000000000000e+00
5.604721244128637814e+00,-1.201936349556080152e+01,0.000000000000000000e+00
5.788733906083797010e+00,-1.186866336552393442e+01,0.000000000000000000e+00
5.970820045621248795e+00,-1.171839414801701018e+01,0.000000000000000000e+00
6.151077482297115928e+00,-1.156849421135208011e+01,0.000000000000000000e+00
6.329597741293668811e+00,-1.141889659695193515e+01,0.000000000000000000e+00
6.506506385118629332e+00,-1.126959963879677673e+01,0.000000000000000000e+00
6.681954355666159806e+00,-1.112063953613787071e+01,0.000000000000000000e+00
6.856058351096653070e+00,-1.097198691238023116e+01,0.000000000000000000e+00
7.028900543717873539e+00,-1.082355768140843999e+01,0.000000000000000000e+00
7.200590541023903945e+00,-1.067531448636409053e+01,0.000000000000000000e+00
7.371271095474510204e+00,-1.052726612215768576e+01,0.000000000000000000e+00
7.541051137632085677e+00,-1.037936644718538304e+01,0.000000000000000000e+00
7.709993273014949189e+00,-1.023150664768269458e+01,0.000000000000000000e+00
7.878192775515103108e+00,-1.008362691982451764e+01,0.000000000000000000e+00
8.045889857585109439e+00,-9.935846506926059973e+00,0.000000000000000000e+00
8.212961209136318885e+00,-9.787826026825097614e+00,0.000000000000000000e+00
8.378629152236234390e+00,-9.638510272553521219e+00,0.000000000000000000e+00
8.542300283429153041e+00,-9.487185600205387814e+00,0.000000000000000000e+00
8.703496711359278493e+00,-9.333357541064431828e+00,0.000000000000000000e+00
8.861989440091345926e+00,-9.176858705706523622e+00,0.000000000000000000e+00
9.018131360346108849e+00,-9.018131360346114178e+00,0.000000000000000000e+00
9.171779582469534731e+00,-8.857084587795549524e+00,0.000000000000000000e+00
9.322628259731944311e+00,-8.693491494653327933e+00,0.000000000000000000e+00
9.471121240621686255e+00,-8.527835869090941046e+00,0.000000000000000000e+00
9.617076232411028158e+00,-8.359996825402552290e+00,0.000000000000000000e+00
9.760172243555480520e+00,-8.189756929794134166e+00,0.000000000000000000e+00
9.902161033583151806e+00,-8.018611899121413700e+00,0.000000000000000000e+00
1.004420955988056008e+01,-7.847396558756054574e+00,0.000000000000000000e+00
1.018640333683267052e+01,-7.676005490450876323e+00,0.000000000000000000e+00
1.032882966162992666e+01,-7.504334013697365968e+00,0.000000000000000000e+00
1.047157618288983372e+01,-7.332276580196726457e+00,0.000000000000000000e+00
1.061473129182978070e+01,-7.159726660333010528e+00,0.000000000000000000e+00
1.075838438082302240e+01,-6.986576507443967188e+00,0.000000000000000000e+00
1.090262607409679241e+01,-6.812716889030614453e+00,0.000000000000000000e+00
1.104754846073339181e+01,-6.638036806853242489e+00,0.000000000000000000e+00
1.119324533504283004e+01,-6.462423207292508742e+00,0.000000000000000000e+00
1.133981244606377636e+01,-6.285760680629912223e+00,0.000000000000000000e+00
1.148734775767544392e+01,-6.107931147531371785e+00,0.000000000000000000e+00
1.163595172087079810e+01,-5.928813530872168336e+00,0.000000000000000000e+00
1.178572755985354270e+01,-5.748283410899374779e+00,0.000000000000000000e+00
1.193678157375391713e+01,-5.566212661564936326e+00,0.000000000000000000e+00
1.208922345590747049e+01,-5.382469065674799324e+00,0.000000000000000000e+00
1.224316663280787409e+01,-5.196915906284701236e+00,0.000000000000000000e+00
1.239872862502958384e+01,-5.009411531525029382e+00,0.000000000000000000e+00
1.255603143264615440e+01,-4.819808889767073445e+00,0.000000000000000000e+00
1.271520194872704934e+01,-4.627955032020254045e+00,0.000000000000000000e+00
1.287637240343786971e+01,-4.433690577504686203e+00,0.000000000000000000e+00
1.303968084092805668e+01,-4.236849137808395227e+00,0.000000000000000000e+00
1.320527163379758484e+01,-4.037256695447646315e+00,0.000000000000000000e+00
1.337329603931080868e+01,-3.834730931658925090e+00,0.000000000000000000e+00
1.354391280868886049e+01,-3.629080499445717756e+00,0.000000000000000000e+00
1.371728884204211241e+01,-3.420104231409408779e+00,0.000000000000000000e+00
1.389359989626182568e+01,-3.207590276272284324e+00,0.000000000000000000e+00
1.407303137693336481e+01,-2.991315161755300878e+00,0.000000000000000000e+00
1.425577918189960336e+01,-2.771042764376694389e+00,0.000000000000000000e+00
1.444205063864901639e+01,-2.546523184351753066e+00,0.000000000000000000e+00
1.463206553000012988e+01,-2.317491509761013813e+00,0.000000000000000000e+00
1.482605722291565264e+01,-2.083666457453992482e+00,0.000000000000000000e+00
1.502427390426750264e+01,-1.844748874220462964e+00,0.000000000000000000e+00
1.522697996457805658e+01,-1.600420084582753200e+00,0.000000000000000000e+00
1.543445750712203335e+01,-1.350340059545773741e+00,0.000000000000000000e+00
1.564700803288424424e+01,-1.094145388194084800e+00,0.000000000000000000e+00
1.586495431202494544e+01,-8.314470239201445789e-01,0.000000000000000000e+00
1.608864246499156891e+01,-5.618277749551121580e-01,0.000000000000000000e+00
1.631844432767375253e+01,-2.848395052670646410e-01,0.000000000000000000e+00
1.655475414514777199e+01,-4.054745334905320046e-15,0.000000000000000000e+00
