1.822074283813329387e+01,0.000000000000000000e+00,0.000000000000000000e+00
1.831684158814628205e+01,3.197216592009694547e-01,0.000000000000000000e+00
1.840599292806217591e+01,6.427514363075980119e-01,0.000000000000000000e+00
1.848396002795811199e+01,9.687032974217849590e-01,0.000000000000000000e+00
1.855314831818989063e+01,1.297362513406121076e+00,0.000000000000000000e+00
1.861319053692560743e+01,1.628443164028996915e+00,0.000000000000000000e+00
1.866391519368641028e+01,1.961656533495850008e+00,0.000000000000000000e+00
1.870492653058848731e+01,2.296676190779398219e+00,0.000000000000000000e+00
1.873648956548881372e+01,2.633241882926445232e+00,0.000000000000000000e+00
1.875861184582290875e+01,2.971072238465878090e+00,0.000000000000000000e+00
1.877113887163425687e+01,3.309858241694570324e+00,0.000000000000000000e+00
1.877392481754631248e+01,3.649281309762937298e+00,0.000000000000000000e+00
1.876690063903506100e+01,3.989027873036233629e+00,0.000000000000000000e+00
1.875022546001617485e+01,4.328830635150413997e+00,0.000000000000000000e+00
1.872394491533700744e+01,4.668403791086703336e+00,0.000000000000000000e+00
1.868806621973417492e+01,5.007452251677115385e+00,0.000000000000000000e+00
1.864260512525505575e+01,5.345680998190390554e+00,0.000000000000000000e+00
1.858758592615476246e+01,5.682795311874700772e+00,0.000000000000000000e+00
1.852304145798536084e+01,6.018501003838134800e+00,0.000000000000000000e+00
1.844901309736566475e+01,6.352504647365692314e+00,0.000000000000000000e+00
1.836556584439821904e+01,6.684519302816982922e+00,0.000000000000000000e+00
1.827281988712390870e+01,7.014278373346774842e+00,0.000000000000000000e+00
1.817091131019704875e+01,7.341524716644276971e+00,0.000000000000000000e+00
1.805997511829193414e+01,7.666004619087002148e+00,0.000000000000000000e+00
1.794008882877367483e+01,7.987442163553258645e+00,0.000000000000000000e+00
1.781130536713803991e+01,8.305548094433698125e+00,0.000000000000000000e+00
1.767369921556520751e+01,8.620039067942053990e+00,0.000000000000000000e+00
1.752738521508277003e+01,8.930648830177055686e+00,0.000000000000000000e+00
1.737245750075017270e+01,9.237099504287067830e+00,0.000000000000000000e+00
1.720886945277063518e+01,9.539032102939822622e+00,0.000000000000000000e+00
1.703662464951687738e+01,9.836099827481181279e+00,0.000000000000000000e+00
1.685604631630906525e+01,1.012813442397469288e+01,0.000000000000000000e+00
1.666766055931510948e+01,1.041511025154389003e+01,0.000000000000000000e+00
1.647216203516367727e+01,1.069714710201504992e+01,0.000000000000000000e+00
1.626893252769260556e+01,1.097353354986345053e+01,0.000000000000000000e+00
1.605707658531783721e+01,1.124328606665017460e+01,0.000000000000000000e+00
1.583831404207793447e+01,1.150720872347410761e+01,0.000000000000000000e+00
1.561298163178273590e+01,1.176522554281041266e+01,0.000000000000000000e+00
1.538026200067365323e+01,1.201637763303376971e+01,0.000000000000000000e+00
1.514044868700652557e+01,1.226049360214619277e+01,0.000000000000000000e+00
1.489426679840691570e+01,1.249777377719924765e+01,0.000000000000000000e+00
1.464215366854216072e+01,1.272822999713090830e+01,0.000000000000000000e+00
1.438399078127465458e+01,1.295140347260254643e+01,0.000000000000000000e+00
1.411950937301535447e+01,1.316665549919893508e+01,0.000000000000000000e+00
1.384907551803231662e+01,1.337389676921927162e+01,0.000000000000000000e+00
1.357329483422735095e+01,1.357329483422734917e+01,0.000000000000000000e+00
1.329243079417079798e+01,1.376471503132711049e+01,0.000000000000000000e+00
1.300665801575667757e+01,1.394793307808918748e+01,0.000000000000000000e+00
1.271620857197344989e+01,1.412278038121196566e+01,0.000000000000000000e+00
1.242131172217326629e+01,1.428908458143211391e+01,0.000000000000000000e+00
1.212221193709101819e+01,1.444668962621663866e+01,0.000000000000000000e+00
1.181916204506267754e+01,1.459544960207489872e+01,0.000000000000000000e+00
1.151242358338840788e+01,1.473523023182024971e+01,0.000000000000000000e+00
1.120226527783286485e+01,1.486590812736622524e+01,0.000000000000000000e+00
1.088896209780635083e+01,1.498737056411651736e+01,0.000000000000000000e+00
1.057279426505948905e+01,1.509951505533916816e+01,0.000000000000000000e+00
1.025404638226865650e+01,1.520224893567077906e+01,0.000000000000000000e+00
9.933006643805809333e+00,1.529548891613404038e+01,0.000000000000000000e+00
9.609966139933060703e+00,1.537916063665021760e+01,0.000000000000000000e+00
9.285218250629297287e+00,1.545319822366890428e+01,0.000000000000000000e+00
8.959058127232777835e+00,1.551754386433004207e+01,0.000000000000000000e+00
8.631782257429707172e+00,1.557214740550776000e+01,0.000000000000000000e+00
8.303688110536025846e+00,1.561696598946678272e+01,0.000000000000000000e+00
7.975073851305118033e+00,1.565196372275084613e+01,0.000000000000000000e+00
7.646238139223080488e+00,1.567711143047921141e+01,0.000000000000000000e+00
7.317479925816527064e+00,1.569238634160331358e+01,0.000000000000000000e+00
6.989098519344228322e+00,1.569777229088664328e+01,0.000000000000000000e+00
6.661393015339934109e+00,1.569325849487039903e+01,0.000000000000000000e+00
6.334663800821177304e+00,1.567884309422460554e+01,0.000000000000000000e+00
6.009208644016236001e+00,1.565452372599015973e+01,0.000000000000000000e+00
5.685330727353615998e+00,1.562031779553558053e+01,0.000000000000000000e+00
5.363221186453718481e+00,1.557592530908031492e+01,0.000000000000000000e+00
5.043303738821133031e+00,1.552169288994420349e+01,0.000000000000000000e+00
4.725898852954274254e+00,1.545771863787668288e+01,0.000000000000000000e+00
4.411308145300448125e+00,1.538405974215383409e+01,0.000000000000000000e+00
4.099832357550792672e+00,1.530078266089445371e+01,0.000000000000000000e+00
3.791771283809517001e+00,1.520796396943193152e+01,0.000000000000000000e+00
3.487426083762360296e+00,1.510570194516594533e+01,0.000000000000000000e+00
3.187092244892798298e+00,1.499409013700792670e+01,0.000000000000000000e+00
2.890987538735132922e+00,1.487284155251994022e+01,0.000000000000000000e+00
2.599437877032429789e+00,1.474214477323966754e+01,0.000000000000000000e+00
2.312778824270023126e+00,1.460231080484321886e+01,0.000000000000000000e+00
2.031309478717766126e+00,1.445351796166041858e+01,0.000000000000000000e+00
1.755322457055597640e+00,1.429595418306434595e+01,0.000000000000000000e+00
1.485107077837658940e+00,1.412984999209299808e+01,0.000000000000000000e+00
1.220943543671027420e+00,1.395544856287862956e+01,0.000000000000000000e+00
9.631069063472530445e-01,1.377307043720634461e+01,0.000000000000000000e+00
7.118236121800124439e-01,1.358240364155921753e+01,0.000000000000000000e+00
4.673163524374356337e-01,1.338218943164662100e+01,0.000000000000000000e+00
2.299582986053484157e-01,1.317430210377523458e+01,0.000000000000000000e+00
7.935756572322822651e-16,1.296007400312972813e+01,0.000000000000000000e+00
-2.223518082202117774e-01,1.273852656146594065e+01,0.000000000000000000e+00
-4.367796240191517132e-01,1.250773194222916196e+01,0.000000000000000000e+00
-6.430788855901549139e-01,1.227067611693772697e+01,0.000000000000000000e+00
-8.410832385017640300e-01,1.202805068792815923e+01,0.000000000000000000e+00
-1.030381544234787228e+00,1.177731494240360810e+01,0.000000000000000000e+00
-1.210831777241195395e+00,1.152029482142680372e+01,0.000000000000000000e+00
-1.382798016464114932e+00,1.126198608599987949e+01,0.000000000000000000e+00
-1.547450414287115050e+00,1.101068182470944556e+01,0.000000000000000000e+00
-1.705868802995469169e+00,1.077043173874953474e+01,0.000000000000000000e+00
-1.858391729781531776e+00,1.053946323083791015e+01,0.000000000000000000e+00
-2.005323140004442894e+00,1.031649321322804980e+01,0.000000000000000000e+00
-2.147086311481900989e+00,1.010124690864679664e+01,0.000000000000000000e+00
-2.284067629264281862e+00,9.893383831391654226e+00,0.000000000000000000e+00
-2.416579187190034173e+00,9.692369728361335035e+00,0.000000000000000000e+00
-2.544896111716575149e+00,9.497681588910737105e+00,0.000000000000000000e+00
-2.669291261255092085e+00,9.308924899319329427e+00,0.000000000000000000e+00
-2.790016688036409676e+00,9.125733389678343244e+00,0.000000000000000000e+00
-2.907304886940154987e+00,8.947764388084879172e+00,0.000000000000000000e+00
-3.021370613232568392e+00,8.774697400440102157e+00,0.000000000000000000e+00
-3.132406729139875612e+00,8.606216756859520700e+00,0.000000000000000000e+00
-3.240599581999152878e+00,8.442050534117296223e+00,0.000000000000000000e+00
-3.346121757516079764e+00,8.281941971958278970e+00,0.000000000000000000e+00
-3.449129445339680355e+00,8.125639763835858176e+00,0.000000000000000000e+00
-3.549775191607491553e+00,7.972925619443312684e+00,0.000000000000000000e+00
-3.648199367566876017e+00,7.823588791145763111e+00,0.000000000000000000e+00
-3.744528685860536221e+00,7.677421549523728572e+00,0.000000000000000000e+00
-3.838888665368785702e+00,7.534243224117425086e+00,0.000000000000000000e+00
-3.931396841515481633e+00,7.393882085617150324e+00,0.000000000000000000e+00
-4.022158511773200829e+00,7.256166034510295404e+00,0.000000000000000000e+00
-4.111276378544207688e+00,7.120939571596348827e+00,0.000000000000000000e+00
-4.198850990265079908e+00,6.988061552545328681e+00,0.000000000000000000e+00
-4.284972977034265718e+00,6.857390211155761861e+00,0.000000000000000000e+00
-4.369725822315762009e+00,6.728787695259908830e+00,0.000000000000000000e+00
-4.453195403606677871e+00,6.602133690547601574e+00,0.000000000000000000e+00
-4.535462190995485976e+00,6.477311287724430322e+00,0.000000000000000000e+00
-4.616598566952366589e+00,6.354202801626366970e+00,0.000000000000000000e+00
-4.696673994953779463e+00,6.232696903842655622e+00,0.000000000000000000e+00
-4.775760483520008037e+00,6.112694668239807783e+00,0.000000000000000000e+00
-4.853924588159570064e+00,5.994097671953826811e+00,0.000000000000000000e+00
-4.931226443449899577e+00,5.876806829876987770e+00,0.000000000000000000e+00
-5.007724942973119653e+00,5.760728566448905852e+00,0.000000000000000000e+00
-5.083481784533492309e+00,5.645778488809134465e+00,0.000000000000000000e+00
-5.158554217423939825e+00,5.531872131731297770e+00,0.000000000000000000e+00
-5.232994289154030199e+00,5.418924218311934382e+00,0.000000000000000000e+00
-5.306852573603223711e+00,5.306852573603224599e+00,0.000000000000000000e+00
-5.380183441958109825e+00,5.195582756301831751e+00,0.000000000000000000e+00
-5.453038187643839407e+00,5.085040375262653178e+00,0.000000000000000000e+00
-5.525463862156030359e+00,4.975150008106854038e+00,0.000000000000000000e+00
-5.597504977395193038e+00,4.865836841709958449e+00,0.000000000000000000e+00
-5.669210426368892719e+00,4.757032377832530301e+00,0.000000000000000000e+00
-5.740628116671045333e+00,4.648668989390539963e+00,0.000000000000000000e+00
-5.811802444669330825e+00,4.540677714116751140e+00,0.000000000000000000e+00
-5.882774663720152120e+00,4.432988673688422310e+00,0.000000000000000000e+00
-5.953589055253994289e+00,4.325535642909287048e+00,0.000000000000000000e+00
-6.024292135456631669e+00,4.218254765624205760e+00,0.000000000000000000e+00
-6.094927592241011105e+00,4.111080570504467069e+00,0.000000000000000000e+00
-6.165536092775627530e+00,4.003945954781801042e+00,0.000000000000000000e+00
-6.236158601181911010e+00,3.896784383524319217e+00,0.000000000000000000e+00
-6.306841364433386055e+00,3.789532606342069343e+00,0.000000000000000000e+00
-6.377629186737248546e+00,3.682125927754363204e+00,0.000000000000000000e+00
-6.448564168546260689e+00,3.574497487499192161e+00,0.000000000000000000e+00
-6.519686673389752052e+00,3.466578895718984921e+00,0.000000000000000000e+00
-6.591042835804708844e+00,3.358304063550429763e+00,0.000000000000000000e+00
-6.662680435770244713e+00,3.249606375725341945e+00,0.000000000000000000e+00
-6.734644742513880900e+00,3.140416418387521613e+00,0.000000000000000000e+00
-6.806978571397687361e+00,3.030662120266772064e+00,0.000000000000000000e+00
-6.879728689879138770e+00,2.920271571208396200e+00,0.000000000000000000e+00
-6.952947502150895076e+00,2.809173137724008562e+00,0.000000000000000000e+00
-7.026685371890279086e+00,2.697291799778132937e+00,0.000000000000000000e+00
-7.100989991163531911e+00,2.584548990605750163e+00,0.000000000000000000e+00
-7.175911096263242861e+00,2.470864340955150062e+00,0.000000000000000000e+00
-7.251507322723604432e+00,2.356157556530050101e+00,0.000000000000000000e+00
-7.327836275562613189e+00,2.240344378145251891e+00,0.000000000000000000e+00
-7.404952636581313641e+00,2.123336000302214810e+00,0.000000000000000000e+00
-7.482912486931826201e+00,2.005040357906149318e+00,0.000000000000000000e+00
-7.561783389175134928e+00,1.885364350355774654e+00,0.000000000000000000e+00
-7.641632697499030513e+00,1.764209918117556786e+00,0.000000000000000000e+00
-7.722524377574056409e+00,1.641473229110068655e+00,0.000000000000000000e+00
-7.804525288532137672e+00,1.517046038258019758e+00,0.000000000000000000e+00
-7.887715762579584400e+00,1.390817105102224671e+00,0.000000000000000000e+00
-7.972175051760284958e+00,1.262668483742285019e+00,0.000000000000000000e+00
-8.057978609837801898e+00,1.132475039840622921e+00,0.000000000000000000e+00
-8.145211868262684618e+00,1.000106262705761528e+00,0.000000000000000000e+00
-8.233973830016354967e+00,8.654255226014643254e-01,0.000000000000000000e+00
-8.324359685143678078e+00,7.282871035623058598e-01,0.000000000000000000e+00
-8.416463415111818946e+00,5.885364544579615442e-01,0.000000000000000000e+00
-8.510396275925312892e+00,4.460109696399094381e-01,0.000000000000000000e+00
-8.606271259624236336e+00,3.005376148407890025e-01,0.000000000000000000e+00
-8.704197247637214474e+00,1.519323281055197095e-01,0.000000000000000000e+00
-8.804314293737457220e+00,1.078217531851286591e-15,0.000000000000000000e+00
-8.906784504817776948e+00,-1.554685018332337687e-01,0.000000000000000000e+00
-9.011761645630516071e+00,-3.146976511416356703e-01,0.000000000000000000e+00
-9.119374851567481954e+00,-4.779261844202628007e-01,0.000000000000000000e+00
-9.229728737306569286e+00,-6.454055057032459519e-01,0.000000000000000000e+00
-9.342938171303860173e+00,-8.174011740127129499e-01,0.000000000000000000e+00
-9.459363597855189099e+00,-9.942191770525433681e-01,0.000000000000000000e+00
-9.579522422234154178e+00,-1.176217454273552177e+00,0.000000000000000000e+00
-9.703587970532609575e+00,-1.363750352986738301e+00,0.000000000000000000e+00
-9.830383825153129251e+00,-1.556979840322251674e+00,0.000000000000000000e+00
-9.958406527016286702e+00,-1.755935755576253587e+00,0.000000000000000000e+00
-1.008637187327205176e+01,-1.960592082804609726e+00,0.000000000000000000e+00
-1.021320363546579379e+01,-2.170883448390376280e+00,0.000000000000000000e+00
-1.033812862061025761e+01,-2.386745054263702759e+00,0.000000000000000000e+00
-1.046127819235144685e+01,-2.608289598885903171e+00,0.000000000000000000e+00
-1.058292865380544434e+01,-2.835687186343351929e+00,0.000000000000000000e+00
-1.070295850636910018e+01,-3.069023965669320120e+00,0.000000000000000000e+00
-1.082091599427372763e+01,-3.308286020936219707e+00,0.000000000000000000e+00
-1.093637776945139350e+01,-3.553444542738460221e+00,0.000000000000000000e+00
-1.104908880296360962e+01,-3.804506376550026214e+00,0.000000000000000000e+00
-1.115884100787734923e+01,-4.061485975776423452e+00,0.000000000000000000e+00
-1.126560545306751671e+01,-4.324460766331482908e+00,0.000000000000000000e+00
-1.136975181237012045e+01,-4.593677913434333071e+00,0.000000000000000000e+00
-1.147168106638693175e+01,-4.869439712269792331e+00,0.000000000000000000e+00
-1.157095625350193302e+01,-5.151721640509244082e+00,0.000000000000000000e+00
-1.166545221026384382e+01,-5.439689701487182560e+00,0.000000000000000000e+00
-1.175289307452680099e+01,-5.732268962376736887e+00,0.000000000000000000e+00
-1.183126571580653952e+01,-6.028330981934344024e+00,0.000000000000000000e+00
-1.189962566981818703e+01,-6.327143201883373536e+00,0.000000000000000000e+00
-1.195739375723298714e+01,-6.628091591419075890e+00,0.000000000000000000e+00
-1.200402109427280450e+01,-6.930524810136351910e+00,0.000000000000000000e+00
-1.203899049054816928e+01,-7.233755278617683970e+00,0.000000000000000000e+00
-1.206181801148225574e+01,-7.537060403683167209e+00,0.000000000000000000e+00
-1.207205450015773884e+01,-7.839683857896613262e+00,0.000000000000000000e+00
-1.206956976516031688e+01,-8.141027601224479326e+00,0.000000000000000000e+00
-1.205517388337968043e+01,-8.441123627571267107e+00,0.000000000000000000e+00
-1.202913702955589947e+01,-8.739679627176439425e+00,0.000000000000000000e+00
-1.199153695625377658e+01,-9.036271240342360400e+00,0.000000000000000000e+00
-1.194246504834261735e+01,-9.330476287328927754e+00,0.000000000000000000e+00
-1.188202628121682203e+01,-9.621875164532834646e+00,0.000000000000000000e+00
-1.181033924449112682e+01,-9.910051304131059169e+00,0.000000000000000000e+00
-1.172758239465438912e+01,-1.019463184232013120e+01,0.000000000000000000e+00
-1.163406819003121839e+01,-1.047536204994096209e+01,0.000000000000000000e+00
-1.153012720208638697e+01,-1.075201756103178141e+01,0.000000000000000000e+00
-1.141589485568834483e+01,-1.102420151651605984e+01,0.000000000000000000e+00
-1.129126210846451706e+01,-1.129126210846451173e+01,0.000000000000000000e+00
-1.115639218440924729e+01,-1.155278229949195534e+01,0.000000000000000000e+00
-1.101195260841595491e+01,-1.180887341353994202e+01,0.000000000000000000e+00
-1.085812107259985204e+01,-1.205916515075996465e+01,0.000000000000000000e+00
-1.069459763608561786e+01,-1.230272724849337251e+01,0.000000000000000000e+00
-1.052222035702182268e+01,-1.253989391254868124e+01,0.000000000000000000e+00
-1.034134329755271331e+01,-1.277049543290066680e+01,0.000000000000000000e+00
-1.015115778896509724e+01,-1.299288946905747721e+01,0.000000000000000000e+00
-9.952849752145478845e+00,-1.320787772395063797e+01,0.000000000000000000e+00
-9.746991029916163285e+00,-1.341558223257130678e+01,0.000000000000000000e+00
-9.533543639344250309e+00,-1.361531134571844426e+01,0.000000000000000000e+00
-9.312784809723543944e+00,-1.380677126705445801e+01,0.000000000000000000e+00
-9.084853503536679753e+00,-1.398944761148429983e+01,0.000000000000000000e+00
-8.849917206368269618e+00,-1.416282808450565156e+01,0.000000000000000000e+00
-8.608665678598651283e+00,-1.432722565930682102e+01,0.000000000000000000e+00
-8.361431357938652553e+00,-1.448242393594935962e+01,0.000000000000000000e+00
-8.108539949230081589e+00,-1.462819329393720125e+01,0.000000000000000000e+00
-7.850335014615087204e+00,-1.476433282382157941e+01,0.000000000000000000e+00
-7.587186816860054250e+00,-1.489069255399972036e+01,0.000000000000000000e+00
-7.319103450800463762e+00,-1.500638592209246092e+01,0.000000000000000000e+00
-7.046744016602014327e+00,-1.511179131066232273e+01,0.000000000000000000e+00
-6.770516501901797213e+00,-1.520682904159677662e+01,0.000000000000000000e+00
-6.490823202152673943e+00,-1.529142119693508128e+01,0.000000000000000000e+00
-6.208058317702803031e+00,-1.536548352738788026e+01,0.000000000000000000e+00
-5.922626930927756383e+00,-1.542897065202088669e+01,0.000000000000000000e+00
-5.634902013943555943e+00,-1.548176604414926594e+01,0.000000000000000000e+00
-5.345317954192372767e+00,-1.552393054720136689e+01,0.000000000000000000e+00
-5.053633025514719712e+00,-1.555348316555181398e+01,0.000000000000000000e+00
-4.760895345028781200e+00,-1.557218700561632652e+01,0.000000000000000000e+00
-4.467481523149563039e+00,-1.557995959142418840e+01,0.000000000000000000e+00
-4.173798893422498324e+00,-1.557682953082752952e+01,0.000000000000000000e+00
-3.880237392721952006e+00,-1.556278215232203621e+01,0.000000000000000000e+00
-3.587031340999242701e+00,-1.553713971383933945e+01,0.000000000000000000e+00
-3.294690792581439709e+00,-1.550030150420003672e+01,0.000000000000000000e+00
-3.004997570378669991e+00,-1.545937231867255690e+01,0.000000000000000000e+00
-2.718141733453269815e+00,-1.541534779607769678e+01,0.000000000000000000e+00
-2.434148240560516818e+00,-1.536860714078253665e+01,0.000000000000000000e+00
-2.152969154909757155e+00,-1.531917153807206056e+01,0.000000000000000000e+00
-1.874567779183161642e+00,-1.526712939638668942e+01,0.000000000000000000e+00
-1.598890526346731900e+00,-1.521242719006660593e+01,0.000000000000000000e+00
-1.325897654238253898e+00,-1.515507953605180624e+01,0.000000000000000000e+00
-1.055572257155955818e+00,-1.509538655943136298e+01,0.000000000000000000e+00
-7.878672324492939083e-01,-1.503340235414697723e+01,0.000000000000000000e+00
-5.227359193643179580e-01,-1.496919818699406690e+01,0.000000000000000000e+00
-2.601299769230852044e-01,-1.490283639693389794e+01,0.000000000000000000e+00
-2.725031437522993091e-15,-1.483438021705668497e+01,0.000000000000000000e+00
2.577046655422419175e-01,-1.476389040098305472e+01,0.000000000000000000e+00
5.130358979256874896e-01,-1.469142591622789062e+01,0.000000000000000000e+00
7.660467897283413929e-01,-1.461704350400184005e+01,0.000000000000000000e+00
1.016791616850444502e+00,-1.454079756520073374e+01,0.000000000000000000e+00
1.265325791675824263e+00,-1.446273997888762075e+01,0.000000000000000000e+00
1.511705803079188337e+00,-1.438291995805870194e+01,0.000000000000000000e+00
1.755989144493151466e+00,-1.430138391651493812e+01,0.000000000000000000e+00
1.998234231520966242e+00,-1.421817534919596149e+01,0.000000000000000000e+00
2.238500313015172161e+00,-1.413333474190011607e+01,0.000000000000000000e+00
2.476847367510955245e+00,-1.404689944533289570e+01,0.000000000000000000e+00
2.713336024511905809e+00,-1.395890374157968594e+01,0.000000000000000000e+00
2.948027369595354052e+00,-1.386937832656492198e+01,0.000000000000000000e+00
3.180983137126991434e+00,-1.377835171497029521e+01,0.000000000000000000e+00
3.412264652272257948e+00,-1.368584600751190905e+01,0.000000000000000000e+00
3.641935265498613905e+00,-1.359188744871765131e+01,0.000000000000000000e+00
3.870052255827112209e+00,-1.349647613539055158e+01,0.000000000000000000e+00
4.096635705719640086e+00,-1.339949162502870905e+01,0.000000000000000000e+00
4.321783897375970795e+00,-1.330108315218313919e+01,0.000000000000000000e+00
4.545562191282282782e+00,-1.320127116107397214e+01,0.000000000000000000e+00
4.768029059519037993e+00,-1.310005217633203856e+01,0.000000000000000000e+00
4.989246269300242176e+00,-1.299743089721843781e+01,0.000000000000000000e+00
5.209274231333594685e+00,-1.289340616581406351e+01,0.000000000000000000e+00
5.428170108210519373e+00,-1.278796739152153883e+01,0.000000000000000000e+00
5.645998358117325644e+00,-1.268111993773432467e+01,0.000000000000000000e+00
5.862804465912435425e+00,-1.257282475074355688e+01,0.000000000000000000e+00
6.078559266898786007e+00,-1.246289341619000979e+01,0.000000000000000000e+00
6.293396495580743100e+00,-1.235148607753606953e+01,0.000000000000000000e+00
6.507382734921169920e+00,-1.223860692970405140e+01,0.000000000000000000e+00
6.720563260896131652e+00,-1.212421706497928575e+01,0.000000000000000000e+00
6.932990061610611043e+00,-1.200829103507965812e+01,0.000000000000000000e+00
7.144720512111483401e+00,-1.189081175543603308e+01,0.000000000000000000e+00
7.355780538038859895e+00,-1.177170958307175219e+01,0.000000000000000000e+00
7.566102784232672462e+00,-1.165077659005987165e+01,0.000000000000000000e+00
7.775839899638362418e+00,-1.152815673260787577e+01,0.000000000000000000e+00
7.985059010453519512e+00,-1.140384610949735666e+01,0.000000000000000000e+00
8.193779865632128789e+00,-1.127777046737679001e+01,0.000000000000000000e+00
8.402065876903021646e+00,-1.114991801285771267e+01,0.000000000000000000e+00
8.609922892873569822e+00,-1.102019876056114356e+01,0.000000000000000000e+00
8.817245560859323206e+00,-1.088839147157648135e+01,0.000000000000000000e+00
9.024177783721242463e+00,-1.075459629395864880e+01,0.000000000000000000e+00
9.230775805352774199e+00,-1.061879286061791028e+01,0.000000000000000000e+00
9.437104806883819919e+00,-1.048096670227991645e+01,0.000000000000000000e+00
9.643079409337470764e+00,-1.034093662685681636e+01,0.000000000000000000e+00
9.847853222475144719e+00,-1.019775053763317807e+01,0.000000000000000000e+00
1.004994354929260503e+01,-1.004994354929261036e+01,0.000000000000000000e+00
1.024965213839183598e+01,-9.897974015722326158e+00,0.000000000000000000e+00
1.044705254469702282e+01,-9.742034103602817297e+00,0.000000000000000000e+00
1.064200013112270504e+01,-9.582099957481023722e+00,0.000000000000000000e+00
1.083427836541486755e+01,-9.418094496864410914e+00,0.000000000000000000e+00
1.102337003796411175e+01,-9.249705733186370793e+00,0.000000000000000000e+00
1.120969673701693736e+01,-9.077433434594494699e+00,0.000000000000000000e+00
1.139339877093593500e+01,-8.901498696791559695e+00,0.000000000000000000e+00
1.157404311965726329e+01,-8.721667068882110740e+00,0.000000000000000000e+00
1.175117071839108540e+01,-8.537725280762435531e+00,0.000000000000000000e+00
1.192543164917331922e+01,-8.350277137155815765e+00,0.000000000000000000e+00
1.209666219132629017e+01,-8.159301673415365386e+00,0.000000000000000000e+00
1.226389984873836170e+01,-7.964269683984491977e+00,0.000000000000000000e+00
1.242801831858091077e+01,-7.765887752248921139e+00,0.000000000000000000e+00
1.258907894771169644e+01,-7.564281769508883535e+00,0.000000000000000000e+00
1.274613226734087590e+01,-7.358982895675839409e+00,0.000000000000000000e+00
1.290083069929888460e+01,-7.151047227881123014e+00,0.000000000000000000e+00
1.305625117939477242e+01,-6.942131894225506805e+00,0.000000000000000000e+00
1.321250148503483324e+01,-6.732105758108184901e+00,0.000000000000000000e+00
1.336968179369005405e+01,-6.520829509538311086e+00,0.000000000000000000e+00
1.352789711767622016e+01,-6.308162024705363358e+00,0.000000000000000000e+00
1.368725511360239189e+01,-6.093958599711730706e+00,0.000000000000000000e+00
1.384786640106589140e+01,-5.878070545487620535e+00,0.000000000000000000e+00
1.400984488459559962e+01,-5.660344753259142436e+00,0.000000000000000000e+00
1.417330809970328609e+01,-5.440623236952252917e+00,0.000000000000000000e+00
1.433837757385530587e+01,-5.218742644553373999e+00,0.000000000000000000e+00
1.450517921154138357e+01,-4.994533738248927435e+00,0.000000000000000000e+00
1.467384370905445934e+01,-4.767820840515121894e+00,0.000000000000000000e+00
1.484450699646403748e+01,-4.538421239946793584e+00,0.000000000000000000e+00
1.501731071092191883e+01,-4.306144552863194086e+00,0.000000000000000000e+00
1.519240270799148895e+01,-4.070792036694719229e+00,0.000000000000000000e+00
1.536993761327124375e+01,-3.832155848941205090e+00,0.000000000000000000e+00
1.555007741882593386e+01,-3.590018245546814590e+00,0.000000000000000000e+00
1.573299212962622384e+01,-3.344150711854877667e+00,0.000000000000000000e+00
1.591886046584292025e+01,-3.094313018470749466e+00,0.000000000000000000e+00
1.610787062754036469e+01,-2.840252193396774594e+00,0.000000000000000000e+00
1.630022112905565024e+01,-2.581701400691664983e+00,0.000000000000000000e+00
1.649612171111840908e+01,-2.318378714632830739e+00,0.000000000000000000e+00
1.669579433954291048e+01,-2.049985776905987489e+00,0.000000000000000000e+00
1.689947430043267573e+01,-1.776206322738928201e+00,0.000000000000000000e+00
1.710741140858810994e+01,-1.496704560525521366e+00,0.000000000000000000e+00
1.731987133494220288e+01,-1.211123385724290680e+00,0.000000000000000000e+00
1.753713707125433530e+01,-9.190824088867463049e-01,0.000000000000000000e+00
1.775951055748186391e+01,-6.201757744640816750e-01,0.000000000000000000e+00
1.798731448228392438e+01,-3.139697421725512472e-01,0.000000000000000000e+00
1.822088611464752717e+01,-4.462829971586309340e-15,0.000000000000000000e+00
