1.890424284280877387e+01,0.000000000000000000e+00,0.000000000000000000e+00
1.902074064011864607e+01,3.320082628560578897e-01,0.000000000000000000e+00
1.912436962030288967e+01,6.678377031855803336e-01,0.000000000000000000e+00
1.921780694014951507e+01,1.007162584423453078e+00,0.000000000000000000e+00
1.930164162846449116e+01,1.349702264354668779e+00,0.000000000000000000e+00
1.937455053396718796e+01,1.695053532632266213e+00,0.000000000000000000e+00
1.943613232880322883e+01,2.042819824941354945e+00,0.000000000000000000e+00
1.948722905175253572e+01,2.392730862333760200e+00,0.000000000000000000e+00
1.952807791069869481e+01,2.744492369702927093e+00,0.000000000000000000e+00
1.955843060628963670e+01,3.097751085203465315e+00,0.000000000000000000e+00
1.957806533026294460e+01,3.452141147798340359e+00,0.000000000000000000e+00
1.958677433407275359e+01,3.807283250067791780e+00,0.000000000000000000e+00
1.958445986595572919e+01,4.162805451272091339e+00,0.000000000000000000e+00
1.957135528616868214e+01,4.518403392793491236e+00,0.000000000000000000e+00
1.954752504734429763e+01,4.873745380581405051e+00,0.000000000000000000e+00
1.951297502865479672e+01,5.228485900856715496e+00,0.000000000000000000e+00
1.946772138367393978e+01,5.582279278006577528e+00,0.000000000000000000e+00
1.941179055813453047e+01,5.934779955671259266e+00,0.000000000000000000e+00
1.934521930048495619e+01,6.285642778672527520e+00,0.000000000000000000e+00
1.926805466521452814e+01,6.634523275608117387e+00,0.000000000000000000e+00
1.918036770004069780e+01,6.981082925095712710e+00,0.000000000000000000e+00
1.908230784249005652e+01,7.325011686206193140e+00,0.000000000000000000e+00
1.897405386904183899e+01,7.666015373501927854e+00,0.000000000000000000e+00
1.885578516510404512e+01,8.003805942445328725e+00,0.000000000000000000e+00
1.872762015913621525e+01,8.338073702409856125e+00,0.000000000000000000e+00
1.858964558090832853e+01,8.668494096764781887e+00,0.000000000000000000e+00
1.844191496518635986e+01,8.994722924081841597e+00,0.000000000000000000e+00
1.828439565331057537e+01,9.316364913987049690e+00,0.000000000000000000e+00
1.811710180457552255e+01,9.633033903863999825e+00,0.000000000000000000e+00
1.794021401175118058e+01,9.944423011713473315e+00,0.000000000000000000e+00
1.775411770439884407e+01,1.025034463585897093e+01,0.000000000000000000e+00
1.755956371770452762e+01,1.055085032527383149e+01,0.000000000000000000e+00
1.735643632107491285e+01,1.084550511540559370e+01,0.000000000000000000e+00
1.714395546030733897e+01,1.113341485336350800e+01,0.000000000000000000e+00
1.692342168476636388e+01,1.141499206049071979e+01,0.000000000000000000e+00
1.669521630087688635e+01,1.169011630591561968e+01,0.000000000000000000e+00
1.645791979831359697e+01,1.195737865597623895e+01,0.000000000000000000e+00
1.621298148021816132e+01,1.221735785865999091e+01,0.000000000000000000e+00
1.596135842183596054e+01,1.247037991450237548e+01,0.000000000000000000e+00
1.570248551086831235e+01,1.271562204817710118e+01,0.000000000000000000e+00
1.543565961918368501e+01,1.295205629343506182e+01,0.000000000000000000e+00
1.516203899844794734e+01,1.318015941960322301e+01,0.000000000000000000e+00
1.488211127059570060e+01,1.339991317573483443e+01,0.000000000000000000e+00
1.459603801803819323e+01,1.361102564965946904e+01,0.000000000000000000e+00
1.430405221316511977e+01,1.381326265650784002e+01,0.000000000000000000e+00
1.400638631729695049e+01,1.400638631729694872e+01,0.000000000000000000e+00
1.370329624563302495e+01,1.419017866120549520e+01,0.000000000000000000e+00
1.339505199506624500e+01,1.436443462866273890e+01,0.000000000000000000e+00
1.308193796617675098e+01,1.452896402345505322e+01,0.000000000000000000e+00
1.276425077875402003e+01,1.468359083772478968e+01,0.000000000000000000e+00
1.244229776819520517e+01,1.482815306537355404e+01,0.000000000000000000e+00
1.211639542280183335e+01,1.496250225507229104e+01,0.000000000000000000e+00
1.178686795715572622e+01,1.508650301152619733e+01,0.000000000000000000e+00
1.145404599379114785e+01,1.520003242266254517e+01,0.000000000000000000e+00
1.111826537092650646e+01,1.530297944354396655e+01,0.000000000000000000e+00
1.077986607828478149e+01,1.539524425264934493e+01,0.000000000000000000e+00
1.043919132198302080e+01,1.547673759680894001e+01,0.000000000000000000e+00
1.009658671849714118e+01,1.554738014192939488e+01,0.000000000000000000e+00
9.752399605019283158e+00,1.560710182891866182e+01,0.000000000000000000e+00
9.406978496564287084e+00,1.565584130274446117e+01,0.000000000000000000e+00
9.060672541110697864e+00,1.569354519194793340e+01,0.000000000000000000e+00
8.713831506113434600e+00,1.572016816841734510e+01,0.000000000000000000e+00
8.366804337154182036e+00,1.573567034726034208e+01,0.000000000000000000e+00
8.019942882599877976e+00,1.574002415494178031e+01,0.000000000000000000e+00
7.673590459185833268e+00,1.573319199717495032e+01,0.000000000000000000e+00
7.328108381279242245e+00,1.571517913789743659e+01,0.000000000000000000e+00
6.983594398916826762e+00,1.568540983399870470e+01,0.000000000000000000e+00
6.640561781359212823e+00,1.564418318301389199e+01,0.000000000000000000e+00
6.299490466453650406e+00,1.559178603674072328e+01,0.000000000000000000e+00
5.960730356824806009e+00,1.552823347015267963e+01,0.000000000000000000e+00
5.624636113726237063e+00,1.545356071511183238e+01,0.000000000000000000e+00
5.291560758490382099e+00,1.536780831469029174e+01,0.000000000000000000e+00
4.961858219252706981e+00,1.527102935519177151e+01,0.000000000000000000e+00
4.635882718382863921e+00,1.516328912840796228e+01,0.000000000000000000e+00
4.313989035208848577e+00,1.504466767195864563e+01,0.000000000000000000e+00
3.996532387056791702e+00,1.491526192259047434e+01,0.000000000000000000e+00
3.683868288690089088e+00,1.477518869393552059e+01,0.000000000000000000e+00
3.376352048575653964e+00,1.462458744149533629e+01,0.000000000000000000e+00
3.074338497086407163e+00,1.446362546012144001e+01,0.000000000000000000e+00
2.778180171699100143e+00,1.429249795940368450e+01,0.000000000000000000e+00
2.488152247952637452e+00,1.411101260825472359e+01,0.000000000000000000e+00
2.204448713737640730e+00,1.391834140538447606e+01,0.000000000000000000e+00
1.927631478633226036e+00,1.371581065898153362e+01,0.000000000000000000e+00
1.658070538187124576e+00,1.350390086501422182e+01,0.000000000000000000e+00
1.396103345610047786e+00,1.328303604589347131e+01,0.000000000000000000e+00
1.142023849754630449e+00,1.305339233369629426e+01,0.000000000000000000e+00
8.960491442299438614e-01,1.281409976124472827e+01,0.000000000000000000e+00
6.584696574474168118e-01,1.256434953847569957e+01,0.000000000000000000e+00
4.297856389050600523e-01,1.230745041304496645e+01,0.000000000000000000e+00
2.102139640009601240e-01,1.204314993186494220e+01,0.000000000000000000e+00
7.207339029310811928e-16,1.177047787873016382e+01,0.000000000000000000e+00
-2.007865764222785121e-01,1.150305525920390615e+01,0.000000000000000000e+00
-3.927981805013946448e-01,1.124826818590641331e+01,0.000000000000000000e+00
-5.767034710789518126e-01,1.100415775994483703e+01,0.000000000000000000e+00
-7.530961523142161163e-01,1.076977673345948894e+01,0.000000000000000000e+00
-9.225409984146258902e-01,1.054469186332083730e+01,0.000000000000000000e+00
-1.085540506438763320e+00,1.032822800807976726e+01,0.000000000000000000e+00
-1.242542894395834541e+00,1.011969978357793565e+01,0.000000000000000000e+00
-1.393964842215982491e+00,9.918575232371688699e+00,0.000000000000000000e+00
-1.540186715081710345e+00,9.724356205229515382e+00,0.000000000000000000e+00
-1.681558337573113571e+00,9.536591228504981643e+00,0.000000000000000000e+00
-1.818396853598681862e+00,9.354840835808875710e+00,0.000000000000000000e+00
-1.950997245337643182e+00,9.178720383925007553e+00,0.000000000000000000e+00
-2.079630685760887499e+00,9.007870142794304869e+00,0.000000000000000000e+00
-2.204546417035941008e+00,8.841952736542509683e+00,0.000000000000000000e+00
-2.325978535646217260e+00,8.680670072346336141e+00,0.000000000000000000e+00
-2.444139294551443520e+00,8.523726678577839166e+00,0.000000000000000000e+00
-2.559229301940181944e+00,8.370861863552386595e+00,0.000000000000000000e+00
-2.671435580561429823e+00,8.221833306918131967e+00,0.000000000000000000e+00
-2.780928065799912030e+00,8.076401538730097585e+00,0.000000000000000000e+00
-2.887870519743230613e+00,7.934359043303210512e+00,0.000000000000000000e+00
-2.992414867607763096e+00,7.795507248632133290e+00,0.000000000000000000e+00
-3.094699313210358405e+00,7.659649585403397687e+00,0.000000000000000000e+00
-3.194858723034362136e+00,7.526615481133158703e+00,0.000000000000000000e+00
-3.293019294341538394e+00,7.396242432267209566e+00,0.000000000000000000e+00
-3.389295335732109837e+00,7.268367303128279389e+00,0.000000000000000000e+00
-3.483798118924897214e+00,7.142844666518439745e+00,0.000000000000000000e+00
-3.576634818441337238e+00,7.019541069028476521e+00,0.000000000000000000e+00
-3.667902675271725421e+00,6.898321633698152766e+00,0.000000000000000000e+00
-3.757693021256410137e+00,6.779057659996723828e+00,0.000000000000000000e+00
-3.846097866069993820e+00,6.661636914915472829e+00,0.000000000000000000e+00
-3.933202490503153737e+00,6.545948204874358467e+00,0.000000000000000000e+00
-4.019084439229576589e+00,6.431879603230679976e+00,0.000000000000000000e+00
-4.103820319517392790e+00,6.319329127815199953e+00,0.000000000000000000e+00
-4.187486402622926818e+00,6.208203896706578462e+00,0.000000000000000000e+00
-4.270152748632458639e+00,6.098410136443811247e+00,0.000000000000000000e+00
-4.351883612265745604e+00,5.989853923917356049e+00,0.000000000000000000e+00
-4.432744497641964543e+00,5.882450631162134513e+00,0.000000000000000000e+00
-4.512800256189267500e+00,5.776120925668236872e+00,0.000000000000000000e+00
-4.592110629521677367e+00,5.670784358890708532e+00,0.000000000000000000e+00
-4.670730715279740153e+00,5.566360109974755055e+00,0.000000000000000000e+00
-4.748717388983753729e+00,5.462774459107948566e+00,0.000000000000000000e+00
-4.826127759215015800e+00,5.359957887548765676e+00,0.000000000000000000e+00
-4.903014829390493823e+00,5.257839687825374142e+00,0.000000000000000000e+00
-4.979427610782287239e+00,5.156348236290811293e+00,0.000000000000000000e+00
-5.055416316597871607e+00,5.055416316597872495e+00,0.000000000000000000e+00
-5.131033105268029360e+00,4.954981072920818796e+00,0.000000000000000000e+00
-5.206326964905848342e+00,4.854978438140007846e+00,0.000000000000000000e+00
-5.281343444571923840e+00,4.755342996818446188e+00,0.000000000000000000e+00
-5.356127875949597161e+00,4.656010928610780475e+00,0.000000000000000000e+00
-5.430729427491118422e+00,4.556923059631400541e+00,0.000000000000000000e+00
-5.505195296016613504e+00,4.458019250334517736e+00,0.000000000000000000e+00
-5.579569772983439258e+00,4.359237665723309618e+00,0.000000000000000000e+00
-5.653895514567930825e+00,4.260515863860684149e+00,0.000000000000000000e+00
-5.728219811130276895e+00,4.161795302548983777e+00,0.000000000000000000e+00
-5.802590062835742302e+00,4.063017303138343195e+00,0.000000000000000000e+00
-5.877051153608686462e+00,3.964121057027668371e+00,0.000000000000000000e+00
-5.951645709460552602e+00,3.865043915745065561e+00,0.000000000000000000e+00
-6.026419965035982429e+00,3.765725137885466367e+00,0.000000000000000000e+00
-6.101423319635909337e+00,3.666104992785626404e+00,0.000000000000000000e+00
-6.176703079523185203e+00,3.566121185667100679e+00,0.000000000000000000e+00
-6.252304205087411582e+00,3.465708813316162651e+00,0.000000000000000000e+00
-6.328273493516208603e+00,3.364802702635906417e+00,0.000000000000000000e+00
-6.404663859191447095e+00,3.263339231715245425e+00,0.000000000000000000e+00
-6.481526992279719401e+00,3.161251937804088641e+00,0.000000000000000000e+00
-6.558912259872847095e+00,3.058471015945417371e+00,0.000000000000000000e+00
-6.636869523684643113e+00,2.954924692594406377e+00,0.000000000000000000e+00
-6.715456924473292233e+00,2.850542343779321808e+00,0.000000000000000000e+00
-6.794732733695131088e+00,2.745250221953443148e+00,0.000000000000000000e+00
-6.874752790340830977e+00,2.638970345971214382e+00,0.000000000000000000e+00
-6.955573036546494059e+00,2.531621547567509012e+00,0.000000000000000000e+00
-7.037259534444802789e+00,2.423122779595322740e+00,0.000000000000000000e+00
-7.119879533954201811e+00,2.313389095387286432e+00,0.000000000000000000e+00
-7.203497541745976562e+00,2.202330212323784231e+00,0.000000000000000000e+00
-7.288179265507448434e+00,2.089851774967282250e+00,0.000000000000000000e+00
-7.374003094925561719e+00,1.975858174269905732e+00,0.000000000000000000e+00
-7.461048073460516683e+00,1.860248215272871652e+00,0.000000000000000000e+00
-7.549390036757457345e+00,1.742914021887540743e+00,0.000000000000000000e+00
-7.639110676856291526e+00,1.623743099689328284e+00,0.000000000000000000e+00
-7.730304917000252019e+00,1.502619059495335474e+00,0.000000000000000000e+00
-7.823065575601343191e+00,1.379417532830113702e+00,0.000000000000000000e+00
-7.917483803525719566e+00,1.254006241000003019e+00,0.000000000000000000e+00
-8.013669138745878939e+00,1.126247749788142460e+00,0.000000000000000000e+00
-8.111738480635571236e+00,9.959962475040335939e-01,0.000000000000000000e+00
-8.211804131401175155e+00,8.630953933824451196e-01,0.000000000000000000e+00
-8.313987111371190508e+00,7.273796209456268036e-01,0.000000000000000000e+00
-8.418420319382779127e+00,5.886732945349083534e-01,0.000000000000000000e+00
-8.525231765094314795e+00,4.467884646818345296e-01,0.000000000000000000e+00
-8.634574748982224435e+00,3.015259944684713922e-01,0.000000000000000000e+00
-8.746649518871208784e+00,1.526733352562593682e-01,0.000000000000000000e+00
-8.861652332339124527e+00,1.085239416395578527e-15,0.000000000000000000e+00
-8.979728156789652971e+00,-1.567417380145041672e-01,0.000000000000000000e+00
-9.100957102020020173e+00,-3.178124251139248790e-01,0.000000000000000000e+00
-9.225448811653730985e+00,-4.834852851081409275e-01,0.000000000000000000e+00
-9.353753152634467938e+00,-6.540781376702836658e-01,0.000000000000000000e+00
-9.486669073801156316e+00,-8.299759985795761574e-01,0.000000000000000000e+00
-9.624053988852880437e+00,-1.011528834653961040e+00,0.000000000000000000e+00
-9.763634710315063359e+00,-1.198823600722395799e+00,0.000000000000000000e+00
-9.903098435630594665e+00,-1.391789720283471476e+00,0.000000000000000000e+00
-1.004167429022422908e+01,-1.590444962378448457e+00,0.000000000000000000e+00
-1.017917003368318341e+01,-1.794862318157441017e+00,0.000000000000000000e+00
-1.031530393815600988e+01,-2.005091968348289289e+00,0.000000000000000000e+00
-1.044971229809802438e+01,-2.221154916524658240e+00,0.000000000000000000e+00
-1.058212897698127009e+01,-2.443076975173071208e+00,0.000000000000000000e+00
-1.071254163536118931e+01,-2.670936611319024045e+00,0.000000000000000000e+00
-1.084095274296714706e+01,-2.904824532662007019e+00,0.000000000000000000e+00
-1.096715732084780726e+01,-3.144781756644036808e+00,0.000000000000000000e+00
-1.109082847107824676e+01,-3.390806546403860366e+00,0.000000000000000000e+00
-1.121165434784936110e+01,-3.642887324971561647e+00,0.000000000000000000e+00
-1.132936767192637895e+01,-3.901014130555503279e+00,0.000000000000000000e+00
-1.144371678043654583e+01,-4.165172277451559602e+00,0.000000000000000000e+00
-1.155476003161981957e+01,-4.435456809603535611e+00,0.000000000000000000e+00
-1.166293718385384359e+01,-4.712132492544980344e+00,0.000000000000000000e+00
-1.176864375217457770e+01,-4.995492893740614448e+00,0.000000000000000000e+00
-1.187092297952140107e+01,-5.285275431571197835e+00,0.000000000000000000e+00
-1.196738411033420491e+01,-5.580482858731281581e+00,0.000000000000000000e+00
-1.205563312232411732e+01,-5.879925149551473496e+00,0.000000000000000000e+00
-1.213381812470016818e+01,-6.182489134071492032e+00,0.000000000000000000e+00
-1.220132394360258665e+01,-6.487559019570525720e+00,0.000000000000000000e+00
-1.225774682582498443e+01,-6.794580015971235731e+00,0.000000000000000000e+00
-1.230270777557541884e+01,-7.102971645989772931e+00,0.000000000000000000e+00
-1.233585365354952934e+01,-7.412128662505161891e+00,0.000000000000000000e+00
-1.235685824633326924e+01,-7.721422004021696317e+00,0.000000000000000000e+00
-1.236542330497652031e+01,-8.030199787353208052e+00,0.000000000000000000e+00
-1.236147438254485742e+01,-8.337919751755981324e+00,0.000000000000000000e+00
-1.234559291374421974e+01,-8.644477221872071127e+00,0.000000000000000000e+00
-1.231800749257574523e+01,-8.949556303644955690e+00,0.000000000000000000e+00
-1.227882085171328619e+01,-9.252755183295180430e+00,0.000000000000000000e+00
-1.222814776004051929e+01,-9.553676083719960133e+00,0.000000000000000000e+00
-1.216611489859001871e+01,-9.851925590894094142e+00,0.000000000000000000e+00
-1.209286088349977462e+01,-1.014711510722281496e+01,0.000000000000000000e+00
-1.200856373207585470e+01,-1.043888519251447633e+01,0.000000000000000000e+00
-1.191347013979430969e+01,-1.072693669549235018e+01,0.000000000000000000e+00
-1.180783474952240653e+01,-1.101098403855015739e+01,0.000000000000000000e+00
-1.169176595906643534e+01,-1.129060714434192292e+01,0.000000000000000000e+00
-1.156522393578583419e+01,-1.156522393578582886e+01,0.000000000000000000e+00
-1.142846357924915957e+01,-1.183452047636396642e+01,0.000000000000000000e+00
-1.128217090385806820e+01,-1.209864705844826993e+01,0.000000000000000000e+00
-1.112632003119611035e+01,-1.235703027064112902e+01,0.000000000000000000e+00
-1.096042904518393790e+01,-1.260853130316712267e+01,0.000000000000000000e+00
-1.078576359853428812e+01,-1.285397251742508296e+01,0.000000000000000000e+00
-1.060264145446391382e+01,-1.309317178387815872e+01,0.000000000000000000e+00
-1.040983084052898988e+01,-1.332397587688053164e+01,0.000000000000000000e+00
-1.020879771297553518e+01,-1.354753213997446970e+01,0.000000000000000000e+00
-1.000011300760066746e+01,-1.376397474633016671e+01,0.000000000000000000e+00
-9.783689435018020575e+00,-1.397255656520485978e+01,0.000000000000000000e+00
-9.559828688619896653e+00,-1.417302887941617584e+01,0.000000000000000000e+00
-9.328738762117110284e+00,-1.436499797636316522e+01,0.000000000000000000e+00
-9.090562651820439655e+00,-1.454794130011922348e+01,0.000000000000000000e+00
-8.845742809348902114e+00,-1.472178826374899607e+01,0.000000000000000000e+00
-8.594759553739356406e+00,-1.488656022591455930e+01,0.000000000000000000e+00
-8.337938071091658188e+00,-1.504203846074505968e+01,0.000000000000000000e+00
-8.075622916505121651e+00,-1.518803774322851474e+01,0.000000000000000000e+00
-7.807850985449144687e+00,-1.532377036946122928e+01,0.000000000000000000e+00
-7.535228012854897628e+00,-1.544950694193230767e+01,0.000000000000000000e+00
-7.258131167487590574e+00,-1.556511251864323775e+01,0.000000000000000000e+00
-6.976953587319946415e+00,-1.567049432694354572e+01,0.000000000000000000e+00
-6.692082162078097696e+00,-1.576555759381861499e+01,0.000000000000000000e+00
-6.403912705869320376e+00,-1.585024014872271891e+01,0.000000000000000000e+00
-6.112818013780942472e+00,-1.592443536216399735e+01,0.000000000000000000e+00
-5.819224799785732927e+00,-1.598818873614161618e+01,0.000000000000000000e+00
-5.523014913179530971e+00,-1.603999998842178343e+01,0.000000000000000000e+00
-5.224894081241690635e+00,-1.608057049732196475e+01,0.000000000000000000e+00
-4.925451132695199519e+00,-1.611042473459174929e+01,0.000000000000000000e+00
-4.625059741858733808e+00,-1.612950014738527571e+01,0.000000000000000000e+00
-4.324121208752346845e+00,-1.613784004914991499e+01,0.000000000000000000e+00
-4.022785248935603519e+00,-1.613451037614015959e+01,0.000000000000000000e+00
-3.721337257207963933e+00,-1.611888254967104572e+01,0.000000000000000000e+00
-3.420620984410380760e+00,-1.609275647637086948e+01,0.000000000000000000e+00
-3.121457439980223736e+00,-1.605850640853060796e+01,0.000000000000000000e+00
-2.824757280833890327e+00,-1.601999461162600014e+01,0.000000000000000000e+00
-2.530735042812569002e+00,-1.597843220979904721e+01,0.000000000000000000e+00
-2.239271122316703444e+00,-1.593324194394163484e+01,0.000000000000000000e+00
-1.950444498220158085e+00,-1.588509568204208477e+01,0.000000000000000000e+00
-1.664225332465101959e+00,-1.583404634702275260e+01,0.000000000000000000e+00
-1.380586068001470768e+00,-1.578017096572042632e+01,0.000000000000000000e+00
-1.099495969592209965e+00,-1.572352491173801781e+01,0.000000000000000000e+00
-8.209243972596996786e-01,-1.566417063440307977e+01,0.000000000000000000e+00
-5.448396262719414906e-01,-1.560216553649209636e+01,0.000000000000000000e+00
-2.712093632303166357e-01,-1.553757401336754995e+01,0.000000000000000000e+00
-2.841856995844218177e-15,-1.547034893556155488e+01,0.000000000000000000e+00
2.688175830674788824e-01,-1.540054901960968614e+01,0.000000000000000000e+00
5.352784839283866170e-01,-1.532837024266821402e+01,0.000000000000000000e+00
7.994208783479275215e-01,-1.525385905078051785e+01,0.000000000000000000e+00
1.061284051577266130e+00,-1.517706902517755019e+01,0.000000000000000000e+00
1.320908083652898801e+00,-1.509804848329293847e+01,0.000000000000000000e+00
1.578334024905257982e+00,-1.501684514344871957e+01,0.000000000000000000e+00
1.833603783987534097e+00,-1.493350442843954617e+01,0.000000000000000000e+00
2.086760124455390386e+00,-1.484806980742859039e+01,0.000000000000000000e+00
2.337846605373297137e+00,-1.476058254575358042e+01,0.000000000000000000e+00
2.586907530576166625e+00,-1.467108164718879060e+01,0.000000000000000000e+00
2.833987877701070079e+00,-1.457960371743826578e+01,0.000000000000000000e+00
3.079133250229688201e+00,-1.448618300012690341e+01,0.000000000000000000e+00
3.322389719444789336e+00,-1.439085091474481715e+01,0.000000000000000000e+00
3.563804025389332164e+00,-1.429363723588984492e+01,0.000000000000000000e+00
3.803422601027392602e+00,-1.419456638968997453e+01,0.000000000000000000e+00
4.041293931232718961e+00,-1.409366682758758316e+01,0.000000000000000000e+00
4.277463028011098345e+00,-1.399095114563919928e+01,0.000000000000000000e+00
4.511930362097823277e+00,-1.388629379630965843e+01,0.000000000000000000e+00
4.744781557186179555e+00,-1.377984621057574799e+01,0.000000000000000000e+00
4.976066480936686354e+00,-1.367163029407859476e+01,0.000000000000000000e+00
5.205829957687231335e+00,-1.356165069542643309e+01,0.000000000000000000e+00
5.434119737960014795e+00,-1.344991832331484183e+01,0.000000000000000000e+00
5.660981478648309029e+00,-1.333643660935807773e+01,0.000000000000000000e+00
5.886462029841953658e+00,-1.322121018721587227e+01,0.000000000000000000e+00
6.110604148570347505e+00,-1.310423288510352258e+01,0.000000000000000000e+00
6.333459125777339160e+00,-1.298551557606672802e+01,0.000000000000000000e+00
6.555059271084139993e+00,-1.286502818963867156e+01,0.000000000000000000e+00
6.775366113834631498e+00,-1.274261036269953351e+01,0.000000000000000000e+00
6.994465379754942980e+00,-1.261834956767061300e+01,0.000000000000000000e+00
7.212429113951870363e+00,-1.249229367135361812e+01,0.000000000000000000e+00
7.429301178933289229e+00,-1.236443352030119236e+01,0.000000000000000000e+00
7.645115110154328875e+00,-1.223474168927345573e+01,0.000000000000000000e+00
7.859920459863513287e+00,-1.210321613451324119e+01,0.000000000000000000e+00
8.073732065773905120e+00,-1.196980003094614808e+01,0.000000000000000000e+00
8.286484743513280904e+00,-1.183432666934743516e+01,0.000000000000000000e+00
8.498244630385773490e+00,-1.169683026500421441e+01,0.000000000000000000e+00
8.709103109133263132e+00,-1.155737018193351950e+01,0.000000000000000000e+00
8.919096663733339980e+00,-1.141592314146668663e+01,0.000000000000000000e+00
9.128266125899203942e+00,-1.127246988296815289e+01,0.000000000000000000e+00
9.336606084054771770e+00,-1.112693384330923507e+01,0.000000000000000000e+00
9.544013417860105264e+00,-1.097913151399967902e+01,0.000000000000000000e+00
9.750556965020123812e+00,-1.082909059190631318e+01,0.000000000000000000e+00
9.956313516543142228e+00,-1.067683908233669676e+01,0.000000000000000000e+00
1.016139776796530647e+01,-1.052243541921192715e+01,0.000000000000000000e+00
1.036563213417345075e+01,-1.036563213417345608e+01,0.000000000000000000e+00
1.056813668009778695e+01,-1.020553096259734005e+01,0.000000000000000000e+00
1.076766492177523382e+01,-1.004100998203070461e+01,0.000000000000000000e+00
1.096440780080605215e+01,-9.872397127176551379e+00,0.000000000000000000e+00
1.115860849204028149e+01,-9.700030374614144080e+00,0.000000000000000000e+00
1.134989679618004210e+01,-9.523694215574868949e+00,0.000000000000000000e+00
1.153771274640946842e+01,-9.343055561632910511e+00,0.000000000000000000e+00
1.172238518739938939e+01,-9.158531055290408673e+00,0.000000000000000000e+00
1.190417480638801706e+01,-8.970439138485335917e+00,0.000000000000000000e+00
1.208274762850658490e+01,-8.778630007265956436e+00,0.000000000000000000e+00
1.225739463332303103e+01,-8.582720121064033592e+00,0.000000000000000000e+00
1.242882561856242063e+01,-8.383348734069704378e+00,0.000000000000000000e+00
1.259719399402486140e+01,-8.180713432701820054e+00,0.000000000000000000e+00
1.276149879002807452e+01,-7.974269478316528215e+00,0.000000000000000000e+00
1.292289519306575052e+01,-7.764858805333777703e+00,0.000000000000000000e+00
1.308493941459202681e+01,-7.554593293344660232e+00,0.000000000000000000e+00
1.324774584480335271e+01,-7.343345433120303412e+00,0.000000000000000000e+00
1.341141644032714098e+01,-7.130976613261757358e+00,0.000000000000000000e+00
1.357605848469171050e+01,-6.917347301775200741e+00,0.000000000000000000e+00
1.374178190635829822e+01,-6.702314860695643084e+00,0.000000000000000000e+00
1.390869941151780864e+01,-6.485733050566686586e+00,0.000000000000000000e+00
1.407692680339815183e+01,-6.267451613861452664e+00,0.000000000000000000e+00
1.424658331726214122e+01,-6.047315835209685631e+00,0.000000000000000000e+00
1.441779198464772804e+01,-5.825166080433601401e+00,0.000000000000000000e+00
1.459068000410969290e+01,-5.600837300288112885e+00,0.000000000000000000e+00
1.476537915519879007e+01,-5.374158510147001522e+00,0.000000000000000000e+00
1.494202621992947044e+01,-5.144952226019928965e+00,0.000000000000000000e+00
1.512076345448293502e+01,-4.913033868440229490e+00,0.000000000000000000e+00
1.530173907802602074e+01,-4.678211115827501487e+00,0.000000000000000000e+00
1.548510781028785566e+01,-4.440283212577731398e+00,0.000000000000000000e+00
1.567103144979786400e+01,-4.199040221536062489e+00,0.000000000000000000e+00
1.585967949245017650e+01,-3.954262213585554520e+00,0.000000000000000000e+00
1.605122981059261633e+01,-3.705718391712238269e+00,0.000000000000000000e+00
1.624586938822615778e+01,-3.453166138501627458e+00,0.000000000000000000e+00
1.644379511795991888e+01,-3.196349978426353378e+00,0.000000000000000000e+00
1.664521467350965622e+01,-2.935000446624211445e+00,0.000000000000000000e+00
1.685034746320241084e+01,-2.668832852233288033e+00,0.000000000000000000e+00
1.705942567401109144e+01,-2.397545923768933385e+00,0.000000000000000000e+00
1.727269541732199798e+01,-2.120820322425505111e+00,0.000000000000000000e+00
1.749041798897793853e+01,-1.838317007208556175e+00,0.000000000000000000e+00
1.771287125749466185e+01,-1.549675433524963619e+00,0.000000000000000000e+00
1.794035119575395143e+01,-1.254511564266008961e+00,0.000000000000000000e+00
1.817317357801150379e+01,-9.524156697488329604e-01,0.000000000000000000e+00
1.841167586189617822e+01,-6.429498887300493237e-01,0.000000000000000000e+00
1.865621925763745992e+01,-3.256455184571425687e-01,0.000000000000000000e+00
1.890719047407888098e+01,-4.630926058990005225e-15,0.000000000000000000e+00
