1.619049528790440107e+01,0.000000000000000000e+00,0.000000000000000000e+00
1.630434029747907232e+01,2.845933185042516245e-01,0.000000000000000000e+00
1.641144053490447519e+01,5.731001319469242183e-01,0.000000000000000000e+00
1.650699323733370960e+01,8.650948582088388017e-01,0.000000000000000000e+00
1.659400386300166730e+01,1.160365787518002900e+00,0.000000000000000000e+00
1.667169696891727071e+01,1.458584486519769685e+00,0.000000000000000000e+00
1.674033161369524336e+01,1.759479752351265969e+00,0.000000000000000000e+00
1.679967479848786738e+01,2.062740693443925188e+00,0.000000000000000000e+00
1.684834241488939810e+01,2.367880106340261470e+00,0.000000000000000000e+00
1.688725831745385619e+01,2.674678957225799181e+00,0.000000000000000000e+00
1.691712929247487551e+01,2.982946330396825552e+00,0.000000000000000000e+00
1.693770780178041591e+01,3.292356878594423719e+00,0.000000000000000000e+00
1.694869265002142456e+01,3.602555834490529296e+00,0.000000000000000000e+00
1.694979558672724096e+01,3.913168647055770943e+00,0.000000000000000000e+00
1.694084183893563633e+01,4.223826262184019242e+00,0.000000000000000000e+00
1.692202353467854081e+01,4.534242540417567469e+00,0.000000000000000000e+00
1.689346743781410964e+01,4.844123837259867393e+00,0.000000000000000000e+00
1.685526531543918338e+01,5.153171751055744210e+00,0.000000000000000000e+00
1.680751696363487824e+01,5.461093306253665070e+00,0.000000000000000000e+00
1.675032998694909381e+01,5.767601146220490804e+00,0.000000000000000000e+00
1.668381957366092649e+01,6.072413718680418349e+00,0.000000000000000000e+00
1.660810612374554651e+01,6.375254630957363666e+00,0.000000000000000000e+00
1.652321728211953200e+01,6.675813117148991616e+00,0.000000000000000000e+00
1.642905079532810220e+01,6.973718316845156195e+00,0.000000000000000000e+00
1.632550813382176003e+01,7.268584523415276166e+00,0.000000000000000000e+00
1.621260844355747111e+01,7.560063475899240437e+00,0.000000000000000000e+00
1.609071022010747143e+01,7.847963747516178756e+00,0.000000000000000000e+00
1.596022544076523886e+01,8.132141041738327303e+00,0.000000000000000000e+00
1.582131152236159899e+01,8.412340557694092169e+00,0.000000000000000000e+00
1.567389913448606542e+01,8.688184161803349070e+00,0.000000000000000000e+00
1.551799504459892631e+01,8.959318616282466508e+00,0.000000000000000000e+00
1.535373034307821172e+01,9.225451918324209188e+00,0.000000000000000000e+00
1.518154081704321356e+01,9.486479571330793448e+00,0.000000000000000000e+00
1.500210672033480996e+01,9.742482018144828615e+00,0.000000000000000000e+00
1.481475043589338547e+01,9.992675343905141006e+00,0.000000000000000000e+00
1.461868216845864943e+01,1.023611145304661108e+01,0.000000000000000000e+00
1.441605867171051969e+01,1.047387971121816541e+01,0.000000000000000000e+00
1.420700281740012372e+01,1.070574451287366990e+01,0.000000000000000000e+00
1.398969439010011406e+01,1.092994714620687446e+01,0.000000000000000000e+00
1.376585667615379549e+01,1.114737093960023451e+01,0.000000000000000000e+00
1.353642744772674966e+01,1.135841127884552471e+01,0.000000000000000000e+00
1.330074858409915528e+01,1.156216434718534813e+01,0.000000000000000000e+00
1.305806250700504378e+01,1.175753229200133454e+01,0.000000000000000000e+00
1.280974134551096100e+01,1.194527705421031882e+01,0.000000000000000000e+00
1.255624662649705314e+01,1.212542642091739609e+01,0.000000000000000000e+00
1.229756775051209416e+01,1.229756775051209239e+01,0.000000000000000000e+00
1.203400629215586370e+01,1.246157831187384524e+01,0.000000000000000000e+00
1.176570001381172048e+01,1.261716854634866181e+01,0.000000000000000000e+00
1.149253256447863691e+01,1.276375049319200805e+01,0.000000000000000000e+00
1.121498159006421425e+01,1.290136050877511487e+01,0.000000000000000000e+00
1.093354964339786584e+01,1.303009706732654749e+01,0.000000000000000000e+00
1.064851754388877580e+01,1.314982403626185459e+01,0.000000000000000000e+00
1.036014667813972423e+01,1.326038304897786091e+01,0.000000000000000000e+00
1.006871947805673706e+01,1.336164204370374797e+01,0.000000000000000000e+00
9.774521715312424419e+00,1.345347497020890160e+01,0.000000000000000000e+00
9.477847134391025108e+00,1.353576849318700503e+01,0.000000000000000000e+00
9.178994847101691335e+00,1.360841949049253685e+01,0.000000000000000000e+00
8.878269017552788966e+00,1.367133539945005261e+01,0.000000000000000000e+00
8.575978000303377868e+00,1.372443371418191660e+01,0.000000000000000000e+00
8.272433738681952420e+00,1.376764174039255195e+01,0.000000000000000000e+00
7.967951200001674117e+00,1.380089631063230193e+01,0.000000000000000000e+00
7.662847904565566637e+00,1.382414356121784138e+01,0.000000000000000000e+00
7.357443528527985777e+00,1.383733876139368135e+01,0.000000000000000000e+00
7.052059579555200131e+00,1.384044621628327221e+01,0.000000000000000000e+00
6.747019137996915994e+00,1.383343925784410899e+01,0.000000000000000000e+00
6.442646656470986777e+00,1.381630034119979911e+01,0.000000000000000000e+00
6.139267809798781173e+00,1.378902126565445840e+01,0.000000000000000000e+00
5.837209384203660534e+00,1.375160353758479914e+01,0.000000000000000000e+00
5.536799199701264662e+00,1.370405890918646996e+01,0.000000000000000000e+00
5.238366034075484734e+00,1.364641007223347913e+01,0.000000000000000000e+00
4.942239599042650866e+00,1.357869169990414626e+01,0.000000000000000000e+00
4.648750317269066734e+00,1.350095123901175320e+01,0.000000000000000000e+00
4.358229689734118395e+00,1.341325176732310887e+01,0.000000000000000000e+00
4.071008476010843147e+00,1.331566873363119363e+01,0.000000000000000000e+00
3.787421654959972184e+00,1.320830898442324575e+01,0.000000000000000000e+00
3.507792383827110339e+00,1.309125939884592604e+01,0.000000000000000000e+00
3.232472856052295729e+00,1.296474049922669280e+01,0.000000000000000000e+00
2.961756471208500940e+00,1.282877670054460140e+01,0.000000000000000000e+00
2.695722027101145724e+00,1.268237501548433599e+01,0.000000000000000000e+00
2.434862543485569297e+00,1.252628187642436330e+01,0.000000000000000000e+00
2.179655968108722863e+00,1.236144326495623424e+01,0.000000000000000000e+00
1.930220801557609667e+00,1.218693450949163015e+01,0.000000000000000000e+00
1.687542199295125833e+00,1.200748667011017545e+01,0.000000000000000000e+00
1.452713997782733690e+00,1.183140605871049900e+01,0.000000000000000000e+00
1.225652181720672029e+00,1.166130155100352539e+01,0.000000000000000000e+00
1.005832065478480253e+00,1.149671311621350789e+01,0.000000000000000000e+00
7.927677033751527880e-01,1.133710634506803316e+01,0.000000000000000000e+00
5.860379330619485128e-01,1.118226990494872730e+01,0.000000000000000000e+00
3.852416711197121924e-01,1.103187806931771675e+01,0.000000000000000000e+00
1.900097159995073060e-01,1.088564933908335419e+01,0.000000000000000000e+00
6.578394549993381022e-16,1.074333359556978529e+01,0.000000000000000000e+00
-1.851055728109772813e-01,1.060469116398065914e+01,0.000000000000000000e+00
-3.656030088579221293e-01,1.046950036265156569e+01,0.000000000000000000e+00
-5.417682211190356645e-01,1.033755348023972331e+01,0.000000000000000000e+00
-7.138590016181861619e-01,1.020865933649125346e+01,0.000000000000000000e+00
-8.821163179733852999e-01,1.008263565155504438e+01,0.000000000000000000e+00
-1.046766125672643266e+00,9.959314417984101553e+00,0.000000000000000000e+00
-1.208020354348839032e+00,9.838536257861578704e+00,0.000000000000000000e+00
-1.366078289233032539e+00,9.720152097615143205e+00,0.000000000000000000e+00
-1.521127575012836575e+00,9.604021530751261082e+00,0.000000000000000000e+00
-1.673345110889839837e+00,9.490011705335730241e+00,0.000000000000000000e+00
-1.822898115122817408e+00,9.377997818859800105e+00,0.000000000000000000e+00
-1.969944681151322374e+00,9.267861060951453567e+00,0.000000000000000000e+00
-2.114634742433166181e+00,9.159489369772359169e+00,0.000000000000000000e+00
-2.257110609524916711e+00,9.052776197564003979e+00,0.000000000000000000e+00
-2.397507510818996046e+00,8.947619841904479898e+00,0.000000000000000000e+00
-2.535954539004594999e+00,8.843924488248541493e+00,0.000000000000000000e+00
-2.672574373182118102e+00,8.741596886616346040e+00,0.000000000000000000e+00
-2.807485029017663170e+00,8.640550454673652681e+00,0.000000000000000000e+00
-2.940798548996362616e+00,8.540699135048519963e+00,0.000000000000000000e+00
-3.072623533228901582e+00,8.441963776031286670e+00,0.000000000000000000e+00
-3.203063274926801096e+00,8.344265111034125937e+00,0.000000000000000000e+00
-3.332218127419217968e+00,8.247529279890773779e+00,0.000000000000000000e+00
-3.460184438530270690e+00,8.151683695698075383e+00,0.000000000000000000e+00
-3.587055293064987271e+00,8.056658098251729072e+00,0.000000000000000000e+00
-3.712921501793727597e+00,7.962385855905395715e+00,0.000000000000000000e+00
-3.837870112398756639e+00,7.868799834933534854e+00,0.000000000000000000e+00
-3.961987115224825384e+00,7.775837535016289159e+00,0.000000000000000000e+00
-4.085355241269281734e+00,7.683435722596493989e+00,0.000000000000000000e+00
-4.208055869326229548e+00,7.591533745114726450e+00,0.000000000000000000e+00
-4.330168896447014859e+00,7.500072534000691959e+00,0.000000000000000000e+00
-4.451771785951281757e+00,7.408992443465641564e+00,0.000000000000000000e+00
-4.572942131250599118e+00,7.318237191946907139e+00,0.000000000000000000e+00
-4.693755150298402512e+00,7.227749104668760971e+00,0.000000000000000000e+00
-4.814285897169818362e+00,7.137472362405314463e+00,0.000000000000000000e+00
-4.934608897487108514e+00,7.047351860998122497e+00,0.000000000000000000e+00
-5.054797114220528798e+00,6.957331359662998871e+00,0.000000000000000000e+00
-5.174924730823487806e+00,6.867357066314702330e+00,0.000000000000000000e+00
-5.295064397099866760e+00,6.777373366991465531e+00,0.000000000000000000e+00
-5.415289448449766674e+00,6.687325541704886689e+00,0.000000000000000000e+00
-5.535673785867574637e+00,6.597159121737274035e+00,0.000000000000000000e+00
-5.656290388250857504e+00,6.506817764711641416e+00,0.000000000000000000e+00
-5.777214578317372506e+00,6.416246811532931638e+00,0.000000000000000000e+00
-5.898520947383619983e+00,6.325389299399343912e+00,0.000000000000000000e+00
-6.020285633757797683e+00,6.234188271434073947e+00,0.000000000000000000e+00
-6.142586444318713035e+00,6.142586444318713923e+00,0.000000000000000000e+00
-6.265500962593873346e+00,6.050523948119818307e+00,0.000000000000000000e+00
-6.389110384233584128e+00,5.957941820296610125e+00,0.000000000000000000e+00
-6.513495851216624999e+00,5.864778006952652945e+00,0.000000000000000000e+00
-6.638741436009163444e+00,5.770969886113817893e+00,0.000000000000000000e+00
-6.764933688104039611e+00,5.676453362626858734e+00,0.000000000000000000e+00
-6.892160161463972479e+00,5.581161252976251319e+00,0.000000000000000000e+00
-7.020513390601934134e+00,5.485026202775232562e+00,0.000000000000000000e+00
-7.150086409754460526e+00,5.387976572655419183e+00,0.000000000000000000e+00
-7.280977852752280377e+00,5.289940055489687154e+00,0.000000000000000000e+00
-7.413288723392676083e+00,5.190840647044590916e+00,0.000000000000000000e+00
-7.547123797539841306e+00,5.090599279104781161e+00,0.000000000000000000e+00
-7.682592617017655279e+00,4.989133980934396639e+00,0.000000000000000000e+00
-7.819808386515889609e+00,4.886358598537308140e+00,0.000000000000000000e+00
-7.958894493221868593e+00,4.782186271972335589e+00,0.000000000000000000e+00
-8.099974970519669526e+00,4.676522729658761257e+00,0.000000000000000000e+00
-8.243173657716420522e+00,4.569265771169242818e+00,0.000000000000000000e+00
-8.388620273368074365e+00,4.460308517976500298e+00,0.000000000000000000e+00
-8.536492009506810419e+00,4.349559928249558283e+00,0.000000000000000000e+00
-8.686969257540257061e+00,4.236918002772168457e+00,0.000000000000000000e+00
-8.840100668905627401e+00,4.122206640771820751e+00,0.000000000000000000e+00
-8.995940771198290165e+00,4.005250882674076252e+00,0.000000000000000000e+00
-9.155132974942800317e+00,3.886123386913341804e+00,0.000000000000000000e+00
-9.318225266044187549e+00,3.764807385721635757e+00,0.000000000000000000e+00
-9.483377991484578828e+00,3.640327741577326748e+00,0.000000000000000000e+00
-9.648079002918672487e+00,3.511613574911138791e+00,0.000000000000000000e+00
-9.810893479080206703e+00,3.378161535890831679e+00,0.000000000000000000e+00
-9.970972912307269453e+00,3.239765489813416277e+00,0.000000000000000000e+00
-1.012831185635868358e+01,3.096535685870372312e+00,0.000000000000000000e+00
-1.028293261784504509e+01,2.948583480235811294e+00,0.000000000000000000e+00
-1.043465074718834629e+01,2.795956241009931897e+00,0.000000000000000000e+00
-1.058331647407851506e+01,2.638717159939329093e+00,0.000000000000000000e+00
-1.072888576754890266e+01,2.476958449946811136e+00,0.000000000000000000e+00
-1.087124929872156542e+01,2.310755371993894691e+00,0.000000000000000000e+00
-1.101013484544531806e+01,2.140153414905628715e+00,0.000000000000000000e+00
-1.114531547471232287e+01,1.965219826699355021e+00,0.000000000000000000e+00
-1.127677676933837070e+01,1.786065977276391825e+00,0.000000000000000000e+00
-1.140453729833761720e+01,1.602803191302928365e+00,0.000000000000000000e+00
-1.152852136412031214e+01,1.415524433553267958e+00,0.000000000000000000e+00
-1.164861086207763385e+01,1.224318336566124987e+00,0.000000000000000000e+00
-1.176468755782250142e+01,1.029276791233962873e+00,0.000000000000000000e+00
-1.187663239939603699e+01,8.304950403147721705e-01,0.000000000000000000e+00
-1.198433011924995029e+01,6.280721277447539608e-01,0.000000000000000000e+00
-1.208768647809702834e+01,4.221113131901389481e-01,0.000000000000000000e+00
-1.218662122692583338e+01,2.127182647715841479e-01,0.000000000000000000e+00
-1.228105571445706268e+01,1.503995557086015259e-15,0.000000000000000000e+00
-1.237090183072275629e+01,-2.159348946758675170e-01,0.000000000000000000e+00
-1.245606716400044434e+01,-4.349754502077863849e-01,0.000000000000000000e+00
-1.253646201385334358e+01,-6.570081342122527923e-01,0.000000000000000000e+00
-1.261200490169071031e+01,-8.819172949911516790e-01,0.000000000000000000e+00
-1.268262825983631537e+01,-1.109586196449191542e+00,0.000000000000000000e+00
-1.274826871614969193e+01,-1.339897034372255158e+00,0.000000000000000000e+00
-1.280886574592264004e+01,-1.572730956277370362e+00,0.000000000000000000e+00
-1.286436078868851141e+01,-1.807968003154999392e+00,0.000000000000000000e+00
-1.291469090945622966e+01,-2.045486091658600181e+00,0.000000000000000000e+00
-1.295979261919790737e+01,-2.285161103151017503e+00,0.000000000000000000e+00
-1.299960544659688466e+01,-2.526867325377870621e+00,0.000000000000000000e+00
-1.303407200017245060e+01,-2.770477528916160725e+00,0.000000000000000000e+00
-1.306313800486615762e+01,-3.015863041607047546e+00,0.000000000000000000e+00
-1.308675233687187500e+01,-3.262893823855589570e+00,0.000000000000000000e+00
-1.310486705668926888e+01,-3.511438544757107483e+00,0.000000000000000000e+00
-1.311743744038137827e+01,-3.761364659009185818e+00,0.000000000000000000e+00
-1.312442200901766398e+01,-4.012538484568005437e+00,0.000000000000000000e+00
-1.312578255628514512e+01,-4.264825281007354363e+00,0.000000000000000000e+00
-1.312148294868201148e+01,-4.518088906540718597e+00,0.000000000000000000e+00
-1.311148817187915050e+01,-4.772191421497394614e+00,0.000000000000000000e+00
-1.309577592414837000e+01,-5.026997388163247038e+00,0.000000000000000000e+00
-1.307432972002864702e+01,-5.282372092107596728e+00,0.000000000000000000e+00
-1.304713621210699337e+01,-5.538180745695791884e+00,0.000000000000000000e+00
-1.301418518190991946e+01,-5.794288558903578412e+00,0.000000000000000000e+00
-1.297546952925311103e+01,-6.050560809647556937e+00,0.000000000000000000e+00
-1.293098526006653515e+01,-6.306862913599244003e+00,0.000000000000000000e+00
-1.288073154115020280e+01,-6.563060528321615017e+00,0.000000000000000000e+00
-1.282471625097555723e+01,-6.819022589025946601e+00,0.000000000000000000e+00
-1.276295980351595638e+01,-7.074624142416745975e+00,0.000000000000000000e+00
-1.269548599989259152e+01,-7.329742259531115245e+00,0.000000000000000000e+00
-1.262231564328412148e+01,-7.584252390984954850e+00,0.000000000000000000e+00
-1.254340669386167484e+01,-7.837990411528461543e+00,0.000000000000000000e+00
-1.245867873471764931e+01,-8.090760571533994749e+00,0.000000000000000000e+00
-1.236808162299458047e+01,-8.342376391712145178e+00,0.000000000000000000e+00
-1.227172192870497547e+01,-8.592752201292617187e+00,0.000000000000000000e+00
-1.216975965166044915e+01,-8.841847942535020266e+00,0.000000000000000000e+00
-1.206223552406560984e+01,-9.089546432453435187e+00,0.000000000000000000e+00
-1.194907393573913446e+01,-9.335639716059027648e+00,0.000000000000000000e+00
-1.183027775425097694e+01,-9.579970033654531036e+00,0.000000000000000000e+00
-1.170595306825608617e+01,-9.822460902152231554e+00,0.000000000000000000e+00
-1.157619008297803553e+01,-1.006302851357253481e+01,0.000000000000000000e+00
-1.144103103818113354e+01,-1.030155061771540836e+01,0.000000000000000000e+00
-1.130029617598278868e+01,-1.053769666192767751e+01,0.000000000000000000e+00
-1.115391817652009721e+01,-1.077121357818204750e+01,0.000000000000000000e+00
-1.100234285801397860e+01,-1.100234285801397327e+01,0.000000000000000000e+00
-1.084494341051049204e+01,-1.123026765292689078e+01,0.000000000000000000e+00
-1.068075837522046356e+01,-1.145371108092048118e+01,0.000000000000000000e+00
-1.051021320021789585e+01,-1.167277431368496821e+01,0.000000000000000000e+00
-1.033368558451936003e+01,-1.188754542658623059e+01,0.000000000000000000e+00
-1.015141515528931038e+01,-1.209798548123133877e+01,0.000000000000000000e+00
-9.963298817926263595e+00,-1.230364937996619190e+01,0.000000000000000000e+00
-9.768896345149887139e+00,-1.250361713273615472e+01,0.000000000000000000e+00
-9.568988890588896012e+00,-1.269847715539922817e+01,0.000000000000000000e+00
-9.363783735872358349e+00,-1.288814264125673326e+01,0.000000000000000000e+00
-9.153364226296355710e+00,-1.307235887476970682e+01,0.000000000000000000e+00
-8.937893518333593690e+00,-1.325097207100437835e+01,0.000000000000000000e+00
-8.717523910123077258e+00,-1.342380964041443647e+01,0.000000000000000000e+00
-8.492426474969382966e+00,-1.359072332323586885e+01,0.000000000000000000e+00
-8.262780067556061425e+00,-1.375157533360837014e+01,0.000000000000000000e+00
-8.028772399698073770e+00,-1.390624171868374503e+01,0.000000000000000000e+00
-7.790597864364675829e+00,-1.405461058942944774e+01,0.000000000000000000e+00
-7.548456512355472547e+00,-1.419658193530280954e+01,0.000000000000000000e+00
-7.302552289658652995e+00,-1.433206584068475919e+01,0.000000000000000000e+00
-7.053093368448585032e+00,-1.446098442834757947e+01,0.000000000000000000e+00
-6.800195995090735579e+00,-1.458306737229344563e+01,0.000000000000000000e+00
-6.543835260412921073e+00,-1.469769463725849867e+01,0.000000000000000000e+00
-6.284559867043749470e+00,-1.480549523093602460e+01,0.000000000000000000e+00
-6.022569316057922784e+00,-1.490638213796332501e+01,0.000000000000000000e+00
-5.758092728723327447e+00,-1.500034440109001288e+01,0.000000000000000000e+00
-5.491337641009726767e+00,-1.508732617127540898e+01,0.000000000000000000e+00
-5.222471699836331638e+00,-1.516715911901881952e+01,0.000000000000000000e+00
-4.951340429765243023e+00,-1.523865892763872232e+01,0.000000000000000000e+00
-4.678631317257074151e+00,-1.530311349497218565e+01,0.000000000000000000e+00
-4.404525869144901407e+00,-1.536040713432687888e+01,0.000000000000000000e+00
-4.129263497278054196e+00,-1.541062116968125828e+01,0.000000000000000000e+00
-3.852851446133913615e+00,-1.545294311989990277e+01,0.000000000000000000e+00
-3.575478663987305517e+00,-1.548709957207873877e+01,0.000000000000000000e+00
-3.297630156290529246e+00,-1.551413012320852758e+01,0.000000000000000000e+00
-3.019490576449225916e+00,-1.553393237125631821e+01,0.000000000000000000e+00
-2.741245648830058279e+00,-1.554637661131606485e+01,0.000000000000000000e+00
-2.462876896715488595e+00,-1.554999273709556462e+01,0.000000000000000000e+00
-2.184916644711313971e+00,-1.554648973971223569e+01,0.000000000000000000e+00
-1.907545878236980741e+00,-1.553571445961705599e+01,0.000000000000000000e+00
-1.630989247626532856e+00,-1.551782612283714080e+01,0.000000000000000000e+00
-1.355315815096398868e+00,-1.549133065331144898e+01,0.000000000000000000e+00
-1.080880819891850475e+00,-1.545731586855444739e+01,0.000000000000000000e+00
-8.079265469570242608e-01,-1.541615687613110630e+01,0.000000000000000000e+00
-5.366559029521453805e-01,-1.536781436270911527e+01,0.000000000000000000e+00
-2.672787685565464200e-01,-1.531239039532118795e+01,0.000000000000000000e+00
-2.801075073581177110e-15,-1.524834249097451355e+01,0.000000000000000000e+00
2.649206452262762856e-01,-1.517729360020973317e+01,0.000000000000000000e+00
5.272752552305589591e-01,-1.509918775859612161e+01,0.000000000000000000e+00
7.868559867328228652e-01,-1.501410663640621479e+01,0.000000000000000000e+00
1.043452088811012812e+00,-1.492206007695524939e+01,0.000000000000000000e+00
1.296854065817154344e+00,-1.482310980133882339e+01,0.000000000000000000e+00
1.546811698636118892e+00,-1.471693024287921503e+01,0.000000000000000000e+00
1.793085152571626040e+00,-1.460350665740097753e+01,0.000000000000000000e+00
2.035520111897568096e+00,-1.448347817350007460e+01,0.000000000000000000e+00
2.273900744262137064e+00,-1.435684426830579241e+01,0.000000000000000000e+00
2.508072121083073203e+00,-1.422398382258849203e+01,0.000000000000000000e+00
2.738249071272011559e+00,-1.408707025633944454e+01,0.000000000000000000e+00
2.964828228651883002e+00,-1.394842015394737267e+01,0.000000000000000000e+00
3.187953911565760912e+00,-1.380854545627690300e+01,0.000000000000000000e+00
3.407684617127928473e+00,-1.366747648988010866e+01,0.000000000000000000e+00
3.624090925530579099e+00,-1.352529146532941340e+01,0.000000000000000000e+00
3.837241197352957656e+00,-1.338205037615007598e+01,0.000000000000000000e+00
4.047208133429700538e+00,-1.323782132077884555e+01,0.000000000000000000e+00
4.254060871539722122e+00,-1.309265311047922253e+01,0.000000000000000000e+00
4.457835574428867353e+00,-1.294649456614658334e+01,0.000000000000000000e+00
4.658594969061732094e+00,-1.279938448388203476e+01,0.000000000000000000e+00
4.856447663893982636e+00,-1.265147870246800466e+01,0.000000000000000000e+00
5.051476230636405162e+00,-1.250284240879307340e+01,0.000000000000000000e+00
5.243752823240311223e+00,-1.235350749442568130e+01,0.000000000000000000e+00
5.433362361474938673e+00,-1.220353166981974979e+01,0.000000000000000000e+00
5.620369399788311959e+00,-1.205292107366618204e+01,0.000000000000000000e+00
5.804794584254371337e+00,-1.190159263567543135e+01,0.000000000000000000e+00
5.986682287515106005e+00,-1.174952555059875614e+01,0.000000000000000000e+00
6.166176200129117824e+00,-1.159689076957152309e+01,0.000000000000000000e+00
6.343399529732974607e+00,-1.144379568240459832e+01,0.000000000000000000e+00
6.518377392792285896e+00,-1.129016082722459124e+01,0.000000000000000000e+00
6.691092632836662446e+00,-1.113584818333676907e+01,0.000000000000000000e+00
6.861651904561218984e+00,-1.098093846912961524e+01,0.000000000000000000e+00
7.030214655911374955e+00,-1.082558123673373274e+01,0.000000000000000000e+00
7.196824669745630842e+00,-1.066973135259448036e+01,0.000000000000000000e+00
7.361437573203912343e+00,-1.051322239692767724e+01,0.000000000000000000e+00
7.524171728922603108e+00,-1.035613393420940831e+01,0.000000000000000000e+00
7.685188931171451188e+00,-1.019859017428557735e+01,0.000000000000000000e+00
7.844508375035766257e+00,-1.004051285329554943e+01,0.000000000000000000e+00
8.002013697256021629e+00,-9.881663961295993559e+00,0.000000000000000000e+00
8.157985017472888956e+00,-9.722307952903056716e+00,0.000000000000000000e+00
8.312472085707447889e+00,-9.562405273304385389e+00,0.000000000000000000e+00
8.465316213348682339e+00,-9.401686128531531850e+00,0.000000000000000000e+00
8.616838357065319087e+00,-9.240427833457353302e+00,0.000000000000000000e+00
8.766949122724842169e+00,-9.078441576041234029e+00,0.000000000000000000e+00
8.915173920239782390e+00,-8.915173920239787719e+00,0.000000000000000000e+00
9.061207661844672856e+00,-8.750306525239262001e+00,0.000000000000000000e+00
9.204771247996653472e+00,-8.583588053203065726e+00,0.000000000000000000e+00
9.345526591501782221e+00,-8.414749939081209718e+00,0.000000000000000000e+00
9.484095600200225462e+00,-8.244398525435283176e+00,0.000000000000000000e+00
9.622515596303172103e+00,-8.074249287855622015e+00,0.000000000000000000e+00
9.760858542362420565e+00,-7.904187397880186872e+00,0.000000000000000000e+00
9.899211649624296783e+00,-7.734111775599325611e+00,0.000000000000000000e+00
1.003765979994594382e+01,-7.563919195803268103e+00,0.000000000000000000e+00
1.017628762370202544e+01,-7.393505735834137838e+00,0.000000000000000000e+00
1.031518014002619310e+01,-7.222766892037435049e+00,0.000000000000000000e+00
1.045442301261176787e+01,-7.051597360680106341e+00,0.000000000000000000e+00
1.059410276543952634e+01,-6.879890778991172517e+00,0.000000000000000000e+00
1.073430700021377149e+01,-6.707539458419351952e+00,0.000000000000000000e+00
1.087512461942344899e+01,-6.534434110828639675e+00,0.000000000000000000e+00
1.101664605726020696e+01,-6.360463566726018314e+00,0.000000000000000000e+00
1.115896351737435666e+01,-6.185514482511830003e+00,0.000000000000000000e+00
1.130217121941644542e+01,-6.009471035616639867e+00,0.000000000000000000e+00
1.144636565765641834e+01,-5.832214606794982714e+00,0.000000000000000000e+00
1.159164587220011100e+01,-5.653623446986935974e+00,0.000000000000000000e+00
1.173811373442083550e+01,-5.473572326654814191e+00,0.000000000000000000e+00
1.188587424840653028e+01,-5.291932165360623941e+00,0.000000000000000000e+00
1.203503587038650657e+01,-5.108569639158327291e+00,0.000000000000000000e+00
1.218571084829363116e+01,-4.923346763154606620e+00,0.000000000000000000e+00
1.233801558383198405e+01,-4.736120446339594281e+00,0.000000000000000000e+00
1.249207101965670219e+01,-4.546742015494484868e+00,0.000000000000000000e+00
1.264800305463483454e+01,-4.355056704682820801e+00,0.000000000000000000e+00
1.280594299030489935e+01,-4.160903106385786643e+00,0.000000000000000000e+00
1.296602801215194134e+01,-3.964112579967285832e+00,0.000000000000000000e+00
1.312840170965379016e+01,-3.764508612631278783e+00,0.000000000000000000e+00
1.329321463938523884e+01,-3.561906127436851754e+00,0.000000000000000000e+00
1.346062493595423604e+01,-3.356110732302588939e+00,0.000000000000000000e+00
1.363079897594504786e+01,-3.146917903172616438e+00,0.000000000000000000e+00
1.380391210048785133e+01,-2.934112093674918320e+00,0.000000000000000000e+00
1.398014940675386875e+01,-2.717465763476306417e+00,0.000000000000000000e+00
1.415970661926064444e+01,-2.496738315891909199e+00,0.000000000000000000e+00
1.434279102933192007e+01,-2.271674929872519844e+00,0.000000000000000000e+00
1.452962253704384032e+01,-2.042005279266826179e+00,0.000000000000000000e+00
1.472043481275414933e+01,-1.807442124783858128e+00,0.000000000000000000e+00
1.491547653853696254e+01,-1.567679755206065728e+00,0.000000000000000000e+00
1.511501283347427638e+01,-1.322392271977856470e+00,0.000000000000000000e+00
1.531932677656217479e+01,-1.071231682605838342e+00,0.000000000000000000e+00
1.552872114414337368e+01,-8.138257902701693247e-01,0.000000000000000000e+00
1.574352031272049857e+01,-5.497758438291583394e-01,0.000000000000000000e+00
1.596407241641516883e+01,-2.786539205473091418e-01,0.000000000000000000e+00
1.619075068017155417e+01,-3.965590199252984791e-15,0.000000000000000000e+00
