1.942160222247619927e+01,0.000000000000000000e+00,0.000000000000000000e+00
1.882563828057822519e+01,3.286027385026313308e-01,0.000000000000000000e+00
1.826482831741080659e+01,6.378218594786492224e-01,0.000000000000000000e+00
1.773583653683563455e+01,9.294958066225795790e-01,0.000000000000000000e+00
1.723573639264602875e+01,1.205240097436477420e+00,0.000000000000000000e+00
1.676194554998051700e+01,1.466480214262104509e+00,0.000000000000000000e+00
1.631216736856338656e+01,1.714477876798576661e+00,0.000000000000000000e+00
1.588436971677586662e+01,1.950355360893719858e+00,0.000000000000000000e+00
1.547674369633927505e+01,2.175114477558496962e+00,0.000000000000000000e+00
1.508765100686742500e+01,2.389649160534623729e+00,0.000000000000000000e+00
1.471564885421095603e+01,2.594765931628999933e+00,0.000000000000000000e+00
1.435940953825409849e+01,2.791186465080934820e+00,0.000000000000000000e+00
1.401776041473928736e+01,2.979566956071125539e+00,0.000000000000000000e+00
1.368961524778684868e+01,3.160496709461476872e+00,0.000000000000000000e+00
1.337401370872800399e+01,3.334516127994473500e+00,0.000000000000000000e+00
1.307005246749995209e+01,3.502110003699014484e+00,0.000000000000000000e+00
1.277694231511068601e+01,3.663729252964449845e+00,0.000000000000000000e+00
1.249392363149661911e+01,3.819775785949922842e+00,0.000000000000000000e+00
1.222033621307548046e+01,3.970627930216469981e+00,0.000000000000000000e+00
1.195555078321184794e+01,4.116626266746722607e+00,0.000000000000000000e+00
1.169899048576288436e+01,4.258084307781189182e+00,0.000000000000000000e+00
1.145014336588275583e+01,4.395298234161752582e+00,0.000000000000000000e+00
1.120850513393736492e+01,4.528530026518692075e+00,0.000000000000000000e+00
1.097363346196290834e+01,4.658031046918273077e+00,0.000000000000000000e+00
1.074511830055519646e+01,4.784034894440882368e+00,0.000000000000000000e+00
1.052255547115856871e+01,4.906748199562020574e+00,0.000000000000000000e+00
1.030559360176758510e+01,5.026373844097883570e+00,0.000000000000000000e+00
1.009390338215076710e+01,5.143100657943705301e+00,0.000000000000000000e+00
9.887157405764556373e+00,5.257094844966653469e+00,0.000000000000000000e+00
9.685065684051112456e+00,5.368519572584134814e+00,0.000000000000000000e+00
9.487363471732811249e+00,5.477531854304759307e+00,0.000000000000000000e+00
9.293785812165756610e+00,5.584269896207474382e+00,0.000000000000000000e+00
9.104083302021303226e+00,5.688862632662581298e+00,0.000000000000000000e+00
8.918039227029073146e+00,5.791442390465937784e+00,0.000000000000000000e+00
8.735440315643565157e+00,5.892128891270281166e+00,0.000000000000000000e+00
8.556074193720339949e+00,5.991027647924546784e+00,0.000000000000000000e+00
8.379749454829967803e+00,6.088244352963709360e+00,0.000000000000000000e+00
8.206292792495707644e+00,6.183885170114510110e+00,0.000000000000000000e+00
8.035531048104646246e+00,6.278044909232615822e+00,0.000000000000000000e+00
7.867292259624396600e+00,6.370807656322504009e+00,0.000000000000000000e+00
7.701421916509475274e+00,6.462260289683720238e+00,0.000000000000000000e+00
7.537777821232974240e+00,6.552490292603114774e+00,0.000000000000000000e+00
7.376217568642326583e+00,6.641576130426330771e+00,0.000000000000000000e+00
7.216598973286324714e+00,6.729587413195057266e+00,0.000000000000000000e+00
7.058790704772282432e+00,6.816594947311108044e+00,0.000000000000000000e+00
6.902673322686268875e+00,6.902673322686267099e+00,0.000000000000000000e+00
6.748127366031068775e+00,6.987890448844879643e+00,0.000000000000000000e+00
6.595032940589585557e+00,7.072306967070341344e+00,0.000000000000000000e+00
6.443273721467444481e+00,7.155980431531808073e+00,0.000000000000000000e+00
6.292745258701241795e+00,7.238975340299706573e+00,0.000000000000000000e+00
6.143344662232800069e+00,7.321353071760401399e+00,0.000000000000000000e+00
5.994968196197262955e+00,7.403169179002063061e+00,0.000000000000000000e+00
5.847511814296681543e+00,7.484473815859205459e+00,0.000000000000000000e+00
5.700877954206930553e+00,7.565320567820263520e+00,0.000000000000000000e+00
5.554974828828432187e+00,7.645766923071903420e+00,0.000000000000000000e+00
5.409709599228161636e+00,7.725865981191381238e+00,0.000000000000000000e+00
5.264988243296748749e+00,7.805666069190217549e+00,0.000000000000000000e+00
5.120716811661448986e+00,7.885212407893781972e+00,0.000000000000000000e+00
4.976807670379653992e+00,7.964557159304911593e+00,0.000000000000000000e+00
4.833174543719199967e+00,8.043753227730688238e+00,0.000000000000000000e+00
4.689729341543386276e+00,8.122849493299680645e+00,0.000000000000000000e+00
4.546382282114113771e+00,8.201890750653737072e+00,0.000000000000000000e+00
4.403044012542577157e+00,8.280921402473532922e+00,0.000000000000000000e+00
4.259629707887039096e+00,8.359994014260939466e+00,0.000000000000000000e+00
4.116053343959579003e+00,8.439159983265632547e+00,0.000000000000000000e+00
3.972226425903551572e+00,8.518467060181114547e+00,0.000000000000000000e+00
3.828058146548005247e+00,8.597959369790434181e+00,0.000000000000000000e+00
3.683458479293505672e+00,8.677684372857164874e+00,0.000000000000000000e+00
3.538339465861239042e+00,8.757697494877193733e+00,0.000000000000000000e+00
3.392610215630436965e+00,8.838051773507329401e+00,0.000000000000000000e+00
3.246176519762273838e+00,8.918796687610637264e+00,0.000000000000000000e+00
3.098941256434700087e+00,8.999978906216032470e+00,0.000000000000000000e+00
2.950808034982378647e+00,9.081653310629723919e+00,0.000000000000000000e+00
2.801679222090541543e+00,9.163879819727457132e+00,0.000000000000000000e+00
2.651452831379770281e+00,9.246714901316686053e+00,0.000000000000000000e+00
2.500022555452670492e+00,9.330211197017549196e+00,0.000000000000000000e+00
2.347279293986199278e+00,9.414423038003320698e+00,0.000000000000000000e+00
2.193113935981402918e+00,9.499420103259817338e+00,0.000000000000000000e+00
2.037412505412001362e+00,9.585272218389228271e+00,0.000000000000000000e+00
1.880055100983156313e+00,9.672045020008358307e+00,0.000000000000000000e+00
1.720916189199015900e+00,9.759800696890163607e+00,0.000000000000000000e+00
1.559866408440960805e+00,9.848608898984831939e+00,0.000000000000000000e+00
1.396771062353166171e+00,9.938542526170126123e+00,0.000000000000000000e+00
1.231488573827296706e+00,1.002966956734187143e+01,0.000000000000000000e+00
1.063870755216570707e+00,1.012205409731947903e+01,0.000000000000000000e+00
8.937661175446142137e-01,1.021579346997088855e+01,0.000000000000000000e+00
7.210168632885327611e-01,1.031102152735057409e+01,0.000000000000000000e+00
5.454532598130605869e-01,1.040786820725991291e+01,0.000000000000000000e+00
3.668934483539119662e-01,1.050645371490490554e+01,0.000000000000000000e+00
1.851428118988811822e-01,1.060682458989789545e+01,0.000000000000000000e+00
6.557344621641990633e-16,1.070895645374236693e+01,0.000000000000000000e+00
-1.887383779480263091e-01,1.081281443089422289e+01,0.000000000000000000e+00
-3.812800551792051018e-01,1.091843223183582978e+01,0.000000000000000000e+00
-5.778671854116269602e-01,1.102636275219207995e+01,0.000000000000000000e+00
-7.788007560220220338e-01,1.113736969234586205e+01,0.000000000000000000e+00
-9.844373203164394903e-01,1.125217006000711706e+01,0.000000000000000000e+00
-1.195037330000337406e+00,1.137002069402429072e+01,0.000000000000000000e+00
-1.410574250949803599e+00,1.148820536211598053e+01,0.000000000000000000e+00
-1.630819234584337973e+00,1.160388180444319595e+01,0.000000000000000000e+00
-1.855447074279343411e+00,1.171483177563056799e+01,0.000000000000000000e+00
-2.084225518067697180e+00,1.182023028860063363e+01,0.000000000000000000e+00
-2.316907241041391341e+00,1.191945445153018213e+01,0.000000000000000000e+00
-2.553247735207662572e+00,1.201208617201565332e+01,0.000000000000000000e+00
-2.793078466952098271e+00,1.209815199458559931e+01,0.000000000000000000e+00
-3.036251697091740809e+00,1.217774041611140134e+01,0.000000000000000000e+00
-3.282617108530962557e+00,1.225089383083238737e+01,0.000000000000000000e+00
-3.532010298874398657e+00,1.231758373208942814e+01,0.000000000000000000e+00
-3.784264286850706149e+00,1.237777075168165553e+01,0.000000000000000000e+00
-4.039169770489067446e+00,1.243128630649015243e+01,0.000000000000000000e+00
-4.296472677386794281e+00,1.247786268530370180e+01,0.000000000000000000e+00
-4.555921526811054889e+00,1.251729151972060272e+01,0.000000000000000000e+00
-4.817357417958550769e+00,1.254964513024538952e+01,0.000000000000000000e+00
-5.080663902705047974e+00,1.257508443221199457e+01,0.000000000000000000e+00
-5.345697205779031513e+00,1.259367340921196288e+01,0.000000000000000000e+00
-5.612247749472718539e+00,1.260531482957690663e+01,0.000000000000000000e+00
-5.880094162606196662e+00,1.260990262495685066e+01,0.000000000000000000e+00
-6.149011120311881129e+00,1.260734112188925771e+01,0.000000000000000000e+00
-6.418769254749549624e+00,1.259754397178493512e+01,0.000000000000000000e+00
-6.689167099529003124e+00,1.258049359520816779e+01,0.000000000000000000e+00
-6.960080156290028519e+00,1.255631698246421024e+01,0.000000000000000000e+00
-7.231394027779793454e+00,1.252514186566475729e+01,0.000000000000000000e+00
-7.502876984118053372e+00,1.248688422326760872e+01,0.000000000000000000e+00
-7.774208251893891308e+00,1.244133390146166285e+01,0.000000000000000000e+00
-8.045129273078392984e+00,1.238841269697250169e+01,0.000000000000000000e+00
-8.315580308527325215e+00,1.232835479595574668e+01,0.000000000000000000e+00
-8.585534000088303586e+00,1.226141326904277129e+01,0.000000000000000000e+00
-8.854755644132183079e+00,1.218752557877362008e+01,0.000000000000000000e+00
-9.122842154571769058e+00,1.210642043968484849e+01,0.000000000000000000e+00
-9.389468899159497894e+00,1.201797214821636040e+01,0.000000000000000000e+00
-9.654617727869254651e+00,1.192245997957864923e+01,0.000000000000000000e+00
-9.918338614963222000e+00,1.182021567694829933e+01,0.000000000000000000e+00
-1.018047053705900318e+01,1.171129167647697500e+01,0.000000000000000000e+00
-1.044063013698829323e+01,1.159549449284202716e+01,0.000000000000000000e+00
-1.069845334304609530e+01,1.147268661074159724e+01,0.000000000000000000e+00
-1.095379584881965407e+01,1.134298765252606067e+01,0.000000000000000000e+00
-1.120659562358856753e+01,1.120659562358856931e+01,0.000000000000000000e+00
-1.145675706759330836e+01,1.106366169586646464e+01,0.000000000000000000e+00
-1.170410139655001913e+01,1.091425112196776759e+01,0.000000000000000000e+00
-1.194844055841785391e+01,1.075842420185178128e+01,0.000000000000000000e+00
-1.218959125714955682e+01,1.059625001924073473e+01,0.000000000000000000e+00
-1.242737550369973754e+01,1.042780620165601846e+01,0.000000000000000000e+00
-1.266161726035788426e+01,1.025317549186413046e+01,0.000000000000000000e+00
-1.289214175057266054e+01,1.007244504460957302e+01,0.000000000000000000e+00
-1.311877576762466902e+01,9.885706612083959399e+00,0.000000000000000000e+00
-1.334135131839875399e+01,9.693059113877088961e+00,0.000000000000000000e+00
-1.355973962185823289e+01,9.494631899386019924e+00,0.000000000000000000e+00
-1.377384070535910610e+01,9.290572865395615665e+00,0.000000000000000000e+00
-1.398355765957177255e+01,9.081028524041114380e+00,0.000000000000000000e+00
-1.418873396464131531e+01,8.866104996899281332e+00,0.000000000000000000e+00
-1.438915117332459737e+01,8.645874281284969598e+00,0.000000000000000000e+00
-1.458458810874373590e+01,8.420415870603008557e+00,0.000000000000000000e+00
-1.477486031678699696e+01,8.189838807545360311e+00,0.000000000000000000e+00
-1.495988723685511346e+01,7.954313140428048712e+00,0.000000000000000000e+00
-1.513961180061691891e+01,7.714017507880496005e+00,0.000000000000000000e+00
-1.531398220500227403e+01,7.469128182097295010e+00,0.000000000000000000e+00
-1.548291113322286350e+01,7.219800031955110775e+00,0.000000000000000000e+00
-1.564626271530437940e+01,6.966164978726941293e+00,0.000000000000000000e+00
-1.580390070777428946e+01,6.708357848327342055e+00,0.000000000000000000e+00
-1.595569198645138265e+01,6.446518013874211306e+00,0.000000000000000000e+00
-1.610150742448680461e+01,6.180789610116209865e+00,0.000000000000000000e+00
-1.624122297807764781e+01,5.911321732100552673e+00,0.000000000000000000e+00
-1.637471843349086242e+01,5.638267716494199888e+00,0.000000000000000000e+00
-1.650187731814750336e+01,5.361784965485174581e+00,0.000000000000000000e+00
-1.662258705734281605e+01,5.082034868647332004e+00,0.000000000000000000e+00
-1.673676186810018862e+01,4.799189238221703846e+00,0.000000000000000000e+00
-1.684438518443176847e+01,4.513439407167265216e+00,0.000000000000000000e+00
-1.694545761050194344e+01,4.224977103290227909e+00,0.000000000000000000e+00
-1.703998558832078203e+01,3.933990649581278642e+00,0.000000000000000000e+00
-1.712798121213774394e+01,3.640664794800736015e+00,0.000000000000000000e+00
-1.720946203822249743e+01,3.345180551083522413e+00,0.000000000000000000e+00
-1.728445089025608894e+01,3.047715038682593747e+00,0.000000000000000000e+00
-1.735297566055862717e+01,2.748441337962880926e+00,0.000000000000000000e+00
-1.741506910738236513e+01,2.447528348751354166e+00,0.000000000000000000e+00
-1.747076864850148326e+01,2.145140657142487584e+00,0.000000000000000000e+00
-1.752011615133261557e+01,1.841438409851645863e+00,0.000000000000000000e+00
-1.756315771982195528e+01,1.536577196202245865e+00,0.000000000000000000e+00
-1.759994347833700701e+01,1.230707937826088338e+00,0.000000000000000000e+00
-1.763052735280305683e+01,9.239767861493229928e-01,0.000000000000000000e+00
-1.765496684932580962e+01,6.165250277297493753e-01,0.000000000000000000e+00
-1.767332283054331299e+01,3.084889975044823318e-01,0.000000000000000000e+00
-1.768565928995169756e+01,2.165868604024999558e-15,0.000000000000000000e+00
-1.797149845361262877e+01,-3.136936723651645997e-01,0.000000000000000000e+00
-1.792397259755465200e+01,-6.259189154556074053e-01,0.000000000000000000e+00
-1.786805645742989768e+01,-9.364251590379002455e-01,0.000000000000000000e+00
-1.780381434505618188e+01,-1.244963977583908088e+00,0.000000000000000000e+00
-1.773132506961478327e+01,-1.551289932884304612e+00,0.000000000000000000e+00
-1.765067428387414239e+01,-1.855160622530125814e+00,0.000000000000000000e+00
-1.756195437966739092e+01,-2.156336857104307558e+00,0.000000000000000000e+00
-1.746526437906505080e+01,-2.454582834131748381e+00,0.000000000000000000e+00
-1.736070923410993316e+01,-2.749666215681509041e+00,0.000000000000000000e+00
-1.724839082050608852e+01,-3.041356675459443881e+00,0.000000000000000000e+00
-1.712840976061869114e+01,-3.329425584306574315e+00,0.000000000000000000e+00
-1.700087288089924087e+01,-3.613647084953061306e+00,0.000000000000000000e+00
-1.686589169952696565e+01,-3.893797908389439844e+00,0.000000000000000000e+00
-1.672354594797413085e+01,-4.169648311664553297e+00,0.000000000000000000e+00
-1.657388431957564734e+01,-4.440958918877135453e+00,0.000000000000000000e+00
-1.641696190033572833e+01,-4.707488073099416859e+00,0.000000000000000000e+00
-1.625290619713934959e+01,-4.969012087335091366e+00,0.000000000000000000e+00
-1.608198929002658417e+01,-5.225355074936294919e+00,0.000000000000000000e+00
-1.590450132228351698e+01,-5.476358980864211468e+00,0.000000000000000000e+00
-1.572059405848523106e+01,-5.721828302270736799e+00,0.000000000000000000e+00
-1.553022750507297900e+01,-5.961495795115315133e+00,0.000000000000000000e+00
-1.533339762418005670e+01,-6.195094771327228855e+00,0.000000000000000000e+00
-1.513039909828258089e+01,-6.422473376421463875e+00,0.000000000000000000e+00
-1.492164953076662393e+01,-6.643546403217952090e+00,0.000000000000000000e+00
-1.470738831186317874e+01,-6.858167801281113363e+00,0.000000000000000000e+00
-1.448765604441395638e+01,-7.066101984793860424e+00,0.000000000000000000e+00
-1.426253857642167056e+01,-7.267126379082871956e+00,0.000000000000000000e+00
-1.403222430234069407e+01,-7.461066008743961753e+00,0.000000000000000000e+00
-1.379691996217120042e+01,-7.647757617200888092e+00,0.000000000000000000e+00
-1.355684144050999329e+01,-7.827046055039520667e+00,0.000000000000000000e+00
-1.331220042254681779e+01,-7.998776986510431897e+00,0.000000000000000000e+00
-1.306318908010209157e+01,-8.162786494352394229e+00,0.000000000000000000e+00
-1.281006832565622311e+01,-8.318955640060071488e+00,0.000000000000000000e+00
-1.255327682534078093e+01,-8.467292132973012642e+00,0.000000000000000000e+00
-1.229498763922965310e+01,-8.609043027183799879e+00,0.000000000000000000e+00
-1.203963664950053136e+01,-8.747308047594106739e+00,0.000000000000000000e+00
-1.178899336792809827e+01,-8.883643699037193642e+00,0.000000000000000000e+00
-1.154231233702678772e+01,-9.017842725570176299e+00,0.000000000000000000e+00
-1.129921307497500926e+01,-9.149922335783024607e+00,0.000000000000000000e+00
-1.105960557395410859e+01,-9.280110958071082550e+00,0.000000000000000000e+00
-1.082329969182961804e+01,-9.408550881517943054e+00,0.000000000000000000e+00
-1.059005171248156252e+01,-9.535325391241665116e+00,0.000000000000000000e+00
-1.035965777508307539e+01,-9.660537162488289198e+00,0.000000000000000000e+00
-1.013193582395258296e+01,-9.784296692256674532e+00,0.000000000000000000e+00
-9.906705804119910752e+00,-9.906705804119905423e+00,0.000000000000000000e+00
-9.683789298206386675e+00,-1.002785737065340932e+01,0.000000000000000000e+00
-9.463016614797616910e+00,-1.014784292015264633e+01,0.000000000000000000e+00
-9.244224880368220099e+00,-1.026675184203233471e+01,0.000000000000000000e+00
-9.027255959068739344e+00,-1.038467005921025965e+01,0.000000000000000000e+00
-8.811956945474189951e+00,-1.050168134755436000e+01,0.000000000000000000e+00
-8.598178055641845674e+00,-1.061786563229420111e+01,0.000000000000000000e+00
-8.385775293910851858e+00,-1.073330291689265792e+01,0.000000000000000000e+00
-8.174606143055902052e+00,-1.084806875092872680e+01,0.000000000000000000e+00
-7.964533361700858016e+00,-1.096223972403455704e+01,0.000000000000000000e+00
-7.755420409056448250e+00,-1.107588819864107244e+01,0.000000000000000000e+00
-7.547134871288079694e+00,-1.118908758427311589e+01,0.000000000000000000e+00
-7.339545202228356935e+00,-1.130190850724486751e+01,0.000000000000000000e+00
-7.132522122097402217e+00,-1.141442143114161567e+01,0.000000000000000000e+00
-6.925937869447267303e+00,-1.152669629215553826e+01,0.000000000000000000e+00
-6.719665004882684478e+00,-1.163880119829936177e+01,0.000000000000000000e+00
-6.513578099199286875e+00,-1.175080594864558670e+01,0.000000000000000000e+00
-6.307550635922483551e+00,-1.186277741249150175e+01,0.000000000000000000e+00
-6.101457833723167745e+00,-1.197478524336178296e+01,0.000000000000000000e+00
-5.895173374921544251e+00,-1.208689661737761512e+01,0.000000000000000000e+00
-5.688571445702989671e+00,-1.219918083312311019e+01,0.000000000000000000e+00
-5.481524993054602390e+00,-1.231170671147569529e+01,0.000000000000000000e+00
-5.273905798269010070e+00,-1.242454345198365040e+01,0.000000000000000000e+00
-5.065584794040753458e+00,-1.253776232859575401e+01,0.000000000000000000e+00
-4.856430234882506802e+00,-1.265143329834075203e+01,0.000000000000000000e+00
-4.646309477592797776e+00,-1.276563037348419094e+01,0.000000000000000000e+00
-4.435086228203076075e+00,-1.288042566737760986e+01,0.000000000000000000e+00
-4.222622552714811128e+00,-1.299589591419531232e+01,0.000000000000000000e+00
-4.008776438894297023e+00,-1.311211691207492436e+01,0.000000000000000000e+00
-3.793402973140630241e+00,-1.322916831983969566e+01,0.000000000000000000e+00
-3.576352936498534696e+00,-1.334713086481068878e+01,0.000000000000000000e+00
-3.357472786874240445e+00,-1.346608783846065727e+01,0.000000000000000000e+00
-3.136604303292667151e+00,-1.358612586688803070e+01,0.000000000000000000e+00
-2.913583568091680842e+00,-1.370733298092575758e+01,0.000000000000000000e+00
-2.688241299637950998e+00,-1.382980257394961576e+01,0.000000000000000000e+00
-2.460401234339362642e+00,-1.395362878927380024e+01,0.000000000000000000e+00
-2.229880713976942541e+00,-1.407891273541657107e+01,0.000000000000000000e+00
-1.996488834800699275e+00,-1.420575620621907653e+01,0.000000000000000000e+00
-1.760026948339085573e+00,-1.433426918984449294e+01,0.000000000000000000e+00
-1.520286813060160780e+00,-1.446456281440294589e+01,0.000000000000000000e+00
-1.277050794909090348e+00,-1.459675737909384097e+01,0.000000000000000000e+00
-1.030090137804937189e+00,-1.473097527507874460e+01,0.000000000000000000e+00
-7.791647325371999777e-01,-1.486734876379937020e+01,0.000000000000000000e+00
-5.240215513972553696e-01,-1.500601387151789545e+01,0.000000000000000000e+00
-2.643939040511550931e-01,-1.514711661849737645e+01,0.000000000000000000e+00
-2.808876164022211936e-15,-1.529080964937733356e+01,0.000000000000000000e+00
2.694582846729408065e-01,-1.543725479000336698e+01,0.000000000000000000e+00
5.442969295966605392e-01,-1.558662473704311502e+01,0.000000000000000000e+00
8.248512844339548344e-01,-1.573910010533244019e+01,0.000000000000000000e+00
1.111478047836361283e+00,-1.589487661376952055e+01,0.000000000000000000e+00
1.404556932359773969e+00,-1.605415919907829903e+01,0.000000000000000000e+00
1.704493093490666356e+00,-1.621716850117556419e+01,0.000000000000000000e+00
2.011719506733612217e+00,-1.638414057875267460e+01,0.000000000000000000e+00
2.326699295131241740e+00,-1.655532571766951833e+01,0.000000000000000000e+00
2.649929252270875057e+00,-1.673099483030696177e+01,0.000000000000000000e+00
2.981942832838375690e+00,-1.691143817501565039e+01,0.000000000000000000e+00
3.323313643121588612e+00,-1.709696654905014768e+01,0.000000000000000000e+00
3.674660038069291534e+00,-1.728791625719809488e+01,0.000000000000000000e+00
4.036649682512312154e+00,-1.748465071273888682e+01,0.000000000000000000e+00
4.410004539469694507e+00,-1.768756212371159364e+01,0.000000000000000000e+00
4.795506864720174178e+00,-1.789707526718099118e+01,0.000000000000000000e+00
5.194006055559938773e+00,-1.811365173955686103e+01,0.000000000000000000e+00
5.606426269177064547e+00,-1.833779404287607306e+01,0.000000000000000000e+00
6.033774920472692926e+00,-1.857004973975974593e+01,0.000000000000000000e+00
6.477152563623686632e+00,-1.881101693164177391e+01,0.000000000000000000e+00
6.937764199616555771e+00,-1.906135047994719045e+01,0.000000000000000000e+00
7.416932241746194698e+00,-1.932176907654794107e+01,0.000000000000000000e+00
7.916111441492827083e+00,-1.959306335901722207e+01,0.000000000000000000e+00
8.436906135953250896e+00,-1.987610528061841819e+01,0.000000000000000000e+00
8.981090240748077491e+00,-2.017185895047242994e+01,0.000000000000000000e+00
9.550630478053696137e+00,-2.048139315541565608e+01,0.000000000000000000e+00
1.014771359570979925e+01,-2.080589616853024992e+01,0.000000000000000000e+00
1.077477873120649576e+01,-2.114669393235933370e+01,0.000000000000000000e+00
1.143455466581862190e+01,-2.150526957945448459e+01,0.000000000000000000e+00
1.213010413225035755e+01,-2.188328713099491551e+01,0.000000000000000000e+00
1.286487830582471403e+01,-2.228262285887902650e+01,0.000000000000000000e+00
1.364277864876906321e+01,-2.270539658739608413e+01,0.000000000000000000e+00
1.446823510743162089e+01,-2.315401621670678978e+01,0.000000000000000000e+00
1.534629786990601019e+01,-2.363122641413065494e+01,0.000000000000000000e+00
1.628275049903987437e+01,-2.414017034990790123e+01,0.000000000000000000e+00
1.728424863498948838e+01,-2.468446523609535603e+01,0.000000000000000000e+00
1.835849117179965972e+01,-2.526829533599471134e+01,0.000000000000000000e+00
1.951443323335023550e+01,-2.589652756917469389e+01,0.000000000000000000e+00
2.076255378212524150e+01,-2.657485697638994537e+01,0.000000000000000000e+00
2.211519489660983240e+01,-2.730999129404196069e+01,0.000000000000000000e+00
2.358699531469744315e+01,-2.810988640479348533e+01,0.000000000000000000e+00
2.519544966665437968e+01,-2.898404930224633347e+01,0.000000000000000000e+00
2.696148279370408574e+01,-2.994376020903974123e+01,0.000000000000000000e+00
2.889325567989567745e+01,-3.098422332186310868e+01,0.000000000000000000e+00
3.077774382089686256e+01,-3.187128671661916002e+01,0.000000000000000000e+00
3.260650292977303621e+01,-3.260650292977305043e+01,0.000000000000000000e+00
3.437787986338304336e+01,-3.319833268573518126e+01,0.000000000000000000e+00
3.608407247591781442e+01,-3.364894195307810776e+01,0.000000000000000000e+00
3.771672599533507508e+01,-3.396029262387316550e+01,0.000000000000000000e+00
3.927304595000509124e+01,-3.413953799798670019e+01,0.000000000000000000e+00
4.074283145289236785e+01,-3.418729484524009621e+01,0.000000000000000000e+00
4.212638451530919781e+01,-3.411327355673081030e+01,0.000000000000000000e+00
4.341654715834187783e+01,-3.392072424736362279e+01,0.000000000000000000e+00
4.460589015955631709e+01,-3.361294918817403499e+01,0.000000000000000000e+00
4.569404218090573977e+01,-3.319866492089885668e+01,0.000000000000000000e+00
4.667163315308884819e+01,-3.267982935435104253e+01,0.000000000000000000e+00
4.753179695640589841e+01,-3.206060186792075939e+01,0.000000000000000000e+00
4.827879397642516324e+01,-3.135261539870873193e+01,0.000000000000000000e+00
4.890005671153543432e+01,-3.055614674566657385e+01,0.000000000000000000e+00
4.940265909982674941e+01,-2.968411232832946212e+01,0.000000000000000000e+00
4.977235173694223391e+01,-2.873608067352436990e+01,0.000000000000000000e+00
5.000221333896968190e+01,-2.771667944646326376e+01,0.000000000000000000e+00
5.011078656667373821e+01,-2.664437784547575561e+01,0.000000000000000000e+00
5.007111511827518768e+01,-2.551250743732646598e+01,0.000000000000000000e+00
4.990954746586248092e+01,-2.434251277967580762e+01,0.000000000000000000e+00
4.955323702260648844e+01,-2.310705391001124198e+01,0.000000000000000000e+00
4.906546914658014913e+01,-2.184535432217841944e+01,0.000000000000000000e+00
4.844776606630303917e+01,-2.056485659675995947e+01,0.000000000000000000e+00
4.766633576535011230e+01,-1.925844973866577448e+01,0.000000000000000000e+00
4.673787353577780124e+01,-1.794098872441867343e+01,0.000000000000000000e+00
4.565881070910934625e+01,-1.661844803011070937e+01,0.000000000000000000e+00
4.443762589601735158e+01,-1.530110166503472335e+01,0.000000000000000000e+00
4.304219617539721554e+01,-1.398525730650723631e+01,0.000000000000000000e+00
4.147632695656689350e+01,-1.268058570483337810e+01,0.000000000000000000e+00
3.982482682476101843e+01,-1.141958533064384618e+01,0.000000000000000000e+00
3.818296793664008959e+01,-1.023109542324616150e+01,0.000000000000000000e+00
3.653105141088216357e+01,-9.108214090036813815e+00,0.000000000000000000e+00
3.490161504445823937e+01,-8.057672732674827643e+00,0.000000000000000000e+00
3.328514933191578251e+01,-7.074976896665271298e+00,0.000000000000000000e+00
3.167196445422374751e+01,-6.156406241610838492e+00,0.000000000000000000e+00
3.009151709097159610e+01,-5.305946353588221420e+00,0.000000000000000000e+00
2.863590223592321848e+01,-4.535481348824844439e+00,0.000000000000000000e+00
2.732003739150908572e+01,-3.839580859103243871e+00,0.000000000000000000e+00
2.612536068140121515e+01,-3.207790939695873700e+00,0.000000000000000000e+00
2.503527203136177803e+01,-2.631313121524456733e+00,0.000000000000000000e+00
2.403603067617334688e+01,-2.102880200326521010e+00,0.000000000000000000e+00
2.311620162928517175e+01,-1.616442284179280708e+00,0.000000000000000000e+00
2.226617942017060869e+01,-1.166921016528907451e+00,0.000000000000000000e+00
2.147784501510490074e+01,-7.500228749519580740e-01,0.000000000000000000e+00
2.074428822755092838e+01,-3.620928979015805571e-01,0.000000000000000000e+00
2.005958843814557468e+01,-4.913182154597646526e-15,0.000000000000000000e+00
