2.127109242876679218e+01,0.000000000000000000e+00,0.000000000000000000e+00
2.078130371498328088e+01,3.627390056380425110e-01,0.000000000000000000e+00
2.029889518676942828e+01,7.088530397543225670e-01,0.000000000000000000e+00
1.982345009873749930e+01,1.038902997403016171e+00,0.000000000000000000e+00
1.935632811488219929e+01,1.353526316006250951e+00,0.000000000000000000e+00
1.889804112912317535e+01,1.653364361644930280e+00,0.000000000000000000e+00
1.844892071431870306e+01,1.939059703155564751e+00,0.000000000000000000e+00
1.800932123013323505e+01,2.211266599401266575e+00,0.000000000000000000e+00
1.757962966462437748e+01,2.470655826825231660e+00,0.000000000000000000e+00
1.715982905214086784e+01,2.717849920488049520e+00,0.000000000000000000e+00
1.674921176856170391e+01,2.953337940397173789e+00,0.000000000000000000e+00
1.634908520711586988e+01,3.177940236678082453e+00,0.000000000000000000e+00
1.596021687002168576e+01,3.392448821399691283e+00,0.000000000000000000e+00
1.558366240365920241e+01,3.597771950244245343e+00,0.000000000000000000e+00
1.522125830050755191e+01,3.795085932825734698e+00,0.000000000000000000e+00
1.487242140246110722e+01,3.985053304284798426e+00,0.000000000000000000e+00
1.453612117823384864e+01,4.168165674689442213e+00,0.000000000000000000e+00
1.421153553171575901e+01,4.344902442685425470e+00,0.000000000000000000e+00
1.389787819396402391e+01,4.515694361064723772e+00,0.000000000000000000e+00
1.359441490446505973e+01,4.680932438123905470e+00,0.000000000000000000e+00
1.330048293085293132e+01,4.840979888196166314e+00,0.000000000000000000e+00
1.301547220461652365e+01,4.996171678355397994e+00,0.000000000000000000e+00
1.273881302199701437e+01,5.146814546897201303e+00,0.000000000000000000e+00
1.246998503892917753e+01,5.293194607535983032e+00,0.000000000000000000e+00
1.220849753017957973e+01,5.435573304954364637e+00,0.000000000000000000e+00
1.195391079438552318e+01,5.574200148323672721e+00,0.000000000000000000e+00
1.170580566680064649e+01,5.709302899117608909e+00,0.000000000000000000e+00
1.146378051813401200e+01,5.841087921407708272e+00,0.000000000000000000e+00
1.122744922744139551e+01,5.969740647730973571e+00,0.000000000000000000e+00
1.099651921321316550e+01,6.095470134358339287e+00,0.000000000000000000e+00
1.077074225959288434e+01,6.218490942948029065e+00,0.000000000000000000e+00
1.054940751595695048e+01,6.338723530411891183e+00,0.000000000000000000e+00
1.033123642884120663e+01,6.455673011712038445e+00,0.000000000000000000e+00
1.011523923883104814e+01,6.568913168706290051e+00,0.000000000000000000e+00
9.901485880765863001e+00,6.678636555971610989e+00,0.000000000000000000e+00
9.690253939740721023e+00,6.785188855772790184e+00,0.000000000000000000e+00
9.481552298229377840e+00,6.888750976170610052e+00,0.000000000000000000e+00
9.275185667222819674e+00,6.989353724991143046e+00,0.000000000000000000e+00
9.071089274716552353e+00,7.087111667095284062e+00,0.000000000000000000e+00
8.869618738576971140e+00,7.182475635026871252e+00,0.000000000000000000e+00
8.671177683880069154e+00,7.275981996416427400e+00,0.000000000000000000e+00
8.475882519194545495e+00,7.367972265224207007e+00,0.000000000000000000e+00
8.283565743193074482e+00,7.458556096378085698e+00,0.000000000000000000e+00
8.094047609687152089e+00,7.547821503949748490e+00,0.000000000000000000e+00
7.907157240721607749e+00,7.635852987999331987e+00,0.000000000000000000e+00
7.722728067834989218e+00,7.722728067834988330e+00,0.000000000000000000e+00
7.540597208342149749e+00,7.808516993322835553e+00,0.000000000000000000e+00
7.360615713068209942e+00,7.893293977210365853e+00,0.000000000000000000e+00
7.182638322719598456e+00,7.977128010704145566e+00,0.000000000000000000e+00
7.006522943380841362e+00,8.060082638534476374e+00,0.000000000000000000e+00
6.832137293801213040e+00,8.142224164984479984e+00,0.000000000000000000e+00
6.659350918232113337e+00,8.223613513293917876e+00,0.000000000000000000e+00
6.488035901823502982e+00,8.304307261907267090e+00,0.000000000000000000e+00
6.318072605185102830e+00,8.384365533332662324e+00,0.000000000000000000e+00
6.149342668539596879e+00,8.463844071759860199e+00,0.000000000000000000e+00
5.981729063841417116e+00,8.542794439396494965e+00,0.000000000000000000e+00
5.815121326434506521e+00,8.621271905737831531e+00,0.000000000000000000e+00
5.649410056939995428e+00,8.699328612903643787e+00,0.000000000000000000e+00
5.484486037853451457e+00,8.777012380420419646e+00,0.000000000000000000e+00
5.320245047693556550e+00,8.854374673953335773e+00,0.000000000000000000e+00
5.156584051202685259e+00,8.931465570182400171e+00,0.000000000000000000e+00
4.993399241527576748e+00,9.008330692851853172e+00,0.000000000000000000e+00
4.830589964708381423e+00,9.085018389863456889e+00,0.000000000000000000e+00
4.668056981599688626e+00,9.161577672384213500e+00,0.000000000000000000e+00
4.505699617837517046e+00,9.238053235454628975e+00,0.000000000000000000e+00
4.343418646427495311e+00,9.314491345934023059e+00,0.000000000000000000e+00
4.181116546047923599e+00,9.390941518403018051e+00,0.000000000000000000e+00
4.018693880934184115e+00,9.467449486920232360e+00,0.000000000000000000e+00
3.856050579830164526e+00,9.544060096245928548e+00,0.000000000000000000e+00
3.693087476031461591e+00,9.620821798767188682e+00,0.000000000000000000e+00
3.529703255358592973e+00,9.697779991473204575e+00,0.000000000000000000e+00
3.365795321545245411e+00,9.774979384862090726e+00,0.000000000000000000e+00
3.201263420333139376e+00,9.852475726920646437e+00,0.000000000000000000e+00
3.036004994662381495e+00,9.930324886522379657e+00,0.000000000000000000e+00
2.869913442195738629e+00,1.000857759088660082e+01,0.000000000000000000e+00
2.702876416528019465e+00,1.008727211306226934e+01,0.000000000000000000e+00
2.534777792237762117e+00,1.016643843985729134e+01,0.000000000000000000e+00
2.365500494509169993e+00,1.024610832257371307e+01,0.000000000000000000e+00
2.194940977642501512e+00,1.032638541194497961e+01,0.000000000000000000e+00
2.022997449234440026e+00,1.040741965175672590e+01,0.000000000000000000e+00
1.849548472864750215e+00,1.048931062865955077e+01,0.000000000000000000e+00
1.674351478351412847e+00,1.057143918253962767e+01,0.000000000000000000e+00
1.497128663009893890e+00,1.065262395929413053e+01,0.000000000000000000e+00
1.317687796161469027e+00,1.073170589585337709e+01,0.000000000000000000e+00
1.135989912610948283e+00,1.080822204490102578e+01,0.000000000000000000e+00
9.520706802863568852e-01,1.088221767159863873e+01,0.000000000000000000e+00
7.659597487749570943e-01,1.095373473330555036e+01,0.000000000000000000e+00
5.776743615932671272e-01,1.102268345455723342e+01,0.000000000000000000e+00
3.872331279656365255e-01,1.108890593195960328e+01,0.000000000000000000e+00
1.946636447430038774e-01,1.115227273823056464e+01,0.000000000000000000e+00
6.865848798483033446e-16,1.121278200908752432e+01,0.000000000000000000e+00
-1.967267217222653242e-01,1.127046633921369256e+01,0.000000000000000000e+00
-3.954893302401809030e-01,1.132533263144855162e+01,0.000000000000000000e+00
-5.962611983391318260e-01,1.137734142709764207e+01,0.000000000000000000e+00
-7.990146931746743286e-01,1.142644246130009122e+01,0.000000000000000000e+00
-1.003715001426539244e+00,1.147251496337151266e+01,0.000000000000000000e+00
-1.210316457584192706e+00,1.151539188239965661e+01,0.000000000000000000e+00
-1.418771424189857244e+00,1.155496598071310110e+01,0.000000000000000000e+00
-1.629052160401911475e+00,1.159130841830835301e+01,0.000000000000000000e+00
-1.841141829522383588e+00,1.162451201487851726e+01,0.000000000000000000e+00
-2.055005086684253968e+00,1.165451298733432672e+01,0.000000000000000000e+00
-2.270581376755316683e+00,1.168112854037396353e+01,0.000000000000000000e+00
-2.487808775638386205e+00,1.170422007249309360e+01,0.000000000000000000e+00
-2.706644716320012911e+00,1.172376628899882789e+01,0.000000000000000000e+00
-2.927052476693968508e+00,1.173976626498303766e+01,0.000000000000000000e+00
-3.149002611997736345e+00,1.175223774114265218e+01,0.000000000000000000e+00
-3.372471242920690671e+00,1.176120492399972406e+01,0.000000000000000000e+00
-3.597407462519427224e+00,1.176658961853606122e+01,0.000000000000000000e+00
-3.823713215698042234e+00,1.176817921483331553e+01,0.000000000000000000e+00
-4.051294899431949759e+00,1.176581471560285763e+01,0.000000000000000000e+00
-4.280120874824491217e+00,1.175953545611665696e+01,0.000000000000000000e+00
-4.510175487296608665e+00,1.174940884180643330e+01,0.000000000000000000e+00
-4.741414072984503569e+00,1.173541163864695669e+01,0.000000000000000000e+00
-4.973774505531737944e+00,1.171747843593081662e+01,0.000000000000000000e+00
-5.207202657601661677e+00,1.169556865814510083e+01,0.000000000000000000e+00
-5.441654430445810320e+00,1.166966558511254703e+01,0.000000000000000000e+00
-5.677061211910156224e+00,1.163970041166020408e+01,0.000000000000000000e+00
-5.913300518676728679e+00,1.160550572016400750e+01,0.000000000000000000e+00
-6.150257831517078166e+00,1.156695267243772030e+01,0.000000000000000000e+00
-6.387900225833239354e+00,1.152407706331227999e+01,0.000000000000000000e+00
-6.626212891411346284e+00,1.147693738969233301e+01,0.000000000000000000e+00
-6.865139838130204453e+00,1.142551137606725575e+01,0.000000000000000000e+00
-7.104605309350587206e+00,1.136974519176212439e+01,0.000000000000000000e+00
-7.344535588407409499e+00,1.130959302807789335e+01,0.000000000000000000e+00
-7.584858488699656398e+00,1.124501514703864480e+01,0.000000000000000000e+00
-7.825503816774805443e+00,1.117597767767975547e+01,0.000000000000000000e+00
-8.066404120084937901e+00,1.110245279409909536e+01,0.000000000000000000e+00
-8.307479458193267163e+00,1.102439759571330313e+01,0.000000000000000000e+00
-8.548625454046600680e+00,1.094174161665970857e+01,0.000000000000000000e+00
-8.789735162821335379e+00,1.085441895926423150e+01,0.000000000000000000e+00
-9.030709359570645134e+00,1.076238032294247482e+01,0.000000000000000000e+00
-9.271457012822018839e+00,1.066559123645811979e+01,0.000000000000000000e+00
-9.511929578879323444e+00,1.056406803047735110e+01,0.000000000000000000e+00
-9.752089956267964155e+00,1.045783612644774507e+01,0.000000000000000000e+00
-9.991862374491047305e+00,1.034687638000890608e+01,0.000000000000000000e+00
-1.023114932164087953e+01,1.023114932164088131e+01,0.000000000000000000e+00
-1.046986479088548627e+01,1.011063090230592287e+01,0.000000000000000000e+00
-1.070793340324278375e+01,9.985309439881289606e+00,0.000000000000000000e+00
-1.094526740068229920e+01,9.855163033495651703e+00,0.000000000000000000e+00
-1.118175986704730640e+01,9.720155557869956553e+00,0.000000000000000000e+00
-1.141728871955933933e+01,9.580242753626764696e+00,0.000000000000000000e+00
-1.165169917722397308e+01,9.435359953307381531e+00,0.000000000000000000e+00
-1.188484917022838516e+01,9.285461829899727348e+00,0.000000000000000000e+00
-1.211670426039249193e+01,9.130591569316541367e+00,0.000000000000000000e+00
-1.234726472260827279e+01,8.970812925515229352e+00,0.000000000000000000e+00
-1.257649878917243846e+01,8.806159256463834240e+00,0.000000000000000000e+00
-1.280435110571446877e+01,8.636643873445152053e+00,0.000000000000000000e+00
-1.303067048934036798e+01,8.462216360232350354e+00,0.000000000000000000e+00
-1.325517010541530283e+01,8.282749553218753391e+00,0.000000000000000000e+00
-1.347762499531673797e+01,8.098174097707337538e+00,0.000000000000000000e+00
-1.369807436913545295e+01,7.908586924399864770e+00,0.000000000000000000e+00
-1.391660291175797859e+01,7.714098959461409777e+00,0.000000000000000000e+00
-1.413312687872624629e+01,7.514716860287107281e+00,0.000000000000000000e+00
-1.434745673950435219e+01,7.310394344297828972e+00,0.000000000000000000e+00
-1.455943343437854054e+01,7.101110157001793155e+00,0.000000000000000000e+00
-1.476896131348685159e+01,6.886879763473826799e+00,0.000000000000000000e+00
-1.497594818696503260e+01,6.667721722531202211e+00,0.000000000000000000e+00
-1.518027547711142766e+01,6.443644643158052077e+00,0.000000000000000000e+00
-1.538181166259068178e+01,6.214655312543715837e+00,0.000000000000000000e+00
-1.558045162640933334e+01,5.980775028987592279e+00,0.000000000000000000e+00
-1.577614795786667834e+01,5.742048268043007830e+00,0.000000000000000000e+00
-1.596885813623060635e+01,5.498518809009541819e+00,0.000000000000000000e+00
-1.615847648310718654e+01,5.250207270477749155e+00,0.000000000000000000e+00
-1.634484186706118081e+01,4.997119642350662971e+00,0.000000000000000000e+00
-1.652779636936939411e+01,4.739269345677861622e+00,0.000000000000000000e+00
-1.670723169518448614e+01,4.476689240484344801e+00,0.000000000000000000e+00
-1.688306351888321188e+01,4.209420509037713032e+00,0.000000000000000000e+00
-1.705519720270836359e+01,3.937502527479039394e+00,0.000000000000000000e+00
-1.722346984216834542e+01,3.660961529678621762e+00,0.000000000000000000e+00
-1.738769113278384282e+01,3.379824777581692086e+00,0.000000000000000000e+00
-1.754769798297469663e+01,3.094132603721947206e+00,0.000000000000000000e+00
-1.770359889523038532e+01,2.803974602751145184e+00,0.000000000000000000e+00
-1.785565741128318962e+01,2.509448996741686866e+00,0.000000000000000000e+00
-1.800414012638898953e+01,2.210630439853038531e+00,0.000000000000000000e+00
-1.814917126076344900e+01,1.907554766068340069e+00,0.000000000000000000e+00
-1.829064296831183967e+01,1.600223908327450983e+00,0.000000000000000000e+00
-1.842842498945005758e+01,1.288641008652366526e+00,0.000000000000000000e+00
-1.856238557003005596e+01,9.728134059208436435e-01,0.000000000000000000e+00
-1.869239159330665245e+01,6.527526980793394440e-01,0.000000000000000000e+00
-1.881830871377411185e+01,3.284748004381683462e-01,0.000000000000000000e+00
-1.894000149276340750e+01,2.319481220395880134e-15,0.000000000000000000e+00
-1.900190160399455763e+01,-3.316794262573207752e-01,0.000000000000000000e+00
-1.897414487603920819e+01,-6.625917395191899262e-01,0.000000000000000000e+00
-1.893739300181625751e+01,-9.924667126353903246e-01,0.000000000000000000e+00
-1.889168196502747676e+01,-1.321035092065074412e+00,0.000000000000000000e+00
-1.883706133878316535e+01,-1.648029321285987780e+00,0.000000000000000000e+00
-1.877358824865373776e+01,-1.973183636067433522e+00,0.000000000000000000e+00
-1.870132731378560109e+01,-2.296234262524666558e+00,0.000000000000000000e+00
-1.862035058313736258e+01,-2.616919613405288114e+00,0.000000000000000000e+00
-1.853073746688554024e+01,-2.934980482493579235e+00,0.000000000000000000e+00
-1.843257466305155390e+01,-3.250160237019234177e+00,0.000000000000000000e+00
-1.832595545652879565e+01,-3.562204886884124733e+00,0.000000000000000000e+00
-1.821097453313777237e+01,-3.870862131424096297e+00,0.000000000000000000e+00
-1.808773062948221622e+01,-4.175881651995001498e+00,0.000000000000000000e+00
-1.795632956998864316e+01,-4.477015790079214241e+00,0.000000000000000000e+00
-1.781688411879143530e+01,-4.774019711269052557e+00,0.000000000000000000e+00
-1.766950497651896157e+01,-5.066649020659102831e+00,0.000000000000000000e+00
-1.751429438962111718e+01,-5.354657159006449341e+00,0.000000000000000000e+00
-1.735136044698031199e+01,-5.637798765660515521e+00,0.000000000000000000e+00
-1.718082567568162489e+01,-5.915832699253257054e+00,0.000000000000000000e+00
-1.700287102965175734e+01,-6.188538951860373061e+00,0.000000000000000000e+00
-1.681770592620493687e+01,-6.455712456872055860e+00,0.000000000000000000e+00
-1.662552906553020549e+01,-6.717149760858870167e+00,0.000000000000000000e+00
-1.642643130739463331e+01,-6.972606410186029002e+00,0.000000000000000000e+00
-1.622046293715954235e+01,-7.221815388607371489e+00,0.000000000000000000e+00
-1.600774999464618631e+01,-7.464536412334150661e+00,0.000000000000000000e+00
-1.578860648085735363e+01,-7.700617908756285601e+00,0.000000000000000000e+00
-1.556336899677858554e+01,-7.929932583731257090e+00,0.000000000000000000e+00
-1.533226208311497096e+01,-8.152308358297904789e+00,0.000000000000000000e+00
-1.509544294830453204e+01,-8.367540661934073754e+00,0.000000000000000000e+00
-1.485310071076063743e+01,-8.575441693658277131e+00,0.000000000000000000e+00
-1.460546699187382025e+01,-8.775849937923902999e+00,0.000000000000000000e+00
-1.435268590791134535e+01,-8.968553541434696186e+00,0.000000000000000000e+00
-1.409469270412298059e+01,-9.153200465843017497e+00,0.000000000000000000e+00
-1.383175191429807604e+01,-9.329634469045588574e+00,0.000000000000000000e+00
-1.356511789957026615e+01,-9.498397809982556339e+00,0.000000000000000000e+00
-1.329677760543942533e+01,-9.660674415781027591e+00,0.000000000000000000e+00
-1.303035888949883514e+01,-9.819079715474789083e+00,0.000000000000000000e+00
-1.276846432551013777e+01,-9.975817650084849220e+00,0.000000000000000000e+00
-1.251048025463826541e+01,-1.013078715780747885e+01,0.000000000000000000e+00
-1.225554966197808149e+01,-1.028362720124064644e+01,0.000000000000000000e+00
-1.200355919203756727e+01,-1.043453481223032320e+01,0.000000000000000000e+00
-1.175447253569446815e+01,-1.058377460972718431e+01,0.000000000000000000e+00
-1.150807872087137262e+01,-1.073145701967235510e+01,0.000000000000000000e+00
-1.126413865777324830e+01,-1.087765225968204952e+01,0.000000000000000000e+00
-1.102246960753755900e+01,-1.102246960753755367e+01,0.000000000000000000e+00
-1.078290619603892253e+01,-1.116602623675845152e+01,0.000000000000000000e+00
-1.054527999837098129e+01,-1.130842830870216176e+01,0.000000000000000000e+00
-1.030942081080983641e+01,-1.144977177312592076e+01,0.000000000000000000e+00
-1.007516546762162690e+01,-1.159015205147599659e+01,0.000000000000000000e+00
-9.842357668468604714e+00,-1.172966511099462572e+01,0.000000000000000000e+00
-9.610843010933844965e+00,-1.186840270610698589e+01,0.000000000000000000e+00
-9.380471859482398145e+00,-1.200645646256715082e+01,0.000000000000000000e+00
-9.151094906709644761e+00,-1.214391310810594327e+01,0.000000000000000000e+00
-8.922567992623957167e+00,-1.228086126922238108e+01,0.000000000000000000e+00
-8.694747086867621988e+00,-1.241738572123679241e+01,0.000000000000000000e+00
-8.467491119139735289e+00,-1.255357183446481528e+01,0.000000000000000000e+00
-8.240660042818415576e+00,-1.268950367864286122e+01,0.000000000000000000e+00
-8.014114258643184385e+00,-1.282526376778690569e+01,0.000000000000000000e+00
-7.787716255042172797e+00,-1.296093637763429030e+01,0.000000000000000000e+00
-7.561327001347180499e+00,-1.309660253897572524e+01,0.000000000000000000e+00
-7.334809489686363371e+00,-1.323234659521222945e+01,0.000000000000000000e+00
-7.108024687242003203e+00,-1.336825014563112113e+01,0.000000000000000000e+00
-6.880834024878715205e+00,-1.350439714386424939e+01,0.000000000000000000e+00
-6.653097570890222912e+00,-1.364087150799809578e+01,0.000000000000000000e+00
-6.424673652252498535e+00,-1.377775710927088149e+01,0.000000000000000000e+00
-6.195419950239743123e+00,-1.391514103801829627e+01,0.000000000000000000e+00
-5.965190602482325133e+00,-1.405310839344759977e+01,0.000000000000000000e+00
-5.733838967991239599e+00,-1.419174944928116844e+01,0.000000000000000000e+00
-5.501214066441080242e+00,-1.433115260702535920e+01,0.000000000000000000e+00
-5.267162873122436473e+00,-1.447141105849359910e+01,0.000000000000000000e+00
-5.031528017175615375e+00,-1.461261839881208857e+01,0.000000000000000000e+00
-4.794148249271597884e+00,-1.475487114156075208e+01,0.000000000000000000e+00
-4.554858050366531685e+00,-1.489826938086491737e+01,0.000000000000000000e+00
-4.313486212052382029e+00,-1.504291411922010191e+01,0.000000000000000000e+00
-4.069856927763988885e+00,-1.518891283395139347e+01,0.000000000000000000e+00
-3.823787179545682591e+00,-1.533637271362062116e+01,0.000000000000000000e+00
-3.575088457116180951e+00,-1.548540940043048231e+01,0.000000000000000000e+00
-3.323563778197422547e+00,-1.563613822167953060e+01,0.000000000000000000e+00
-3.069009279723507344e+00,-1.578868401505166119e+01,0.000000000000000000e+00
-2.811211413751400379e+00,-1.594317218191011776e+01,0.000000000000000000e+00
-2.549948042545845173e+00,-1.609973831596646932e+01,0.000000000000000000e+00
-2.284985939771878805e+00,-1.625851977192651177e+01,0.000000000000000000e+00
-2.016081359074266555e+00,-1.641966501528271394e+01,0.000000000000000000e+00
-1.742977729660270203e+00,-1.658332535558128029e+01,0.000000000000000000e+00
-1.465405778881109677e+00,-1.674966469737979224e+01,0.000000000000000000e+00
-1.183081291412896752e+00,-1.691885070305551508e+01,0.000000000000000000e+00
-8.957047913544649020e-01,-1.709106555568746799e+01,0.000000000000000000e+00
-6.029593452955283039e-01,-1.726649653118338534e+01,0.000000000000000000e+00
-3.045096625784343702e-01,-1.744534688531401656e+01,0.000000000000000000e+00
-3.238179497191075547e-15,-1.762782814574576307e+01,0.000000000000000000e+00
3.109474486346393007e-01,-1.781416740146141464e+01,0.000000000000000000e+00
6.287346993024967023e-01,-1.800460609698391679e+01,0.000000000000000000e+00
9.537900999070877406e-01,-1.819939926772904926e+01,0.000000000000000000e+00
1.286571041108872882e+00,-1.839882307444841913e+01,0.000000000000000000e+00
1.627566398503586864e+00,-1.860316906111297186e+01,0.000000000000000000e+00
1.977299813101338399e+00,-1.881275105711242546e+01,0.000000000000000000e+00
2.336333205876385932e+00,-1.902790699983774303e+01,0.000000000000000000e+00
2.705270162344322937e+00,-1.924899740401420800e+01,0.000000000000000000e+00
3.084760560783867955e+00,-1.947641166305900740e+01,0.000000000000000000e+00
3.475505442084676488e+00,-1.971057082767727664e+01,0.000000000000000000e+00
3.878262009843959746e+00,-1.995192839772789739e+01,0.000000000000000000e+00
4.293849746500589148e+00,-2.020097480296317727e+01,0.000000000000000000e+00
4.723157529382723929e+00,-2.045824288896483623e+01,0.000000000000000000e+00
5.167151351481139798e+00,-2.072431212121455602e+01,0.000000000000000000e+00
5.626882614075447542e+00,-2.099981180395551306e+01,0.000000000000000000e+00
6.103499405109961806e+00,-2.128543198335485798e+01,0.000000000000000000e+00
6.598254340881165803e+00,-2.158191748829550249e+01,0.000000000000000000e+00
7.112528548978229281e+00,-2.189011202287930402e+01,0.000000000000000000e+00
7.647810998039589414e+00,-2.221085589091539347e+01,0.000000000000000000e+00
8.205856240046664141e+00,-2.254540472681905428e+01,0.000000000000000000e+00
8.787956670818468652e+00,-2.289340982415219017e+01,0.000000000000000000e+00
9.392684301601379460e+00,-2.324770943318320349e+01,0.000000000000000000e+00
1.001803982309216501e+01,-2.360102281814826597e+01,0.000000000000000000e+00
1.066407743098692507e+01,-2.395191006975860404e+01,0.000000000000000000e+00
1.132949189591065497e+01,-2.429617377663734601e+01,0.000000000000000000e+00
1.201546084846346929e+01,-2.463534553595028243e+01,0.000000000000000000e+00
1.272354821852607643e+01,-2.497136940098063107e+01,0.000000000000000000e+00
1.345186113044503529e+01,-2.529927123619162543e+01,0.000000000000000000e+00
1.420120717859625792e+01,-2.561965593269104957e+01,0.000000000000000000e+00
1.497341674857445071e+01,-2.593471857143373072e+01,0.000000000000000000e+00
1.576514223248166857e+01,-2.623760275385688701e+01,0.000000000000000000e+00
1.658047691070800411e+01,-2.653430970817392520e+01,0.000000000000000000e+00
1.741273300577580585e+01,-2.681325747985198760e+01,0.000000000000000000e+00
1.824646460747993260e+01,-2.705149624039892586e+01,0.000000000000000000e+00
1.907882166919145916e+01,-2.724738113784404803e+01,0.000000000000000000e+00
1.989662696992951751e+01,-2.738535763977015236e+01,0.000000000000000000e+00
2.071338476034100751e+01,-2.748758998444167645e+01,0.000000000000000000e+00
2.151003540010814064e+01,-2.753158981854529941e+01,0.000000000000000000e+00
2.230169126908321431e+01,-2.754029513411344254e+01,0.000000000000000000e+00
2.307069503881644934e+01,-2.749458369615492614e+01,0.000000000000000000e+00
2.383160523590347779e+01,-2.741512575674617480e+01,0.000000000000000000e+00
2.456485267675862971e+01,-2.728203280774356543e+01,0.000000000000000000e+00
2.528439022841948258e+01,-2.711418893301092936e+01,0.000000000000000000e+00
2.598100401396782289e+01,-2.690411723917819486e+01,0.000000000000000000e+00
2.665088072786970130e+01,-2.665088072786971551e+01,0.000000000000000000e+00
2.729885058224520833e+01,-2.636219357240977956e+01,0.000000000000000000e+00
2.792164205661400445e+01,-2.603735244752835243e+01,0.000000000000000000e+00
2.851593194770805084e+01,-2.567586045263830385e+01,0.000000000000000000e+00
2.907787590115029630e+01,-2.527701188473601590e+01,0.000000000000000000e+00
2.960995619492136655e+01,-2.484570332233395007e+01,0.000000000000000000e+00
3.011058424638209630e+01,-2.438307035289336611e+01,0.000000000000000000e+00
3.057845491566839513e+01,-2.389050730639542763e+01,0.000000000000000000e+00
3.100890894142934684e+01,-2.336688892208283264e+01,0.000000000000000000e+00
3.140237050433107413e+01,-2.281515765157768527e+01,0.000000000000000000e+00
3.176179654543271624e+01,-2.223984936819512370e+01,0.000000000000000000e+00
3.208540333110295251e+01,-2.164187781315332870e+01,0.000000000000000000e+00
3.236719657016040230e+01,-2.101950322317858166e+01,0.000000000000000000e+00
3.260605840026217095e+01,-2.037452658088955104e+01,0.000000000000000000e+00
3.280270723393479670e+01,-1.970985497436191380e+01,0.000000000000000000e+00
3.295924217385633881e+01,-1.902902734136204543e+01,0.000000000000000000e+00
3.307820017283400205e+01,-1.833554576156842231e+01,0.000000000000000000e+00
3.314863765959682240e+01,-1.762544329033651991e+01,0.000000000000000000e+00
3.317445834477381794e+01,-1.690323079985509480e+01,0.000000000000000000e+00
3.315542482010670255e+01,-1.617098117251143208e+01,0.000000000000000000e+00
3.310340896403003086e+01,-1.543637311096405540e+01,0.000000000000000000e+00
3.299132831191521831e+01,-1.468868573089629592e+01,0.000000000000000000e+00
3.282576937338179590e+01,-1.393371242170514890e+01,0.000000000000000000e+00
3.261362136199359441e+01,-1.317675834970312998e+01,0.000000000000000000e+00
3.236042485475641683e+01,-1.242200326020717682e+01,0.000000000000000000e+00
3.206143061579572162e+01,-1.166940641214075391e+01,0.000000000000000000e+00
3.171004876919296933e+01,-1.091864540999513622e+01,0.000000000000000000e+00
3.131252190081962183e+01,-1.017405510430054605e+01,0.000000000000000000e+00
3.087188968914106368e+01,-9.438483872577670297e+00,0.000000000000000000e+00
3.038146553799387561e+01,-8.711745055610004229e+00,0.000000000000000000e+00
2.984543670257294679e+01,-7.997060662208607340e+00,0.000000000000000000e+00
2.929857243719840554e+01,-7.304954551922943295e+00,0.000000000000000000e+00
2.874964851873745175e+01,-6.637379349016651275e+00,0.000000000000000000e+00
2.819975913848658422e+01,-5.994043842399509714e+00,0.000000000000000000e+00
2.764963125141822076e+01,-5.374543870194592010e+00,0.000000000000000000e+00
2.709998732097504615e+01,-4.778458941545238758e+00,0.000000000000000000e+00
2.655151851146891318e+01,-4.205347399205575876e+00,0.000000000000000000e+00
2.600489396897878791e+01,-3.654749504747475619e+00,0.000000000000000000e+00
2.546075883517824323e+01,-3.126188093832125592e+00,0.000000000000000000e+00
2.491973613549442135e+01,-2.619169809543584027e+00,0.000000000000000000e+00
2.438242766772179593e+01,-2.133186010166495894e+00,0.000000000000000000e+00
2.384941522326425556e+01,-1.667713573279880901e+00,0.000000000000000000e+00
2.332126147539332095e+01,-1.222215524004517606e+00,0.000000000000000000e+00
2.279851107439134594e+01,-7.961415499838745413e-01,0.000000000000000000e+00
2.228168994129839220e+01,-3.889283446357969520e-01,0.000000000000000000e+00
2.177130915549176748e+01,-5.332432814104092287e-15,0.000000000000000000e+00
