3.043156881081817389e+01,0.000000000000000000e+00,0.000000000000000000e+00
2.941015090618100558e+01,5.133560936160667110e-01,0.000000000000000000e+00
2.842093736978702267e+01,9.924810026297316012e-01,0.000000000000000000e+00
2.745988675282210423e+01,1.439111684079207532e+00,0.000000000000000000e+00
2.652284658052157695e+01,1.854658105042710670e+00,0.000000000000000000e+00
2.561767430609553386e+01,2.241256087682700571e+00,0.000000000000000000e+00
2.474533720959433580e+01,2.600839743805700710e+00,0.000000000000000000e+00
2.391465869206917461e+01,2.936350866648544056e+00,0.000000000000000000e+00
2.313298688066712216e+01,3.251129285368427713e+00,0.000000000000000000e+00
2.239763522015576669e+01,3.547436918937493022e+00,0.000000000000000000e+00
2.170379047802043715e+01,3.826963844918474855e+00,0.000000000000000000e+00
2.104777140950970704e+01,4.091272313240528646e+00,0.000000000000000000e+00
2.042615440529450410e+01,4.341713148530374156e+00,0.000000000000000000e+00
1.983596817359190112e+01,4.579494091461402405e+00,0.000000000000000000e+00
1.927454656207192940e+01,4.805684200029289421e+00,0.000000000000000000e+00
1.873951997887364840e+01,5.021239244886083419e+00,0.000000000000000000e+00
1.822877029836927321e+01,5.227015771114597698e+00,0.000000000000000000e+00
1.774038627862243445e+01,5.423780386303106660e+00,0.000000000000000000e+00
1.727265064948579720e+01,5.612224402168036974e+00,0.000000000000000000e+00
1.682402027434409675e+01,5.792974747001841784e+00,0.000000000000000000e+00
1.639308076145325543e+01,5.966593445090915715e+00,0.000000000000000000e+00
1.597856776876852791e+01,6.133597497806327681e+00,0.000000000000000000e+00
1.557931294603901407e+01,6.294451010692940329e+00,0.000000000000000000e+00
1.519426762491754346e+01,6.449583957526421329e+00,0.000000000000000000e+00
1.482245633212708746e+01,6.599382745796130045e+00,0.000000000000000000e+00
1.446299196838787005e+01,6.744203914693501112e+00,0.000000000000000000e+00
1.411505721731275642e+01,6.884373394355195686e+00,0.000000000000000000e+00
1.377793855113552901e+01,7.020210333373949396e+00,0.000000000000000000e+00
1.345093326502113662e+01,7.151988081660866747e+00,0.000000000000000000e+00
1.313334244684008212e+01,7.279930594112314246e+00,0.000000000000000000e+00
1.282450377591415069e+01,7.404230707247404730e+00,0.000000000000000000e+00
1.252404744475177267e+01,7.525206900384084463e+00,0.000000000000000000e+00
1.223174966615560422e+01,7.643245486607785466e+00,0.000000000000000000e+00
1.194696015726737137e+01,7.758446641757555717e+00,0.000000000000000000e+00
1.166811840667222455e+01,7.870245240826301725e+00,0.000000000000000000e+00
1.139362052638752409e+01,7.977898980077426039e+00,0.000000000000000000e+00
1.112248386579976156e+01,8.080957545556996635e+00,0.000000000000000000e+00
1.085432316664190822e+01,8.179319183347594446e+00,0.000000000000000000e+00
1.058881853533935669e+01,8.272891723348548609e+00,0.000000000000000000e+00
1.032595275483846997e+01,8.361791668394191746e+00,0.000000000000000000e+00
1.006588525008814017e+01,8.446280600821779672e+00,0.000000000000000000e+00
9.808747080708995369e+00,8.526613751853956202e+00,0.000000000000000000e+00
9.554511008836273689e+00,8.602920353644416096e+00,0.000000000000000000e+00
9.303077722264379901e+00,8.675260323522728356e+00,0.000000000000000000e+00
9.054385831344859525e+00,8.743718760101945264e+00,0.000000000000000000e+00
8.808659801163447156e+00,8.808659801163445380e+00,0.000000000000000000e+00
8.566238894152519379e+00,8.870600050066737907e+00,0.000000000000000000e+00
8.327428847916220178e+00,8.930074131462244935e+00,0.000000000000000000e+00
8.092457818746806808e+00,8.987584929227557140e+00,0.000000000000000000e+00
7.861496348306077131e+00,9.043617032574646331e+00,0.000000000000000000e+00
7.634683109318334715e+00,9.098661023848457319e+00,0.000000000000000000e+00
7.411947626796419719e+00,9.152993048717620539e+00,0.000000000000000000e+00
7.192978420095606396e+00,9.206592539346765136e+00,0.000000000000000000e+00
6.977458664611187800e+00,9.259400388942738758e+00,0.000000000000000000e+00
6.765101568389990661e+00,9.311363488883163342e+00,0.000000000000000000e+00
6.555716642522964932e+00,9.362533655785279407e+00,0.000000000000000000e+00
6.349140913716537327e+00,9.412988502263456070e+00,0.000000000000000000e+00
6.145211896129779916e+00,9.462796494066825659e+00,0.000000000000000000e+00
5.943766044537277971e+00,9.512014033614752506e+00,0.000000000000000000e+00
5.744637995466420399e+00,9.560683149385969415e+00,0.000000000000000000e+00
5.547664184166959167e+00,9.608836230307318260e+00,0.000000000000000000e+00
5.352683872155403755e+00,9.656497324239506241e+00,0.000000000000000000e+00
5.159547924172414923e+00,9.703698330213788026e+00,0.000000000000000000e+00
4.968118414052995035e+00,9.750481392013993442e+00,0.000000000000000000e+00
4.778258813962878548e+00,9.796882402328218831e+00,0.000000000000000000e+00
4.589833930094539660e+00,9.842930627077324246e+00,0.000000000000000000e+00
4.402714312438613220e+00,9.888658250731541699e+00,0.000000000000000000e+00
4.216775684703065963e+00,9.934100972955786091e+00,0.000000000000000000e+00
4.031894393230016860e+00,9.979288807046488685e+00,0.000000000000000000e+00
3.847947499369623436e+00,1.002424595212366221e+01,0.000000000000000000e+00
3.664816238574376328e+00,1.006899986193372065e+01,0.000000000000000000e+00
3.482386314896294799e+00,1.011358421599123858e+01,0.000000000000000000e+00
3.300543414107695916e+00,1.015802812933145916e+01,0.000000000000000000e+00
3.119173084488760850e+00,1.020235545090531559e+01,0.000000000000000000e+00
2.938162663668748120e+00,1.024659091163247204e+01,0.000000000000000000e+00
2.757402613966134286e+00,1.029076665224484444e+01,0.000000000000000000e+00
2.576782829087733706e+00,1.033491144076762858e+01,0.000000000000000000e+00
2.396192304376937532e+00,1.037904915655406413e+01,0.000000000000000000e+00
2.215520076155734319e+00,1.042320245843625948e+01,0.000000000000000000e+00
2.034656989450989606e+00,1.046740278620214326e+01,0.000000000000000000e+00
1.853492800205634117e+00,1.051168002059852924e+01,0.000000000000000000e+00
1.671915544746347626e+00,1.055605930305099882e+01,0.000000000000000000e+00
1.489811970004927488e+00,1.060056298341861236e+01,0.000000000000000000e+00
1.307068940975849802e+00,1.064522226055319543e+01,0.000000000000000000e+00
1.123571551929603896e+00,1.069006923545472887e+01,0.000000000000000000e+00
9.392022781659383757e-01,1.073513116230928688e+01,0.000000000000000000e+00
7.538412088509998110e-01,1.078043153833439760e+01,0.000000000000000000e+00
5.673667449345218827e-01,1.082600241216701242e+01,0.000000000000000000e+00
3.796543877165893810e-01,1.087187920662246299e+01,0.000000000000000000e+00
1.905760080332154771e-01,1.091809218796629999e+01,0.000000000000000000e+00
6.713922324144543872e-16,1.096466724743662979e+01,0.000000000000000000e+00
-1.922088806203256228e-01,1.101163939582969498e+01,0.000000000000000000e+00
-3.861904828832236625e-01,1.105904848329555179e+01,0.000000000000000000e+00
-5.820894598228288919e-01,1.110692854736532098e+01,0.000000000000000000e+00
-7.800552022644550165e-01,1.115530910939588516e+01,0.000000000000000000e+00
-9.802432384320711733e-01,1.120423148470672281e+01,0.000000000000000000e+00
-1.182815837182814578e+00,1.125374095718371592e+01,0.000000000000000000e+00
-1.387941417201024041e+00,1.130387572341916780e+01,0.000000000000000000e+00
-1.595794995967665386e+00,1.135467139744056553e+01,0.000000000000000000e+00
-1.806561442512635729e+00,1.140618004401767216e+01,0.000000000000000000e+00
-2.020434371774018079e+00,1.145845272037272089e+01,0.000000000000000000e+00
-2.237615118072111997e+00,1.151153184187376333e+01,0.000000000000000000e+00
-2.458315859539892845e+00,1.156546681139979782e+01,0.000000000000000000e+00
-2.682762647203428497e+00,1.162032168279235478e+01,0.000000000000000000e+00
-2.911191602592237526e+00,1.167615177354660183e+01,0.000000000000000000e+00
-3.143850186194912855e+00,1.173300862626428653e+01,0.000000000000000000e+00
-3.381005396761330495e+00,1.179096705536953316e+01,0.000000000000000000e+00
-3.622938851644443847e+00,1.185009902950915794e+01,0.000000000000000000e+00
-3.869945184301458951e+00,1.191046658349525700e+01,0.000000000000000000e+00
-4.122342430918823908e+00,1.197215172937905159e+01,0.000000000000000000e+00
-4.380468442791348949e+00,1.203523813320278357e+01,0.000000000000000000e+00
-4.644677688956429407e+00,1.209979905652767052e+01,0.000000000000000000e+00
-4.915361423730956858e+00,1.216594643966609546e+01,0.000000000000000000e+00
-5.192940215476317789e+00,1.223380049221119670e+01,0.000000000000000000e+00
-5.477853344352042519e+00,1.230346005346888560e+01,0.000000000000000000e+00
-5.770558907130152626e+00,1.237500351154869094e+01,0.000000000000000000e+00
-6.071533713095103479e+00,1.244848889623709631e+01,0.000000000000000000e+00
-6.381354012278933396e+00,1.252411242384608059e+01,0.000000000000000000e+00
-6.700751455796416067e+00,1.260228060062429023e+01,0.000000000000000000e+00
-7.030421332869107864e+00,1.268321582417484805e+01,0.000000000000000000e+00
-7.370619137064609916e+00,1.276628682863538344e+01,0.000000000000000000e+00
-7.721372414982228705e+00,1.285052168584219068e+01,0.000000000000000000e+00
-8.082095622989355022e+00,1.293405669248141088e+01,0.000000000000000000e+00
-8.451759932672489484e+00,1.301456900289426066e+01,0.000000000000000000e+00
-8.830057106641927334e+00,1.309109801604586387e+01,0.000000000000000000e+00
-9.217403002843985504e+00,1.316381572585043003e+01,0.000000000000000000e+00
-9.613993052006561513e+00,1.323252622031731285e+01,0.000000000000000000e+00
-1.001978246943302153e+01,1.329670043982405048e+01,0.000000000000000000e+00
-1.043490839241357016e+01,1.335607367957108238e+01,0.000000000000000000e+00
-1.085959638087577694e+01,1.341048469186183567e+01,0.000000000000000000e+00
-1.129350527802918869e+01,1.345907548807295839e+01,0.000000000000000000e+00
-1.173619621727943141e+01,1.350094934930497104e+01,0.000000000000000000e+00
-1.218809868124102813e+01,1.353625492735946700e+01,0.000000000000000000e+00
-1.264973716885105581e+01,1.356518232991209061e+01,0.000000000000000000e+00
-1.312130516672095126e+01,1.358750925663637865e+01,0.000000000000000000e+00
-1.360193059811746963e+01,1.360193059811747140e+01,0.000000000000000000e+00
-1.409082710980884201e+01,1.360735356768960003e+01,0.000000000000000000e+00
-1.458993390996421624e+01,1.360533347679307603e+01,0.000000000000000000e+00
-1.509861690491722186e+01,1.359485572449120916e+01,0.000000000000000000e+00
-1.561454869662425793e+01,1.357352009896111333e+01,0.000000000000000000e+00
-1.614108732958098713e+01,1.354398042505167865e+01,0.000000000000000000e+00
-1.667345106563351465e+01,1.350189445120830811e+01,0.000000000000000000e+00
-1.720134328268369117e+01,1.343916226336864383e+01,0.000000000000000000e+00
-1.772455839967768298e+01,1.335641276836061131e+01,0.000000000000000000e+00
-1.824165708088325388e+01,1.325333965055181551e+01,0.000000000000000000e+00
-1.875055365048688216e+01,1.312927901167651612e+01,0.000000000000000000e+00
-1.925224586411639294e+01,1.298580380369089404e+01,0.000000000000000000e+00
-1.974523013442713548e+01,1.282270237872927865e+01,0.000000000000000000e+00
-2.022788231762575961e+01,1.263978371431295500e+01,0.000000000000000000e+00
-2.070232178502810072e+01,1.243920988305973729e+01,0.000000000000000000e+00
-2.116712175466141588e+01,1.222084344302335168e+01,0.000000000000000000e+00
-2.161862353414762694e+01,1.198339870492788073e+01,0.000000000000000000e+00
-2.205788184654072381e+01,1.172838382028022686e+01,0.000000000000000000e+00
-2.248606194996315111e+01,1.145722082241455020e+01,0.000000000000000000e+00
-2.290198306918923521e+01,1.117004348562719329e+01,0.000000000000000000e+00
-2.330466217071236912e+01,1.086714244091827197e+01,0.000000000000000000e+00
-2.369360590142641954e+01,1.054907300571066564e+01,0.000000000000000000e+00
-2.406834073321765999e+01,1.021640450920272158e+01,0.000000000000000000e+00
-2.442840227109760320e+01,9.869715172774544243e+00,0.000000000000000000e+00
-2.477345717719862250e+01,9.509639233816542969e+00,0.000000000000000000e+00
-2.510328310166613619e+01,9.136847831364226735e+00,0.000000000000000000e+00
-2.541750844255214048e+01,8.751950017793904024e+00,0.000000000000000000e+00
-2.571553229804903751e+01,8.355482942749587139e+00,0.000000000000000000e+00
-2.599677118936357800e+01,7.948010571449004580e+00,0.000000000000000000e+00
-2.626077320414752236e+01,7.530155542747862363e+00,0.000000000000000000e+00
-2.650714421063977611e+01,7.102567884896245687e+00,0.000000000000000000e+00
-2.673555485261521625e+01,6.665922496306859735e+00,0.000000000000000000e+00
-2.694586979569855956e+01,6.220944218037867124e+00,0.000000000000000000e+00
-2.713801984532916123e+01,5.768364188855990449e+00,0.000000000000000000e+00
-2.731195953543011967e+01,5.308907137653769759e+00,0.000000000000000000e+00
-2.746758107188254883e+01,4.843275637770030784e+00,0.000000000000000000e+00
-2.760464441105802891e+01,4.372146155403267898e+00,0.000000000000000000e+00
-2.772291443818514978e+01,3.896201535525528392e+00,0.000000000000000000e+00
-2.782217719791511357e+01,3.416133810608814159e+00,0.000000000000000000e+00
-2.790224020856721765e+01,2.932643619320673523e+00,0.000000000000000000e+00
-2.796293276165334518e+01,2.446439615582339133e+00,0.000000000000000000e+00
-2.800410620640949233e+01,1.958237868341695664e+00,0.000000000000000000e+00
-2.802563421907019503e+01,1.468761252420277108e+00,0.000000000000000000e+00
-2.802746497648093182e+01,9.787406438817157772e-01,0.000000000000000000e+00
-2.800977734353133286e+01,4.889124821562552126e-01,0.000000000000000000e+00
-2.797282524068858578e+01,3.425683089411756993e-15,0.000000000000000000e+00
-2.783721016235610080e+01,-4.859003108043552510e-01,0.000000000000000000e+00
-2.739498497767076657e+01,-9.566539556351306706e-01,0.000000000000000000e+00
-2.687662662284669679e+01,-1.408544315922851453e+00,0.000000000000000000e+00
-2.634798604837590474e+01,-1.842430665495005337e+00,0.000000000000000000e+00
-2.584813378547646678e+01,-2.261418679530613041e+00,0.000000000000000000e+00
-2.536624097369560360e+01,-2.666099359105134514e+00,0.000000000000000000e+00
-2.489812941871137042e+01,-3.057105887980173353e+00,0.000000000000000000e+00
-2.444566215263859021e+01,-3.435613763784489016e+00,0.000000000000000000e+00
-2.400753014063176138e+01,-3.802419224898394123e+00,0.000000000000000000e+00
-2.358232246572553947e+01,-4.158199718474790529e+00,0.000000000000000000e+00
-2.316939580681044930e+01,-4.503674319461971720e+00,0.000000000000000000e+00
-2.276806587994787279e+01,-4.839501799318260744e+00,0.000000000000000000e+00
-2.237756570474850548e+01,-5.166268116048723158e+00,0.000000000000000000e+00
-2.199722144583187955e+01,-5.484523291188441618e+00,0.000000000000000000e+00
-2.162642868374756944e+01,-5.794784100979419428e+00,0.000000000000000000e+00
-2.126462068445592735e+01,-6.097531861179036561e+00,0.000000000000000000e+00
-2.091125836831109197e+01,-6.393213271101855888e+00,0.000000000000000000e+00
-2.056583847527803144e+01,-6.682245990162362759e+00,0.000000000000000000e+00
-2.022789745720122312e+01,-6.965023653306187335e+00,0.000000000000000000e+00
-1.989698941437437085e+01,-7.241911898341986564e+00,0.000000000000000000e+00
-1.957270991065944798e+01,-7.513259402883412541e+00,0.000000000000000000e+00
-1.925466101502190952e+01,-7.779388019634631668e+00,0.000000000000000000e+00
-1.894248324798219230e+01,-8.040607095240755342e+00,0.000000000000000000e+00
-1.863582797288727733e+01,-8.297205188004635801e+00,0.000000000000000000e+00
-1.833436547835533759e+01,-8.549455029969724507e+00,0.000000000000000000e+00
-1.803779209080690649e+01,-8.797619028462067448e+00,0.000000000000000000e+00
-1.774580589437831790e+01,-9.041939724973984127e+00,0.000000000000000000e+00
-1.745813234023322025e+01,-9.282653624496289169e+00,0.000000000000000000e+00
-1.717450552781482642e+01,-9.519983868293371287e+00,0.000000000000000000e+00
-1.689466595690980810e+01,-9.754139938090686357e+00,0.000000000000000000e+00
-1.661837757023458906e+01,-9.985328634084877919e+00,0.000000000000000000e+00
-1.634540496472667215e+01,-1.021374260700425474e+01,0.000000000000000000e+00
-1.607552309288203674e+01,-1.043956676113952575e+01,0.000000000000000000e+00
-1.580852340731797590e+01,-1.066298367693882732e+01,0.000000000000000000e+00
-1.554419578279415148e+01,-1.088416306252003629e+01,0.000000000000000000e+00
-1.528234108727838780e+01,-1.110327072739143262e+01,0.000000000000000000e+00
-1.502277167267106961e+01,-1.132047043771080475e+01,0.000000000000000000e+00
-1.476529759718348167e+01,-1.153591478377361312e+01,0.000000000000000000e+00
-1.450973856405569506e+01,-1.174975461500615737e+01,0.000000000000000000e+00
-1.425592293800033872e+01,-1.196213967936780875e+01,0.000000000000000000e+00
-1.400367628625177652e+01,-1.217321007631026220e+01,0.000000000000000000e+00
-1.375283153184007290e+01,-1.238310513181565931e+01,0.000000000000000000e+00
-1.350322889980798813e+01,-1.259196466064100406e+01,0.000000000000000000e+00
-1.325470533330000045e+01,-1.279992015374327075e+01,0.000000000000000000e+00
-1.300710242521840776e+01,-1.300710242521840421e+01,0.000000000000000000e+00
-1.276026847837477440e+01,-1.321364482146333508e+01,0.000000000000000000e+00
-1.251404812320163451e+01,-1.341967364306452204e+01,0.000000000000000000e+00
-1.226828782064905354e+01,-1.362531398913939462e+01,0.000000000000000000e+00
-1.202284036013260327e+01,-1.383069571535819797e+01,0.000000000000000000e+00
-1.177755462671132491e+01,-1.403594303835777346e+01,0.000000000000000000e+00
-1.153227866160500703e+01,-1.424117812758588464e+01,0.000000000000000000e+00
-1.128686622596444700e+01,-1.444652997960587548e+01,0.000000000000000000e+00
-1.104116710019877345e+01,-1.465212362496441934e+01,0.000000000000000000e+00
-1.079502789810411123e+01,-1.485808122993242719e+01,0.000000000000000000e+00
-1.054829984026064515e+01,-1.506453339138639436e+01,0.000000000000000000e+00
-1.030083017782270183e+01,-1.527160876491806896e+01,0.000000000000000000e+00
-1.005246106729627442e+01,-1.547943259763968982e+01,0.000000000000000000e+00
-9.803037660254460661e+00,-1.568813965719500025e+01,0.000000000000000000e+00
-9.552401057528703276e+00,-1.589786508722839820e+01,0.000000000000000000e+00
-9.300385582393641215e+00,-1.610874035868683052e+01,0.000000000000000000e+00
-9.046826742113788455e+00,-1.632090747643987783e+01,0.000000000000000000e+00
-8.791555481746831546e+00,-1.653451106608188681e+01,0.000000000000000000e+00
-8.534394392878528635e+00,-1.674969209358764388e+01,0.000000000000000000e+00
-8.275165497420143623e+00,-1.696660360906495413e+01,0.000000000000000000e+00
-8.013685003660173223e+00,-1.718540294913288236e+01,0.000000000000000000e+00
-7.749759212327396618e+00,-1.740624417979030980e+01,0.000000000000000000e+00
-7.483192248202878538e+00,-1.762929616184271708e+01,0.000000000000000000e+00
-7.213780167012939337e+00,-1.785473245480892146e+01,0.000000000000000000e+00
-6.941307648359447136e+00,-1.808272464941661539e+01,0.000000000000000000e+00
-6.665555501606912792e+00,-1.831346322878648536e+01,0.000000000000000000e+00
-6.386293013979698507e+00,-1.854714163922495729e+01,0.000000000000000000e+00
-6.103277107267101265e+00,-1.878395547585455105e+01,0.000000000000000000e+00
-5.816258133557179910e+00,-1.902412314592515585e+01,0.000000000000000000e+00
-5.524970561121127055e+00,-1.926786213664965430e+01,0.000000000000000000e+00
-5.229136336091148252e+00,-1.951540248599674499e+01,0.000000000000000000e+00
-4.928465397511247126e+00,-1.976699504792926376e+01,0.000000000000000000e+00
-4.622648100861879605e+00,-2.002288872418867527e+01,0.000000000000000000e+00
-4.311361561400691933e+00,-2.028336141461369024e+01,0.000000000000000000e+00
-3.994262591341793289e+00,-2.054869965512732577e+01,0.000000000000000000e+00
-3.670987145941468022e+00,-2.081920266082815019e+01,0.000000000000000000e+00
-3.341151196726441341e+00,-2.109519842908987641e+01,0.000000000000000000e+00
-3.004344055717797168e+00,-2.137701872967946670e+01,0.000000000000000000e+00
-2.660132927171305450e+00,-2.166504410334528075e+01,0.000000000000000000e+00
-2.308053509347349319e+00,-2.195966226777814256e+01,0.000000000000000000e+00
-1.947608974791523062e+00,-2.226127244719448939e+01,0.000000000000000000e+00
-1.578267808110681347e+00,-2.257028118750302781e+01,0.000000000000000000e+00
-1.199468647976264402e+00,-2.288722522467944742e+01,0.000000000000000000e+00
-8.106070663800990506e-01,-2.321274926578124465e+01,0.000000000000000000e+00
-4.110174678278653571e-01,-2.354717496143032562e+01,0.000000000000000000e+00
-4.388626837332772393e-15,-2.389057177077943805e+01,0.000000000000000000e+00
4.231919221169558321e-01,-2.424464898052826101e+01,0.000000000000000000e+00
8.594539578855523443e-01,-2.461154122301473990e+01,0.000000000000000000e+00
1.309336812231251645e+00,-2.498363468445878155e+01,0.000000000000000000e+00
1.772666070218552603e+00,-2.535030585479262299e+01,0.000000000000000000e+00
2.249428198946889168e+00,-2.571108196526927614e+01,0.000000000000000000e+00
2.739693669043313573e+00,-2.606644406020447846e+01,0.000000000000000000e+00
3.243292308100101717e+00,-2.641449612435249605e+01,0.000000000000000000e+00
3.760196570717071918e+00,-2.675518882949318566e+01,0.000000000000000000e+00
4.290388061568005007e+00,-2.708844412226874709e+01,0.000000000000000000e+00
4.833592407095742338e+00,-2.741266474180434543e+01,0.000000000000000000e+00
5.390077816852680392e+00,-2.772954647908202119e+01,0.000000000000000000e+00
5.959778292895311580e+00,-2.803855240257149362e+01,0.000000000000000000e+00
6.541896000784706011e+00,-2.833606469947496009e+01,0.000000000000000000e+00
7.136828779922183230e+00,-2.862425679642181109e+01,0.000000000000000000e+00
7.744665860920036060e+00,-2.890348648059769232e+01,0.000000000000000000e+00
8.365302313478313323e+00,-2.917327611512000729e+01,0.000000000000000000e+00
8.998463064884377971e+00,-2.943264647810989487e+01,0.000000000000000000e+00
9.643227187997888805e+00,-2.967880156174193118e+01,0.000000000000000000e+00
1.030017061143970203e+01,-2.991386753166005263e+01,0.000000000000000000e+00
1.096925962810887789e+01,-3.013779313636440449e+01,0.000000000000000000e+00
1.165020735724514012e+01,-3.034982778777466095e+01,0.000000000000000000e+00
1.234285186106140308e+01,-3.054963037497794431e+01,0.000000000000000000e+00
1.304696769673200052e+01,-3.073672971517218500e+01,0.000000000000000000e+00
1.376233755306715167e+01,-3.091071623907175692e+01,0.000000000000000000e+00
1.448873116734122846e+01,-3.107118425776578263e+01,0.000000000000000000e+00
1.522591263812185680e+01,-3.121774717349200401e+01,0.000000000000000000e+00
1.597363974257231334e+01,-3.135003316992702338e+01,0.000000000000000000e+00
1.673166520810420010e+01,-3.146768556619603530e+01,0.000000000000000000e+00
1.749973738961899983e+01,-3.157036195558160330e+01,0.000000000000000000e+00
1.827760097069387868e+01,-3.165773352171202148e+01,0.000000000000000000e+00
1.906499753859272417e+01,-3.172948423454300482e+01,0.000000000000000000e+00
1.986166607459700373e+01,-3.178531002346081991e+01,0.000000000000000000e+00
2.066734332481938452e+01,-3.182491788101660291e+01,0.000000000000000000e+00
2.148176418613488892e+01,-3.184802511715848539e+01,0.000000000000000000e+00
2.230466149447344293e+01,-3.185435785438984269e+01,0.000000000000000000e+00
2.313576801602864563e+01,-3.184365281347707821e+01,0.000000000000000000e+00
2.397480855499884811e+01,-3.181564554225196062e+01,0.000000000000000000e+00
2.482153065501581679e+01,-3.177011046011146789e+01,0.000000000000000000e+00
2.567560152060814360e+01,-3.170672731012602696e+01,0.000000000000000000e+00
2.653684882888040875e+01,-3.162538492794768175e+01,0.000000000000000000e+00
2.740291744881620062e+01,-3.152345049880352690e+01,0.000000000000000000e+00
2.827531745530052376e+01,-3.140292142662512376e+01,0.000000000000000000e+00
2.915370809458239876e+01,-3.126352434182350848e+01,0.000000000000000000e+00
3.003787137406515129e+01,-3.110512636958650390e+01,0.000000000000000000e+00
3.092741549358876085e+01,-3.092741549358877506e+01,0.000000000000000000e+00
3.182221975101170841e+01,-3.073036040299599136e+01,0.000000000000000000e+00
3.271930034598980797e+01,-3.051124118050469392e+01,0.000000000000000000e+00
3.362012189261663764e+01,-3.027169372189835883e+01,0.000000000000000000e+00
3.452491045468035225e+01,-3.001204678254643454e+01,0.000000000000000000e+00
3.543326267497081261e+01,-2.973203764197571530e+01,0.000000000000000000e+00
3.634504764515269670e+01,-2.943163926875647718e+01,0.000000000000000000e+00
3.725697910961145709e+01,-2.910834226540050906e+01,0.000000000000000000e+00
3.817018005838787076e+01,-2.876329377615108385e+01,0.000000000000000000e+00
3.908540060791484905e+01,-2.839720576577673938e+01,0.000000000000000000e+00
4.000221413431000883e+01,-2.800985188192289499e+01,0.000000000000000000e+00
4.092022554019156644e+01,-2.760104063797223972e+01,0.000000000000000000e+00
4.182890550952168240e+01,-2.716400885302455848e+01,0.000000000000000000e+00
4.269102449767280660e+01,-2.667631281020609180e+01,0.000000000000000000e+00
4.349409388897131379e+01,-2.613388817817015664e+01,0.000000000000000000e+00
4.423192530722705840e+01,-2.553731398290299737e+01,0.000000000000000000e+00
4.490428165092799873e+01,-2.489084976809386518e+01,0.000000000000000000e+00
4.550771289997109648e+01,-2.419688016225737925e+01,0.000000000000000000e+00
4.603373950741025311e+01,-2.345536181442266610e+01,0.000000000000000000e+00
4.648862401246170606e+01,-2.267401692846298644e+01,0.000000000000000000e+00
4.687165806797086276e+01,-2.185661310751737219e+01,0.000000000000000000e+00
4.717696130208493344e+01,-2.100453645737896125e+01,0.000000000000000000e+00
4.740227562703448427e+01,-2.012107223470254880e+01,0.000000000000000000e+00
4.754674719096765045e+01,-1.921013281830502351e+01,0.000000000000000000e+00
4.760966381645394563e+01,-1.827563765926367267e+01,0.000000000000000000e+00
4.759000979443737833e+01,-1.732134701361222895e+01,0.000000000000000000e+00
4.748554323012956502e+01,-1.635058376619378251e+01,0.000000000000000000e+00
4.729540171189496789e+01,-1.536720755744220490e+01,0.000000000000000000e+00
4.701928823255132528e+01,-1.437523903303906003e+01,0.000000000000000000e+00
4.665705279461185739e+01,-1.337869460196007765e+01,0.000000000000000000e+00
4.620935892450815174e+01,-1.238176040658184895e+01,0.000000000000000000e+00
4.567812421972725190e+01,-1.138883548532732348e+01,0.000000000000000000e+00
4.506311660766941429e+01,-1.040364021769297764e+01,0.000000000000000000e+00
4.436061595711804983e+01,-9.429140001409354710e+00,0.000000000000000000e+00
4.356516738673411027e+01,-8.468210704269822031e+00,0.000000000000000000e+00
4.267723569675948170e+01,-7.525148115393163195e+00,0.000000000000000000e+00
4.170217223604024070e+01,-6.604975209922661072e+00,0.000000000000000000e+00
4.065728531033047943e+01,-5.714008814247142354e+00,0.000000000000000000e+00
3.950936070242135401e+01,-4.851139505401304675e+00,0.000000000000000000e+00
3.831605984963801603e+01,-4.027180168890091672e+00,0.000000000000000000e+00
3.711690572536448940e+01,-3.247308476129861177e+00,0.000000000000000000e+00
3.595005174570266604e+01,-2.513872507781198529e+00,0.000000000000000000e+00
3.479149915274871319e+01,-1.823345208523388328e+00,0.000000000000000000e+00
3.366816079763465552e+01,-1.175718082425292188e+00,0.000000000000000000e+00
3.255822765483896575e+01,-5.683059776629340032e-01,0.000000000000000000e+00
3.147997855660979027e+01,-7.710370995315900645e-15,0.000000000000000000e+00
