3.142821024200500446e+01,0.000000000000000000e+00,0.000000000000000000e+00
3.057261841492005416e+01,5.336470394580500320e-01,0.000000000000000000e+00
2.976189581149501251e+01,1.039308303270629619e+00,0.000000000000000000e+00
2.899214610407305415e+01,1.519413993963943499e+00,0.000000000000000000e+00
2.825990491923738546e+01,1.976125056828997639e+00,0.000000000000000000e+00
2.756208130887705110e+01,2.411369657706503578e+00,0.000000000000000000e+00
2.689590805668770912e+01,2.826873848074108242e+00,0.000000000000000000e+00
2.625889871012769561e+01,3.224187347916877222e+00,0.000000000000000000e+00
2.564881477577030822e+01,3.604705837713789940e+00,0.000000000000000000e+00
2.506363821038782547e+01,3.969690310448938053e+00,0.000000000000000000e+00
2.450153904247390813e+01,4.320282402069997474e+00,0.000000000000000000e+00
2.396085059255813832e+01,4.657517545384135538e+00,0.000000000000000000e+00
2.344006566309721507e+01,4.982339762667490568e+00,0.000000000000000000e+00
2.293780506138671171e+01,5.295609562913136337e+00,0.000000000000000000e+00
2.245280179724262481e+01,5.598112230340281492e+00,0.000000000000000000e+00
2.198390879881423743e+01,5.890570609121727585e+00,0.000000000000000000e+00
2.153005635504560544e+01,6.173644314936426625e+00,0.000000000000000000e+00
2.109027536135331715e+01,6.447944258377344973e+00,0.000000000000000000e+00
2.066366041255757224e+01,6.714030264308138207e+00,0.000000000000000000e+00
2.024938408106373444e+01,6.972422091218415829e+00,0.000000000000000000e+00
1.984667372256258844e+01,7.223598484205987269e+00,0.000000000000000000e+00
1.945481962424053179e+01,7.468005561847162355e+00,0.000000000000000000e+00
1.907315483598218364e+01,7.706054763151450437e+00,0.000000000000000000e+00
1.870106928795696533e+01,7.938132948928615207e+00,0.000000000000000000e+00
1.833798045170330582e+01,8.164594927725499218e+00,0.000000000000000000e+00
1.798336191420703045e+01,8.385779379967672753e+00,0.000000000000000000e+00
1.763670202222130712e+01,8.601994331062762456e+00,0.000000000000000000e+00
1.729753997037676783e+01,8.813536828554072500e+00,0.000000000000000000e+00
1.696543028496664718e+01,9.020679294712055096e+00,0.000000000000000000e+00
1.663995869536653416e+01,9.223679720641879243e+00,0.000000000000000000e+00
1.632074094263468922e+01,9.422784176604281470e+00,0.000000000000000000e+00
1.600740096369477072e+01,9.618216852068007583e+00,0.000000000000000000e+00
1.569959955545561670e+01,9.810198599453515911e+00,0.000000000000000000e+00
1.539700612920481149e+01,9.998932692814214818e+00,0.000000000000000000e+00
1.509930602022460278e+01,1.018461050905162146e+01,0.000000000000000000e+00
1.480621131477026964e+01,1.036742077492804093e+01,0.000000000000000000e+00
1.451743610280991881e+01,1.054753472629181132e+01,0.000000000000000000e+00
1.423271347730433334e+01,1.072511888477530384e+01,0.000000000000000000e+00
1.395179366659709252e+01,1.090033585569975827e+01,0.000000000000000000e+00
1.367442757988400892e+01,1.107333311727151148e+01,0.000000000000000000e+00
1.340038372902562891e+01,1.124425704465942744e+01,0.000000000000000000e+00
1.312944245095730267e+01,1.141325019753855408e+01,0.000000000000000000e+00
1.286138404199688878e+01,1.158044220668169899e+01,0.000000000000000000e+00
1.259600305438819845e+01,1.174596287325305966e+01,0.000000000000000000e+00
1.233310372873504690e+01,1.190993982937069973e+01,0.000000000000000000e+00
1.207248945456465528e+01,1.207248945456465350e+01,0.000000000000000000e+00
1.181397368339317744e+01,1.223372787547766372e+01,0.000000000000000000e+00
1.155737918828307897e+01,1.239377181140523732e+01,0.000000000000000000e+00
1.130252733945285470e+01,1.255272831239543940e+01,0.000000000000000000e+00
1.104924498110906228e+01,1.271070234991316639e+01,0.000000000000000000e+00
1.079736848401461913e+01,1.286780268138792138e+01,0.000000000000000000e+00
1.054673285354608936e+01,1.302413041157887186e+01,0.000000000000000000e+00
1.029717430035205261e+01,1.317978208096923076e+01,0.000000000000000000e+00
1.004853800542727704e+01,1.333486032495815365e+01,0.000000000000000000e+00
9.800668584467201683e+00,1.348946304819046560e+01,0.000000000000000000e+00
9.553408916074346280e+00,1.364368190108392476e+01,0.000000000000000000e+00
9.306608252548892679e+00,1.379761414446754841e+01,0.000000000000000000e+00
9.060117044516726281e+00,1.395135680491063290e+01,0.000000000000000000e+00
8.813782388680289515e+00,1.410500028805897621e+01,0.000000000000000000e+00
8.567453705329159064e+00,1.425863741776723614e+01,0.000000000000000000e+00
8.320983416316815706e+00,1.441236604599876969e+01,0.000000000000000000e+00
8.074219954394854071e+00,1.456627838429377064e+01,0.000000000000000000e+00
7.827010114694918919e+00,1.472046506724015913e+01,0.000000000000000000e+00
7.579204105996431018e+00,1.487502560179636824e+01,0.000000000000000000e+00
7.330648318882841963e+00,1.503005640947229971e+01,0.000000000000000000e+00
7.081184728407794005e+00,1.518564965547711232e+01,0.000000000000000000e+00
6.830656945919914236e+00,1.534190669046038913e+01,0.000000000000000000e+00
6.578905634830508831e+00,1.549893040434666425e+01,0.000000000000000000e+00
6.325765192699186912e+00,1.565681826624816253e+01,0.000000000000000000e+00
6.071068673081304823e+00,1.581567461124921259e+01,0.000000000000000000e+00
5.814646827754183178e+00,1.597561086135806185e+01,0.000000000000000000e+00
5.556322757112869937e+00,1.613673299108490866e+01,0.000000000000000000e+00
5.295915190967336983e+00,1.629915099751651297e+01,0.000000000000000000e+00
5.033240194842923287e+00,1.646298687076160050e+01,0.000000000000000000e+00
4.768104924897337504e+00,1.662835798483594374e+01,0.000000000000000000e+00
4.500309515622539003e+00,1.679538376208899919e+01,0.000000000000000000e+00
4.229649959468681608e+00,1.696419941296763412e+01,0.000000000000000000e+00
3.955911812870506417e+00,1.713493657824430372e+01,0.000000000000000000e+00
3.678871285385796330e+00,1.730772861812171115e+01,0.000000000000000000e+00
3.398298023399794587e+00,1.748272774374537519e+01,0.000000000000000000e+00
3.113949079638588913e+00,1.766008280256962237e+01,0.000000000000000000e+00
2.825569982761208632e+00,1.783994675847890932e+01,0.000000000000000000e+00
2.532896323982285480e+00,1.802249381360178759e+01,0.000000000000000000e+00
2.235648197831617612e+00,1.820789341421777507e+01,0.000000000000000000e+00
1.933531793146296307e+00,1.839632616382037966e+01,0.000000000000000000e+00
1.626238637095731798e+00,1.858799267877554229e+01,0.000000000000000000e+00
1.313441439723713522e+00,1.878308767722399963e+01,0.000000000000000000e+00
9.947956279771655863e-01,1.898183135378667075e+01,0.000000000000000000e+00
6.699359425003973412e-01,1.918445533277010284e+01,0.000000000000000000e+00
3.384745253821476729e-01,1.939119257213290126e+01,0.000000000000000000e+00
1.200295099982657577e-15,1.960230657228434836e+01,0.000000000000000000e+00
-3.459254914145722948e-01,1.981805813024248764e+01,0.000000000000000000e+00
-6.997686609093749510e-01,2.003875261324768076e+01,0.000000000000000000e+00
-1.062028905630792774e+00,2.026471871465964369e+01,0.000000000000000000e+00
-1.433238673915391059e+00,2.049626794187637557e+01,0.000000000000000000e+00
-1.813963173004420781e+00,2.073369394272343413e+01,0.000000000000000000e+00
-2.204811924122512146e+00,2.097738419911736329e+01,0.000000000000000000e+00
-2.606473201096216830e+00,2.122802070495949778e+01,0.000000000000000000e+00
-3.019340779766770400e+00,2.148372596591241646e+01,0.000000000000000000e+00
-3.442281547862735991e+00,2.173371033675627473e+01,0.000000000000000000e+00
-3.873626509580718746e+00,2.196842759977434056e+01,0.000000000000000000e+00
-4.312924227687690681e+00,2.218807165612635757e+01,0.000000000000000000e+00
-4.759982511337411459e+00,2.239395704342887683e+01,0.000000000000000000e+00
-5.214298455033544499e+00,2.258560795929496479e+01,0.000000000000000000e+00
-5.675375677322979762e+00,2.276268855726008056e+01,0.000000000000000000e+00
-6.142840229381985040e+00,2.292539183883161513e+01,0.000000000000000000e+00
-6.616209193273411948e+00,2.307346350409471114e+01,0.000000000000000000e+00
-7.094868658603962430e+00,2.320626972979583869e+01,0.000000000000000000e+00
-7.578189402450568934e+00,2.332326876551809391e+01,0.000000000000000000e+00
-8.065662729984698132e+00,2.342438543608605173e+01,0.000000000000000000e+00
-8.557176758863366928e+00,2.351064991925899861e+01,0.000000000000000000e+00
-9.052402716439928554e+00,2.358231532580212431e+01,0.000000000000000000e+00
-9.550595765262123393e+00,2.363855402089362556e+01,0.000000000000000000e+00
-1.005097265876604418e+01,2.367860771698384781e+01,0.000000000000000000e+00
-1.055299901114795880e+01,2.370242385401315488e+01,0.000000000000000000e+00
-1.105687194930296613e+01,2.371153841446823307e+01,0.000000000000000000e+00
-1.156211778454622774e+01,2.370585451044742697e+01,0.000000000000000000e+00
-1.206748457974351219e+01,2.368377201122602571e+01,0.000000000000000000e+00
-1.257256596648789149e+01,2.364555755048638019e+01,0.000000000000000000e+00
-1.307737090235024269e+01,2.359220162123679287e+01,0.000000000000000000e+00
-1.358194310420920736e+01,2.352461552200011141e+01,0.000000000000000000e+00
-1.408521719482634182e+01,2.344173798180019830e+01,0.000000000000000000e+00
-1.458565324398488094e+01,2.334192451496862475e+01,0.000000000000000000e+00
-1.508361314382041307e+01,2.322672740790218171e+01,0.000000000000000000e+00
-1.557947890271269031e+01,2.309752733092953747e+01,0.000000000000000000e+00
-1.607270725569090075e+01,2.295420483016449609e+01,0.000000000000000000e+00
-1.656209608374183162e+01,2.279576961476868746e+01,0.000000000000000000e+00
-1.704643584113110322e+01,2.262138441005758338e+01,0.000000000000000000e+00
-1.752608580618097633e+01,2.243236687271923202e+01,0.000000000000000000e+00
-1.800127369185096171e+01,2.222972169607598758e+01,0.000000000000000000e+00
-1.847126801588602873e+01,2.201320001770269741e+01,0.000000000000000000e+00
-1.893554079113256705e+01,2.178284789976361679e+01,0.000000000000000000e+00
-1.939376251084260971e+01,2.153895535416702955e+01,0.000000000000000000e+00
-1.984514301994262908e+01,2.128131042055121824e+01,0.000000000000000000e+00
-2.028886709331142413e+01,2.100973690759195378e+01,0.000000000000000000e+00
-2.072492938898733428e+01,2.072492938898733783e+01,0.000000000000000000e+00
-2.115336211861312066e+01,2.042756434737386684e+01,0.000000000000000000e+00
-2.157367487166444064e+01,2.011777728125607467e+01,0.000000000000000000e+00
-2.198537815833179465e+01,1.979572340917935946e+01,0.000000000000000000e+00
-2.238818970807768238e+01,1.946175639694566684e+01,0.000000000000000000e+00
-2.278178528130123937e+01,1.911618762709986541e+01,0.000000000000000000e+00
-2.316566401033133715e+01,1.875918483392654679e+01,0.000000000000000000e+00
-2.353933673511775027e+01,1.839094544864906311e+01,0.000000000000000000e+00
-2.390242909838888963e+01,1.801177225438582141e+01,0.000000000000000000e+00
-2.425462943580974340e+01,1.762201978612645448e+01,0.000000000000000000e+00
-2.459584034087450988e+01,1.722219281528281698e+01,0.000000000000000000e+00
-2.492605323423391539e+01,1.681283519775849555e+01,0.000000000000000000e+00
-2.524503545591580789e+01,1.639431771561210027e+01,0.000000000000000000e+00
-2.555229398130091312e+01,1.596684537989211528e+01,0.000000000000000000e+00
-2.584734191905948819e+01,1.553064986570310246e+01,0.000000000000000000e+00
-2.612981524487447160e+01,1.508605586550346089e+01,0.000000000000000000e+00
-2.639940349979736567e+01,1.463342831289159029e+01,0.000000000000000000e+00
-2.665584172756074466e+01,1.417316245541966424e+01,0.000000000000000000e+00
-2.689905211211987890e+01,1.370575161840194767e+01,0.000000000000000000e+00
-2.712902808656032860e+01,1.323171109393402212e+01,0.000000000000000000e+00
-2.734577392615569735e+01,1.275154379994168607e+01,0.000000000000000000e+00
-2.754912722503205202e+01,1.226566169579863086e+01,0.000000000000000000e+00
-2.773875393597582928e+01,1.177440247885680513e+01,0.000000000000000000e+00
-2.791431905387875645e+01,1.127811697409704550e+01,0.000000000000000000e+00
-2.807549492957884851e+01,1.077717276928449053e+01,0.000000000000000000e+00
-2.822202521659313845e+01,1.027197712955007880e+01,0.000000000000000000e+00
-2.835385164868328189e+01,9.763014065760366123e+00,0.000000000000000000e+00
-2.847096565600957874e+01,9.250777512408143721e+00,0.000000000000000000e+00
-2.857337434840795609e+01,8.735757211112179732e+00,0.000000000000000000e+00
-2.866110027318102382e+01,8.218438254105183915e+00,0.000000000000000000e+00
-2.873418116055745131e+01,7.699300637140956916e+00,0.000000000000000000e+00
-2.879266965712466586e+01,7.178818822134341637e+00,0.000000000000000000e+00
-2.883663304754745482e+01,6.657461309838908825e+00,0.000000000000000000e+00
-2.886615296489237181e+01,6.135690222858436904e+00,0.000000000000000000e+00
-2.888132508988493896e+01,5.613960899278784389e+00,0.000000000000000000e+00
-2.887982502521135686e+01,5.092292350084285601e+00,0.000000000000000000e+00
-2.886256870058808488e+01,4.571381789971126430e+00,0.000000000000000000e+00
-2.883174395260756029e+01,4.052037361025102591e+00,0.000000000000000000e+00
-2.878505484453287266e+01,3.534360319651997262e+00,0.000000000000000000e+00
-2.872365013585863736e+01,3.018977281568273607e+00,0.000000000000000000e+00
-2.864742403843319352e+01,2.506324842582961399e+00,0.000000000000000000e+00
-2.855643877515277040e+01,1.996860724006483290e+00,0.000000000000000000e+00
-2.845072985217942119e+01,1.491039570534449910e+00,0.000000000000000000e+00
-2.833021818936889957e+01,9.893130190418624181e-01,0.000000000000000000e+00
-2.819545568564447535e+01,4.921535096736039394e-01,0.000000000000000000e+00
-2.804616420122569664e+01,3.434664521739213528e-15,0.000000000000000000e+00
-2.799196222107585186e+01,-4.886015180370836819e-01,0.000000000000000000e+00
-2.746709063748737734e+01,-9.591719407606370540e-01,0.000000000000000000e+00
-2.693227697255793984e+01,-1.411460827167542398e+00,0.000000000000000000e+00
-2.640466020391572854e+01,-1.846393708511496090e+00,0.000000000000000000e+00
-2.589781350333773347e+01,-2.265765091650640439e+00,0.000000000000000000e+00
-2.541011272941761590e+01,-2.670710466440058717e+00,0.000000000000000000e+00
-2.493790898601966788e+01,-3.061990204685030470e+00,0.000000000000000000e+00
-2.448089272940709904e+01,-3.440565098450581782e+00,0.000000000000000000e+00
-2.403841516349656970e+01,-3.807310931959247746e+00,0.000000000000000000e+00
-2.360931917907410948e+01,-4.162959967428596642e+00,0.000000000000000000e+00
-2.319271334354827729e+01,-4.508206789461399744e+00,0.000000000000000000e+00
-2.278786421082982727e+01,-4.843710064457333431e+00,0.000000000000000000e+00
-2.239406254143090891e+01,-5.170076710892884897e+00,0.000000000000000000e+00
-2.201061150398496125e+01,-5.487861807645702861e+00,0.000000000000000000e+00
-2.163688430500265980e+01,-5.797585676251086007e+00,0.000000000000000000e+00
-2.127229844105018941e+01,-6.099733422455420495e+00,0.000000000000000000e+00
-2.091630749518034449e+01,-6.394756944100364215e+00,0.000000000000000000e+00
-2.056840752390277061e+01,-6.683080724661119909e+00,0.000000000000000000e+00
-2.022810991994403196e+01,-6.965096810095332103e+00,0.000000000000000000e+00
-1.989497878519227569e+01,-7.241180089167556844e+00,0.000000000000000000e+00
-1.956858470987879528e+01,-7.511675886666419721e+00,0.000000000000000000e+00
-1.924853592639495048e+01,-7.776913323193774374e+00,0.000000000000000000e+00
-1.893446313933778313e+01,-8.037202761097937298e+00,0.000000000000000000e+00
-1.862600523341992442e+01,-8.292831822625455374e+00,0.000000000000000000e+00
-1.832283935544088393e+01,-8.544080310585879801e+00,0.000000000000000000e+00
-1.802464637854953722e+01,-8.791207436194238056e+00,0.000000000000000000e+00
-1.773112412412100980e+01,-9.034458989384253513e+00,0.000000000000000000e+00
-1.744199688928754099e+01,-9.274074253044359395e+00,0.000000000000000000e+00
-1.715698800423000137e+01,-9.510273746411263218e+00,0.000000000000000000e+00
-1.687584001451132210e+01,-9.743270775179173171e+00,0.000000000000000000e+00
-1.659831304478824876e+01,-9.973272650904696945e+00,0.000000000000000000e+00
-1.632416535854177653e+01,-1.020047062805269178e+01,0.000000000000000000e+00
-1.605317228011667297e+01,-1.042505197361556313e+01,0.000000000000000000e+00
-1.578512243569449325e+01,-1.064719952227640221e+01,0.000000000000000000e+00
-1.551980206542588014e+01,-1.086708239773381734e+01,0.000000000000000000e+00
-1.525701023551259894e+01,-1.108486678631298794e+01,0.000000000000000000e+00
-1.499655814415048560e+01,-1.130071712712663157e+01,0.000000000000000000e+00
-1.473825425210036322e+01,-1.151478620696751065e+01,0.000000000000000000e+00
-1.448191455050246468e+01,-1.172722317309134787e+01,0.000000000000000000e+00
-1.422736742866252690e+01,-1.193817876201437223e+01,0.000000000000000000e+00
-1.397443881255549236e+01,-1.214779432817883098e+01,0.000000000000000000e+00
-1.372295673177784181e+01,-1.235620574101703539e+01,0.000000000000000000e+00
-1.347276149803041534e+01,-1.256355334884800001e+01,0.000000000000000000e+00
-1.322369219612985702e+01,-1.276997111530651097e+01,0.000000000000000000e+00
-1.297558596302059009e+01,-1.297558596302058476e+01,0.000000000000000000e+00
-1.272828959932831516e+01,-1.318052972280968405e+01,0.000000000000000000e+00
-1.248165132663993582e+01,-1.338493233212671818e+01,0.000000000000000000e+00
-1.223551528875362671e+01,-1.358891640507369480e+01,0.000000000000000000e+00
-1.198973012136133498e+01,-1.379260674272018683e+01,0.000000000000000000e+00
-1.174414910952623359e+01,-1.399613189323997453e+01,0.000000000000000000e+00
-1.149862085153274904e+01,-1.419961419363245803e+01,0.000000000000000000e+00
-1.125299292017845865e+01,-1.440317412531038421e+01,0.000000000000000000e+00
-1.100711905474579133e+01,-1.460694034255974572e+01,0.000000000000000000e+00
-1.076084906269609220e+01,-1.481103809881406974e+01,0.000000000000000000e+00
-1.051402798061192456e+01,-1.501558810334172733e+01,0.000000000000000000e+00
-1.026650495179546141e+01,-1.522071952457470623e+01,0.000000000000000000e+00
-1.001812743317102239e+01,-1.542656343736977931e+01,0.000000000000000000e+00
-9.768736022815414088e+00,-1.563324556239864549e+01,0.000000000000000000e+00
-9.518171120746348635e+00,-1.584089690575937404e+01,0.000000000000000000e+00
-9.266273702743033525e+00,-1.604965684999030273e+01,0.000000000000000000e+00
-9.012876813202213455e+00,-1.625966018339532582e+01,0.000000000000000000e+00
-8.757808947375194109e+00,-1.647104306577543653e+01,0.000000000000000000e+00
-8.500899801034703884e+00,-1.668395525575734339e+01,0.000000000000000000e+00
-8.241970731797009009e+00,-1.689854425358751655e+01,0.000000000000000000e+00
-7.980835114884978765e+00,-1.711495613531650761e+01,0.000000000000000000e+00
-7.717306177120027755e+00,-1.733335346928975085e+01,0.000000000000000000e+00
-7.451188572065490234e+00,-1.755390022569939035e+01,0.000000000000000000e+00
-7.182276246132010655e+00,-1.777675751440547103e+01,0.000000000000000000e+00
-6.910360577534270909e+00,-1.800210477362564632e+01,0.000000000000000000e+00
-6.635223431345152356e+00,-1.823012655065698340e+01,0.000000000000000000e+00
-6.356633499400039966e+00,-1.846100415435612874e+01,0.000000000000000000e+00
-6.074354293119155201e+00,-1.869494020690263625e+01,0.000000000000000000e+00
-5.788137402600704640e+00,-1.893214437944248374e+01,0.000000000000000000e+00
-5.497718880002760322e+00,-1.917282423029851302e+01,0.000000000000000000e+00
-5.202826819014362059e+00,-1.941721403154357617e+01,0.000000000000000000e+00
-4.903173175388676697e+00,-1.966555348567330341e+01,0.000000000000000000e+00
-4.598452354875765202e+00,-1.991808543418951771e+01,0.000000000000000000e+00
-4.288346770848963097e+00,-2.017508533802068627e+01,0.000000000000000000e+00
-3.972517019825674289e+00,-2.043682838785450784e+01,0.000000000000000000e+00
-3.650604768678578971e+00,-2.070360845521654269e+01,0.000000000000000000e+00
-3.322232261869134007e+00,-2.097574897547851691e+01,0.000000000000000000e+00
-2.986994775063125829e+00,-2.125357218340407428e+01,0.000000000000000000e+00
-2.644465425836189265e+00,-2.153744254481133424e+01,0.000000000000000000e+00
-2.294187306130377912e+00,-2.182773415677556272e+01,0.000000000000000000e+00
-1.935673423533171400e+00,-2.212484847204924066e+01,0.000000000000000000e+00
-1.568404128929525854e+00,-2.242922400347004341e+01,0.000000000000000000e+00
-1.191821634947737962e+00,-2.274131152382929244e+01,0.000000000000000000e+00
-8.053294436780782384e-01,-2.306161792535451482e+01,0.000000000000000000e+00
-4.082855158358772996e-01,-2.339066153663225123e+01,0.000000000000000000e+00
-4.358952042448464099e-15,-2.372902971144189976e+01,0.000000000000000000e+00
4.202713151185116236e-01,-2.407732751764886459e+01,0.000000000000000000e+00
8.533317470556667228e-01,-2.443622404303872742e+01,0.000000000000000000e+00
1.300049625884038162e+00,-2.480642461232319818e+01,0.000000000000000000e+00
1.761369762012480189e+00,-2.518876112120462807e+01,0.000000000000000000e+00
2.238314888338060360e+00,-2.558405624375352616e+01,0.000000000000000000e+00
2.731982100991756202e+00,-2.599307339124841931e+01,0.000000000000000000e+00
3.243610025405907482e+00,-2.641708372415713768e+01,0.000000000000000000e+00
3.774508102900155482e+00,-2.685702067226962342e+01,0.000000000000000000e+00
4.325027503508895421e+00,-2.730714895129054653e+01,0.000000000000000000e+00
4.894896053349762965e+00,-2.776033499628105261e+01,0.000000000000000000e+00
5.484009283701674065e+00,-2.821278198408599991e+01,0.000000000000000000e+00
6.093088741023970023e+00,-2.866572875074565019e+01,0.000000000000000000e+00
6.722666390751832033e+00,-2.911906728240251141e+01,0.000000000000000000e+00
7.372603946352154658e+00,-2.956989933854038810e+01,0.000000000000000000e+00
8.043269709569699444e+00,-3.001789121509384017e+01,0.000000000000000000e+00
8.735305677102200406e+00,-3.046363118969167871e+01,0.000000000000000000e+00
9.449109793346019970e+00,-3.090664550990997128e+01,0.000000000000000000e+00
1.018489205331166048e+01,-3.134587460038438422e+01,0.000000000000000000e+00
1.094290329980612420e+01,-3.178049879665163857e+01,0.000000000000000000e+00
1.172335132090026377e+01,-3.220964303450706012e+01,0.000000000000000000e+00
1.252643386542917803e+01,-3.263247588243973496e+01,0.000000000000000000e+00
1.335233778812466099e+01,-3.304819572176098319e+01,0.000000000000000000e+00
1.420124835158988752e+01,-3.345604452674373874e+01,0.000000000000000000e+00
1.507335669623639340e+01,-3.385531344592227043e+01,0.000000000000000000e+00
1.596887059058624914e+01,-3.424535349423374697e+01,0.000000000000000000e+00
1.688801609135387949e+01,-3.462556426875583071e+01,0.000000000000000000e+00
1.783108504096214020e+01,-3.499547482594804393e+01,0.000000000000000000e+00
1.879830292312757933e+01,-3.535446581112338293e+01,0.000000000000000000e+00
1.979003799494741855e+01,-3.570217362152113338e+01,0.000000000000000000e+00
2.080318966381685541e+01,-3.603218145722249943e+01,0.000000000000000000e+00
2.184112323666194300e+01,-3.634973327426560985e+01,0.000000000000000000e+00
2.290434890866264794e+01,-3.665462042373656715e+01,0.000000000000000000e+00
2.399077973722760504e+01,-3.694256117194966293e+01,0.000000000000000000e+00
2.509942292410984876e+01,-3.721142475947922890e+01,0.000000000000000000e+00
2.623492723452189779e+01,-3.746735903700685810e+01,0.000000000000000000e+00
2.739099940008181377e+01,-3.770047635790939466e+01,0.000000000000000000e+00
2.857236290115537614e+01,-3.791680622943739820e+01,0.000000000000000000e+00
2.977670087649344310e+01,-3.811243912118407451e+01,0.000000000000000000e+00
3.100397805273025043e+01,-3.828672433859171775e+01,0.000000000000000000e+00
3.225434860437916029e+01,-3.843923582605491163e+01,0.000000000000000000e+00
3.352826901160814543e+01,-3.856986141976122440e+01,0.000000000000000000e+00
3.482114670756384811e+01,-3.867280131412379518e+01,0.000000000000000000e+00
3.613542432280232930e+01,-3.875049836723812291e+01,0.000000000000000000e+00
3.741369128365493424e+01,-3.874301147502675491e+01,0.000000000000000000e+00
3.867329630235585824e+01,-3.867329630235587956e+01,0.000000000000000000e+00
3.988795056923360960e+01,-3.851934611476836778e+01,0.000000000000000000e+00
4.107428417694981704e+01,-3.830238964731113782e+01,0.000000000000000000e+00
4.220777885290939224e+01,-3.800405477998844361e+01,0.000000000000000000e+00
4.330923766862806445e+01,-3.764814593026934375e+01,0.000000000000000000e+00
4.435767851251812743e+01,-3.722051167973435071e+01,0.000000000000000000e+00
4.535414483344458603e+01,-3.672706232533728610e+01,0.000000000000000000e+00
4.630256148768245339e+01,-3.617552576076985105e+01,0.000000000000000000e+00
4.719768984787939559e+01,-3.556601034036504672e+01,0.000000000000000000e+00
4.803582667635500769e+01,-3.490007094826633960e+01,0.000000000000000000e+00
4.881407949869600316e+01,-3.417998643575502626e+01,0.000000000000000000e+00
4.953031211358941022e+01,-3.340861736247971692e+01,0.000000000000000000e+00
5.018526725774754027e+01,-3.259069362382765433e+01,0.000000000000000000e+00
5.077598775119828645e+01,-3.172835855864729382e+01,0.000000000000000000e+00
5.129720601422702231e+01,-3.082247096009276532e+01,0.000000000000000000e+00
5.174969831193059377e+01,-2.987770225087508535e+01,0.000000000000000000e+00
5.213266909728226040e+01,-2.889761035701559422e+01,0.000000000000000000e+00
5.244400729518116577e+01,-2.788497331297122273e+01,0.000000000000000000e+00
5.268189023938663951e+01,-2.684276380443965238e+01,0.000000000000000000e+00
5.284470077596420623e+01,-2.577408270144937674e+01,0.000000000000000000e+00
5.293092165391239234e+01,-2.468209412042163109e+01,0.000000000000000000e+00
5.293913673666007469e+01,-2.357002225063199319e+01,0.000000000000000000e+00
5.286759232730651803e+01,-2.244096153657780945e+01,0.000000000000000000e+00
5.271367514495977957e+01,-2.129770721871863159e+01,0.000000000000000000e+00
5.247771112165289509e+01,-2.014430594058062951e+01,0.000000000000000000e+00
5.216101116683985595e+01,-1.898505545395669003e+01,0.000000000000000000e+00
5.176493528632795460e+01,-1.782409661923533051e+01,0.000000000000000000e+00
5.128833067352140773e+01,-1.666458882273344244e+01,0.000000000000000000e+00
5.072805435070363700e+01,-1.550912262571255695e+01,0.000000000000000000e+00
5.008710872350081189e+01,-1.436224731246363007e+01,0.000000000000000000e+00
4.936665513080042444e+01,-1.322775537532370826e+01,0.000000000000000000e+00
4.855905809053144395e+01,-1.210713297365821006e+01,0.000000000000000000e+00
4.766247228460557039e+01,-1.100374876091919063e+01,0.000000000000000000e+00
4.667903752084978919e+01,-9.921935717497811780e+00,0.000000000000000000e+00
4.561476923434023689e+01,-8.866612945016738578e+00,0.000000000000000000e+00
4.448633223302811501e+01,-7.844140645443555826e+00,0.000000000000000000e+00
4.325087917206846555e+01,-6.850266291212219194e+00,0.000000000000000000e+00
4.196249148198537426e+01,-5.897443579070234421e+00,0.000000000000000000e+00
4.057600835815432561e+01,-4.982107369448590894e+00,0.000000000000000000e+00
3.920411114655270524e+01,-4.120518121329003414e+00,0.000000000000000000e+00
3.786124781870483957e+01,-3.312429971082297531e+00,0.000000000000000000e+00
3.660617499891569082e+01,-2.559753115120390277e+00,0.000000000000000000e+00
3.543443999945783673e+01,-1.857040310509772141e+00,0.000000000000000000e+00
3.433736545431497689e+01,-1.199087223984029560e+00,0.000000000000000000e+00
3.330739853563788699e+01,-5.813828040296097344e-01,0.000000000000000000e+00
3.233799443572787879e+01,-7.920524275311813433e-15,0.000000000000000000e+00
