3.260549708786760448e+01,0.000000000000000000e+00,0.000000000000000000e+00
3.138109601737620125e+01,5.477590685019319006e-01,0.000000000000000000e+00
3.019092829141120404e+01,1.054290447606255787e+00,0.000000000000000000e+00
2.903624356007103557e+01,1.521725043704829305e+00,0.000000000000000000e+00
2.793154221698063822e+01,1.953163699899027161e+00,0.000000000000000000e+00
2.690117148326111263e+01,2.353547540352213474e+00,0.000000000000000000e+00
2.594143673533972105e+01,2.726554869760807520e+00,0.000000000000000000e+00
2.504469251796217222e+01,3.075101573766245711e+00,0.000000000000000000e+00
2.420438461566122967e+01,3.401704417342751086e+00,0.000000000000000000e+00
2.341490016029506904e+01,3.708555857143229328e+00,0.000000000000000000e+00
2.267131898078914176e+01,3.997565224561062447e+00,0.000000000000000000e+00
2.196933646645383931e+01,4.270406413899848097e+00,0.000000000000000000e+00
2.130516321726444673e+01,4.528552239280356773e+00,0.000000000000000000e+00
2.067545187447899124e+01,4.773304174964597024e+00,0.000000000000000000e+00
2.007723268523051274e+01,5.005816328026353013e+00,0.000000000000000000e+00
1.950785989302285728e+01,5.227115304394961193e+00,0.000000000000000000e+00
1.896497459762490934e+01,5.438118956901948131e+00,0.000000000000000000e+00
1.844646522238020125e+01,5.639650382941778339e+00,0.000000000000000000e+00
1.795042642629190865e+01,5.832447101681901280e+00,0.000000000000000000e+00
1.747514446272390742e+01,6.017174784741831317e+00,0.000000000000000000e+00
1.701907725242184810e+01,6.194437534558574932e+00,0.000000000000000000e+00
1.658081186619889991e+01,6.364777347122211104e+00,0.000000000000000000e+00
1.615908261272485191e+01,6.528693160977725896e+00,0.000000000000000000e+00
1.575272164674631981e+01,6.686633625803704462e+00,0.000000000000000000e+00
1.536067346515886989e+01,6.839012452346398874e+00,0.000000000000000000e+00
1.498196553971647127e+01,6.986205265384077379e+00,0.000000000000000000e+00
1.461571166983261705e+01,7.128558886459731347e+00,0.000000000000000000e+00
1.426109131046555412e+01,7.266388960246054296e+00,0.000000000000000000e+00
1.391735773653658725e+01,7.399990372323352439e+00,0.000000000000000000e+00
1.358380906960049828e+01,7.529628320485772797e+00,0.000000000000000000e+00
1.325981705369732744e+01,7.655558945357341827e+00,0.000000000000000000e+00
1.294477623030780578e+01,7.778006258915996618e+00,0.000000000000000000e+00
1.263814273715326486e+01,7.897188061502535383e+00,0.000000000000000000e+00
1.233939412499723076e+01,8.013296240229953682e+00,0.000000000000000000e+00
1.204805930836488237e+01,8.126518614914790106e+00,0.000000000000000000e+00
1.176372051598031376e+01,8.237045782681631678e+00,0.000000000000000000e+00
1.148596252547571162e+01,8.345040249833962420e+00,0.000000000000000000e+00
1.121436228848243388e+01,8.450628121805976889e+00,0.000000000000000000e+00
1.094849709037495522e+01,8.553903408560566746e+00,0.000000000000000000e+00
1.068800655021399315e+01,8.654977051046939707e+00,0.000000000000000000e+00
1.043274401941467211e+01,8.754111658857825162e+00,0.000000000000000000e+00
1.018260434164946382e+01,8.851602910625805620e+00,0.000000000000000000e+00
9.937312594751302797e+00,8.947596449765935489e+00,0.000000000000000000e+00
9.696019446467584402e+00,9.041684409315159598e+00,0.000000000000000000e+00
9.457785330068064766e+00,9.133277127781745719e+00,0.000000000000000000e+00
9.221773282053693066e+00,9.221773282053691290e+00,0.000000000000000000e+00
8.987502555822805661e+00,9.306831341824734594e+00,0.000000000000000000e+00
8.754632752646964278e+00,9.388194231695859315e+00,0.000000000000000000e+00
8.522862241570386743e+00,9.465597467653257269e+00,0.000000000000000000e+00
8.292143811583569502e+00,9.539020268978941175e+00,0.000000000000000000e+00
8.062606802137940676e+00,9.608640622122404551e+00,0.000000000000000000e+00
7.834374485199120386e+00,9.674646775003150623e+00,0.000000000000000000e+00
7.607516782420574053e+00,9.737177447427630028e+00,0.000000000000000000e+00
7.382023265876109797e+00,9.796275748062278410e+00,0.000000000000000000e+00
7.157876414989093661e+00,9.851971686558007590e+00,0.000000000000000000e+00
6.935068838438819050e+00,9.904304738235753192e+00,0.000000000000000000e+00
6.713640722151968276e+00,9.953381691280197785e+00,0.000000000000000000e+00
6.493643021248822755e+00,9.999333375940135937e+00,0.000000000000000000e+00
6.275119746960262646e+00,1.004229080492784831e+01,0.000000000000000000e+00
6.058086685063573285e+00,1.008234937225216754e+01,0.000000000000000000e+00
5.842531581115441242e+00,1.011956154331766733e+01,0.000000000000000000e+00
5.628440274080256600e+00,1.015397504213376223e+01,0.000000000000000000e+00
5.415798858725741738e+00,1.018563624459796202e+01,0.000000000000000000e+00
5.204596152453649260e+00,1.021459508571721564e+01,0.000000000000000000e+00
4.994821286825098738e+00,1.024090127237954206e+01,0.000000000000000000e+00
4.786463096736942369e+00,1.026460323571598465e+01,0.000000000000000000e+00
4.579541203407591077e+00,1.028581795046301828e+01,0.000000000000000000e+00
4.374122459737358248e+00,1.030478674517506121e+01,0.000000000000000000e+00
4.170264582984055224e+00,1.032176704461143046e+01,0.000000000000000000e+00
3.968012409824050568e+00,1.033702573740193031e+01,0.000000000000000000e+00
3.767433288507560540e+00,1.035093788947619053e+01,0.000000000000000000e+00
3.568601592949844914e+00,1.036397156433620381e+01,0.000000000000000000e+00
3.371562813535536218e+00,1.037660336577059539e+01,0.000000000000000000e+00
3.176320753820242704e+00,1.038927705477845898e+01,0.000000000000000000e+00
2.982752743377761195e+00,1.040209499966170092e+01,0.000000000000000000e+00
2.790682597791217301e+00,1.041496924275512725e+01,0.000000000000000000e+00
2.599942877163945010e+00,1.042780132001146853e+01,0.000000000000000000e+00
2.410378567119071835e+00,1.044049661136787499e+01,0.000000000000000000e+00
2.221864802523889626e+00,1.045305204914428465e+01,0.000000000000000000e+00
2.034288508960043984e+00,1.046550711841264203e+01,0.000000000000000000e+00
1.847535862550633068e+00,1.047789654837512607e+01,0.000000000000000000e+00
1.661492235629679737e+00,1.049024911932771076e+01,0.000000000000000000e+00
1.476041328739754022e+00,1.050257977950258237e+01,0.000000000000000000e+00
1.291066549818712383e+00,1.051489324329351227e+01,0.000000000000000000e+00
1.106452147711908029e+00,1.052718898448841678e+01,0.000000000000000000e+00
9.220834746549780858e-01,1.053946234281831629e+01,0.000000000000000000e+00
7.378481011858080141e-01,1.055171944320682975e+01,0.000000000000000000e+00
5.536344291680842522e-01,1.056397421798856939e+01,0.000000000000000000e+00
3.693303022895740306e-01,1.057623608141999405e+01,0.000000000000000000e+00
1.848231262212406134e-01,1.058850980969196343e+01,0.000000000000000000e+00
6.491119856500073325e-16,1.060080320467818638e+01,0.000000000000000000e+00
-1.852528450026277862e-01,1.061312838218958987e+01,0.000000000000000000e+00
-3.710503918680496671e-01,1.062549300225863291e+01,0.000000000000000000e+00
-5.575087056811862674e-01,1.063789981770119830e+01,0.000000000000000000e+00
-7.447453447198520982e-01,1.065035462107847586e+01,0.000000000000000000e+00
-9.328803263557852166e-01,1.066287092246368928e+01,0.000000000000000000e+00
-1.122035853459641519e+00,1.067545804051973057e+01,0.000000000000000000e+00
-1.312336111647380621e+00,1.068811992319742465e+01,0.000000000000000000e+00
-1.503908181745500228e+00,1.070086274163782569e+01,0.000000000000000000e+00
-1.696883553323287996e+00,1.071370110502206607e+01,0.000000000000000000e+00
-1.891396945989237466e+00,1.072664511346922289e+01,0.000000000000000000e+00
-2.087585979019520810e+00,1.073969883204818743e+01,0.000000000000000000e+00
-2.285593025175708615e+00,1.075286976425559615e+01,0.000000000000000000e+00
-2.485567172040785699e+00,1.076617423960736630e+01,0.000000000000000000e+00
-2.687661845041277253e+00,1.077962288388332190e+01,0.000000000000000000e+00
-2.892034506998510945e+00,1.079321971736084684e+01,0.000000000000000000e+00
-3.098850630496222003e+00,1.080697644809803748e+01,0.000000000000000000e+00
-3.308284619937175375e+00,1.082091141181232352e+01,0.000000000000000000e+00
-3.520516259094999878e+00,1.083503493297449261e+01,0.000000000000000000e+00
-3.735731533817545635e+00,1.084935215658951080e+01,0.000000000000000000e+00
-3.954129530280163340e+00,1.086388159804346287e+01,0.000000000000000000e+00
-4.175918703595204562e+00,1.087864014978618421e+01,0.000000000000000000e+00
-4.401314028266837930e+00,1.089363448911996812e+01,0.000000000000000000e+00
-4.630544561700162376e+00,1.090887936073364628e+01,0.000000000000000000e+00
-4.863857634025990251e+00,1.092440310905713652e+01,0.000000000000000000e+00
-5.101509640795587330e+00,1.094022272973237264e+01,0.000000000000000000e+00
-5.343768211445246941e+00,1.095634849243551123e+01,0.000000000000000000e+00
-5.590919143101384492e+00,1.097279664568063318e+01,0.000000000000000000e+00
-5.843258898798247891e+00,1.098957165484033816e+01,0.000000000000000000e+00
-6.101105002946761502e+00,1.100668478524136162e+01,0.000000000000000000e+00
-6.364835064584980273e+00,1.102421771365712821e+01,0.000000000000000000e+00
-6.634854092741376164e+00,1.104225153493883305e+01,0.000000000000000000e+00
-6.911549354861418415e+00,1.106079108175612902e+01,0.000000000000000000e+00
-7.195221598910679361e+00,1.107966964704449886e+01,0.000000000000000000e+00
-7.486143848178104854e+00,1.109866467398062539e+01,0.000000000000000000e+00
-7.784217408515732295e+00,1.111701457601901843e+01,0.000000000000000000e+00
-8.088820094527296334e+00,1.113330573605130347e+01,0.000000000000000000e+00
-8.399332096953003202e+00,1.114629016433157993e+01,0.000000000000000000e+00
-8.715804551751242357e+00,1.115572110384435156e+01,0.000000000000000000e+00
-9.038559872162927888e+00,1.116169188530582268e+01,0.000000000000000000e+00
-9.367743060511365627e+00,1.116404144686389976e+01,0.000000000000000000e+00
-9.703269869074725662e+00,1.116233510412310181e+01,0.000000000000000000e+00
-1.004505469108046611e+01,1.115616345205765647e+01,0.000000000000000000e+00
-1.039307882884077472e+01,1.114521253686882396e+01,0.000000000000000000e+00
-1.074734449795516333e+01,1.112920102038286885e+01,0.000000000000000000e+00
-1.110793733830653984e+01,1.110793733830654162e+01,0.000000000000000000e+00
-1.147494158611429604e+01,1.108122228127745323e+01,0.000000000000000000e+00
-1.184821871512745872e+01,1.104864269571493907e+01,0.000000000000000000e+00
-1.222757763219432370e+01,1.100976035199358272e+01,0.000000000000000000e+00
-1.261343230281164551e+01,1.096468941917695084e+01,0.000000000000000000e+00
-1.300620040402478672e+01,1.091349796203499345e+01,0.000000000000000000e+00
-1.340320253083417867e+01,1.085369940314843618e+01,0.000000000000000000e+00
-1.380021918404108128e+01,1.078191289113356000e+01,0.000000000000000000e+00
-1.419450226864298514e+01,1.069632467372921880e+01,0.000000000000000000e+00
-1.458416295347800151e+01,1.059601462106204117e+01,0.000000000000000000e+00
-1.496867529754584680e+01,1.048117928035507873e+01,0.000000000000000000e+00
-1.534795052736462573e+01,1.035232334678365618e+01,0.000000000000000000e+00
-1.572156455616681825e+01,1.020970339971957763e+01,0.000000000000000000e+00
-1.608900218692607353e+01,1.005352436941224958e+01,0.000000000000000000e+00
-1.644985237489380125e+01,9.884068480890679353e+00,0.000000000000000000e+00
-1.680375616733110178e+01,9.701653146605444533e+00,0.000000000000000000e+00
-1.715042138511426728e+01,9.506633809997975249e+00,0.000000000000000000e+00
-1.748958698770302433e+01,9.299378357225577929e+00,0.000000000000000000e+00
-1.782086277954810072e+01,9.080183118127784780e+00,0.000000000000000000e+00
-1.814375327625599965e+01,8.849299751728665342e+00,0.000000000000000000e+00
-1.845781287878619636e+01,8.607019498169965033e+00,0.000000000000000000e+00
-1.876268905737071080e+01,8.353687381866025774e+00,0.000000000000000000e+00
-1.905804959182507829e+01,8.089662097803493879e+00,0.000000000000000000e+00
-1.934357540178933732e+01,7.815311763742727180e+00,0.000000000000000000e+00
-1.961895998283145914e+01,7.531013142208035305e+00,0.000000000000000000e+00
-1.988390157623718935e+01,7.237148314829163098e+00,0.000000000000000000e+00
-2.013809076892023597e+01,6.934100730672954072e+00,0.000000000000000000e+00
-2.038122687734751537e+01,6.622262045841702971e+00,0.000000000000000000e+00
-2.061304298163342352e+01,6.302039677711450238e+00,0.000000000000000000e+00
-2.083334023067916263e+01,5.973864181090601022e+00,0.000000000000000000e+00
-2.104194255299408667e+01,5.638171514256847594e+00,0.000000000000000000e+00
-2.123868384647630592e+01,5.295398626459660640e+00,0.000000000000000000e+00
-2.142336296250768868e+01,4.945973054980529859e+00,0.000000000000000000e+00
-2.159576068505229074e+01,4.590320637863355202e+00,0.000000000000000000e+00
-2.175567032497461639e+01,4.228873923266857737e+00,0.000000000000000000e+00
-2.190289845171718852e+01,3.862071952755402382e+00,0.000000000000000000e+00
-2.203727049581616981e+01,3.490360753760263446e+00,0.000000000000000000e+00
-2.215863697031225854e+01,3.114193335674962260e+00,0.000000000000000000e+00
-2.226686374201024066e+01,2.734027087247536070e+00,0.000000000000000000e+00
-2.236183071445544712e+01,2.350323116383361555e+00,0.000000000000000000e+00
-2.244343192472715742e+01,1.963545864029445864e+00,0.000000000000000000e+00
-2.251157563040997189e+01,1.574162715659795042e+00,0.000000000000000000e+00
-2.256618438668605719e+01,1.182643610597853057e+00,0.000000000000000000e+00
-2.260719511349640953e+01,7.894606494133675767e-01,0.000000000000000000e+00
-2.263455915272477625e+01,3.950876996323908763e-01,0.000000000000000000e+00
-2.264827356600439856e+01,2.773613572882089776e-15,0.000000000000000000e+00
-2.246618329399110081e+01,-3.921486880858446877e-01,0.000000000000000000e+00
-2.222911866767715239e+01,-7.762579289986586417e-01,0.000000000000000000e+00
-2.194449150769180434e+01,-1.150062067413678557e+00,0.000000000000000000e+00
-2.163001474242690492e+01,-1.512517973229033696e+00,0.000000000000000000e+00
-2.130338269510591687e+01,-1.863804480576108480e+00,0.000000000000000000e+00
-2.098207996005814380e+01,-2.205305468485177389e+00,0.000000000000000000e+00
-2.067520632007258996e+01,-2.538596129587076700e+00,0.000000000000000000e+00
-2.037898759902895662e+01,-2.864079927557215299e+00,0.000000000000000000e+00
-2.008896560087080019e+01,-3.181779573392780947e+00,0.000000000000000000e+00
-1.980411337663595717e+01,-3.491999517310343748e+00,0.000000000000000000e+00
-1.952509936745622099e+01,-3.795294850990810431e+00,0.000000000000000000e+00
-1.925236570397174418e+01,-4.092216658050084277e+00,0.000000000000000000e+00
-1.898552537519478278e+01,-4.383153900939696257e+00,0.000000000000000000e+00
-1.872399123364925799e+01,-4.668415339538988462e+00,0.000000000000000000e+00
-1.846725982870285776e+01,-4.948287357516635510e+00,0.000000000000000000e+00
-1.821508161203137277e+01,-5.223090603470102344e+00,0.000000000000000000e+00
-1.796724462365078878e+01,-5.493137942723199885e+00,0.000000000000000000e+00
-1.772352589853491978e+01,-5.758722651128020509e+00,0.000000000000000000e+00
-1.748368733800596431e+01,-6.020116332598337117e+00,0.000000000000000000e+00
-1.724748203451222395e+01,-6.277570076603528726e+00,0.000000000000000000e+00
-1.701466248011062632e+01,-6.531316994380962804e+00,0.000000000000000000e+00
-1.678502108483239041e+01,-6.781588719468360615e+00,0.000000000000000000e+00
-1.655836602908092203e+01,-7.028609376925483154e+00,0.000000000000000000e+00
-1.633450003975054088e+01,-7.272587977870355935e+00,0.000000000000000000e+00
-1.611323649413289516e+01,-7.513725574876765734e+00,0.000000000000000000e+00
-1.589440612800788877e+01,-7.752219844530371162e+00,0.000000000000000000e+00
-1.567783608179748889e+01,-7.988256476677828566e+00,0.000000000000000000e+00
-1.546335214824794058e+01,-8.222010182326222605e+00,0.000000000000000000e+00
-1.525080016544111317e+01,-8.453656573601392665e+00,0.000000000000000000e+00
-1.504003163699681700e+01,-8.683366314240602790e+00,0.000000000000000000e+00
-1.483089331704158376e+01,-8.911299739209312065e+00,0.000000000000000000e+00
-1.462323516045350047e+01,-9.137611477530265702e+00,0.000000000000000000e+00
-1.441692305195449642e+01,-9.362459300483477520e+00,0.000000000000000000e+00
-1.421182139848725967e+01,-9.585994573123100437e+00,0.000000000000000000e+00
-1.400779018401942189e+01,-9.808360280510369122e+00,0.000000000000000000e+00
-1.380469558535970442e+01,-1.002969842893168106e+01,0.000000000000000000e+00
-1.360241443841093201e+01,-1.025015449124127542e+01,0.000000000000000000e+00
-1.340081975904749001e+01,-1.046986786115100365e+01,0.000000000000000000e+00
-1.319978027592508241e+01,-1.068897130912652216e+01,0.000000000000000000e+00
-1.299917174146231424e+01,-1.090760021387114698e+01,0.000000000000000000e+00
-1.279887615297066894e+01,-1.112589329872977295e+01,0.000000000000000000e+00
-1.259877050331918724e+01,-1.134398391436893050e+01,0.000000000000000000e+00
-1.239872737202126984e+01,-1.156200032331779504e+01,0.000000000000000000e+00
-1.219862628911956470e+01,-1.178007647546923664e+01,0.000000000000000000e+00
-1.199834968258215007e+01,-1.199834968258214651e+01,0.000000000000000000e+00
-1.179777394401437718e+01,-1.221695255427540516e+01,0.000000000000000000e+00
-1.159677077070421269e+01,-1.243601411183200511e+01,0.000000000000000000e+00
-1.139521847306606617e+01,-1.265567224539997149e+01,0.000000000000000000e+00
-1.119299516520079862e+01,-1.287606802022449060e+01,0.000000000000000000e+00
-1.098997171924782990e+01,-1.309733827892236313e+01,0.000000000000000000e+00
-1.078601419631518610e+01,-1.331961826137633409e+01,0.000000000000000000e+00
-1.058099479848262092e+01,-1.354305575259632910e+01,0.000000000000000000e+00
-1.037478202369356417e+01,-1.376780075998306252e+01,0.000000000000000000e+00
-1.016723564443114114e+01,-1.399399932216510045e+01,0.000000000000000000e+00
-9.958211417007145627e+00,-1.422179978591531224e+01,0.000000000000000000e+00
-9.747569702932230129e+00,-1.445136637942463587e+01,0.000000000000000000e+00
-9.535163000282713242e+00,-1.468286342839649805e+01,0.000000000000000000e+00
-9.320833494724530155e+00,-1.491645168105002739e+01,0.000000000000000000e+00
-9.104421981737530700e+00,-1.515230270286680714e+01,0.000000000000000000e+00
-8.885769041852135786e+00,-1.539060344481050180e+01,0.000000000000000000e+00
-8.664703145528319439e+00,-1.563153825978361944e+01,0.000000000000000000e+00
-8.441042210873547447e+00,-1.587529148109539534e+01,0.000000000000000000e+00
-8.214605453837913629e+00,-1.612207096228218717e+01,0.000000000000000000e+00
-7.985202599326751915e+00,-1.637209156518860098e+01,0.000000000000000000e+00
-7.752627944823797357e+00,-1.662556427981040486e+01,0.000000000000000000e+00
-7.516670182455353455e+00,-1.688271764710404099e+01,0.000000000000000000e+00
-7.277112685918767809e+00,-1.714380313748776885e+01,0.000000000000000000e+00
-7.033720394769670925e+00,-1.740906887970047734e+01,0.000000000000000000e+00
-6.786245383684815558e+00,-1.767877363936607793e+01,0.000000000000000000e+00
-6.534434646535918212e+00,-1.795321164025934735e+01,0.000000000000000000e+00
-6.278014307585574549e+00,-1.823267744229447374e+01,0.000000000000000000e+00
-6.016692049378462137e+00,-1.851747406862531875e+01,0.000000000000000000e+00
-5.750166948351561835e+00,-1.880794861973663856e+01,0.000000000000000000e+00
-5.478113267942849696e+00,-1.910445133562043907e+01,0.000000000000000000e+00
-5.200182942742053172e+00,-1.940734695096639228e+01,0.000000000000000000e+00
-4.916013484385735488e+00,-1.971705315217942101e+01,0.000000000000000000e+00
-4.625210832535755046e+00,-2.003398913460633324e+01,0.000000000000000000e+00
-4.327355252432599109e+00,-2.035860581500409694e+01,0.000000000000000000e+00
-4.022000893880661287e+00,-2.069140085084985614e+01,0.000000000000000000e+00
-3.708634765679491352e+00,-2.103271292220028243e+01,0.000000000000000000e+00
-3.386533234901562217e+00,-2.138172934135709014e+01,0.000000000000000000e+00
-3.054950197502663833e+00,-2.173710013870219271e+01,0.000000000000000000e+00
-2.713288312707726302e+00,-2.209795997766644149e+01,0.000000000000000000e+00
-2.361076922568379199e+00,-2.246414634576986202e+01,0.000000000000000000e+00
-1.997845926209578904e+00,-2.283548342943414511e+01,0.000000000000000000e+00
-1.623115649163361818e+00,-2.321163519473146764e+01,0.000000000000000000e+00
-1.236416764410789959e+00,-2.359223728472072068e+01,0.000000000000000000e+00
-8.372942064264768947e-01,-2.397696896754594320e+01,0.000000000000000000e+00
-4.253015550336589068e-01,-2.436550976938065816e+01,0.000000000000000000e+00
-4.547884800879538079e-15,-2.475753174464099970e+01,0.000000000000000000e+00
4.390431695436150528e-01,-2.515276633740126400e+01,0.000000000000000000e+00
8.922642959047997202e-01,-2.555110637283197406e+01,0.000000000000000000e+00
1.360100085168450601e+00,-2.595225563408992997e+01,0.000000000000000000e+00
1.842964759541436681e+00,-2.635562394908346562e+01,0.000000000000000000e+00
2.341230203381755803e+00,-2.676038367745813673e+01,0.000000000000000000e+00
2.855257885603551760e+00,-2.716596413442529467e+01,0.000000000000000000e+00
3.385494331594810280e+00,-2.757263866645238437e+01,0.000000000000000000e+00
3.932349456023881640e+00,-2.798012025722633922e+01,0.000000000000000000e+00
4.496113554572364279e+00,-2.838734376533229309e+01,0.000000000000000000e+00
5.076969884611712835e+00,-2.879292700534509208e+01,0.000000000000000000e+00
5.675436549606268422e+00,-2.919758989366169999e+01,0.000000000000000000e+00
6.292037231511391049e+00,-2.960170780932806167e+01,0.000000000000000000e+00
6.926912529621807479e+00,-3.000375450533350019e+01,0.000000000000000000e+00
7.579960027255449262e+00,-3.040155915428003297e+01,0.000000000000000000e+00
8.251693537416141311e+00,-3.079573953012475229e+01,0.000000000000000000e+00
8.942512934369071687e+00,-3.118624877155282249e+01,0.000000000000000000e+00
9.652652404204729919e+00,-3.157240339161027620e+01,0.000000000000000000e+00
1.038231534543903756e+01,-3.195348101641975447e+01,0.000000000000000000e+00
1.113169504504673313e+01,-3.232878983679482587e+01,0.000000000000000000e+00
1.190097221442966990e+01,-3.269765242870244748e+01,0.000000000000000000e+00
1.269032218453581429e+01,-3.305941955037548041e+01,0.000000000000000000e+00
1.349991939005583852e+01,-3.341347300450694746e+01,0.000000000000000000e+00
1.432994550855966587e+01,-3.375923602846577865e+01,0.000000000000000000e+00
1.518058990144002252e+01,-3.409616316819323600e+01,0.000000000000000000e+00
1.605207737453861228e+01,-3.442379101825294185e+01,0.000000000000000000e+00
1.694414741671221236e+01,-3.474065054077095738e+01,0.000000000000000000e+00
1.785584633718354297e+01,-3.504407160604210247e+01,0.000000000000000000e+00
1.878872391779931661e+01,-3.533645032229082972e+01,0.000000000000000000e+00
1.974289122668504959e+01,-3.561711860006910513e+01,0.000000000000000000e+00
2.071902459047166190e+01,-3.588640327396586116e+01,0.000000000000000000e+00
2.171356351479253988e+01,-3.613743824638402913e+01,0.000000000000000000e+00
2.272951863851491439e+01,-3.637483350569756624e+01,0.000000000000000000e+00
2.376816535599763469e+01,-3.659976508585236132e+01,0.000000000000000000e+00
2.482448268229688182e+01,-3.680380908829386755e+01,0.000000000000000000e+00
2.590290722843067428e+01,-3.699318532710918106e+01,0.000000000000000000e+00
2.700210704615979296e+01,-3.716521195296164137e+01,0.000000000000000000e+00
2.811975637478763090e+01,-3.731617708238947273e+01,0.000000000000000000e+00
2.926010958714720900e+01,-3.745123242312153167e+01,0.000000000000000000e+00
3.041725121835775880e+01,-3.756217703916231443e+01,0.000000000000000000e+00
3.159679664778840902e+01,-3.765559591947054230e+01,0.000000000000000000e+00
3.279385400662949479e+01,-3.772501360024471495e+01,0.000000000000000000e+00
3.401034503866362968e+01,-3.777231483359881281e+01,0.000000000000000000e+00
3.524797477671587131e+01,-3.779882524228939644e+01,0.000000000000000000e+00
3.649882883816910351e+01,-3.779564367977759787e+01,0.000000000000000000e+00
3.776339893382094459e+01,-3.776339893382096591e+01,0.000000000000000000e+00
3.900410388390757532e+01,-3.766582529209858166e+01,0.000000000000000000e+00
4.020323696647965050e+01,-3.749012498280957573e+01,0.000000000000000000e+00
4.137914519357604348e+01,-3.725794968188338174e+01,0.000000000000000000e+00
4.249820314330185056e+01,-3.694312437349218214e+01,0.000000000000000000e+00
4.358947603255408865e+01,-3.657591326212704530e+01,0.000000000000000000e+00
4.462580942367788595e+01,-3.613726793969767215e+01,0.000000000000000000e+00
4.561626671946100942e+01,-3.563933352281166833e+01,0.000000000000000000e+00
4.656145021090680558e+01,-3.508656938508841705e+01,0.000000000000000000e+00
4.745617650422245504e+01,-3.447893044684641239e+01,0.000000000000000000e+00
4.828823853254584719e+01,-3.381178862735720259e+01,0.000000000000000000e+00
4.906595316192782263e+01,-3.309540329471195008e+01,0.000000000000000000e+00
4.978658948216336455e+01,-3.233178924912419916e+01,0.000000000000000000e+00
5.044759540131951780e+01,-3.152315624380656800e+01,0.000000000000000000e+00
5.103872091614960027e+01,-3.066715744405257027e+01,0.000000000000000000e+00
5.156865180759650258e+01,-2.977317500286195795e+01,0.000000000000000000e+00
5.203582924433082013e+01,-2.884393114998325913e+01,0.000000000000000000e+00
5.243261441990639327e+01,-2.787891561373388782e+01,0.000000000000000000e+00
5.275990001656016659e+01,-2.688251177121895452e+01,0.000000000000000000e+00
5.301835917148546429e+01,-2.585878156022315721e+01,0.000000000000000000e+00
5.320599165060495750e+01,-2.481036136640804557e+01,0.000000000000000000e+00
5.332057521894100915e+01,-2.373984960462401617e+01,0.000000000000000000e+00
5.335995710198409370e+01,-2.264995798381715630e+01,0.000000000000000000e+00
5.332252577696630169e+01,-2.154369884166557370e+01,0.000000000000000000e+00
5.320826526499110543e+01,-2.042473940185427494e+01,0.000000000000000000e+00
5.301624414624224357e+01,-1.929633480182195981e+01,0.000000000000000000e+00
5.274525350133940549e+01,-1.816164725047460848e+01,0.000000000000000000e+00
5.239420408992292266e+01,-1.702390887726267010e+01,0.000000000000000000e+00
5.196513140488317362e+01,-1.588733503650373713e+01,0.000000000000000000e+00
5.146589246627980430e+01,-1.475760718866476573e+01,0.000000000000000000e+00
5.088982834478624540e+01,-1.363588840794392887e+01,0.000000000000000000e+00
5.022098774376297570e+01,-1.252149857496428531e+01,0.000000000000000000e+00
4.947599797835582081e+01,-1.142243415739504364e+01,0.000000000000000000e+00
4.865534399035698243e+01,-1.034201262546248223e+01,0.000000000000000000e+00
4.776201823519161849e+01,-9.283995869597887918e+00,0.000000000000000000e+00
4.676948893186828826e+01,-8.246722772634349496e+00,0.000000000000000000e+00
4.570844922485378703e+01,-7.239507148580963225e+00,0.000000000000000000e+00
4.458386987353407704e+01,-6.265854286289302522e+00,0.000000000000000000e+00
4.335999293960883705e+01,-5.323937693842942132e+00,0.000000000000000000e+00
4.206977286830836960e+01,-4.421711305124253144e+00,0.000000000000000000e+00
4.071709247421516409e+01,-3.562284003230548723e+00,0.000000000000000000e+00
3.929797543646124325e+01,-2.747982138106095373e+00,0.000000000000000000e+00
3.789169218297350739e+01,-1.985819440586233942e+00,0.000000000000000000e+00
3.651752241670383370e+01,-1.275219982723439394e+00,0.000000000000000000e+00
3.517996840099910116e+01,-6.140686326121153060e-01,0.000000000000000000e+00
3.387888708784262093e+01,-8.297934126160211229e-15,0.000000000000000000e+00
