2.995022417525511216e+01,0.000000000000000000e+00,0.000000000000000000e+00
2.948843591683619536e+01,5.147225635599592675e-01,0.000000000000000000e+00
2.901945526062824499e+01,1.013381707932484721e+00,0.000000000000000000e+00
2.854619605318950093e+01,1.496042742125977210e+00,0.000000000000000000e+00
2.807013582833486964e+01,1.962855109296766321e+00,0.000000000000000000e+00
2.759033854280816911e+01,2.413841845338076553e+00,0.000000000000000000e+00
2.710540187863394834e+01,2.848892536022650912e+00,0.000000000000000000e+00
2.661834382636527963e+01,3.268321658682802333e+00,0.000000000000000000e+00
2.612989675926454680e+01,3.672317501234352743e+00,0.000000000000000000e+00
2.563820438630707699e+01,4.060692652651317403e+00,0.000000000000000000e+00
2.514397135153621576e+01,4.433560551436522168e+00,0.000000000000000000e+00
2.464937399736527013e+01,4.791352937659100419e+00,0.000000000000000000e+00
2.415445388332721066e+01,5.134187666457144417e+00,0.000000000000000000e+00
2.365751588998726263e+01,5.461767900045625623e+00,0.000000000000000000e+00
2.315979729010328114e+01,5.774386004594360244e+00,0.000000000000000000e+00
2.266323111512194188e+01,6.072594475176815720e+00,0.000000000000000000e+00
2.216760151910974486e+01,6.356457448944659916e+00,0.000000000000000000e+00
2.167126558731163044e+01,6.625570796080402225e+00,0.000000000000000000e+00
2.117562454442400366e+01,6.880377494516322301e+00,0.000000000000000000e+00
2.068258210832570754e+01,7.121584134027322044e+00,0.000000000000000000e+00
2.019168597559517053e+01,7.349172674766965230e+00,0.000000000000000000e+00
1.970103028296000502e+01,7.562516978771946619e+00,0.000000000000000000e+00
1.921266960255832856e+01,7.762422387739483121e+00,0.000000000000000000e+00
1.872819220774764304e+01,7.949645945321830887e+00,0.000000000000000000e+00
1.824705988047297822e+01,8.124114481329119286e+00,0.000000000000000000e+00
1.776807998060907323e+01,8.285391765668530084e+00,0.000000000000000000e+00
1.729552696678939938e+01,8.435592138122855133e+00,0.000000000000000000e+00
1.683025799069577033e+01,8.575444767816463809e+00,0.000000000000000000e+00
1.637054643598796844e+01,8.704373941467007825e+00,0.000000000000000000e+00
1.591765854360876276e+01,8.823302208656835788e+00,0.000000000000000000e+00
1.547172568644781521e+01,8.932604989898690562e+00,0.000000000000000000e+00
1.503249049242583624e+01,9.032431542804904012e+00,0.000000000000000000e+00
1.460057230504625991e+01,9.123450153759531389e+00,0.000000000000000000e+00
1.417563406949510529e+01,9.205764403119449213e+00,0.000000000000000000e+00
1.375841334662668913e+01,9.280166980538217203e+00,0.000000000000000000e+00
1.335334776820863212e+01,9.350114767635487212e+00,0.000000000000000000e+00
1.296218873166677454e+01,9.417581369587779250e+00,0.000000000000000000e+00
1.258409309391115727e+01,9.482794317787353933e+00,0.000000000000000000e+00
1.221820414250137077e+01,9.545907278261148932e+00,0.000000000000000000e+00
1.186371827912089572e+01,9.607049636755847999e+00,0.000000000000000000e+00
1.151991008126331373e+01,9.666352300383476148e+00,0.000000000000000000e+00
1.118609988052676840e+01,9.723928274029594476e+00,0.000000000000000000e+00
1.086166758123453846e+01,9.779889417962316145e+00,0.000000000000000000e+00
1.054602879326374776e+01,9.834330948560602081e+00,0.000000000000000000e+00
1.023865126258639435e+01,9.887350593443956726e+00,0.000000000000000000e+00
9.939029175359388901e+00,9.939029175359387125e+00,0.000000000000000000e+00
9.646702436636427791e+00,9.989452801254369518e+00,0.000000000000000000e+00
9.361230852155255633e+00,1.003869105316899280e+01,0.000000000000000000e+00
9.082211904496929833e+00,1.008681820346497027e+01,0.000000000000000000e+00
8.809263233104910995e+00,1.013389811425749976e+01,0.000000000000000000e+00
8.542026862703634649e+00,1.017999120166330407e+01,0.000000000000000000e+00
8.280170745824996459e+00,1.022515930964400255e+01,0.000000000000000000e+00
8.023374597535001485e+00,1.026945117806543806e+01,0.000000000000000000e+00
7.771344901414648731e+00,1.031292300844848597e+01,0.000000000000000000e+00
7.523799624380830942e+00,1.035562177624558444e+01,0.000000000000000000e+00
7.280471313921654364e+00,1.039759059512035400e+01,0.000000000000000000e+00
7.041112043592195668e+00,1.043887789075476569e+01,0.000000000000000000e+00
6.805480317671171342e+00,1.047952070311157335e+01,0.000000000000000000e+00
6.573349727891819150e+00,1.051955854100787136e+01,0.000000000000000000e+00
6.344506634455475691e+00,1.055903221736098274e+01,0.000000000000000000e+00
6.118742321520425520e+00,1.059797257929531789e+01,0.000000000000000000e+00
5.895861251642092071e+00,1.063641525641668117e+01,0.000000000000000000e+00
5.675676736647143450e+00,1.067439544736278378e+01,0.000000000000000000e+00
5.458005946103804185e+00,1.071193980893290387e+01,0.000000000000000000e+00
5.242676560589103474e+00,1.074907989233357064e+01,0.000000000000000000e+00
5.029523140582601748e+00,1.078584718184235847e+01,0.000000000000000000e+00
4.818383027265261909e+00,1.082226546999369887e+01,0.000000000000000000e+00
4.609101301141649287e+00,1.085836220461588475e+01,0.000000000000000000e+00
4.401528983202791068e+00,1.089416652125602702e+01,0.000000000000000000e+00
4.195518968208159727e+00,1.092970058479449591e+01,0.000000000000000000e+00
3.990929182981894918e+00,1.096498781288523716e+01,0.000000000000000000e+00
3.787622944819931448e+00,1.100005575688057391e+01,0.000000000000000000e+00
3.585464844074583546e+00,1.103492612372898307e+01,0.000000000000000000e+00
3.384322102717256531e+00,1.106961881146648885e+01,0.000000000000000000e+00
3.184066596210389122e+00,1.110415983777546955e+01,0.000000000000000000e+00
2.984571181537767792e+00,1.113857128830482779e+01,0.000000000000000000e+00
2.785709624292370457e+00,1.117287104747913240e+01,0.000000000000000000e+00
2.587358931336756207e+00,1.120708278919879675e+01,0.000000000000000000e+00
2.389397095278567473e+00,1.124122951794789849e+01,0.000000000000000000e+00
2.191701954009575903e+00,1.127532908930993472e+01,0.000000000000000000e+00
1.994152719768966131e+00,1.130940206516694069e+01,0.000000000000000000e+00
1.796629545814681927e+00,1.134347251619737840e+01,0.000000000000000000e+00
1.599011737887521711e+00,1.137755970550180606e+01,0.000000000000000000e+00
1.401178319030818686e+00,1.141168163755409282e+01,0.000000000000000000e+00
1.203008656426820977e+00,1.144586279882941859e+01,0.000000000000000000e+00
1.004380757844858252e+00,1.148012459405380881e+01,0.000000000000000000e+00
8.051711913767346518e-01,1.151448448739778563e+01,0.000000000000000000e+00
6.052556630008983918e-01,1.154896603674167466e+01,0.000000000000000000e+00
4.045079904816816230e-01,1.158359327039661224e+01,0.000000000000000000e+00
2.027996662773036141e-01,1.161838509975763323e+01,0.000000000000000000e+00
7.135627225009211978e-16,1.165336361468026993e+01,0.000000000000000000e+00
-2.040244964710063447e-01,1.168855557455898797e+01,0.000000000000000000e+00
-4.094104924178184612e-01,1.172398255755992835e+01,0.000000000000000000e+00
-6.162979793801653949e-01,1.175966598492368576e+01,0.000000000000000000e+00
-8.248311574981490590e-01,1.179563510151841577e+01,0.000000000000000000e+00
-1.035158416926234670e+00,1.183191484711048602e+01,0.000000000000000000e+00
-1.247432502974339608e+00,1.186852746534098380e+01,0.000000000000000000e+00
-1.461812156501471893e+00,1.190550461517261382e+01,0.000000000000000000e+00
-1.678461626842408183e+00,1.194287503981822063e+01,0.000000000000000000e+00
-1.897550642814414879e+00,1.198066324524209847e+01,0.000000000000000000e+00
-2.119257053552633607e+00,1.201890399890964645e+01,0.000000000000000000e+00
-2.343765868809349673e+00,1.205763011287728403e+01,0.000000000000000000e+00
-2.571268995521923006e+00,1.209686953590087199e+01,0.000000000000000000e+00
-2.801969148612713401e+00,1.213666176770449390e+01,0.000000000000000000e+00
-3.036077976514763854e+00,1.217704366093349932e+01,0.000000000000000000e+00
-3.273816151034804278e+00,1.221804821030147004e+01,0.000000000000000000e+00
-3.515418593771519884e+00,1.225972158006570112e+01,0.000000000000000000e+00
-3.761130693091165433e+00,1.230210417595831274e+01,0.000000000000000000e+00
-4.011210831770304353e+00,1.234523754107852511e+01,0.000000000000000000e+00
-4.265935140864636210e+00,1.238917523955862876e+01,0.000000000000000000e+00
-4.525591909432387538e+00,1.243396158083201541e+01,0.000000000000000000e+00
-4.790489611441079987e+00,1.247965210129441616e+01,0.000000000000000000e+00
-5.060955636560867887e+00,1.252630476177490593e+01,0.000000000000000000e+00
-5.337335290313161451e+00,1.257397397087887292e+01,0.000000000000000000e+00
-5.620002204030418724e+00,1.262273161967507384e+01,0.000000000000000000e+00
-5.909348977219181620e+00,1.267263977735262159e+01,0.000000000000000000e+00
-6.205799175628532893e+00,1.272377388986080682e+01,0.000000000000000000e+00
-6.509802012150533557e+00,1.277620581780520581e+01,0.000000000000000000e+00
-6.821845797148081481e+00,1.283002593320805040e+01,0.000000000000000000e+00
-7.142460351782940364e+00,1.288533956474915954e+01,0.000000000000000000e+00
-7.472196721999047497e+00,1.294222436665197229e+01,0.000000000000000000e+00
-7.811627199099568486e+00,1.300073087123265481e+01,0.000000000000000000e+00
-8.161440874951239266e+00,1.306103563891147523e+01,0.000000000000000000e+00
-8.522481034514141740e+00,1.312346994982258508e+01,0.000000000000000000e+00
-8.895221700071628490e+00,1.318770849879374296e+01,0.000000000000000000e+00
-9.279530792428731800e+00,1.325254340470917569e+01,0.000000000000000000e+00
-9.673610529961573334e+00,1.331458263911867945e+01,0.000000000000000000e+00
-1.007522501201416354e+01,1.337027517885382544e+01,0.000000000000000000e+00
-1.048510947563663009e+01,1.342032813596946461e+01,0.000000000000000000e+00
-1.090399883267941661e+01,1.346531715333733636e+01,0.000000000000000000e+00
-1.133133771221569930e+01,1.350416242743131434e+01,0.000000000000000000e+00
-1.176697729193608488e+01,1.353635892513029582e+01,0.000000000000000000e+00
-1.221100712388758502e+01,1.356169733045797976e+01,0.000000000000000000e+00
-1.266344173459192390e+01,1.357987867739707610e+01,0.000000000000000000e+00
-1.312444384783843354e+01,1.359075945607885139e+01,0.000000000000000000e+00
-1.359382637485265910e+01,1.359382637485266088e+01,0.000000000000000000e+00
-1.407082888949925170e+01,1.358804151082050993e+01,0.000000000000000000e+00
-1.455642940819441300e+01,1.357409002343920790e+01,0.000000000000000000e+00
-1.505059794143352825e+01,1.355161925556750369e+01,0.000000000000000000e+00
-1.555196615994290887e+01,1.351911792980511962e+01,0.000000000000000000e+00
-1.606103911424758124e+01,1.347681199708901900e+01,0.000000000000000000e+00
-1.657809718045523439e+01,1.342467839748782410e+01,0.000000000000000000e+00
-1.710362471976404564e+01,1.336281615471663287e+01,0.000000000000000000e+00
-1.763633320580942154e+01,1.328993031620008125e+01,0.000000000000000000e+00
-1.817094053509881491e+01,1.320196107260578167e+01,0.000000000000000000e+00
-1.870607002594615764e+01,1.309813124244620752e+01,0.000000000000000000e+00
-1.924118140686913137e+01,1.297834073304337821e+01,0.000000000000000000e+00
-1.977624081890968455e+01,1.284284095270249892e+01,0.000000000000000000e+00
-2.031015578850159287e+01,1.269119388473846755e+01,0.000000000000000000e+00
-2.083961272803491838e+01,1.252170260406169255e+01,0.000000000000000000e+00
-2.136704943400247458e+01,1.233627174250936775e+01,0.000000000000000000e+00
-2.189286833970529500e+01,1.213541508296240146e+01,0.000000000000000000e+00
-2.241611579108128893e+01,1.191886018733374186e+01,0.000000000000000000e+00
-2.293568286064992634e+01,1.168631411903432316e+01,0.000000000000000000e+00
-2.344941778833316803e+01,1.143704523826608721e+01,0.000000000000000000e+00
-2.395889483380274854e+01,1.117221614193245571e+01,0.000000000000000000e+00
-2.446539873888598038e+01,1.089269731606333202e+01,0.000000000000000000e+00
-2.496698987966485461e+01,1.059785844047781289e+01,0.000000000000000000e+00
-2.546008864529668259e+01,1.028654352478775458e+01,0.000000000000000000e+00
-2.594765522643453437e+01,9.960371634926955764e+00,0.000000000000000000e+00
-2.643045236941060594e+01,9.619897940656086277e+00,0.000000000000000000e+00
-2.690625622544304107e+01,9.264566988667011671e+00,0.000000000000000000e+00
-2.737308357977413209e+01,8.894054001698169287e+00,0.000000000000000000e+00
-2.783334551099752829e+01,8.509507690351629350e+00,0.000000000000000000e+00
-2.828746057261400892e+01,8.111298794031290171e+00,0.000000000000000000e+00
-2.873133516509287588e+01,7.698538054954561893e+00,0.000000000000000000e+00
-2.917095591554561906e+01,7.273136179449457117e+00,0.000000000000000000e+00
-2.962024999798568814e+01,6.838373537721913920e+00,0.000000000000000000e+00
-3.007982369797586131e+01,6.393663900882197382e+00,0.000000000000000000e+00
-3.055032369192085895e+01,5.938381363492947429e+00,0.000000000000000000e+00
-3.103244154777716091e+01,5.471856722131468231e+00,0.000000000000000000e+00
-3.152691794502471367e+01,4.993373253880323048e+00,0.000000000000000000e+00
-3.203454749741762697e+01,4.502162044600487967e+00,0.000000000000000000e+00
-3.255618414443612352e+01,3.997396774848696932e+00,0.000000000000000000e+00
-3.309274717800863641e+01,3.478187884984979217e+00,0.000000000000000000e+00
-3.364522800602218666e+01,2.943576032271885357e+00,0.000000000000000000e+00
-3.421469775355861032e+01,2.392524735517148837e+00,0.000000000000000000e+00
-3.480231582792340816e+01,1.823912086448500780e+00,0.000000000000000000e+00
-3.540933959460907943e+01,1.236521385838349918e+00,0.000000000000000000e+00
-3.603713534036176469e+01,6.290305371929764133e-01,0.000000000000000000e+00
-3.668718813546543345e+01,4.492884751981449464e-15,0.000000000000000000e+00
-3.668197820314406243e+01,-6.402863112313300631e-01,0.000000000000000000e+00
-3.699240320585365538e+01,-1.291803185297402345e+00,0.000000000000000000e+00
-3.728562761231640366e+01,-1.954056942335934632e+00,0.000000000000000000e+00
-3.755973048013227356e+01,-2.626432209933128092e+00,0.000000000000000000e+00
-3.781216904772088583e+01,-3.308136135001401801e+00,0.000000000000000000e+00
-3.804545984282683690e+01,-3.998738962111302087e+00,0.000000000000000000e+00
-3.825877864202276157e+01,-4.697587336242199818e+00,0.000000000000000000e+00
-3.845094440628425048e+01,-5.403927821954441768e+00,0.000000000000000000e+00
-3.862345165653145784e+01,-6.117353774021512258e+00,0.000000000000000000e+00
-3.877552873135417855e+01,-6.837171906574021740e+00,0.000000000000000000e+00
-3.890620444477497131e+01,-7.562600047350632515e+00,0.000000000000000000e+00
-3.901478129083542967e+01,-8.292847765487875833e+00,0.000000000000000000e+00
-3.910353755315296098e+01,-9.027762981506949558e+00,0.000000000000000000e+00
-3.917170060822139988e+01,-9.766601880618837939e+00,0.000000000000000000e+00
-3.921811232062101737e+01,-1.050846152498344566e+01,0.000000000000000000e+00
-3.924268804945555900e+01,-1.125265972295368933e+01,0.000000000000000000e+00
-3.924569244435601689e+01,-1.199861229532994678e+01,0.000000000000000000e+00
-3.922733196292313096e+01,-1.274573278542037613e+01,0.000000000000000000e+00
-3.918756575938365216e+01,-1.349336098856038646e+01,0.000000000000000000e+00
-3.912638915089897296e+01,-1.424084102524329332e+01,0.000000000000000000e+00
-3.904383802529100223e+01,-1.498752520765741281e+01,0.000000000000000000e+00
-3.893996661795059566e+01,-1.573276774679757395e+01,0.000000000000000000e+00
-3.881484744538517617e+01,-1.647592523558370914e+01,0.000000000000000000e+00
-3.866857122678425895e+01,-1.721635713006062218e+01,0.000000000000000000e+00
-3.850124679365215030e+01,-1.795342622839557478e+01,0.000000000000000000e+00
-3.831300115791576388e+01,-1.868649923047708228e+01,0.000000000000000000e+00
-3.810402584487487587e+01,-1.941497089615717542e+01,0.000000000000000000e+00
-3.787463738144763425e+01,-2.013830191647412349e+01,0.000000000000000000e+00
-3.762517952386271958e+01,-2.085597757261248120e+01,0.000000000000000000e+00
-3.735598062193605529e+01,-2.156748546791722987e+01,0.000000000000000000e+00
-3.706703069897499603e+01,-2.227211901129969718e+01,0.000000000000000000e+00
-3.675809514740992512e+01,-2.296900709218342485e+01,0.000000000000000000e+00
-3.642908596106730812e+01,-2.365732503636193940e+01,0.000000000000000000e+00
-3.608063459856385435e+01,-2.433669532981083705e+01,0.000000000000000000e+00
-3.571360113747460474e+01,-2.500693273307456366e+01,0.000000000000000000e+00
-3.532833979181732786e+01,-2.566754130257933753e+01,0.000000000000000000e+00
-3.492477410118911507e+01,-2.631770497287621424e+01,0.000000000000000000e+00
-3.450317332781732205e+01,-2.695683338989358546e+01,0.000000000000000000e+00
-3.406417954763383449e+01,-2.758462870156180813e+01,0.000000000000000000e+00
-3.360818750355624474e+01,-2.820061773877091227e+01,0.000000000000000000e+00
-3.313532524192316231e+01,-2.880409878603106222e+01,0.000000000000000000e+00
-3.264536403489245231e+01,-2.939401780459241564e+01,0.000000000000000000e+00
-3.213871605294852429e+01,-2.996983756846913138e+01,0.000000000000000000e+00
-3.161755566446264254e+01,-3.053271859200939531e+01,0.000000000000000000e+00
-3.108148579622291052e+01,-3.108148579622290342e+01,0.000000000000000000e+00
-3.052918097546708154e+01,-3.161389235529449238e+01,0.000000000000000000e+00
-2.996273923029380626e+01,-3.213110401719608689e+01,0.000000000000000000e+00
-2.938358647404886881e+01,-3.263377886864444832e+01,0.000000000000000000e+00
-2.879121659891542606e+01,-3.312050598084939423e+01,0.000000000000000000e+00
-2.818422164103548155e+01,-3.358864739517549935e+01,0.000000000000000000e+00
-2.756513875521581625e+01,-3.404011146831018664e+01,0.000000000000000000e+00
-2.693504696350979088e+01,-3.447528797367196773e+01,0.000000000000000000e+00
-2.629392361253406918e+01,-3.489321517009596363e+01,0.000000000000000000e+00
-2.564186655718839702e+01,-3.529300153644851434e+01,0.000000000000000000e+00
-2.497834273563996632e+01,-3.567277038962556901e+01,0.000000000000000000e+00
-2.430526824920876550e+01,-3.603404203550886820e+01,0.000000000000000000e+00
-2.362340267741558009e+01,-3.637685010903587823e+01,0.000000000000000000e+00
-2.293308533176142205e+01,-3.670060831386263089e+01,0.000000000000000000e+00
-2.223490082973996707e+01,-3.700508924303471758e+01,0.000000000000000000e+00
-2.152936500064931735e+01,-3.728995403581972568e+01,0.000000000000000000e+00
-2.081705601440066644e+01,-3.755496317413903284e+01,0.000000000000000000e+00
-2.009851858986747430e+01,-3.779981582621900316e+01,0.000000000000000000e+00
-1.937406470225765531e+01,-3.802374291898737368e+01,0.000000000000000000e+00
-1.864427943997510795e+01,-3.822643775925881471e+01,0.000000000000000000e+00
-1.791015770914800243e+01,-3.840845715468545762e+01,0.000000000000000000e+00
-1.717233262887711476e+01,-3.856969057817327950e+01,0.000000000000000000e+00
-1.643140510004504051e+01,-3.870996457874958452e+01,0.000000000000000000e+00
-1.568800213490501783e+01,-3.882916784047015568e+01,0.000000000000000000e+00
-1.494274937879572995e+01,-3.892719300316079512e+01,0.000000000000000000e+00
-1.419628243621373898e+01,-3.900396543369742375e+01,0.000000000000000000e+00
-1.344923171024646358e+01,-3.905940502928039137e+01,0.000000000000000000e+00
-1.270226237653774781e+01,-3.909354380115082250e+01,0.000000000000000000e+00
-1.195597908100075557e+01,-3.910624548363287545e+01,0.000000000000000000e+00
-1.121230594564450556e+01,-3.910195770360400047e+01,0.000000000000000000e+00
-1.047393376667269216e+01,-3.908925297233377449e+01,0.000000000000000000e+00
-9.741856370307974800e+00,-3.907245178727592361e+01,0.000000000000000000e+00
-9.015790246568059274e+00,-3.905167794061589603e+01,0.000000000000000000e+00
-8.295497620521160798e+00,-3.902724787861064470e+01,0.000000000000000000e+00
-7.580711542809666525e+00,-3.899938001147381783e+01,0.000000000000000000e+00
-6.871158341741808506e+00,-3.896827538323488938e+01,0.000000000000000000e+00
-6.166532952228705788e+00,-3.893395676742751732e+01,0.000000000000000000e+00
-5.466576363831817886e+00,-3.889671194431022627e+01,0.000000000000000000e+00
-4.771016086815655477e+00,-3.885680782446651449e+01,0.000000000000000000e+00
-4.079558990339245739e+00,-3.881441104658794927e+01,0.000000000000000000e+00
-3.391905808093505392e+00,-3.876966079254872000e+01,0.000000000000000000e+00
-2.707754320433704009e+00,-3.872269084169205655e+01,0.000000000000000000e+00
-2.026797863456869297e+00,-3.867360707101566675e+01,0.000000000000000000e+00
-1.348728474672462818e+00,-3.862253021060031699e+01,0.000000000000000000e+00
-6.732333941733086302e-01,-3.856951532073482269e+01,0.000000000000000000e+00
-7.074984792018188178e-15,-3.851442335288873409e+01,0.000000000000000000e+00
6.712784611836707382e-01,-3.845751728476857068e+01,0.000000000000000000e+00
1.340918498240718515e+00,-3.839888174736769599e+01,0.000000000000000000e+00
2.009237369666348361e+00,-3.833853288869499920e+01,0.000000000000000000e+00
2.676552472995979315e+00,-3.827648363489250727e+01,0.000000000000000000e+00
3.343182245028104571e+00,-3.821274791833445050e+01,0.000000000000000000e+00
4.009441020230995356e+00,-3.814728312418790068e+01,0.000000000000000000e+00
4.675626079927060808e+00,-3.807991856259874908e+01,0.000000000000000000e+00
5.342054580587368484e+00,-3.801069341803523116e+01,0.000000000000000000e+00
6.009045464222552368e+00,-3.793961990148638819e+01,0.000000000000000000e+00
6.676909620879342810e+00,-3.786663614412367451e+01,0.000000000000000000e+00
7.345952492355994679e+00,-3.779164939567726123e+01,0.000000000000000000e+00
8.016479571556251571e+00,-3.771457116436263135e+01,0.000000000000000000e+00
8.688786979227222318e+00,-3.763527117731703697e+01,0.000000000000000000e+00
9.363144131477186605e+00,-3.755351996047678398e+01,0.000000000000000000e+00
1.003982341690315749e+01,-3.746913109090229455e+01,0.000000000000000000e+00
1.071913916778309783e+01,-3.738208075926755924e+01,0.000000000000000000e+00
1.140137734543301384e+01,-3.729222494463534332e+01,0.000000000000000000e+00
1.208680760762419304e+01,-3.719936879098961668e+01,0.000000000000000000e+00
1.277569889829645966e+01,-3.710332371034365195e+01,0.000000000000000000e+00
1.346830911038357748e+01,-3.700387515901391566e+01,0.000000000000000000e+00
1.416489479509523264e+01,-3.690081253324082411e+01,0.000000000000000000e+00
1.486569309641348369e+01,-3.679388154985441162e+01,0.000000000000000000e+00
1.557087283404331224e+01,-3.668267760402177657e+01,0.000000000000000000e+00
1.628066715059726732e+01,-3.656697712393579991e+01,0.000000000000000000e+00
1.699534008712594613e+01,-3.644662443325509571e+01,0.000000000000000000e+00
1.771510452682584713e+01,-3.632134686532981505e+01,0.000000000000000000e+00
1.844015573080214310e+01,-3.619084336042330818e+01,0.000000000000000000e+00
1.917068219181317801e+01,-3.605480935688670741e+01,0.000000000000000000e+00
1.990685892456975736e+01,-3.591292415737503774e+01,0.000000000000000000e+00
2.064885462053419118e+01,-3.576486532086858006e+01,0.000000000000000000e+00
2.139680970316455344e+01,-3.561027137673524834e+01,0.000000000000000000e+00
2.215091293627173030e+01,-3.544887082169775994e+01,0.000000000000000000e+00
2.291095310099280979e+01,-3.527977396781793828e+01,0.000000000000000000e+00
2.367198714929100944e+01,-3.509516419467407644e+01,0.000000000000000000e+00
2.442571475193470931e+01,-3.488353583622701848e+01,0.000000000000000000e+00
2.516840458234951328e+01,-3.464133703424973021e+01,0.000000000000000000e+00
2.589926284457519756e+01,-3.436948264167943989e+01,0.000000000000000000e+00
2.661715685951401156e+01,-3.406840719510554294e+01,0.000000000000000000e+00
2.732126671215749525e+01,-3.373895457577904011e+01,0.000000000000000000e+00
2.801046230326944197e+01,-3.338156908014605051e+01,0.000000000000000000e+00
2.868193736899992174e+01,-3.299479460718921331e+01,0.000000000000000000e+00
2.933595758533112985e+01,-3.258088162876717320e+01,0.000000000000000000e+00
2.997226852073369230e+01,-3.214132293009262753e+01,0.000000000000000000e+00
3.059032465098997022e+01,-3.167720848479509144e+01,0.000000000000000000e+00
3.118923978654353135e+01,-3.118923978654354556e+01,0.000000000000000000e+00
3.176692501876238950e+01,-3.067696290075686605e+01,0.000000000000000000e+00
3.232084371639370346e+01,-3.013967436223476071e+01,0.000000000000000000e+00
3.285413846065574006e+01,-2.958199914189562918e+01,0.000000000000000000e+00
3.336564955368433516e+01,-2.900431665564170558e+01,0.000000000000000000e+00
3.384949605024205965e+01,-2.840309965129493008e+01,0.000000000000000000e+00
3.430829110141215210e+01,-2.778230634012993860e+01,0.000000000000000000e+00
3.474353923462966520e+01,-2.714462781798839686e+01,0.000000000000000000e+00
3.515258236576033823e+01,-2.648937081329076548e+01,0.000000000000000000e+00
3.553406639963394298e+01,-2.581701043230040682e+01,0.000000000000000000e+00
3.588766063076378998e+01,-2.512881050237265868e+01,0.000000000000000000e+00
3.621294750224634384e+01,-2.442594151023287452e+01,0.000000000000000000e+00
3.650946773180594107e+01,-2.370952556863426608e+01,0.000000000000000000e+00
3.677677111249752073e+01,-2.298067713038405557e+01,0.000000000000000000e+00
3.701441166935316573e+01,-2.224050230858851762e+01,0.000000000000000000e+00
3.722197402710754233e+01,-2.149011672431982589e+01,0.000000000000000000e+00
3.739900568686053361e+01,-2.073060736756036704e+01,0.000000000000000000e+00
3.754501515361148023e+01,-1.996303866904836610e+01,0.000000000000000000e+00
3.765953895255416484e+01,-1.918849351255312286e+01,0.000000000000000000e+00
3.774214526370816714e+01,-1.840807420749712620e+01,0.000000000000000000e+00
3.779243458642937981e+01,-1.762290166797388480e+01,0.000000000000000000e+00
3.781004038429308167e+01,-1.683411457176146442e+01,0.000000000000000000e+00
3.779466004214042840e+01,-1.604288137509209733e+01,0.000000000000000000e+00
3.774614672216065969e+01,-1.525043319997466007e+01,0.000000000000000000e+00
3.766441717956610802e+01,-1.445801515580550678e+01,0.000000000000000000e+00
3.754942628067334454e+01,-1.366687347993816637e+01,0.000000000000000000e+00
3.740116848332163357e+01,-1.287825507810682524e+01,0.000000000000000000e+00
3.721967780462141917e+01,-1.209340640616424700e+01,0.000000000000000000e+00
3.700502710229954317e+01,-1.131357215338221422e+01,0.000000000000000000e+00
3.675718430430600847e+01,-1.053995299274585129e+01,0.000000000000000000e+00
3.647582812066304569e+01,-9.773668688188095643e+00,0.000000000000000000e+00
3.616098841615066561e+01,-9.015947022634243524e+00,0.000000000000000000e+00
3.581846450875682564e+01,-8.269344110031882522e+00,0.000000000000000000e+00
3.545849091459403013e+01,-7.536934910813844368e+00,0.000000000000000000e+00
3.508699319825218765e+01,-6.820220584589280932e+00,0.000000000000000000e+00
3.470578297627779563e+01,-6.119565925330340050e+00,0.000000000000000000e+00
3.431474111271021599e+01,-5.434921066017973423e+00,0.000000000000000000e+00
3.391300919446486262e+01,-4.766162619459983318e+00,0.000000000000000000e+00
3.350151239036725315e+01,-4.113468488434483206e+00,0.000000000000000000e+00
3.308192495298550995e+01,-3.477050423300040105e+00,0.000000000000000000e+00
3.265603905484217506e+01,-2.857033212958524970e+00,0.000000000000000000e+00
3.222220261324179091e+01,-2.253195902541830886e+00,0.000000000000000000e+00
3.177829912031937454e+01,-1.665430086288177458e+00,0.000000000000000000e+00
3.132960372070035149e+01,-1.094053869798374379e+00,0.000000000000000000e+00
3.087599541267026027e+01,-5.389425046515364803e-01,0.000000000000000000e+00
3.041291428635231142e+01,-7.449015626704834614e-15,0.000000000000000000e+00
