2.842492266062023987e+01,0.000000000000000000e+00,0.000000000000000000e+00
2.736112013948627109e+01,4.775901285434945853e-01,0.000000000000000000e+00
2.637349208824533164e+01,9.209826379060476187e-01,0.000000000000000000e+00
2.545359997482053060e+01,1.333966649439217278e+00,0.000000000000000000e+00
2.459419750221810830e+01,1.719793823639159447e+00,0.000000000000000000e+00
2.378903333504593220e+01,2.081270733056823197e+00,0.000000000000000000e+00
2.303268308318132185e+01,2.420832541574455821e+00,0.000000000000000000e+00
2.232041703512274822e+01,2.740602604827258038e+00,0.000000000000000000e+00
2.164809220883870822e+01,3.042440948744528306e+00,0.000000000000000000e+00
2.101206441264031000e+01,3.327984062059142101e+00,0.000000000000000000e+00
2.040911496550780768e+01,3.598677620799938470e+00,0.000000000000000000e+00
1.983638770419442210e+01,3.855803174116949616e+00,0.000000000000000000e+00
1.929133833611454918e+01,4.100500546737593233e+00,0.000000000000000000e+00
1.877170352673422471e+01,4.333789237562484686e+00,0.000000000000000000e+00
1.827545220201464460e+01,4.556581998584320559e+00,0.000000000000000000e+00
1.780074981259180689e+01,4.769696536952432453e+00,0.000000000000000000e+00
1.734596075372807178e+01,4.973874207684897186e+00,0.000000000000000000e+00
1.690959163660323128e+01,5.169780974246370064e+00,0.000000000000000000e+00
1.649029619030700644e+01,5.358022028945205406e+00,0.000000000000000000e+00
1.608685371379496232e+01,5.539147944611006125e+00,0.000000000000000000e+00
1.569814344605274137e+01,5.713656947604265568e+00,0.000000000000000000e+00
1.532315575675394470e+01,5.882008398263729454e+00,0.000000000000000000e+00
1.496095282861206499e+01,6.044617306241945265e+00,0.000000000000000000e+00
1.461068719717818887e+01,6.201868762718236283e+00,0.000000000000000000e+00
1.427157329834398958e+01,6.354113816906103551e+00,0.000000000000000000e+00
1.394288683162984555e+01,6.501674906377481911e+00,0.000000000000000000e+00
1.362397130540209211e+01,6.644854791330781829e+00,0.000000000000000000e+00
1.331419822922376284e+01,6.783922837403165040e+00,0.000000000000000000e+00
1.301301315661697444e+01,6.919141829708157054e+00,0.000000000000000000e+00
1.271987835495036023e+01,7.050743705527141358e+00,0.000000000000000000e+00
1.243430450913503549e+01,7.178949055534888934e+00,0.000000000000000000e+00
1.215584344488470236e+01,7.303967617095532994e+00,0.000000000000000000e+00
1.188405666225571622e+01,7.425982784597453978e+00,0.000000000000000000e+00
1.161855528588828435e+01,7.545178024640924797e+00,0.000000000000000000e+00
1.135897043364804659e+01,7.661722300056919899e+00,0.000000000000000000e+00
1.110494261398242166e+01,7.775764529696730598e+00,0.000000000000000000e+00
1.085615340157089648e+01,7.887457136791316437e+00,0.000000000000000000e+00
1.061229732621360000e+01,7.996939631063311182e+00,0.000000000000000000e+00
1.037307492758411342e+01,8.104334343598674550e+00,0.000000000000000000e+00
1.013822004031759505e+01,8.209768713666827367e+00,0.000000000000000000e+00
9.907480407301784808e+00,8.313363155663054727e+00,0.000000000000000000e+00
9.680605594326483043e+00,8.415222057177578208e+00,0.000000000000000000e+00
9.457362858115144988e+00,8.515447765839056160e+00,0.000000000000000000e+00
9.237535529941274248e+00,8.614141240402895860e+00,0.000000000000000000e+00
9.020908421823525813e+00,8.711390001517575143e+00,0.000000000000000000e+00
8.807276490031613392e+00,8.807276490031611615e+00,0.000000000000000000e+00
8.596466794390748234e+00,8.901901957085661010e+00,0.000000000000000000e+00
8.388312839859912273e+00,8.995364219364054392e+00,0.000000000000000000e+00
8.182647442912516667e+00,9.087750654533735428e+00,0.000000000000000000e+00
7.979290775600066610e+00,9.179124020280342577e+00,0.000000000000000000e+00
7.778046856630906447e+00,9.269515284755984297e+00,0.000000000000000000e+00
7.578721707123393436e+00,9.358941886297147406e+00,0.000000000000000000e+00
7.381107771860763833e+00,9.447387128908486531e+00,0.000000000000000000e+00
7.184671265677739171e+00,9.534380798162601423e+00,0.000000000000000000e+00
6.988621222176442771e+00,9.619011899224812367e+00,0.000000000000000000e+00
6.792223611605708200e+00,9.700300612261418820e+00,0.000000000000000000e+00
6.594847307827762961e+00,9.777263211886767280e+00,0.000000000000000000e+00
6.396374227104460353e+00,9.849552567764739308e+00,0.000000000000000000e+00
6.197029780376020369e+00,9.917320735031422529e+00,0.000000000000000000e+00
5.997035033692995398e+00,9.980742361512497496e+00,0.000000000000000000e+00
5.796588153150486811e+00,1.003998519180848703e+01,0.000000000000000000e+00
5.595788914259865798e+00,1.009507042974322566e+01,0.000000000000000000e+00
5.394691645444375183e+00,1.014593934996998570e+01,0.000000000000000000e+00
5.193354476990902135e+00,1.019253205535454931e+01,0.000000000000000000e+00
4.991845202568697459e+00,1.023479939539577899e+01,0.000000000000000000e+00
4.790262586252627131e+00,1.027275126727677446e+01,0.000000000000000000e+00
4.588713561394916596e+00,1.030641940380596289e+01,0.000000000000000000e+00
4.387303125079850652e+00,1.033583844680530461e+01,0.000000000000000000e+00
4.186129120661517433e+00,1.036103315325244267e+01,0.000000000000000000e+00
3.985272820257641069e+00,1.038199064387460524e+01,0.000000000000000000e+00
3.784814173963293449e+00,1.039869147979594466e+01,0.000000000000000000e+00
3.584835361534420617e+00,1.041111785164520143e+01,0.000000000000000000e+00
3.385439995984240724e+00,1.041931294173535250e+01,0.000000000000000000e+00
3.186765997587103882e+00,1.042344190770400303e+01,0.000000000000000000e+00
2.988944769310421190e+00,1.042368916033589699e+01,0.000000000000000000e+00
2.792097732365995899e+00,1.042025059688774569e+01,0.000000000000000000e+00
2.596417401001683167e+00,1.041366140743823365e+01,0.000000000000000000e+00
2.402173136346049009e+00,1.040495498593641877e+01,0.000000000000000000e+00
2.209572004983588744e+00,1.039521898370646369e+01,0.000000000000000000e+00
2.018744852051987504e+00,1.038554193584343643e+01,0.000000000000000000e+00
1.829655366532871641e+00,1.037649121638384742e+01,0.000000000000000000e+00
1.642115736833988482e+00,1.036791072070731623e+01,0.000000000000000000e+00
1.455944543444074979e+00,1.035958372189245225e+01,0.000000000000000000e+00
1.270978091721999270e+00,1.035128588135003014e+01,0.000000000000000000e+00
1.087080718438691029e+00,1.034288214638383074e+01,0.000000000000000000e+00
9.041437146921229573e-01,1.033440994814389846e+01,0.000000000000000000e+00
7.220587460367051680e-01,1.032592114481081502e+01,0.000000000000000000e+00
5.407153155548586332e-01,1.031746284525032209e+01,0.000000000000000000e+00
3.600005798475314767e-01,1.030906778651036149e+01,0.000000000000000000e+00
1.797999289058714589e-01,1.030073102823072873e+01,0.000000000000000000e+00
6.302299179750920743e-16,1.029243563799591143e+01,0.000000000000000000e+00
-1.795106767153651917e-01,1.028415978133495301e+01,0.000000000000000000e+00
-3.588416297525469645e-01,1.027587979804822993e+01,0.000000000000000000e+00
-5.381016743562826443e-01,1.026759160028768392e+01,0.000000000000000000e+00
-7.174000149821563310e-01,1.025929818681995087e+01,0.000000000000000000e+00
-8.968461018901501269e-01,1.025099785213203774e+01,0.000000000000000000e+00
-1.076549507897007540e+00,1.024268437114611707e+01,0.000000000000000000e+00
-1.256620655438342338e+00,1.023435394643836460e+01,0.000000000000000000e+00
-1.437171369785649189e+00,1.022600565045025434e+01,0.000000000000000000e+00
-1.618314235450411420e+00,1.021763395529520757e+01,0.000000000000000000e+00
-1.800162408675327619e+00,1.020922834067961382e+01,0.000000000000000000e+00
-1.982830743331156276e+00,1.020077986359369504e+01,0.000000000000000000e+00
-2.166437871126663861e+00,1.019228883881691594e+01,0.000000000000000000e+00
-2.351104406229131083e+00,1.018375201350466597e+01,0.000000000000000000e+00
-2.536952457723586463e+00,1.017516054672465842e+01,0.000000000000000000e+00
-2.724106563507274092e+00,1.016650410024099926e+01,0.000000000000000000e+00
-2.912697156203599480e+00,1.015778213307877742e+01,0.000000000000000000e+00
-3.102858088541755155e+00,1.014899150369149972e+01,0.000000000000000000e+00
-3.294725555312723930e+00,1.014012260109656793e+01,0.000000000000000000e+00
-3.488439220401429175e+00,1.013116313000080559e+01,0.000000000000000000e+00
-3.684147455401935556e+00,1.012211194365802314e+01,0.000000000000000000e+00
-3.882003783195568047e+00,1.011296560470274031e+01,0.000000000000000000e+00
-4.082164995325969770e+00,1.010371291340750233e+01,0.000000000000000000e+00
-4.284793355754308308e+00,1.009434056421968862e+01,0.000000000000000000e+00
-4.490063482517620663e+00,1.008484769889901145e+01,0.000000000000000000e+00
-4.698156393867703784e+00,1.007522890028552531e+01,0.000000000000000000e+00
-4.909257424661084279e+00,1.006546935708430190e+01,0.000000000000000000e+00
-5.123562220798951294e+00,1.005555704014932239e+01,0.000000000000000000e+00
-5.341282057983876896e+00,1.004549052532980724e+01,0.000000000000000000e+00
-5.562634809796814572e+00,1.003525884200862883e+01,0.000000000000000000e+00
-5.787845415141868344e+00,1.002484232538030184e+01,0.000000000000000000e+00
-6.017160093126174836e+00,1.001423608500822304e+01,0.000000000000000000e+00
-6.250839832096101389e+00,1.000343481880855556e+01,0.000000000000000000e+00
-6.489152816962763026e+00,9.992419067679660927e+00,0.000000000000000000e+00
-6.732386157026848394e+00,9.981172941363492868e+00,0.000000000000000000e+00
-6.980849691293522064e+00,9.969686571987157464e+00,0.000000000000000000e+00
-7.234862370682654920e+00,9.957933764104820895e+00,0.000000000000000000e+00
-7.494772269201207315e+00,9.945898729067708999e+00,0.000000000000000000e+00
-7.760973787498191889e+00,9.933593456978137226e+00,0.000000000000000000e+00
-8.033875878449110886e+00,9.921010478252350495e+00,0.000000000000000000e+00
-8.313886917151220857e+00,9.908104601936967626e+00,0.000000000000000000e+00
-8.601408549113873647e+00,9.894788652501297577e+00,0.000000000000000000e+00
-8.896868888769025929e+00,9.880973930661376414e+00,0.000000000000000000e+00
-9.200955926806738461e+00,9.866817238223703157e+00,0.000000000000000000e+00
-9.514548261811366814e+00,9.852603147129050498e+00,0.000000000000000000e+00
-9.838130861470878230e+00,9.838130861470880006e+00,0.000000000000000000e+00
-1.017103018952443350e+01,9.822049682247609326e+00,0.000000000000000000e+00
-1.051233587197134867e+01,9.802911791159395705e+00,0.000000000000000000e+00
-1.086130149669387279e+01,9.779559793961352554e+00,0.000000000000000000e+00
-1.121725731479070021e+01,9.751013018419614653e+00,0.000000000000000000e+00
-1.157993610435426568e+01,9.716720114220136040e+00,0.000000000000000000e+00
-1.194942640822858770e+01,9.676454711222280736e+00,0.000000000000000000e+00
-1.232586612528043446e+01,9.630022037927652434e+00,0.000000000000000000e+00
-1.270942478793997488e+01,9.577238523429009831e+00,0.000000000000000000e+00
-1.309969103504436383e+01,9.517482640690296591e+00,0.000000000000000000e+00
-1.349540847241296149e+01,9.449586743602745642e+00,0.000000000000000000e+00
-1.389330121188020861e+01,9.371149994470409084e+00,0.000000000000000000e+00
-1.428776611156085607e+01,9.278583802677687231e+00,0.000000000000000000e+00
-1.467588561589217910e+01,9.170511133497969425e+00,0.000000000000000000e+00
-1.505778952653077596e+01,9.047632736098002226e+00,0.000000000000000000e+00
-1.543328297805444826e+01,8.910410081859401643e+00,0.000000000000000000e+00
-1.580169705753112908e+01,8.759023707304093520e+00,0.000000000000000000e+00
-1.616262594491342952e+01,8.593820655326995350e+00,0.000000000000000000e+00
-1.651599426545543281e+01,8.415319401953587075e+00,0.000000000000000000e+00
-1.686134111313774397e+01,8.223825547802652736e+00,0.000000000000000000e+00
-1.719750520320491560e+01,8.019328377414890241e+00,0.000000000000000000e+00
-1.752360637855496250e+01,7.802012229788308773e+00,0.000000000000000000e+00
-1.783998108196568566e+01,7.572622690950217894e+00,0.000000000000000000e+00
-1.814717881922440768e+01,7.331936167886939693e+00,0.000000000000000000e+00
-1.844479632667681912e+01,7.080293943364578624e+00,0.000000000000000000e+00
-1.873176671646375624e+01,6.817805520011169129e+00,0.000000000000000000e+00
-1.900721068639500544e+01,6.544707490940219863e+00,0.000000000000000000e+00
-1.927097798382130733e+01,6.261520312614247352e+00,0.000000000000000000e+00
-1.952309767499412629e+01,5.968809956359948821e+00,0.000000000000000000e+00
-1.976351995643571868e+01,5.667098153860070653e+00,0.000000000000000000e+00
-1.999194061104627096e+01,5.356824341860820127e+00,0.000000000000000000e+00
-2.020802326046691988e+01,5.038426080940757501e+00,0.000000000000000000e+00
-2.041145308271373082e+01,4.712355251450413007e+00,0.000000000000000000e+00
-2.060200259698778424e+01,4.379090835532588599e+00,0.000000000000000000e+00
-2.077949801501090832e+01,4.039125247884431502e+00,0.000000000000000000e+00
-2.094378175086122695e+01,3.692953800746406667e+00,0.000000000000000000e+00
-2.109471118719232408e+01,3.341074025191193009e+00,0.000000000000000000e+00
-2.123212902685422776e+01,2.983981135942973761e+00,0.000000000000000000e+00
-2.135585658345048898e+01,2.622169473304374332e+00,0.000000000000000000e+00
-2.146572832997624758e+01,2.256138960542926064e+00,0.000000000000000000e+00
-2.156159427257274075e+01,1.886395066395616826e+00,0.000000000000000000e+00
-2.164332012276198824e+01,1.513448376057577427e+00,0.000000000000000000e+00
-2.171078745875442095e+01,1.137814157199420251e+00,0.000000000000000000e+00
-2.176389387569475176e+01,7.600119212759905984e-01,0.000000000000000000e+00
-2.180255312471700435e+01,3.805649803928468633e-01,0.000000000000000000e+00
-2.182673509775260356e+01,2.673004127329992088e-15,0.000000000000000000e+00
-2.163428899139769612e+01,-3.776279190206627834e-01,0.000000000000000000e+00
-2.138600108541110600e+01,-7.468156142539065234e-01,0.000000000000000000e+00
-2.108292944758530396e+01,-1.104909513128974785e+00,0.000000000000000000e+00
-2.074703088445555466e+01,-1.450773727043516148e+00,0.000000000000000000e+00
-2.040023407029981684e+01,-1.784789214426547144e+00,0.000000000000000000e+00
-2.006351445297856628e+01,-2.108760343322150455e+00,0.000000000000000000e+00
-1.974326998711546821e+01,-2.424168736155472903e+00,0.000000000000000000e+00
-1.943386355355525552e+01,-2.731251405309040869e+00,0.000000000000000000e+00
-1.913087951026083999e+01,-3.030033644148799610e+00,0.000000000000000000e+00
-1.883437352256536457e+01,-3.321008216769409049e+00,0.000000000000000000e+00
-1.854514153044103963e+01,-3.604810343689869523e+00,0.000000000000000000e+00
-1.826325624374592493e+01,-3.881974952069191964e+00,0.000000000000000000e+00
-1.798804598374312391e+01,-4.152867638150224749e+00,0.000000000000000000e+00
-1.771882185024336920e+01,-4.417798464655287027e+00,0.000000000000000000e+00
-1.745516558654719574e+01,-4.677097522666836760e+00,0.000000000000000000e+00
-1.719682610893080010e+01,-4.931110536432498748e+00,0.000000000000000000e+00
-1.694354462452232823e+01,-5.180161444380426694e+00,0.000000000000000000e+00
-1.669504537505218167e+01,-5.424549071856548110e+00,0.000000000000000000e+00
-1.645103985746699138e+01,-5.664547290254765777e+00,0.000000000000000000e+00
-1.621123473581753416e+01,-5.900406904539902797e+00,0.000000000000000000e+00
-1.597537201896115633e+01,-6.132370764390309148e+00,0.000000000000000000e+00
-1.574322945884246572e+01,-6.360677580712978951e+00,0.000000000000000000e+00
-1.551458083973807511e+01,-6.585548850516870445e+00,0.000000000000000000e+00
-1.528920603687377699e+01,-6.807193103208637908e+00,0.000000000000000000e+00
-1.506691051744957832e+01,-7.025815759022827400e+00,0.000000000000000000e+00
-1.484749989338741472e+01,-7.241609556733188846e+00,0.000000000000000000e+00
-1.463077686978185987e+01,-7.454753161028282449e+00,0.000000000000000000e+00
-1.441656368537082322e+01,-7.665422883660035325e+00,0.000000000000000000e+00
-1.420469661464956523e+01,-7.873791906640756899e+00,0.000000000000000000e+00
-1.399500814474733268e+01,-8.080021719680878789e+00,0.000000000000000000e+00
-1.378733120485966168e+01,-8.284264362489976108e+00,0.000000000000000000e+00
-1.358151787509736153e+01,-8.486674272557031884e+00,0.000000000000000000e+00
-1.337742378522469977e+01,-8.687400583545903388e+00,0.000000000000000000e+00
-1.317490066797154924e+01,-8.886582709099780431e+00,0.000000000000000000e+00
-1.297380272852032768e+01,-9.084354469755627548e+00,0.000000000000000000e+00
-1.277399988033888434e+01,-9.280854165801589062e+00,0.000000000000000000e+00
-1.257536183087001191e+01,-9.476214839160178371e+00,0.000000000000000000e+00
-1.237775439615347395e+01,-9.670561598145031468e+00,0.000000000000000000e+00
-1.218104579831336842e+01,-9.864016395091297795e+00,0.000000000000000000e+00
-1.198511652245410986e+01,-1.005670685360796845e+01,0.000000000000000000e+00
-1.178984537662093324e+01,-1.024875622680053411e+01,0.000000000000000000e+00
-1.159510698064424794e+01,-1.044028121943819798e+01,0.000000000000000000e+00
-1.140077714813098453e+01,-1.063139668432564555e+01,0.000000000000000000e+00
-1.120674164413897778e+01,-1.082222460790798557e+01,0.000000000000000000e+00
-1.101288380973919523e+01,-1.101288380973919168e+01,0.000000000000000000e+00
-1.081908222422197419e+01,-1.120348761057454823e+01,0.000000000000000000e+00
-1.062521506295991358e+01,-1.139414817080113451e+01,0.000000000000000000e+00
-1.043116873119213572e+01,-1.158498653715693116e+01,0.000000000000000000e+00
-1.023682658783320498e+01,-1.177612189684335497e+01,0.000000000000000000e+00
-1.004206638774440741e+01,-1.196766869466395455e+01,0.000000000000000000e+00
-9.846763964610271813e+00,-1.215974082096904496e+01,0.000000000000000000e+00
-9.650801888558769193e+00,-1.235246312121396528e+01,0.000000000000000000e+00
-9.454058823858600746e+00,-1.254595980549630063e+01,0.000000000000000000e+00
-9.256406693628946414e+00,-1.274035082163923072e+01,0.000000000000000000e+00
-9.057714308510032453e+00,-1.293575663533812481e+01,0.000000000000000000e+00
-8.857855738152803582e+00,-1.313231118210194026e+01,0.000000000000000000e+00
-8.656699640249044592e+00,-1.333014847828581395e+01,0.000000000000000000e+00
-8.454106461893561075e+00,-1.352939848315733151e+01,0.000000000000000000e+00
-8.249932982558238592e+00,-1.373019419363848392e+01,0.000000000000000000e+00
-8.044039368939301937e+00,-1.393268488508714320e+01,0.000000000000000000e+00
-7.836277855933243330e+00,-1.413701947567954420e+01,0.000000000000000000e+00
-7.626490702895837082e+00,-1.434334290265395140e+01,0.000000000000000000e+00
-7.414517148925095391e+00,-1.455180924972848366e+01,0.000000000000000000e+00
-7.200196276555525188e+00,-1.476259008594672295e+01,0.000000000000000000e+00
-6.983355734034534912e+00,-1.497585470001714469e+01,0.000000000000000000e+00
-6.763811734785919683e+00,-1.519176988809405238e+01,0.000000000000000000e+00
-6.541379157857896587e+00,-1.541052356478970964e+01,0.000000000000000000e+00
-6.315865603241098469e+00,-1.563231592252621205e+01,0.000000000000000000e+00
-6.087063441492587934e+00,-1.585734240752973534e+01,0.000000000000000000e+00
-5.854755033200204295e+00,-1.608580725015582757e+01,0.000000000000000000e+00
-5.618718950092239872e+00,-1.631794469346116472e+01,0.000000000000000000e+00
-5.378716936225709233e+00,-1.655398856574757716e+01,0.000000000000000000e+00
-5.134493899177289933e+00,-1.679417281471486234e+01,0.000000000000000000e+00
-4.885788125297593432e+00,-1.703876807770924628e+01,0.000000000000000000e+00
-4.632320476267976161e+00,-1.728805537437375861e+01,0.000000000000000000e+00
-4.373789743770065463e+00,-1.754231251160760152e+01,0.000000000000000000e+00
-4.109882602969725518e+00,-1.780185734090350991e+01,0.000000000000000000e+00
-3.840265261289629084e+00,-1.806702757664729120e+01,0.000000000000000000e+00
-3.564576858151156546e+00,-1.833815819083629961e+01,0.000000000000000000e+00
-3.282438595665358783e+00,-1.861563433160843672e+01,0.000000000000000000e+00
-2.993444008614241092e+00,-1.889986164348307440e+01,0.000000000000000000e+00
-2.697154498504223064e+00,-1.919125145524938247e+01,0.000000000000000000e+00
-2.393105552313135043e+00,-1.949028065674770005e+01,0.000000000000000000e+00
-2.080794155563525205e+00,-1.979743395024772568e+01,0.000000000000000000e+00
-1.759680330235807943e+00,-2.011323821073562002e+01,0.000000000000000000e+00
-1.429183971534174979e+00,-2.043828299635223544e+01,0.000000000000000000e+00
-1.088675514131420385e+00,-2.077316629372423051e+01,0.000000000000000000e+00
-7.374766144740438900e-01,-2.111856712230541433e+01,0.000000000000000000e+00
-3.748507334001397462e-01,-2.147518413375605206e+01,0.000000000000000000e+00
-4.012648970256653945e-15,-2.184384359120478436e+01,0.000000000000000000e+00
3.879463543028659478e-01,-2.222543175280468120e+01,0.000000000000000000e+00
7.899354137620484551e-01,-2.262079058563455547e+01,0.000000000000000000e+00
1.206991686731674562e+00,-2.303077335547866156e+01,0.000000000000000000e+00
1.640268871427917441e+00,-2.345693770156420754e+01,0.000000000000000000e+00
2.091062149597262110e+00,-2.390094973822134605e+01,0.000000000000000000e+00
2.560532984279119795e+00,-2.436184400948985029e+01,0.000000000000000000e+00
3.049575428100966157e+00,-2.483679874469315507e+01,0.000000000000000000e+00
3.558633091801726156e+00,-2.532099015448050494e+01,0.000000000000000000e+00
4.087894394518152730e+00,-2.580994942522063695e+01,0.000000000000000000e+00
4.637607020318665896e+00,-2.630117638086476717e+01,0.000000000000000000e+00
5.208778120476342366e+00,-2.679684039799493078e+01,0.000000000000000000e+00
5.802322648247388415e+00,-2.729778183585353091e+01,0.000000000000000000e+00
6.418493535738128308e+00,-2.780154989929851794e+01,0.000000000000000000e+00
7.057123396058791798e+00,-2.830457596252237096e+01,0.000000000000000000e+00
7.719384442434232163e+00,-2.880913494232125416e+01,0.000000000000000000e+00
8.405916968716239168e+00,-2.931491625042837512e+01,0.000000000000000000e+00
9.117052575114723112e+00,-2.982053528817157684e+01,0.000000000000000000e+00
9.853244416702686692e+00,-3.032516812904986381e+01,0.000000000000000000e+00
1.061487256734772266e+01,-3.082782837523398456e+01,0.000000000000000000e+00
1.140232469771786050e+01,-3.132762963626963071e+01,0.000000000000000000e+00
1.221598854770743436e+01,-3.182373818005742550e+01,0.000000000000000000e+00
1.305626495687601718e+01,-3.231538974948372100e+01,0.000000000000000000e+00
1.392361080567775922e+01,-3.280197145736514841e+01,0.000000000000000000e+00
1.481844786428892213e+01,-3.328277883537528226e+01,0.000000000000000000e+00
1.574150540962324740e+01,-3.375776729017569266e+01,0.000000000000000000e+00
1.669093186853250543e+01,-3.422148172959049361e+01,0.000000000000000000e+00
1.766812080257181350e+01,-3.467563949966154979e+01,0.000000000000000000e+00
1.867463023955045287e+01,-3.512187132207947826e+01,0.000000000000000000e+00
1.971085795946571295e+01,-3.555932905624804619e+01,0.000000000000000000e+00
2.077226446669737925e+01,-3.597861744457748046e+01,0.000000000000000000e+00
2.186550755922641542e+01,-3.639031560200067617e+01,0.000000000000000000e+00
2.298589990298880892e+01,-3.678512929583435209e+01,0.000000000000000000e+00
2.413581797263069362e+01,-3.716590046906036093e+01,0.000000000000000000e+00
2.531448548367573892e+01,-3.753026811608006597e+01,0.000000000000000000e+00
2.652287951426145796e+01,-3.787859751135377451e+01,0.000000000000000000e+00
2.775801262481081011e+01,-3.820562672500020795e+01,0.000000000000000000e+00
2.902610604978779207e+01,-3.851894372517578091e+01,0.000000000000000000e+00
3.031860725135757662e+01,-3.880604765112351373e+01,0.000000000000000000e+00
3.164081360692179601e+01,-3.907315075364328294e+01,0.000000000000000000e+00
3.299383953175046003e+01,-3.932052679544048601e+01,0.000000000000000000e+00
3.437500067677785864e+01,-3.954391477676609412e+01,0.000000000000000000e+00
3.578073517762975797e+01,-3.973853227806479538e+01,0.000000000000000000e+00
3.720273394308611614e+01,-3.989504780793878069e+01,0.000000000000000000e+00
3.860202284032348530e+01,-3.997356482479097650e+01,0.000000000000000000e+00
3.997033487991654965e+01,-3.997033487991657097e+01,0.000000000000000000e+00
4.129866010603183923e+01,-3.988165247896770182e+01,0.000000000000000000e+00
4.257263176194229004e+01,-3.969962137459454254e+01,0.000000000000000000e+00
4.381244111729808566e+01,-3.944889917257616219e+01,0.000000000000000000e+00
4.499653226228704739e+01,-3.911488874332611942e+01,0.000000000000000000e+00
4.613066652314026328e+01,-3.870822526552911569e+01,0.000000000000000000e+00
4.720462169648148887e+01,-3.822554894282135507e+01,0.000000000000000000e+00
4.823158533477177201e+01,-3.768264436568942699e+01,0.000000000000000000e+00
4.918330622732588608e+01,-3.706227960504740082e+01,0.000000000000000000e+00
5.007400153218965499e+01,-3.638089166054140833e+01,0.000000000000000000e+00
5.089953208354935299e+01,-3.564023605624826274e+01,0.000000000000000000e+00
5.165611870674796080e+01,-3.484249201472493951e+01,0.000000000000000000e+00
5.234177274278119540e+01,-3.399114466058058781e+01,0.000000000000000000e+00
5.295457381066861302e+01,-3.308969021770721497e+01,0.000000000000000000e+00
5.349069480967332879e+01,-3.214045199555465615e+01,0.000000000000000000e+00
5.394796376818172234e+01,-3.114687140379193409e+01,0.000000000000000000e+00
5.432452501948108647e+01,-3.011257593417076706e+01,0.000000000000000000e+00
5.461864832744988263e+01,-2.904125046030655355e+01,0.000000000000000000e+00
5.482874458221804304e+01,-2.793664072846988944e+01,0.000000000000000000e+00
5.495335547811110644e+01,-2.680254231771906603e+01,0.000000000000000000e+00
5.499115175796816146e+01,-2.564279519550430919e+01,0.000000000000000000e+00
5.493976475576373986e+01,-2.446075923336893609e+01,0.000000000000000000e+00
5.479422337995419667e+01,-2.325876789855415083e+01,0.000000000000000000e+00
5.455651359345453955e+01,-2.204226228188788284e+01,0.000000000000000000e+00
5.423089181055964758e+01,-2.081728895397054657e+01,0.000000000000000000e+00
5.382080364267424955e+01,-1.958917051021941447e+01,0.000000000000000000e+00
5.331657758352290699e+01,-1.835836990810776470e+01,0.000000000000000000e+00
5.270591139989804930e+01,-1.712518872173335893e+01,0.000000000000000000e+00
5.200404628611893543e+01,-1.589923250966282886e+01,0.000000000000000000e+00
5.121263070157417729e+01,-1.468498554624629193e+01,0.000000000000000000e+00
5.032719959889664096e+01,-1.348513248984427371e+01,0.000000000000000000e+00
4.935888385397965550e+01,-1.230655193388127344e+01,0.000000000000000000e+00
4.826700116166195897e+01,-1.114331524924836714e+01,0.000000000000000000e+00
4.710645156228470398e+01,-1.001278537655470480e+01,0.000000000000000000e+00
4.583042751192845543e+01,-8.908532667682445449e+00,0.000000000000000000e+00
4.448326828209148687e+01,-7.843600388225860698e+00,0.000000000000000000e+00
4.304261541542346237e+01,-6.817280552676113992e+00,0.000000000000000000e+00
4.150200865738470668e+01,-5.832726938534741556e+00,0.000000000000000000e+00
3.987553689599378259e+01,-4.896100288542193368e+00,0.000000000000000000e+00
3.826157025310382664e+01,-4.021453081516431105e+00,0.000000000000000000e+00
3.668567641933244516e+01,-3.209580800471905970e+00,0.000000000000000000e+00
3.515017436064397316e+01,-2.457939632298333343e+00,0.000000000000000000e+00
3.365692742509356350e+01,-1.763884823839657612e+00,0.000000000000000000e+00
3.220565605810605803e+01,-1.124646291535625897e+00,0.000000000000000000e+00
3.083613045650810491e+01,-5.382466592533655669e-01,0.000000000000000000e+00
2.957923598035606361e+01,-7.244823332913454470e-15,0.000000000000000000e+00
