3.035859287183439292e+01,0.000000000000000000e+00,0.000000000000000000e+00
2.966007162712331180e+01,5.177184760270214792e-01,0.000000000000000000e+00
2.896907526243166586e+01,1.011622399628467450e+00,0.000000000000000000e+00
2.828772313707398922e+01,1.482496750587551260e+00,0.000000000000000000e+00
2.761748898524308515e+01,1.931202958623063459e+00,0.000000000000000000e+00
2.695940197465269961e+01,2.358642048220521037e+00,0.000000000000000000e+00
2.631323176791070040e+01,2.765632102334757647e+00,0.000000000000000000e+00
2.567780586566360412e+01,3.152838118165533388e+00,0.000000000000000000e+00
2.505452797018014621e+01,3.521184274003530401e+00,0.000000000000000000e+00
2.444530057314545246e+01,3.871755249842708135e+00,0.000000000000000000e+00
2.384979298333263031e+01,4.205361987272975277e+00,0.000000000000000000e+00
2.326647194562796983e+01,4.522544009335217829e+00,0.000000000000000000e+00
2.269765917059865501e+01,4.824536391260495272e+00,0.000000000000000000e+00
2.214356375995214066e+01,5.112244510333724179e+00,0.000000000000000000e+00
2.160333535856594978e+01,5.386316459702717552e+00,0.000000000000000000e+00
2.107825746882647167e+01,5.647902066627333184e+00,0.000000000000000000e+00
2.056826399238064695e+01,5.897854792884186459e+00,0.000000000000000000e+00
2.007261725486401716e+01,6.136814951988440292e+00,0.000000000000000000e+00
1.959257842824066387e+01,6.366014631323349882e+00,0.000000000000000000e+00
1.912904554576761029e+01,6.586658597283462591e+00,0.000000000000000000e+00
1.868158565456683817e+01,6.799541107156817255e+00,0.000000000000000000e+00
1.824929392679704065e+01,7.005247603287620528e+00,0.000000000000000000e+00
1.783098089319474866e+01,7.204183913216266610e+00,0.000000000000000000e+00
1.742593575139330397e+01,7.396870875353052099e+00,0.000000000000000000e+00
1.703364355998746404e+01,7.583866728227431686e+00,0.000000000000000000e+00
1.665103867244266667e+01,7.764506849195057292e+00,0.000000000000000000e+00
1.627310923282711386e+01,7.936925690141786838e+00,0.000000000000000000e+00
1.589722994015379776e+01,8.100043230973154706e+00,0.000000000000000000e+00
1.552374024943739883e+01,8.254119105288781455e+00,0.000000000000000000e+00
1.515295914121614373e+01,8.399422408270085683e+00,0.000000000000000000e+00
1.478477094677377401e+01,8.535991486026794917e+00,0.000000000000000000e+00
1.441910280136319322e+01,8.663871035049115932e+00,0.000000000000000000e+00
1.405631365810173783e+01,8.783359605772261602e+00,0.000000000000000000e+00
1.369684995826728446e+01,8.894838365785780354e+00,0.000000000000000000e+00
1.334093513830536537e+01,8.998574373429365281e+00,0.000000000000000000e+00
1.298867497843914798e+01,9.094768131258931021e+00,0.000000000000000000e+00
1.264124989018330325e+01,9.184405652361268935e+00,0.000000000000000000e+00
1.230138250797260824e+01,9.269756610746426873e+00,0.000000000000000000e+00
1.197126787803461490e+01,9.352979524170013548e+00,0.000000000000000000e+00
1.165054935159840710e+01,9.434428842874831744e+00,0.000000000000000000e+00
1.133815316128083772e+01,9.513840135862261960e+00,0.000000000000000000e+00
1.103331748622315089e+01,9.591116564889651031e+00,0.000000000000000000e+00
1.073569040090663584e+01,9.666459055305832493e+00,0.000000000000000000e+00
1.044494641252428302e+01,9.740070103578339911e+00,0.000000000000000000e+00
1.016071291674151844e+01,9.812086407734527782e+00,0.000000000000000000e+00
9.882586564148480690e+00,9.882586564148478914e+00,0.000000000000000000e+00
9.610174442844625631e+00,9.951626956381005584e+00,0.000000000000000000e+00
9.343137904726425802e+00,1.001928874247419188e+01,0.000000000000000000e+00
9.081172801901933767e+00,1.008566416311877312e+01,0.000000000000000000e+00
8.823980280751737126e+00,1.015082814091797303e+01,0.000000000000000000e+00
8.571280880250265355e+00,1.021485478217231524e+01,0.000000000000000000e+00
8.322812240859164490e+00,1.027781717061210109e+01,0.000000000000000000e+00
8.078316248593594651e+00,1.033977328459675427e+01,0.000000000000000000e+00
7.837548243111450930e+00,1.040077781022119474e+01,0.000000000000000000e+00
7.600286156646406610e+00,1.046089645641545651e+01,0.000000000000000000e+00
7.366313003821397309e+00,1.052018523344604795e+01,0.000000000000000000e+00
7.135416330179590538e+00,1.057868974521267802e+01,0.000000000000000000e+00
6.907400031687145336e+00,1.063646329984677230e+01,0.000000000000000000e+00
6.682077333605843883e+00,1.069355908269198707e+01,0.000000000000000000e+00
6.459263682057942546e+00,1.075002001714089062e+01,0.000000000000000000e+00
6.238780506025642048e+00,1.080588481370667786e+01,0.000000000000000000e+00
6.020462648374498293e+00,1.086120212649546346e+01,0.000000000000000000e+00
5.804148579690710186e+00,1.091601584262664026e+01,0.000000000000000000e+00
5.589678318094312814e+00,1.097036138948625883e+01,0.000000000000000000e+00
5.376897779301261338e+00,1.102427417268055976e+01,0.000000000000000000e+00
5.165661885649418750e+00,1.107779766278763489e+01,0.000000000000000000e+00
4.955827052398142030e+00,1.113096980479556031e+01,0.000000000000000000e+00
4.747250572216890063e+00,1.118382149171531736e+01,0.000000000000000000e+00
4.539794335482368659e+00,1.123638527696618006e+01,0.000000000000000000e+00
4.333326253894986380e+00,1.128870083777237987e+01,0.000000000000000000e+00
4.127714636868149434e+00,1.134080275874757326e+01,0.000000000000000000e+00
3.922827909006101343e+00,1.139271948458581818e+01,0.000000000000000000e+00
3.718537361729833624e+00,1.144448122056700612e+01,0.000000000000000000e+00
3.514718270559679780e+00,1.149612545849417700e+01,0.000000000000000000e+00
3.311245467102743145e+00,1.154768526907684389e+01,0.000000000000000000e+00
3.107993088998599607e+00,1.159918811771571612e+01,0.000000000000000000e+00
2.904836441835912275e+00,1.165066261595557151e+01,0.000000000000000000e+00
2.701653167942458911e+00,1.170214551762612487e+01,0.000000000000000000e+00
2.498319654498804887e+00,1.175366986965687843e+01,0.000000000000000000e+00
2.294710741533169340e+00,1.180526336084466799e+01,0.000000000000000000e+00
2.090700914808228728e+00,1.185695408841001708e+01,0.000000000000000000e+00
1.886165362101108300e+00,1.190877941189346956e+01,0.000000000000000000e+00
1.680977111918346756e+00,1.196077364616463434e+01,0.000000000000000000e+00
1.475006720998990328e+00,1.201296571940664393e+01,0.000000000000000000e+00
1.268123022045813064e+00,1.206538460453400852e+01,0.000000000000000000e+00
1.060193727202500158e+00,1.211806975298407174e+01,0.000000000000000000e+00
8.510832782526525087e-01,1.217105791895944833e+01,0.000000000000000000e+00
6.406526163897149351e-01,1.222438014268282380e+01,0.000000000000000000e+00
4.287595860203817222e-01,1.227806810275765237e+01,0.000000000000000000e+00
2.152587443028823877e-01,1.233216520179768416e+01,0.000000000000000000e+00
7.584673384954837542e-16,1.238671164655079693e+01,0.000000000000000000e+00
-2.171714026388407992e-01,1.244174132447742132e+01,0.000000000000000000e+00
-4.364150351199413413e-01,1.249729148216723473e+01,0.000000000000000000e+00
-6.578964210010146418e-01,1.255341153548759792e+01,0.000000000000000000e+00
-8.817872966208137875e-01,1.261014583838249870e+01,0.000000000000000000e+00
-1.108265452056295342e+00,1.266753208234688977e+01,0.000000000000000000e+00
-1.337516353387126822e+00,1.272561804960791143e+01,0.000000000000000000e+00
-1.569734350708591686e+00,1.278446035206255083e+01,0.000000000000000000e+00
-1.805121596230931491e+00,1.284410755104343238e+01,0.000000000000000000e+00
-2.043888639504705562e+00,1.290460499349993206e+01,0.000000000000000000e+00
-2.286258625459320903e+00,1.296601697751162163e+01,0.000000000000000000e+00
-2.532465601162806834e+00,1.302840607876878387e+01,0.000000000000000000e+00
-2.782753360337665960e+00,1.309182524629694377e+01,0.000000000000000000e+00
-3.037380741421431107e+00,1.315634140248226380e+01,0.000000000000000000e+00
-3.296622971951190362e+00,1.322203256095810353e+01,0.000000000000000000e+00
-3.560767350431331302e+00,1.328896466574213697e+01,0.000000000000000000e+00
-3.830118654364077724e+00,1.335721111685379725e+01,0.000000000000000000e+00
-4.105004798218512718e+00,1.342686569314298950e+01,0.000000000000000000e+00
-4.385769130974269459e+00,1.349800945225092974e+01,0.000000000000000000e+00
-4.672777033712859129e+00,1.357072989026266008e+01,0.000000000000000000e+00
-4.966424356778499138e+00,1.364513877567837419e+01,0.000000000000000000e+00
-5.267126338442795763e+00,1.372133322663803057e+01,0.000000000000000000e+00
-5.575329671800208331e+00,1.379942517413448755e+01,0.000000000000000000e+00
-5.891518073534588673e+00,1.387954679182986695e+01,0.000000000000000000e+00
-6.216200394263658779e+00,1.396181467947407029e+01,0.000000000000000000e+00
-6.549933935417843855e+00,1.404637865338398051e+01,0.000000000000000000e+00
-6.893314212698644639e+00,1.413338861150918824e+01,0.000000000000000000e+00
-7.246980637529381042e+00,1.422300033240757955e+01,0.000000000000000000e+00
-7.611634381621532164e+00,1.431540222605568857e+01,0.000000000000000000e+00
-7.988020493318497728e+00,1.441077044003336916e+01,0.000000000000000000e+00
-8.376963449848490839e+00,1.450932630828505410e+01,0.000000000000000000e+00
-8.779343923788761828e+00,1.461128196086032460e+01,0.000000000000000000e+00
-9.196135966852573063e+00,1.471689392151048281e+01,0.000000000000000000e+00
-9.628389068339865631e+00,1.482641898431188920e+01,0.000000000000000000e+00
-1.007726585889297333e+01,1.494016103172074139e+01,0.000000000000000000e+00
-1.054402628381001605e+01,1.505843012025975014e+01,0.000000000000000000e+00
-1.103006981109239781e+01,1.518158866952247266e+01,0.000000000000000000e+00
-1.153692563285624040e+01,1.531001741850164066e+01,0.000000000000000000e+00
-1.206629795786157366e+01,1.544415710271335485e+01,0.000000000000000000e+00
-1.262005526403037869e+01,1.558447036086632842e+01,0.000000000000000000e+00
-1.320027832936956713e+01,1.573147912226967726e+01,0.000000000000000000e+00
-1.380936953523837474e+01,1.588586243697849554e+01,0.000000000000000000e+00
-1.444969768835366075e+01,1.604801508818403377e+01,0.000000000000000000e+00
-1.512456701960211092e+01,1.621911242449257884e+01,0.000000000000000000e+00
-1.583097811813998668e+01,1.639345773828915043e+01,0.000000000000000000e+00
-1.654225704664721164e+01,1.654225704664721164e+01,0.000000000000000000e+00
-1.725558073750996257e+01,1.666352062099053555e+01,0.000000000000000000e+00
-1.797196758075045508e+01,1.675913089662677535e+01,0.000000000000000000e+00
-1.868956884898643622e+01,1.682816337781032345e+01,0.000000000000000000e+00
-1.940800325347823119e+01,1.687111983574280671e+01,0.000000000000000000e+00
-2.012601023770722009e+01,1.688772776753029703e+01,0.000000000000000000e+00
-2.084104045029117103e+01,1.687674179181708567e+01,0.000000000000000000e+00
-2.155219390082142539e+01,1.683841931439752670e+01,0.000000000000000000e+00
-2.226050743769603102e+01,1.677449553701920948e+01,0.000000000000000000e+00
-2.296567222574037359e+01,1.668553755623191748e+01,0.000000000000000000e+00
-2.366654573508610682e+01,1.657149372709216095e+01,0.000000000000000000e+00
-2.436300515248458254e+01,1.643305447122677876e+01,0.000000000000000000e+00
-2.505356188644304183e+01,1.626997332569985133e+01,0.000000000000000000e+00
-2.573352882510096862e+01,1.608009347928084409e+01,0.000000000000000000e+00
-2.640599546456467905e+01,1.586632278087729198e+01,0.000000000000000000e+00
-2.707105655068987105e+01,1.562948178678837508e+01,0.000000000000000000e+00
-2.772849732992511917e+01,1.537015705316143332e+01,0.000000000000000000e+00
-2.837665873035281905e+01,1.508813708596764869e+01,0.000000000000000000e+00
-2.901045024748149004e+01,1.478156270238377168e+01,0.000000000000000000e+00
-2.963311346439542504e+01,1.445303513725545663e+01,0.000000000000000000e+00
-3.024702566045186813e+01,1.410441970187946303e+01,0.000000000000000000e+00
-3.084895745402407030e+01,1.373484077039411488e+01,0.000000000000000000e+00
-3.143319554621443146e+01,1.334259990235995552e+01,0.000000000000000000e+00
-3.200567272035620903e+01,1.293113115452076478e+01,0.000000000000000000e+00
-3.256566974389585312e+01,1.250078939152261626e+01,0.000000000000000000e+00
-3.310759028347092681e+01,1.205017739146436284e+01,0.000000000000000000e+00
-3.363580016873101641e+01,1.158173479318728560e+01,0.000000000000000000e+00
-3.414977304008004921e+01,1.109593388260550917e+01,0.000000000000000000e+00
-3.464448254109917258e+01,1.059188125607292186e+01,0.000000000000000000e+00
-3.512121880580087918e+01,1.007084743478889166e+01,0.000000000000000000e+00
-3.558163473936990329e+01,9.534070293793357465e+00,0.000000000000000000e+00
-3.602452059770645576e+01,8.981921774009178350e+00,0.000000000000000000e+00
-3.644889580272749896e+01,8.414890642499820217e+00,0.000000000000000000e+00
-3.685442317196219619e+01,7.833649471764273287e+00,0.000000000000000000e+00
-3.724083612570556312e+01,7.238885238661768362e+00,0.000000000000000000e+00
-3.760790232658562360e+01,6.631287868025696142e+00,0.000000000000000000e+00
-3.795525138154971501e+01,6.011521247443839755e+00,0.000000000000000000e+00
-3.828228501223255620e+01,5.380224289934025350e+00,0.000000000000000000e+00
-3.858844884022440169e+01,4.738065746771153108e+00,0.000000000000000000e+00
-3.887346772105374271e+01,4.085766096946322534e+00,0.000000000000000000e+00
-3.913717804516234366e+01,3.424059401347406606e+00,0.000000000000000000e+00
-3.937941880176994403e+01,2.753677212996113788e+00,0.000000000000000000e+00
-3.959996229835014248e+01,2.075346083748686343e+00,0.000000000000000000e+00
-3.979857816833259676e+01,1.389796974315635314e+00,0.000000000000000000e+00
-3.997505805574812854e+01,6.977672338723480694e-01,0.000000000000000000e+00
-4.012924745404617255e+01,4.914415444678972190e-15,0.000000000000000000e+00
-3.986570032836797139e+01,-6.958583876405152191e-01,0.000000000000000000e+00
-3.963983314167156635e+01,-1.384253475831652036e+00,0.000000000000000000e+00
-3.933263522061253781e+01,-2.061336065262223904e+00,0.000000000000000000e+00
-3.897325643658069083e+01,-2.725275573666966267e+00,0.000000000000000000e+00
-3.859081924706022448e+01,-3.376259200295795182e+00,0.000000000000000000e+00
-3.821346587577084364e+01,-4.016397107723901350e+00,0.000000000000000000e+00
-3.785115670097440699e+01,-4.647537655196188666e+00,0.000000000000000000e+00
-3.749677686564267987e+01,-5.269828319346745893e+00,0.000000000000000000e+00
-3.714494000164108201e+01,-5.883180533048396832e+00,0.000000000000000000e+00
-3.679629834428500601e+01,-6.488180188295669559e+00,0.000000000000000000e+00
-3.645228741241576387e+01,-7.085606896002335731e+00,0.000000000000000000e+00
-3.611296733926462821e+01,-7.676048169335886406e+00,0.000000000000000000e+00
-3.577759458716118957e+01,-8.259908545161641413e+00,0.000000000000000000e+00
-3.544558160207612474e+01,-8.837576070460620770e+00,0.000000000000000000e+00
-3.511675067603616895e+01,-9.409504984448957998e+00,0.000000000000000000e+00
-3.479096622810458683e+01,-9.976149031999501204e+00,0.000000000000000000e+00
-3.446802704398562156e+01,-1.053793339669324602e+01,0.000000000000000000e+00
-3.414767695661080893e+01,-1.109525282380140965e+01,0.000000000000000000e+00
-3.382965760980417969e+01,-1.164848526319043742e+01,0.000000000000000000e+00
-3.351376140197761089e+01,-1.219801158861939960e+01,0.000000000000000000e+00
-3.319978749614000435e+01,-1.274420439058665444e+01,0.000000000000000000e+00
-3.288752716413724642e+01,-1.328742347717756722e+01,0.000000000000000000e+00
-3.257677089159945893e+01,-1.382801883691407419e+01,0.000000000000000000e+00
-3.226729978769502338e+01,-1.436632746293184759e+01,0.000000000000000000e+00
-3.195893335100468491e+01,-1.490269536803867112e+01,0.000000000000000000e+00
-3.165153529846768876e+01,-1.543748524320536575e+01,0.000000000000000000e+00
-3.134494780277282544e+01,-1.597104861858721137e+01,0.000000000000000000e+00
-3.103888422594222973e+01,-1.650366749118218479e+01,0.000000000000000000e+00
-3.073297440559396776e+01,-1.703556589108701047e+01,0.000000000000000000e+00
-3.042693862734515520e+01,-1.756700120711395385e+01,0.000000000000000000e+00
-3.012107671075469639e+01,-1.809856879820069508e+01,0.000000000000000000e+00
-2.981587359037653329e+01,-1.863102560702900945e+01,0.000000000000000000e+00
-2.951077830578028482e+01,-1.916452351294208256e+01,0.000000000000000000e+00
-2.920193211979654890e+01,-1.969695192305718123e+01,0.000000000000000000e+00
-2.888496227249560633e+01,-2.022546832410447593e+01,0.000000000000000000e+00
-2.855709396240578002e+01,-2.074794323993291911e+01,0.000000000000000000e+00
-2.821813445167375178e+01,-2.126388950240393072e+01,0.000000000000000000e+00
-2.786817449846921235e+01,-2.177300417263501942e+01,0.000000000000000000e+00
-2.750745045296948987e+01,-2.227509417071746967e+01,0.000000000000000000e+00
-2.713627306068348233e+01,-2.277003671674546581e+01,0.000000000000000000e+00
-2.675483656344508887e+01,-2.325762459704349183e+01,0.000000000000000000e+00
-2.636317392745970167e+01,-2.373750842481208423e+01,0.000000000000000000e+00
-2.596135263079023048e+01,-2.420935298475155406e+01,0.000000000000000000e+00
-2.554954028740049665e+01,-2.467290425702377021e+01,0.000000000000000000e+00
-2.512792615348964986e+01,-2.512792615348963920e+01,0.000000000000000000e+00
-2.469670771247378127e+01,-2.557418948709193174e+01,0.000000000000000000e+00
-2.425609676411607296e+01,-2.601147919716899892e+01,0.000000000000000000e+00
-2.380633691503342675e+01,-2.643961571007630695e+01,0.000000000000000000e+00
-2.334767700544262681e+01,-2.685843000906159617e+01,0.000000000000000000e+00
-2.288036175433290254e+01,-2.726775332058139156e+01,0.000000000000000000e+00
-2.240468252777270664e+01,-2.766747874661708906e+01,0.000000000000000000e+00
-2.192098809065649334e+01,-2.805758527603993002e+01,0.000000000000000000e+00
-2.142942224305042132e+01,-2.843780381795729184e+01,0.000000000000000000e+00
-2.092996918310721455e+01,-2.880763117964757569e+01,0.000000000000000000e+00
-2.042265936624527356e+01,-2.916658026627634115e+01,0.000000000000000000e+00
-1.990785254078441469e+01,-2.951460514387412459e+01,0.000000000000000000e+00
-1.938656228976264728e+01,-2.985268803881453081e+01,0.000000000000000000e+00
-1.885868678171155466e+01,-3.018020762914304100e+01,0.000000000000000000e+00
-1.832350434928319771e+01,-3.049543233327248615e+01,0.000000000000000000e+00
-1.778215915978082151e+01,-3.079960313301664243e+01,0.000000000000000000e+00
-1.723525547560392468e+01,-3.109322395229279579e+01,0.000000000000000000e+00
-1.668220613752610504e+01,-3.137466658320836643e+01,0.000000000000000000e+00
-1.612370434324478907e+01,-3.164455153171123669e+01,0.000000000000000000e+00
-1.556023480191255892e+01,-3.190320919023714907e+01,0.000000000000000000e+00
-1.499142539455815637e+01,-3.214921550693265573e+01,0.000000000000000000e+00
-1.441814867716099791e+01,-3.238369214052203660e+01,0.000000000000000000e+00
-1.384073842338020732e+01,-3.260673635946797333e+01,0.000000000000000000e+00
-1.325859039041151277e+01,-3.281616277013914384e+01,0.000000000000000000e+00
-1.267291574641439489e+01,-3.301407422876997799e+01,0.000000000000000000e+00
-1.208400570269284913e+01,-3.320053280470941814e+01,0.000000000000000000e+00
-1.149124146820889258e+01,-3.337298846997175872e+01,0.000000000000000000e+00
-1.089548702784242629e+01,-3.353286105509715043e+01,0.000000000000000000e+00
-1.029772283105704744e+01,-3.368233368638681924e+01,0.000000000000000000e+00
-9.698937542400683398e+00,-3.382421487527902570e+01,0.000000000000000000e+00
-9.100161315755151747e+00,-3.396226438747108745e+01,0.000000000000000000e+00
-8.501487009657141769e+00,-3.409760200503551886e+01,0.000000000000000000e+00
-7.902611404511502791e+00,-3.422997064248435350e+01,0.000000000000000000e+00
-7.303238149092686982e+00,-3.435903409291307753e+01,0.000000000000000000e+00
-6.703251834132119669e+00,-3.448524114334462354e+01,0.000000000000000000e+00
-6.102464816150740212e+00,-3.460879776669241892e+01,0.000000000000000000e+00
-5.500614393844673877e+00,-3.472951246078011422e+01,0.000000000000000000e+00
-4.897440495005467298e+00,-3.484709981534036416e+01,0.000000000000000000e+00
-4.292796684938789298e+00,-3.496202334700249992e+01,0.000000000000000000e+00
-3.686458809068952736e+00,-3.507431265496140327e+01,0.000000000000000000e+00
-3.078159957063841379e+00,-3.518352930550528868e+01,0.000000000000000000e+00
-2.467702751933847694e+00,-3.528979347617539730e+01,0.000000000000000000e+00
-1.854890825550930433e+00,-3.539342538315000297e+01,0.000000000000000000e+00
-1.239485929986296142e+00,-3.549423303169708532e+01,0.000000000000000000e+00
-6.212536849204872702e-01,-3.559159977206265069e+01,0.000000000000000000e+00
-6.555394656486549370e-15,-3.568590639657992369e+01,0.000000000000000000e+00
6.244973776394624476e-01,-3.577743080347546822e+01,0.000000000000000000e+00
1.252461256367541909e+00,-3.586579776437930889e+01,0.000000000000000000e+00
1.884075913211274989e+00,-3.595031003004061176e+01,0.000000000000000000e+00
2.519561057914295521e+00,-3.603140180264040993e+01,0.000000000000000000e+00
3.159150876441318978e+00,-3.610925975003873845e+01,0.000000000000000000e+00
3.803038945719616759e+00,-3.618349856317902891e+01,0.000000000000000000e+00
4.451379969738136211e+00,-3.625358055609438424e+01,0.000000000000000000e+00
5.104376315093391625e+00,-3.631952468407059342e+01,0.000000000000000000e+00
5.762249221648024999e+00,-3.638140975111535624e+01,0.000000000000000000e+00
6.425226970445534924e+00,-3.643927290440522171e+01,0.000000000000000000e+00
7.093460547667088889e+00,-3.649269094762779275e+01,0.000000000000000000e+00
7.766996189177741705e+00,-3.654084413181015378e+01,0.000000000000000000e+00
8.446090008301132102e+00,-3.658403510298882821e+01,0.000000000000000000e+00
9.130959591563138744e+00,-3.662227863472772071e+01,0.000000000000000000e+00
9.821757646495038685e+00,-3.665529855634754597e+01,0.000000000000000000e+00
1.051866710680669215e+01,-3.668295159823189522e+01,0.000000000000000000e+00
1.122179502950847763e+01,-3.670483765636012663e+01,0.000000000000000000e+00
1.193101857804125387e+01,-3.671989945936968525e+01,0.000000000000000000e+00
1.264669985069476965e+01,-3.672868327308900405e+01,0.000000000000000000e+00
1.336900399136897022e+01,-3.673103658688503259e+01,0.000000000000000000e+00
1.409801599485588497e+01,-3.672658730207746203e+01,0.000000000000000000e+00
1.483385329715923895e+01,-3.671507528130482001e+01,0.000000000000000000e+00
1.557660363206872489e+01,-3.669617851810799891e+01,0.000000000000000000e+00
1.632635732018206198e+01,-3.666959892502916318e+01,0.000000000000000000e+00
1.708317670365697438e+01,-3.663499066528002857e+01,0.000000000000000000e+00
1.784700910148723096e+01,-3.659179132147993840e+01,0.000000000000000000e+00
1.861785027265865722e+01,-3.653958853504182969e+01,0.000000000000000000e+00
1.939590722721149874e+01,-3.647839604161889326e+01,0.000000000000000000e+00
2.018122820653734806e+01,-3.640789944462409977e+01,0.000000000000000000e+00
2.097382819923872432e+01,-3.632773607030231489e+01,0.000000000000000000e+00
2.177372195981764946e+01,-3.623755871212942736e+01,0.000000000000000000e+00
2.258090918187998497e+01,-3.613700866090266572e+01,0.000000000000000000e+00
2.339538005647617425e+01,-3.602572606409414391e+01,0.000000000000000000e+00
2.421711348394498842e+01,-3.590334722134047496e+01,0.000000000000000000e+00
2.504607806029316919e+01,-3.576950645851510302e+01,0.000000000000000000e+00
2.588223099642062763e+01,-3.562383480493198107e+01,0.000000000000000000e+00
2.672552242434962722e+01,-3.546596613833334999e+01,0.000000000000000000e+00
2.757588040897314485e+01,-3.529551737982220772e+01,0.000000000000000000e+00
2.843326716298497914e+01,-3.511216077057159168e+01,0.000000000000000000e+00
2.929686281750207044e+01,-3.491464151449782349e+01,0.000000000000000000e+00
3.016038084057321811e+01,-3.469554926874928924e+01,0.000000000000000000e+00
3.100840061350317001e+01,-3.443831778619387762e+01,0.000000000000000000e+00
3.183627542382112807e+01,-3.414022560823361374e+01,0.000000000000000000e+00
3.264284990654174123e+01,-3.380266060673968553e+01,0.000000000000000000e+00
3.342658735138998338e+01,-3.342658735138999759e+01,0.000000000000000000e+00
3.418618201696540382e+01,-3.301321222729497151e+01,0.000000000000000000e+00
3.492048797588997644e+01,-3.256388185280620462e+01,0.000000000000000000e+00
3.562824904834099726e+01,-3.207981953437689526e+01,0.000000000000000000e+00
3.630927441473400563e+01,-3.156317070845831552e+01,0.000000000000000000e+00
3.696145699840297283e+01,-3.101434493513485080e+01,0.000000000000000000e+00
3.758010790340168228e+01,-3.043177134592020394e+01,0.000000000000000000e+00
3.816696423470568078e+01,-2.981930056397154871e+01,0.000000000000000000e+00
3.872197136476965795e+01,-2.917909834988659767e+01,0.000000000000000000e+00
3.924358690163922603e+01,-2.851213483551504524e+01,0.000000000000000000e+00
3.973042701112250086e+01,-2.781954448947866609e+01,0.000000000000000000e+00
4.018109847922183775e+01,-2.710249314031944579e+01,0.000000000000000000e+00
4.059418704266670375e+01,-2.636217330518774205e+01,0.000000000000000000e+00
4.096821707280425073e+01,-2.559978325116389541e+01,0.000000000000000000e+00
4.130200564249338413e+01,-2.481674867742838586e+01,0.000000000000000000e+00
4.159550957149804162e+01,-2.401517864818407588e+01,0.000000000000000000e+00
4.184902287913223518e+01,-2.319729217635700280e+01,0.000000000000000000e+00
4.206234572550583550e+01,-2.236494594005734271e+01,0.000000000000000000e+00
4.223453580535669971e+01,-2.151957084041293200e+01,0.000000000000000000e+00
4.236463175613597087e+01,-2.066261151005966923e+01,0.000000000000000000e+00
4.245171192661280912e+01,-1.979555837316947375e+01,0.000000000000000000e+00
4.249489607566358984e+01,-1.891994671209057088e+01,0.000000000000000000e+00
4.249334705150755553e+01,-1.803735567981967236e+01,0.000000000000000000e+00
4.244659882957796526e+01,-1.714953912465338703e+01,0.000000000000000000e+00
4.235522088304063715e+01,-1.625864599298031266e+01,0.000000000000000000e+00
4.221884870714113447e+01,-1.536640425438750590e+01,0.000000000000000000e+00
4.203683314913973845e+01,-1.447444242849921281e+01,0.000000000000000000e+00
4.180857176985509227e+01,-1.358442843939299038e+01,0.000000000000000000e+00
4.153351044895722310e+01,-1.269806845293005892e+01,0.000000000000000000e+00
4.121142405433455025e+01,-1.181718568813000303e+01,0.000000000000000000e+00
4.084319909307664176e+01,-1.094390221329344470e+01,0.000000000000000000e+00
4.043006406795944230e+01,-1.008034712888617612e+01,0.000000000000000000e+00
3.997359835369749703e+01,-9.228632344697942358e+00,0.000000000000000000e+00
3.947513226065747460e+01,-8.390698384794744058e+00,0.000000000000000000e+00
3.892973974412456073e+01,-7.567174846113851494e+00,0.000000000000000000e+00
3.833267734883301614e+01,-6.759085259391528488e+00,0.000000000000000000e+00
3.769276848959997039e+01,-5.969948041507619152e+00,0.000000000000000000e+00
3.701280360623336207e+01,-5.201810313495736970e+00,0.000000000000000000e+00
3.629021616882656076e+01,-4.455878257360881278e+00,0.000000000000000000e+00
3.553497610040790988e+01,-3.734876488217460988e+00,0.000000000000000000e+00
3.477667720705251497e+01,-3.042565010717492857e+00,0.000000000000000000e+00
3.402199249498161748e+01,-2.379049471140084027e+00,0.000000000000000000e+00
3.327319660660337775e+01,-1.743774343800123194e+00,0.000000000000000000e+00
3.253127949489024928e+01,-1.136017312512677124e+00,0.000000000000000000e+00
3.179693030284317601e+01,-5.550174829541666410e-01,0.000000000000000000e+00
3.107083518644665787e+01,-7.610159771583369889e-15,0.000000000000000000e+00
