3.177151067842236287e+01,0.000000000000000000e+00,0.000000000000000000e+00
3.127981093613366070e+01,5.459911308325835488e-01,0.000000000000000000e+00
3.077889397216208067e+01,1.074822661612815589e+00,0.000000000000000000e+00
3.027198402882867967e+01,1.586487457442601778e+00,0.000000000000000000e+00
2.976014571269844922e+01,2.081032112663332434e+00,0.000000000000000000e+00
2.924320683329455406e+01,2.558449083057108719e+00,0.000000000000000000e+00
2.872189518969443256e+01,3.018792829293744262e+00,0.000000000000000000e+00
2.819617213774667164e+01,3.462054615075937480e+00,0.000000000000000000e+00
2.766453529181688964e+01,3.887996881565711771e+00,0.000000000000000000e+00
2.712896807590266590e+01,4.296806425284055209e+00,0.000000000000000000e+00
2.659047179499021141e+01,4.688617607224220940e+00,0.000000000000000000e+00
2.604941855433058606e+01,5.063494031448598776e+00,0.000000000000000000e+00
2.550619033512963796e+01,5.421508118936303688e+00,0.000000000000000000e+00
2.496118874441818036e+01,5.762744493767590015e+00,0.000000000000000000e+00
2.441475851555039256e+01,6.087282980580718039e+00,0.000000000000000000e+00
2.386739717028034491e+01,6.395249797209480391e+00,0.000000000000000000e+00
2.331932349813927630e+01,6.686708412108379740e+00,0.000000000000000000e+00
2.276950722993559140e+01,6.961336961886104291e+00,0.000000000000000000e+00
2.221940701081501146e+01,7.219522976429322725e+00,0.000000000000000000e+00
2.166988253366134742e+01,7.461538933083013525e+00,0.000000000000000000e+00
2.112130868155083974e+01,7.687527668832832006e+00,0.000000000000000000e+00
2.057411890809159516e+01,7.897664301358481964e+00,0.000000000000000000e+00
2.002852973475960852e+01,8.092051277762136507e+00,0.000000000000000000e+00
1.948615951707329330e+01,8.271383979640726025e+00,0.000000000000000000e+00
1.895019871784481325e+01,8.437172061481552632e+00,0.000000000000000000e+00
1.842222483520654919e+01,8.590424520910021400e+00,0.000000000000000000e+00
1.790151070026301383e+01,8.731150153078745646e+00,0.000000000000000000e+00
1.738885201246297285e+01,8.860062637842299083e+00,0.000000000000000000e+00
1.688473904456219188e+01,8.977775001136542699e+00,0.000000000000000000e+00
1.639310520209089006e+01,9.086846594936455190e+00,0.000000000000000000e+00
1.591843757640771706e+01,9.190514219817247366e+00,0.000000000000000000e+00
1.546201482945601668e+01,9.290515801840260934e+00,0.000000000000000000e+00
1.502215371407449851e+01,9.386883455596027659e+00,0.000000000000000000e+00
1.459766265047523959e+01,9.479832968154319417e+00,0.000000000000000000e+00
1.418759410571997392e+01,9.569653057811533969e+00,0.000000000000000000e+00
1.379094974939143547e+01,9.656526973595191521e+00,0.000000000000000000e+00
1.340685444844064733e+01,9.740649923569986157e+00,0.000000000000000000e+00
1.303450372904921295e+01,9.822203076105006758e+00,0.000000000000000000e+00
1.267314646686429036e+01,9.901347177175455982e+00,0.000000000000000000e+00
1.232209453774326313e+01,9.978235412183904529e+00,0.000000000000000000e+00
1.198070558167986555e+01,1.005300563483115539e+01,0.000000000000000000e+00
1.164838930500050651e+01,1.012579033975731235e+01,0.000000000000000000e+00
1.132459162386786211e+01,1.019670809815206525e+01,0.000000000000000000e+00
1.100880099147059354e+01,1.026587300483357623e+01,0.000000000000000000e+00
1.070053725603587580e+01,1.033338871255873492e+01,0.000000000000000000e+00
1.039935422865049297e+01,1.039935422865049119e+01,0.000000000000000000e+00
1.010483226376946497e+01,1.046386012490226491e+01,0.000000000000000000e+00
9.816580417840338413e+00,1.052699367953300325e+01,0.000000000000000000e+00
9.534228706669251707e+00,1.058883372087061936e+01,0.000000000000000000e+00
9.257433076645785519e+00,1.064945854333610242e+01,0.000000000000000000e+00
8.985864636754916646e+00,1.070893646341793470e+01,0.000000000000000000e+00
8.719218767883990751e+00,1.076733846366699332e+01,0.000000000000000000e+00
8.457201676204721963e+00,1.082472451722751394e+01,0.000000000000000000e+00
8.199540741727108895e+00,1.088115808097453652e+01,0.000000000000000000e+00
7.945973569464092279e+00,1.093669436155217234e+01,0.000000000000000000e+00
7.696252623453399444e+00,1.099138784356874332e+01,0.000000000000000000e+00
7.450143383400309460e+00,1.104529179005274742e+01,0.000000000000000000e+00
7.207419141633245374e+00,1.109845221572760998e+01,0.000000000000000000e+00
6.967867873172915338e+00,1.115091955123444478e+01,0.000000000000000000e+00
6.731283075389419501e+00,1.120273631226390343e+01,0.000000000000000000e+00
6.497468666283677585e+00,1.125394585059011732e+01,0.000000000000000000e+00
6.266237283339687991e+00,1.130459130500706699e+01,0.000000000000000000e+00
6.037405914788525507e+00,1.135470908598125916e+01,0.000000000000000000e+00
5.810801589186767480e+00,1.140434024434397209e+01,0.000000000000000000e+00
5.586255463605644955e+00,1.145352103707398506e+01,0.000000000000000000e+00
5.363603723905303156e+00,1.150228530478576161e+01,0.000000000000000000e+00
5.142689899763464467e+00,1.155067063165452623e+01,0.000000000000000000e+00
4.923359635535849321e+00,1.159870844517829269e+01,0.000000000000000000e+00
4.705463708178663218e+00,1.164643136334050411e+01,0.000000000000000000e+00
4.488857453448816592e+00,1.169387346494877278e+01,0.000000000000000000e+00
4.273397505848134159e+00,1.174106315167144743e+01,0.000000000000000000e+00
4.058944991031608218e+00,1.178803219484178832e+01,0.000000000000000000e+00
3.845363472404427885e+00,1.183481185347417153e+01,0.000000000000000000e+00
3.632517320374611725e+00,1.188142878903629018e+01,0.000000000000000000e+00
3.420274346711691393e+00,1.192791415862088122e+01,0.000000000000000000e+00
3.208503272154075159e+00,1.197429722793000373e+01,0.000000000000000000e+00
2.997073155671857947e+00,1.202060386918078549e+01,0.000000000000000000e+00
2.785855281844155762e+00,1.206686494255505337e+01,0.000000000000000000e+00
2.574720690185934746e+00,1.211310848254588812e+01,0.000000000000000000e+00
2.363540227862759746e+00,1.215936037115873880e+01,0.000000000000000000e+00
2.152185691164478776e+00,1.220565158274247963e+01,0.000000000000000000e+00
1.940527680500745866e+00,1.225200958203042845e+01,0.000000000000000000e+00
1.728435979416408586e+00,1.229846103501898824e+01,0.000000000000000000e+00
1.515780009122057459e+00,1.234503750288852331e+01,0.000000000000000000e+00
1.302427136995384815e+00,1.239176645644377928e+01,0.000000000000000000e+00
1.088243158311661629e+00,1.243867621762449005e+01,0.000000000000000000e+00
8.730921456662318336e-01,1.248579938652926735e+01,0.000000000000000000e+00
6.568352927040178590e-01,1.253316400140929865e+01,0.000000000000000000e+00
4.393312551757751483e-01,1.258080109831468540e+01,0.000000000000000000e+00
2.204355578846085573e-01,1.262874465326436990e+01,0.000000000000000000e+00
7.762438440283211376e-16,1.267702401327096595e+01,0.000000000000000000e+00
-2.221274680277759428e-01,1.272567412044905311e+01,0.000000000000000000e+00
-4.461034153651732281e-01,1.277473039277089306e+01,0.000000000000000000e+00
-6.720891450720006821e-01,1.282422484345729075e+01,0.000000000000000000e+00
-9.002515759750777669e-01,1.287419733509852371e+01,0.000000000000000000e+00
-1.130763389928593599e+00,1.292468468893153499e+01,0.000000000000000000e+00
-1.363803585425646725e+00,1.297572435571510674e+01,0.000000000000000000e+00
-1.599558731709658232e+00,1.302736044293513906e+01,0.000000000000000000e+00
-1.838222356162320770e+00,1.307963169604714615e+01,0.000000000000000000e+00
-2.079997105243065025e+00,1.313258487374809391e+01,0.000000000000000000e+00
-2.325094795946676118e+00,1.318626784514013295e+01,0.000000000000000000e+00
-2.573736371526663902e+00,1.324072578618635632e+01,0.000000000000000000e+00
-2.826154329504839691e+00,1.329601075262137755e+01,0.000000000000000000e+00
-3.082591302817806245e+00,1.335216985843350379e+01,0.000000000000000000e+00
-3.343306546847843563e+00,1.340927015306289150e+01,0.000000000000000000e+00
-3.608574387805341566e+00,1.346738295818128783e+01,0.000000000000000000e+00
-3.878677272895152406e+00,1.352655514449202734e+01,0.000000000000000000e+00
-4.153903149700539643e+00,1.358680499412753484e+01,0.000000000000000000e+00
-4.434572716949539029e+00,1.364821144536213460e+01,0.000000000000000000e+00
-4.721088380451664790e+00,1.371103622897667051e+01,0.000000000000000000e+00
-5.013831270180219235e+00,1.377538819977564089e+01,0.000000000000000000e+00
-5.312939158866917921e+00,1.384067970414769100e+01,0.000000000000000000e+00
-5.618262157615816044e+00,1.390568680536117974e+01,0.000000000000000000e+00
-5.928610642694421173e+00,1.396693140863953708e+01,0.000000000000000000e+00
-6.242556449689650400e+00,1.402101134917590741e+01,0.000000000000000000e+00
-6.559929830217483548e+00,1.406781491895849179e+01,0.000000000000000000e+00
-6.880918920671198258e+00,1.410797449664781666e+01,0.000000000000000000e+00
-7.205403647928293687e+00,1.414140089582920368e+01,0.000000000000000000e+00
-7.533200990884218129e+00,1.416789047232917120e+01,0.000000000000000000e+00
-7.864193571058705423e+00,1.418738075888842332e+01,0.000000000000000000e+00
-8.198263325691762304e+00,1.419980861392673432e+01,0.000000000000000000e+00
-8.535266176320844167e+00,1.420506837365113739e+01,0.000000000000000000e+00
-8.875081539011727472e+00,1.420309943493525928e+01,0.000000000000000000e+00
-9.217613585451394087e+00,1.419388021021791602e+01,0.000000000000000000e+00
-9.562641970980575223e+00,1.417719974203754774e+01,0.000000000000000000e+00
-9.909865564473848920e+00,1.415275475298565588e+01,0.000000000000000000e+00
-1.025907782203137586e+01,1.412040923495077038e+01,0.000000000000000000e+00
-1.061014858249161996e+01,1.408014273301863639e+01,0.000000000000000000e+00
-1.096306354913180847e+01,1.403208145291221243e+01,0.000000000000000000e+00
-1.131781771846164375e+01,1.397634091871031181e+01,0.000000000000000000e+00
-1.167434942348033999e+01,1.391294786663283922e+01,0.000000000000000000e+00
-1.203216517175354383e+01,1.384142268405022591e+01,0.000000000000000000e+00
-1.239063926865062903e+01,1.376119903849742521e+01,0.000000000000000000e+00
-1.274991673486985810e+01,1.367261176189450644e+01,0.000000000000000000e+00
-1.311022198132926420e+01,1.357603228218992619e+01,0.000000000000000000e+00
-1.347145896016430555e+01,1.347145896016430733e+01,0.000000000000000000e+00
-1.383322723198834758e+01,1.335859225728667177e+01,0.000000000000000000e+00
-1.419496326922971718e+01,1.323701739572669389e+01,0.000000000000000000e+00
-1.455654086760602439e+01,1.310676826817926077e+01,0.000000000000000000e+00
-1.491801124379640875e+01,1.296802932882556902e+01,0.000000000000000000e+00
-1.527944064876406038e+01,1.282097301297306835e+01,0.000000000000000000e+00
-1.564061756581737406e+01,1.266552237410827964e+01,0.000000000000000000e+00
-1.600105940503423696e+01,1.250139772203337785e+01,0.000000000000000000e+00
-1.636039665721828840e+01,1.232844316233505388e+01,0.000000000000000000e+00
-1.671843163690542156e+01,1.214665158576207382e+01,0.000000000000000000e+00
-1.707529819791183101e+01,1.195625251535654598e+01,0.000000000000000000e+00
-1.743106222787686121e+01,1.175739993031326769e+01,0.000000000000000000e+00
-1.778557534670454032e+01,1.155008767953636983e+01,0.000000000000000000e+00
-1.813816659773705098e+01,1.133398440675136598e+01,0.000000000000000000e+00
-1.848809054251805861e+01,1.110876552801498818e+01,0.000000000000000000e+00
-1.883561788467614662e+01,1.087474905607069964e+01,0.000000000000000000e+00
-1.918101804371839592e+01,1.063221191771199159e+01,0.000000000000000000e+00
-1.952397218494945363e+01,1.038108015423400232e+01,0.000000000000000000e+00
-1.986421756063111843e+01,1.012132438143570035e+01,0.000000000000000000e+00
-2.020161891143233390e+01,9.852987884893948944e+00,0.000000000000000000e+00
-2.053583174091259522e+01,9.576015607370042204e+00,0.000000000000000000e+00
-2.086649112354717417e+01,9.290360409939154351e+00,0.000000000000000000e+00
-2.119399888286869427e+01,8.996318780552268635e+00,0.000000000000000000e+00
-2.151722067579649433e+01,8.693521460104266296e+00,0.000000000000000000e+00
-2.183640984099884363e+01,8.382212392252878175e+00,0.000000000000000000e+00
-2.215571046796133459e+01,8.064019129358044324e+00,0.000000000000000000e+00
-2.248022851803042954e+01,7.740563431819695417e+00,0.000000000000000000e+00
-2.281034177258969464e+01,7.411529319718620279e+00,0.000000000000000000e+00
-2.314640389110759600e+01,7.076565834945721889e+00,0.000000000000000000e+00
-2.348878757224825264e+01,6.735301453411032035e+00,0.000000000000000000e+00
-2.383788755989247221e+01,6.387342720937100538e+00,0.000000000000000000e+00
-2.419412259431602763e+01,6.032272266983889075e+00,0.000000000000000000e+00
-2.455793759293444012e+01,5.669646629855233044e+00,0.000000000000000000e+00
-2.492980605311617381e+01,5.298993857750878611e+00,0.000000000000000000e+00
-2.531023271754166970e+01,4.919810859983351214e+00,0.000000000000000000e+00
-2.569975651354970125e+01,4.531560470976923050e+00,0.000000000000000000e+00
-2.609895382077178283e+01,4.133668193958860648e+00,0.000000000000000000e+00
-2.650844210713458438e+01,3.725518580396723234e+00,0.000000000000000000e+00
-2.692888397489025820e+01,3.306451194462166399e+00,0.000000000000000000e+00
-2.736099168177959129e+01,2.875756106823986524e+00,0.000000000000000000e+00
-2.780553220096741640e+01,2.432668850889696088e+00,0.000000000000000000e+00
-2.826333289973500840e+01,1.976364764576607369e+00,0.000000000000000000e+00
-2.873528792309798163e+01,1.505952627108357866e+00,0.000000000000000000e+00
-2.922236538683271689e+01,1.020467485677204689e+00,0.000000000000000000e+00
-2.972561551988459172e+01,5.188625489308156258e-01,0.000000000000000000e+00
-3.024617545717819667e+01,3.704088196008251144e-15,0.000000000000000000e+00
-3.024007455927100096e+01,-5.278424648662063401e-01,0.000000000000000000e+00
-3.043073463003834078e+01,-1.062664669480111845e+00,0.000000000000000000e+00
-3.060918607570656391e+01,-1.604159467889159529e+00,0.000000000000000000e+00
-3.077524400169348340e+01,-2.152014699822052624e+00,0.000000000000000000e+00
-3.092573290647537831e+01,-2.705651040547213171e+00,0.000000000000000000e+00
-3.106621145901307202e+01,-3.265190398001350580e+00,0.000000000000000000e+00
-3.119122291421408733e+01,-3.829800609546401446e+00,0.000000000000000000e+00
-3.130293831477393240e+01,-4.399341079395801657e+00,0.000000000000000000e+00
-3.140149054728361833e+01,-4.973507505687727814e+00,0.000000000000000000e+00
-3.148683252396336485e+01,-5.551978111023559315e+00,0.000000000000000000e+00
-3.155856978374955446e+01,-6.134364550509496361e+00,0.000000000000000000e+00
-3.161523708542694777e+01,-6.720026091260914214e+00,0.000000000000000000e+00
-3.165815512475483828e+01,-7.308861008024624795e+00,0.000000000000000000e+00
-3.168788236079937093e+01,-7.900676423347753108e+00,0.000000000000000000e+00
-3.170381470891102538e+01,-8.495011548238643684e+00,0.000000000000000000e+00
-3.170532108628353640e+01,-9.091354525493235528e+00,0.000000000000000000e+00
-3.169201392033858866e+01,-9.689221012662454058e+00,0.000000000000000000e+00
-3.166428247512531513e+01,-1.028834904325066724e+01,0.000000000000000000e+00
-3.162222973748005117e+01,-1.088840689240398696e+01,0.000000000000000000e+00
-3.156583909937549848e+01,-1.148902585180894853e+01,0.000000000000000000e+00
-3.149510331570436961e+01,-1.208983744262359039e+01,0.000000000000000000e+00
-3.141002448027339256e+01,-1.269047364415473922e+01,0.000000000000000000e+00
-3.131061399643390786e+01,-1.329056712154615383e+01,0.000000000000000000e+00
-3.119689254238090115e+01,-1.388975145235590780e+01,0.000000000000000000e+00
-3.106889003115454528e+01,-1.448766135190285098e+01,0.000000000000000000e+00
-3.092664556538140985e+01,-1.508393289726238073e+01,0.000000000000000000e+00
-3.077020768372788950e+01,-1.567820390108835760e+01,0.000000000000000000e+00
-3.059963739931279747e+01,-1.627011581063594292e+01,0.000000000000000000e+00
-3.041500677305835509e+01,-1.685931355430351530e+01,0.000000000000000000e+00
-3.021639662177731367e+01,-1.744544472352363584e+01,0.000000000000000000e+00
-3.000389494534394075e+01,-1.802815889009724870e+01,0.000000000000000000e+00
-2.977756791116149770e+01,-1.860708956208346265e+01,0.000000000000000000e+00
-2.953746276133338000e+01,-1.918185260099860301e+01,0.000000000000000000e+00
-2.928363749223902701e+01,-1.975206289264141546e+01,0.000000000000000000e+00
-2.901621044537007066e+01,-2.031736928412742671e+01,0.000000000000000000e+00
-2.873538765731324318e+01,-2.087748119175840245e+01,0.000000000000000000e+00
-2.844138458831204019e+01,-2.143212054705371727e+01,0.000000000000000000e+00
-2.813438493964078901e+01,-2.198099056394838513e+01,0.000000000000000000e+00
-2.781455093045460458e+01,-2.252377923397147796e+01,0.000000000000000000e+00
-2.748198917587951584e+01,-2.306012698149850237e+01,0.000000000000000000e+00
-2.713668037289163948e+01,-2.358955635651260607e+01,0.000000000000000000e+00
-2.677865689701679131e+01,-2.411161097093816608e+01,0.000000000000000000e+00
-2.640816143280219563e+01,-2.462600893324680840e+01,0.000000000000000000e+00
-2.602547096814872774e+01,-2.513250517300862441e+01,0.000000000000000000e+00
-2.563079840227478456e+01,-2.563079840227477746e+01,0.000000000000000000e+00
-2.522435788902325982e+01,-2.612058723998586629e+01,0.000000000000000000e+00
-2.480640636994946746e+01,-2.660161399929074832e+01,0.000000000000000000e+00
-2.437742880467440543e+01,-2.707387750982902830e+01,0.000000000000000000e+00
-2.393816008294084696e+01,-2.753770308641419007e+01,0.000000000000000000e+00
-2.348802594357738371e+01,-2.799193930120434359e+01,0.000000000000000000e+00
-2.302616752226519381e+01,-2.843494879914506512e+01,0.000000000000000000e+00
-2.255443600111487967e+01,-2.886836162846133291e+01,0.000000000000000000e+00
-2.207337564646762829e+01,-2.929235884732693762e+01,0.000000000000000000e+00
-2.158162686238368266e+01,-2.970456102773990992e+01,0.000000000000000000e+00
-2.108084709936262158e+01,-3.010656976538999174e+01,0.000000000000000000e+00
-2.057142301963365227e+01,-3.049838883567331393e+01,0.000000000000000000e+00
-2.005179053847653137e+01,-3.087704971194876791e+01,0.000000000000000000e+00
-1.952378890181412174e+01,-3.124459351728157941e+01,0.000000000000000000e+00
-1.898810493697042645e+01,-3.160151345531843958e+01,0.000000000000000000e+00
-1.844409095689380607e+01,-3.194610263676170447e+01,0.000000000000000000e+00
-1.789179600510420087e+01,-3.227765442078248270e+01,0.000000000000000000e+00
-1.733217277540985535e+01,-3.259707604066850450e+01,0.000000000000000000e+00
-1.676597329198879649e+01,-3.290507531787596918e+01,0.000000000000000000e+00
-1.619299768654801852e+01,-3.320056536341402165e+01,0.000000000000000000e+00
-1.561266569946082328e+01,-3.348146964009589510e+01,0.000000000000000000e+00
-1.502624811605409327e+01,-3.374950584246645491e+01,0.000000000000000000e+00
-1.443425319493734449e+01,-3.400496953819219925e+01,0.000000000000000000e+00
-1.383688828370074475e+01,-3.424750028317766493e+01,0.000000000000000000e+00
-1.323443178964184774e+01,-3.447687353263194154e+01,0.000000000000000000e+00
-1.262694244442707436e+01,-3.469223924281646276e+01,0.000000000000000000e+00
-1.201462382313314947e+01,-3.489300119832637392e+01,0.000000000000000000e+00
-1.139821670461488345e+01,-3.508010390494917630e+01,0.000000000000000000e+00
-1.077819915687370589e+01,-3.525390093480386611e+01,0.000000000000000000e+00
-1.015569776877395292e+01,-3.541712708610521076e+01,0.000000000000000000e+00
-9.531934669082298583e+00,-3.557366447944239241e+01,0.000000000000000000e+00
-8.907223724229240247e+00,-3.572492308387676729e+01,0.000000000000000000e+00
-8.281375771181746615e+00,-3.587057935875502324e+01,0.000000000000000000e+00
-7.654246293828396830e+00,-3.601039757930886509e+01,0.000000000000000000e+00
-7.025845219451831269e+00,-3.614484023931659351e+01,0.000000000000000000e+00
-6.396083726935274605e+00,-3.627399335732071251e+01,0.000000000000000000e+00
-5.764847838490761767e+00,-3.639781677214215705e+01,0.000000000000000000e+00
-5.132035171062225842e+00,-3.651632767038715599e+01,0.000000000000000000e+00
-4.497537441105010636e+00,-3.662950299314568525e+01,0.000000000000000000e+00
-3.861250346364115238e+00,-3.673734304430142572e+01,0.000000000000000000e+00
-3.223057277093753559e+00,-3.683971325197713043e+01,0.000000000000000000e+00
-2.582827462976973631e+00,-3.693615354670353668e+01,0.000000000000000000e+00
-1.940509445828206836e+00,-3.702712597967539665e+01,0.000000000000000000e+00
-1.296002189223189216e+00,-3.711264694580764001e+01,0.000000000000000000e+00
-6.491996870992757795e-01,-3.719262516461856904e+01,0.000000000000000000e+00
-6.845840133241830204e-15,-3.726701792989440065e+01,0.000000000000000000e+00
6.516979819612005453e-01,-3.733575238140134189e+01,0.000000000000000000e+00
1.305993440096929081e+00,-3.739875893644159532e+01,0.000000000000000000e+00
1.962983212793907306e+00,-3.745595099903633241e+01,0.000000000000000000e+00
2.622762735197969430e+00,-3.750725454660712899e+01,0.000000000000000000e+00
3.285422553293996462e+00,-3.755255162082222142e+01,0.000000000000000000e+00
3.951024933109907877e+00,-3.759149118132825862e+01,0.000000000000000000e+00
4.619652639810872152e+00,-3.762405147552701123e+01,0.000000000000000000e+00
5.291405429625983814e+00,-3.765030598282012875e+01,0.000000000000000000e+00
5.966365365952057687e+00,-3.767014836638456643e+01,0.000000000000000000e+00
6.644608265978458661e+00,-3.768344605732526986e+01,0.000000000000000000e+00
7.326207334664021076e+00,-3.769006936537704888e+01,0.000000000000000000e+00
8.011231116355093107e+00,-3.768987912399500573e+01,0.000000000000000000e+00
8.699744030002131367e+00,-3.768273137840185427e+01,0.000000000000000000e+00
9.391805903459284011e+00,-3.766847604906393343e+01,0.000000000000000000e+00
1.008747187801068712e+01,-3.764695756865806686e+01,0.000000000000000000e+00
1.078679220135979122e+01,-3.761801492573258088e+01,0.000000000000000000e+00
1.148981207005862792e+01,-3.758148189524195004e+01,0.000000000000000000e+00
1.219657147097561811e+01,-3.753718722620305215e+01,0.000000000000000000e+00
1.290710503795347108e+01,-3.748495485052893628e+01,0.000000000000000000e+00
1.362144191929753312e+01,-3.742460409368267449e+01,0.000000000000000000e+00
1.433960565766085971e+01,-3.735594989079376660e+01,0.000000000000000000e+00
1.506161408196547136e+01,-3.727880300550250325e+01,0.000000000000000000e+00
1.578747921127669329e+01,-3.719297025027954362e+01,0.000000000000000000e+00
1.651720717044095110e+01,-3.709825470700474170e+01,0.000000000000000000e+00
1.725079811624470238e+01,-3.699445594460000564e+01,0.000000000000000000e+00
1.798824617618940991e+01,-3.688137023831524175e+01,0.000000000000000000e+00
1.872953938771338045e+01,-3.675879076559879621e+01,0.000000000000000000e+00
1.947465968097085209e+01,-3.662650786561506777e+01,0.000000000000000000e+00
2.022358273109555782e+01,-3.648430902957893096e+01,0.000000000000000000e+00
2.097627834109773914e+01,-3.633197984048788243e+01,0.000000000000000000e+00
2.173270887870967272e+01,-3.616930148273344514e+01,0.000000000000000000e+00
2.249283462380779142e+01,-3.599605990448969806e+01,0.000000000000000000e+00
2.325659648986938066e+01,-3.581201811232310916e+01,0.000000000000000000e+00
2.402396205174533605e+01,-3.561698844694893751e+01,0.000000000000000000e+00
2.479462429593581874e+01,-3.541039326616034799e+01,0.000000000000000000e+00
2.556819077258056083e+01,-3.519159551853778822e+01,0.000000000000000000e+00
2.633794852988950908e+01,-3.495163820869479565e+01,0.000000000000000000e+00
2.709615628562197287e+01,-3.468149850237772114e+01,0.000000000000000000e+00
2.784115568568747534e+01,-3.438096399090513700e+01,0.000000000000000000e+00
2.857175682843203290e+01,-3.405049384701202797e+01,0.000000000000000000e+00
2.928688170903957300e+01,-3.369070346409800010e+01,0.000000000000000000e+00
2.998547272097984262e+01,-3.330224126698961840e+01,0.000000000000000000e+00
3.066656160096748707e+01,-3.288586110492201442e+01,0.000000000000000000e+00
3.132916135965960791e+01,-3.244229629356375000e+01,0.000000000000000000e+00
3.197260041193701596e+01,-3.197260041193703017e+01,0.000000000000000000e+00
3.259576050072350739e+01,-3.147736002184852566e+01,0.000000000000000000e+00
3.319486652244629710e+01,-3.095471381450717985e+01,0.000000000000000000e+00
3.377168040607096344e+01,-3.040815762036039871e+01,0.000000000000000000e+00
3.432638218646485484e+01,-2.983946879190507673e+01,0.000000000000000000e+00
3.485793073578275170e+01,-2.924927682399850326e+01,0.000000000000000000e+00
3.536459029584110425e+01,-2.863768056205524815e+01,0.000000000000000000e+00
3.584359850315583174e+01,-2.800408831279338528e+01,0.000000000000000000e+00
3.629614310522647713e+01,-2.735110564005401912e+01,0.000000000000000000e+00
3.672306663585518294e+01,-2.668086966972355967e+01,0.000000000000000000e+00
3.712266219727663952e+01,-2.599356790894575653e+01,0.000000000000000000e+00
3.749316967334289785e+01,-2.528946226808800191e+01,0.000000000000000000e+00
3.783322538627173515e+01,-2.456918384099767749e+01,0.000000000000000000e+00
3.814313428556043561e+01,-2.383447560080865202e+01,0.000000000000000000e+00
3.842361735346648999e+01,-2.308723850828200597e+01,0.000000000000000000e+00
3.867410875264081938e+01,-2.232850709900606390e+01,0.000000000000000000e+00
3.889341619195947430e+01,-2.155897263712281031e+01,0.000000000000000000e+00
3.908050242062438429e+01,-2.077947173111523682e+01,0.000000000000000000e+00
3.923491951889845097e+01,-1.999119000374447808e+01,0.000000000000000000e+00
3.935639144694475533e+01,-1.919539467702967173e+01,0.000000000000000000e+00
3.944468381691914516e+01,-1.839335813733196900e+01,0.000000000000000000e+00
3.949960391776127722e+01,-1.758635672251275395e+01,0.000000000000000000e+00
3.952100070754639205e+01,-1.677566951175545995e+01,0.000000000000000000e+00
3.950876477354543681e+01,-1.596257711886457287e+01,0.000000000000000000e+00
3.946258008428941366e+01,-1.514826522406359821e+01,0.000000000000000000e+00
3.938148367247352866e+01,-1.433368783802080593e+01,0.000000000000000000e+00
3.926555701140568999e+01,-1.352021553022664158e+01,0.000000000000000000e+00
3.911524811840615001e+01,-1.270931453670729994e+01,0.000000000000000000e+00
3.893105704527317101e+01,-1.190241860035732557e+01,0.000000000000000000e+00
3.871352417343984342e+01,-1.110092442319597161e+01,0.000000000000000000e+00
3.846254823125902078e+01,-1.030600873740895906e+01,0.000000000000000000e+00
3.817694304540544437e+01,-9.518580964168799952e+00,0.000000000000000000e+00
3.785616644639984685e+01,-8.739784670428582203e+00,0.000000000000000000e+00
3.750381903149318674e+01,-7.971682822828951132e+00,0.000000000000000000e+00
3.712623708304558789e+01,-7.216609441322623830e+00,0.000000000000000000e+00
3.673444165133027894e+01,-6.477273184390382355e+00,0.000000000000000000e+00
3.633397136853685794e+01,-5.754735719973446351e+00,0.000000000000000000e+00
3.592125787252292213e+01,-5.048403564964237589e+00,0.000000000000000000e+00
3.549737072217796907e+01,-4.358529077330266510e+00,0.000000000000000000e+00
3.506367976282303545e+01,-3.685341247072088766e+00,0.000000000000000000e+00
3.461833557811640105e+01,-3.028711913221355356e+00,0.000000000000000000e+00
3.416455277712336169e+01,-2.389018257180023141e+00,0.000000000000000000e+00
3.370285419773886559e+01,-1.766291744003635422e+00,0.000000000000000000e+00
3.322999670681451079e+01,-1.160417055210200443e+00,0.000000000000000000e+00
3.274882677680324861e+01,-5.716328977120820332e-01,0.000000000000000000e+00
3.226090446201275341e+01,-7.901642677400497283e-15,0.000000000000000000e+00
