1.384544589723297392e+01,0.000000000000000000e+00,0.000000000000000000e+00
1.398134971739113652e+01,2.440453671011788561e-01,0.000000000000000000e+00
1.410873305953877477e+01,4.926878149927541584e-01,0.000000000000000000e+00
1.422741559647133691e+01,7.456272563479676707e-01,0.000000000000000000e+00
1.433779765760893277e+01,1.002596480487723873e+00,0.000000000000000000e+00
1.443946570788394546e+01,1.263289556811176606e+00,0.000000000000000000e+00
1.453154298351597795e+01,1.527326712512753204e+00,0.000000000000000000e+00
1.461528608385731332e+01,1.794531484276752131e+00,0.000000000000000000e+00
1.469030779148004306e+01,2.064588119049649340e+00,0.000000000000000000e+00
1.475546537813582937e+01,2.337036125644115003e+00,0.000000000000000000e+00
1.481105881557101256e+01,2.611589282045129856e+00,0.000000000000000000e+00
1.485767106911911917e+01,2.888038695481910167e+00,0.000000000000000000e+00
1.489538823590733863e+01,3.166112508164559802e+00,0.000000000000000000e+00
1.492407023706735991e+01,3.445493099862594999e+00,0.000000000000000000e+00
1.494358613736497610e+01,3.725854486944250255e+00,0.000000000000000000e+00
1.495381584970827937e+01,4.006862880693055295e+00,0.000000000000000000e+00
1.495465046469146309e+01,4.288177016386089058e+00,0.000000000000000000e+00
1.494605466626148171e+01,4.569467478234514601e+00,0.000000000000000000e+00
1.492820525211807769e+01,4.850467915820682485e+00,0.000000000000000000e+00
1.490116593149411983e+01,5.130882900424642123e+00,0.000000000000000000e+00
1.486496389174417843e+01,5.410404390036767097e+00,0.000000000000000000e+00
1.481963562565388415e+01,5.688725129018098237e+00,0.000000000000000000e+00
1.476522691538566789e+01,5.965538904222944971e+00,0.000000000000000000e+00
1.470179280985083814e+01,6.240540800913121799e+00,0.000000000000000000e+00
1.462939762453208914e+01,6.513427471226242993e+00,0.000000000000000000e+00
1.454814045883262708e+01,6.783909307868229099e+00,0.000000000000000000e+00
1.445820069113492323e+01,7.051735649091962266e+00,0.000000000000000000e+00
1.435977595334966495e+01,7.316671297269778051e+00,0.000000000000000000e+00
1.425304906892036705e+01,7.578480619878816604e+00,0.000000000000000000e+00
1.413801839582060893e+01,7.836831566409121486e+00,0.000000000000000000e+00
1.401458891621001079e+01,8.091326683355793747e+00,0.000000000000000000e+00
1.388276449797790058e+01,8.341606470068839485e+00,0.000000000000000000e+00
1.374283543106366778e+01,8.587476669205297952e+00,0.000000000000000000e+00
1.359514158955713370e+01,8.828788178853677948e+00,0.000000000000000000e+00
1.343996246941959249e+01,9.065369151666088143e+00,0.000000000000000000e+00
1.327750535065169046e+01,9.297009335146066533e+00,0.000000000000000000e+00
1.310762572960710770e+01,9.523247533736860504e+00,0.000000000000000000e+00
1.293017006182387973e+01,9.743582018605280837e+00,0.000000000000000000e+00
1.274559669794530947e+01,9.957951501356147261e+00,0.000000000000000000e+00
1.255447745435143325e+01,1.016641538764048924e+01,0.000000000000000000e+00
1.235722318653794893e+01,1.036894141819932535e+01,0.000000000000000000e+00
1.215353811616528468e+01,1.056490950192648803e+01,0.000000000000000000e+00
1.194314267223408876e+01,1.075365396370568405e+01,0.000000000000000000e+00
1.172702483666219209e+01,1.093562757569854149e+01,0.000000000000000000e+00
1.150560562785758201e+01,1.111083420217916462e+01,0.000000000000000000e+00
1.127867088365567305e+01,1.127867088365567128e+01,0.000000000000000000e+00
1.104599362526139394e+01,1.143846124489555827e+01,0.000000000000000000e+00
1.080845696590927396e+01,1.159065105388942207e+01,0.000000000000000000e+00
1.056674241902377531e+01,1.173555637154430364e+01,0.000000000000000000e+00
1.032062301824418604e+01,1.187251866302605308e+01,0.000000000000000000e+00
1.006960561722732095e+01,1.200048867033749467e+01,0.000000000000000000e+00
9.814675511811577380e+00,1.212011488185031460e+01,0.000000000000000000e+00
9.556296138824318831e+00,1.223150127764721695e+01,0.000000000000000000e+00
9.294661180449036664e+00,1.233443198823114173e+01,0.000000000000000000e+00
9.030043303112178066e+00,1.242878834347539829e+01,0.000000000000000000e+00
8.762676891935878842e+00,1.251439953694341156e+01,0.000000000000000000e+00
8.492652125207220237e+00,1.259087455998900040e+01,0.000000000000000000e+00
8.220027616577889162e+00,1.265773252835658091e+01,0.000000000000000000e+00
7.945512835693101295e+00,1.271547854189854299e+01,0.000000000000000000e+00
7.669450308792328919e+00,1.276410878982991548e+01,0.000000000000000000e+00
7.392096879510035023e+00,1.280348736978273116e+01,0.000000000000000000e+00
7.113760467550634736e+00,1.283356360302331467e+01,0.000000000000000000e+00
6.834736816403571780e+00,1.285427041428712869e+01,0.000000000000000000e+00
6.555331682341209110e+00,1.286556282683360664e+01,0.000000000000000000e+00
6.275852560339689745e+00,1.286740461364972532e+01,0.000000000000000000e+00
5.996611706153016641e+00,1.285977530345377495e+01,0.000000000000000000e+00
5.717830682518554752e+00,1.284245797989451709e+01,0.000000000000000000e+00
5.439603127990790377e+00,1.281490189821938230e+01,0.000000000000000000e+00
5.162553986662486771e+00,1.277776950244021137e+01,0.000000000000000000e+00
4.887034059586886414e+00,1.273115898741595053e+01,0.000000000000000000e+00
4.613343377682463498e+00,1.267505675837307955e+01,0.000000000000000000e+00
4.341817215254640594e+00,1.260955278542267521e+01,0.000000000000000000e+00
4.072759730263316946e+00,1.253466557270173531e+01,0.000000000000000000e+00
3.806534709518037296e+00,1.245061402197783984e+01,0.000000000000000000e+00
3.543395106887587076e+00,1.235728727599497567e+01,0.000000000000000000e+00
3.283368390061899511e+00,1.225369765167663871e+01,0.000000000000000000e+00
3.026981393649752938e+00,1.214055925981817730e+01,0.000000000000000000e+00
2.774667635634741281e+00,1.201840592290894705e+01,0.000000000000000000e+00
2.526852079853584510e+00,1.188790437707742242e+01,0.000000000000000000e+00
2.283646271124029070e+00,1.174834159516673893e+01,0.000000000000000000e+00
2.045470649360219273e+00,1.160044050627823786e+01,0.000000000000000000e+00
1.813852374920777333e+00,1.145221317955297735e+01,0.000000000000000000e+00
1.589223123527438553e+00,1.130791009525997559e+01,0.000000000000000000e+00
1.371285318678381770e+00,1.116822268691228004e+01,0.000000000000000000e+00
1.159555447793135796e+00,1.103243313518316526e+01,0.000000000000000000e+00
9.536588803265443337e-01,1.090037088112522667e+01,0.000000000000000000e+00
7.532407328680075231e-01,1.077184433170645406e+01,0.000000000000000000e+00
5.579651075738046861e-01,1.064660848459871545e+01,0.000000000000000000e+00
3.675226217905515069e-01,1.052447088479539694e+01,0.000000000000000000e+00
1.816243138484185671e-01,1.040524997158899012e+01,0.000000000000000000e+00
6.300054008341534485e-16,1.028876899482835050e+01,0.000000000000000000e+00
-1.776029722913265996e-01,1.017486746807895059e+01,0.000000000000000000e+00
-3.514214145833656211e-01,1.006339263704981768e+01,0.000000000000000000e+00
-5.216776579996649232e-01,9.954202699225577433e+00,0.000000000000000000e+00
-6.885807270597883445e-01,9.847163168486074980e+00,0.000000000000000000e+00
-8.523274801965302627e-01,9.742147677727116317e+00,0.000000000000000000e+00
-1.013103682032958419e+00,9.639037660776411442e+00,0.000000000000000000e+00
-1.171084733714879311e+00,9.537719767886365219e+00,0.000000000000000000e+00
-1.326436827942313101e+00,9.438088444196091942e+00,0.000000000000000000e+00
-1.479317274440808960e+00,9.340041682185605154e+00,0.000000000000000000e+00
-1.629875736416564136e+00,9.243484632175286819e+00,0.000000000000000000e+00
-1.778254266136894968e+00,9.148325126270901109e+00,0.000000000000000000e+00
-1.924588517421569556e+00,9.054477087418025150e+00,0.000000000000000000e+00
-2.069007703353932914e+00,8.961856950785636045e+00,0.000000000000000000e+00
-2.211635564801091025e+00,8.870385755233991532e+00,0.000000000000000000e+00
-2.352590562237899086e+00,8.779987507678868042e+00,0.000000000000000000e+00
-2.491986282756657900e+00,8.690588956338988424e+00,0.000000000000000000e+00
-2.629932231585134783e+00,8.602120726116082139e+00,0.000000000000000000e+00
-2.766533375121235760e+00,8.514514223656519221e+00,0.000000000000000000e+00
-2.901891751773587380e+00,8.427705591338609636e+00,0.000000000000000000e+00
-3.036105164625627850e+00,8.341630382898470586e+00,0.000000000000000000e+00
-3.169269311395445321e+00,8.256228826185928682e+00,0.000000000000000000e+00
-3.301476320210111837e+00,8.171440637017255426e+00,0.000000000000000000e+00
-3.432816379997406742e+00,8.087208590255425378e+00,0.000000000000000000e+00
-3.563377304434346637e+00,8.003476465055223699e+00,0.000000000000000000e+00
-3.693244608122001615e+00,7.920188621252247430e+00,0.000000000000000000e+00
-3.822502801015496221e+00,7.837292177369689306e+00,0.000000000000000000e+00
-3.951233825074775385e+00,7.754733014799056079e+00,0.000000000000000000e+00
-4.079519415056232390e+00,7.672460129790448669e+00,0.000000000000000000e+00
-4.207439338439164622e+00,7.590421493951861720e+00,0.000000000000000000e+00
-4.335072847031872456e+00,7.508566425571469694e+00,0.000000000000000000e+00
-4.462498704187941811e+00,7.426845033395764517e+00,0.000000000000000000e+00
-4.589794359171865068e+00,7.345206394180579856e+00,0.000000000000000000e+00
-4.717038143547998885e+00,7.263601770226545185e+00,0.000000000000000000e+00
-4.844307011420241338e+00,7.181980494624253808e+00,0.000000000000000000e+00
-4.971678929659558932e+00,7.100293353555073850e+00,0.000000000000000000e+00
-5.099231755104090880e+00,7.018490396017764255e+00,0.000000000000000000e+00
-5.227043411749066060e+00,6.936520891946677203e+00,0.000000000000000000e+00
-5.355193492523779852e+00,6.854335099530641351e+00,0.000000000000000000e+00
-5.483760976230482420e+00,6.771880836664903036e+00,0.000000000000000000e+00
-5.612827363884497878e+00,6.689107175520438098e+00,0.000000000000000000e+00
-5.742474282287796328e+00,6.605960993623019029e+00,0.000000000000000000e+00
-5.872785241782154664e+00,6.522388786427447904e+00,0.000000000000000000e+00
-6.003845791682373090e+00,6.438336366813547151e+00,0.000000000000000000e+00
-6.135742243810457630e+00,6.353747091071100250e+00,0.000000000000000000e+00
-6.268564747067869369e+00,6.268564747067870258e+00,0.000000000000000000e+00
-6.402403932899189520e+00,6.182729609781408620e+00,0.000000000000000000e+00
-6.537354863652036663e+00,6.096182033790940480e+00,0.000000000000000000e+00
-6.673514223181086003e+00,6.008859196231411737e+00,0.000000000000000000e+00
-6.810982583907188470e+00,5.920696831687814132e+00,0.000000000000000000e+00
-6.949864160621736175e+00,5.831628453909898369e+00,0.000000000000000000e+00
-7.090266230870179598e+00,5.741584384860419554e+00,0.000000000000000000e+00
-7.232301801530123697e+00,5.650493444094125017e+00,0.000000000000000000e+00
-7.376086516134349402e+00,5.558279868141646318e+00,0.000000000000000000e+00
-7.521743452772782668e+00,5.464866503185311863e+00,0.000000000000000000e+00
-7.669398580797015974e+00,5.370170699808923587e+00,0.000000000000000000e+00
-7.819186595055640510e+00,5.274107953145165339e+00,0.000000000000000000e+00
-7.971245919892653298e+00,5.176587627622962096e+00,0.000000000000000000e+00
-8.125724882014566219e+00,5.077516440817939625e+00,0.000000000000000000e+00
-8.282776673931298461e+00,4.976794319565399860e+00,0.000000000000000000e+00
-8.442565752977303717e+00,4.874317610132560041e+00,0.000000000000000000e+00
-8.605262740543885513e+00,4.769975027212737473e+00,0.000000000000000000e+00
-8.771051300721159905e+00,4.663650702180127006e+00,0.000000000000000000e+00
-8.940122853667542557e+00,4.555220115550371318e+00,0.000000000000000000e+00
-9.112683099714951496e+00,4.444552517004349390e+00,0.000000000000000000e+00
-9.288948930406894178e+00,4.331508022459418683e+00,0.000000000000000000e+00
-9.469153554072258672e+00,4.215938787864248027e+00,0.000000000000000000e+00
-9.653541911757503868e+00,4.097685428764988202e+00,0.000000000000000000e+00
-9.842374236329128223e+00,3.976577315961244530e+00,0.000000000000000000e+00
-1.003595003802585772e+01,3.852440277010440006e+00,0.000000000000000000e+00
-1.023455729328626518e+01,3.725074215648273679e+00,0.000000000000000000e+00
-1.043846216612769418e+01,3.594250764077222549e+00,0.000000000000000000e+00
-1.064821082330445812e+01,3.459813426132030578e+00,0.000000000000000000e+00
-1.086215255891727161e+01,3.320893303945712471e+00,0.000000000000000000e+00
-1.107420569556482626e+01,3.175477384147130433e+00,0.000000000000000000e+00
-1.128304182774860820e+01,3.023281945911821644e+00,0.000000000000000000e+00
-1.148907702545434617e+01,2.864548629268002689e+00,0.000000000000000000e+00
-1.169141932714856225e+01,2.699176831749233951e+00,0.000000000000000000e+00
-1.189002110761551734e+01,2.527302004818742009e+00,0.000000000000000000e+00
-1.208514081950425023e+01,2.349113408468098463e+00,0.000000000000000000e+00
-1.227677085622414843e+01,2.164725937927679755e+00,0.000000000000000000e+00
-1.246422636080028212e+01,1.974139516233686109e+00,0.000000000000000000e+00
-1.264682697930332544e+01,1.777395620008017429e+00,0.000000000000000000e+00
-1.282509229658375283e+01,1.574723326175261118e+00,0.000000000000000000e+00
-1.299926117770331224e+01,1.366277405101306908e+00,0.000000000000000000e+00
-1.316887895834840627e+01,1.152127620200570579e+00,0.000000000000000000e+00
-1.333364832831725266e+01,9.323795191751454992e-01,0.000000000000000000e+00
-1.349342306359448429e+01,7.071603376895572168e-01,0.000000000000000000e+00
-1.364803423334498333e+01,4.765998574781183938e-01,0.000000000000000000e+00
-1.379731257506566777e+01,2.408329868326831436e-01,0.000000000000000000e+00
-1.394117760102041714e+01,1.707301852543442980e-15,0.000000000000000000e+00
-1.407958675881539534e+01,-2.457601010375908279e-01,0.000000000000000000e+00
-1.421243901375628482e+01,-4.963093067149046966e-01,0.000000000000000000e+00
-1.433959640578177996e+01,-7.515064034420986250e-01,0.000000000000000000e+00
-1.446091153662978357e+01,-1.011205441553644224e+00,0.000000000000000000e+00
-1.457622241890944359e+01,-1.275254218686994845e+00,0.000000000000000000e+00
-1.468537590720179864e+01,-1.543495204315428415e+00,0.000000000000000000e+00
-1.478827665755784615e+01,-1.815772055908917881e+00,0.000000000000000000e+00
-1.488486046434180210e+01,-2.091930714087224086e+00,0.000000000000000000e+00
-1.497506386618478125e+01,-2.371817109269860779e+00,0.000000000000000000e+00
-1.505879620245723594e+01,-2.655272067483384735e+00,0.000000000000000000e+00
-1.513595323885750688e+01,-2.942131269663172066e+00,0.000000000000000000e+00
-1.520643475972912206e+01,-3.232227487787527220e+00,0.000000000000000000e+00
-1.527014569807698585e+01,-3.525390915538832548e+00,0.000000000000000000e+00
-1.532700144176637203e+01,-3.821450659050157128e+00,0.000000000000000000e+00
-1.537692436773719429e+01,-4.120234466409626428e+00,0.000000000000000000e+00
-1.541984118503079593e+01,-4.421568308941206560e+00,0.000000000000000000e+00
-1.545568296119244955e+01,-4.725276484134367294e+00,0.000000000000000000e+00
-1.548438515782235214e+01,-5.031181721832967746e+00,0.000000000000000000e+00
-1.550588766362125348e+01,-5.339105291152371535e+00,0.000000000000000000e+00
-1.552013482491631713e+01,-5.648867108067835652e+00,0.000000000000000000e+00
-1.552707547365350749e+01,-5.960285843616078161e+00,0.000000000000000000e+00
-1.552664388049821298e+01,-6.273171326924225966e+00,0.000000000000000000e+00
-1.551873151801352968e+01,-6.587310708914990265e+00,0.000000000000000000e+00
-1.550332826689504273e+01,-6.902526462176338917e+00,0.000000000000000000e+00
-1.548045535609466050e+01,-7.218654884273503214e+00,0.000000000000000000e+00
-1.545013696076212817e+01,-7.535535293569596504e+00,0.000000000000000000e+00
-1.541240005404711333e+01,-7.853010065326301969e+00,0.000000000000000000e+00
-1.536727425898880561e+01,-8.170924662433012742e+00,0.000000000000000000e+00
-1.531477558024851682e+01,-8.489118725099581653e+00,0.000000000000000000e+00
-1.525477434897754314e+01,-8.807348076809185855e+00,0.000000000000000000e+00
-1.518706981949568657e+01,-9.125312172956956402e+00,0.000000000000000000e+00
-1.511155667001817449e+01,-9.442748622735328112e+00,0.000000000000000000e+00
-1.502856505007239996e+01,-9.759664258379743274e+00,0.000000000000000000e+00
-1.493845224202114785e+01,-1.007611326568710197e+01,0.000000000000000000e+00
-1.484076114027566362e+01,-1.039161282319074076e+01,0.000000000000000000e+00
-1.473497945567970113e+01,-1.070558922383658462e+01,0.000000000000000000e+00
-1.462202905653269447e+01,-1.101848921627094313e+01,0.000000000000000000e+00
-1.450208495994964863e+01,-1.133027053358789438e+01,0.000000000000000000e+00
-1.437406618605331587e+01,-1.163988928955423319e+01,0.000000000000000000e+00
-1.423876067084974117e+01,-1.194773882733157677e+01,0.000000000000000000e+00
-1.409650863444884905e+01,-1.225390800543831560e+01,0.000000000000000000e+00
-1.394699253149326701e+01,-1.255792848114830562e+01,0.000000000000000000e+00
-1.379022182336930413e+01,-1.285958989147668596e+01,0.000000000000000000e+00
-1.362615171111021972e+01,-1.315862175123734801e+01,0.000000000000000000e+00
-1.345480015234561222e+01,-1.345480015234560867e+01,0.000000000000000000e+00
-1.327636871795116846e+01,-1.374808226449926707e+01,0.000000000000000000e+00
-1.309078450183356424e+01,-1.403814768944234892e+01,0.000000000000000000e+00
-1.289810151931787097e+01,-1.432479296489184328e+01,0.000000000000000000e+00
-1.269667406016533917e+01,-1.460585271559669707e+01,0.000000000000000000e+00
-1.248532743523501054e+01,-1.487943382565637052e+01,0.000000000000000000e+00
-1.226456852997958080e+01,-1.514548080380107287e+01,0.000000000000000000e+00
-1.203314255551369172e+01,-1.540172012291619907e+01,0.000000000000000000e+00
-1.179219992795733596e+01,-1.564877784990835430e+01,0.000000000000000000e+00
-1.154335935394395563e+01,-1.588807111627026103e+01,0.000000000000000000e+00
-1.128408195479994269e+01,-1.611533915166218733e+01,0.000000000000000000e+00
-1.101805829888528443e+01,-1.633494318272518697e+01,0.000000000000000000e+00
-1.074277117954896354e+01,-1.654241695366451737e+01,0.000000000000000000e+00
-1.046039287093983283e+01,-1.674012789869985696e+01,0.000000000000000000e+00
-1.017144758831577711e+01,-1.692813152703759627e+01,0.000000000000000000e+00
-9.874429494981061595e+00,-1.710301358106386616e+01,0.000000000000000000e+00
-9.571437141682221039e+00,-1.726732969017335861e+01,0.000000000000000000e+00
-9.262804920644978068e+00,-1.742080235759724260e+01,0.000000000000000000e+00
-8.948678398377992949e+00,-1.756277023504364720e+01,0.000000000000000000e+00
-8.628998177661019398e+00,-1.769206811263912371e+01,0.000000000000000000e+00
-8.304429257078895787e+00,-1.780890601268771789e+01,0.000000000000000000e+00
-7.975650886389134442e+00,-1.791360518665175761e+01,0.000000000000000000e+00
-7.643081512181861825e+00,-1.800597166265741933e+01,0.000000000000000000e+00
-7.307141778198002591e+00,-1.808581055126683523e+01,0.000000000000000000e+00
-6.968264627903030473e+00,-1.815294998204278087e+01,0.000000000000000000e+00
-6.626895520074850943e+00,-1.820724580249060764e+01,0.000000000000000000e+00
-6.283489857946830348e+00,-1.824857959521489548e+01,0.000000000000000000e+00
-5.938510172892251582e+00,-1.827685499445824036e+01,0.000000000000000000e+00
-5.592423886690204071e+00,-1.829199431345388405e+01,0.000000000000000000e+00
-5.245701738677166936e+00,-1.829393601154414384e+01,0.000000000000000000e+00
-4.898816760350634070e+00,-1.828263304659854782e+01,0.000000000000000000e+00
-4.552243667681356243e+00,-1.825805210714566584e+01,0.000000000000000000e+00
-4.206458562542777280e+00,-1.822017377983003072e+01,0.000000000000000000e+00
-3.861938845773730034e+00,-1.816899377479151667e+01,0.000000000000000000e+00
-3.519163244933149581e+00,-1.810452540457588100e+01,0.000000000000000000e+00
-3.178611844517290397e+00,-1.802680356543242368e+01,0.000000000000000000e+00
-2.840765943987328956e+00,-1.793589028168725719e+01,0.000000000000000000e+00
-2.506107413138265461e+00,-1.783188080848669088e+01,0.000000000000000000e+00
-2.175116968156695751e+00,-1.771490611003396509e+01,0.000000000000000000e+00
-1.848270614637572251e+00,-1.758512023769186783e+01,0.000000000000000000e+00
-1.526032104258090882e+00,-1.744262676736291695e+01,0.000000000000000000e+00
-1.208754022014800533e+00,-1.728598785529181470e+01,0.000000000000000000e+00
-8.970396810939609278e-01,-1.711653676926983536e+01,0.000000000000000000e+00
-5.913902149739708181e-01,-1.693519998503220592e+01,0.000000000000000000e+00
-2.922460596667129096e-01,-1.674276554504662684e+01,0.000000000000000000e+00
-3.037788351440770732e-15,-1.653694955724266791e+01,0.000000000000000000e+00
2.848305446345777980e-01,-1.631793097338362841e+01,0.000000000000000000e+00
5.618793006955786762e-01,-1.609011796914594683e+01,0.000000000000000000e+00
8.305267612068956140e-01,-1.584739465340494924e+01,0.000000000000000000e+00
1.090583882708250796e+00,-1.559607613155978001e+01,0.000000000000000000e+00
1.341286781604331013e+00,-1.533097806673998598e+01,0.000000000000000000e+00
1.582762764587079429e+00,-1.505898178685444755e+01,0.000000000000000000e+00
1.814384299752575203e+00,-1.477697429066304657e+01,0.000000000000000000e+00
2.038149117843399249e+00,-1.450218452280700632e+01,0.000000000000000000e+00
2.254780254697335007e+00,-1.423612224835469497e+01,0.000000000000000000e+00
2.464744563770469021e+00,-1.397826103451307489e+01,0.000000000000000000e+00
2.668466238096778742e+00,-1.372806870168201065e+01,0.000000000000000000e+00
2.866338113014868849e+00,-1.348506059043546124e+01,0.000000000000000000e+00
3.058724100592459472e+00,-1.324878964780774560e+01,0.000000000000000000e+00
3.245961742812401241e+00,-1.301884146905877770e+01,0.000000000000000000e+00
3.428364610576985605e+00,-1.279483091354438073e+01,0.000000000000000000e+00
3.606224540663514500e+00,-1.257639955084347960e+01,0.000000000000000000e+00
3.779813625307123726e+00,-1.236321329371783939e+01,0.000000000000000000e+00
3.949385932540754318e+00,-1.215496006653222594e+01,0.000000000000000000e+00
4.115179122910017639e+00,-1.195134797233973956e+01,0.000000000000000000e+00
4.277415889529403437e+00,-1.175210357009846618e+01,0.000000000000000000e+00
4.436305216997233458e+00,-1.155697020844358214e+01,0.000000000000000000e+00
4.592043547949172577e+00,-1.136570661584412356e+01,0.000000000000000000e+00
4.744815840722347744e+00,-1.117808562376377068e+01,0.000000000000000000e+00
4.894796531396414352e+00,-1.099389301029513888e+01,0.000000000000000000e+00
5.042150398187520643e+00,-1.081292642316315877e+01,0.000000000000000000e+00
5.187033346722163429e+00,-1.063499439718436790e+01,0.000000000000000000e+00
5.329593132569032221e+00,-1.045991547204809002e+01,0.000000000000000000e+00
5.469970021627942103e+00,-1.028751738432672802e+01,0.000000000000000000e+00
5.608297394868738017e+00,-1.011763632610753660e+01,0.000000000000000000e+00
5.744702303356596929e+00,-9.950116263771581870e+00,0.000000000000000000e+00
5.879305978804886479e+00,-9.784808310985702917e+00,0.000000000000000000e+00
6.012224304290423760e+00,-9.621570150495777796e+00,0.000000000000000000e+00
6.143568249239300449e+00,-9.460265499807308132e+00,0.000000000000000000e+00
6.273444272336506700e+00,-9.300763616305928849e+00,0.000000000000000000e+00
6.401954695619794578e+00,-9.142938837802731200e+00,0.000000000000000000e+00
6.529198052679778819e+00,-8.986670154884045303e+00,0.000000000000000000e+00
6.655269413596427874e+00,-8.831840811801852098e+00,0.000000000000000000e+00
6.780260688989761420e+00,-8.678337932960120682e+00,0.000000000000000000e+00
6.904260915343581217e+00,-8.526052172333876911e+00,0.000000000000000000e+00
7.027356523570538194e+00,-8.374877383405548770e+00,0.000000000000000000e+00
7.149631592619700271e+00,-8.224710307418940047e+00,0.000000000000000000e+00
7.271168089781551380e+00,-8.075450277938076127e+00,0.000000000000000000e+00
7.392046099216506683e+00,-7.926998939859801752e+00,0.000000000000000000e+00
7.512344040456468974e+00,-7.779259981516614353e+00,0.000000000000000000e+00
7.632138880369556233e+00,-7.632138880369559786e+00,0.000000000000000000e+00
7.751506333824922379e+00,-7.485542654420670239e+00,0.000000000000000000e+00
7.870521056979969288e+00,-7.339379621397952747e+00,0.000000000000000000e+00
7.989256836200645751e+00,-7.193559166249224646e+00,0.000000000000000000e+00
8.107786772443230205e+00,-7.047991514326729323e+00,0.000000000000000000e+00
8.226183462089069920e+00,-6.902587509035583935e+00,0.000000000000000000e+00
8.344519175200666439e+00,-6.757258392767075961e+00,0.000000000000000000e+00
8.462866032142802197e+00,-6.611915589965116524e+00,0.000000000000000000e+00
8.581296179502801991e+00,-6.466470491195970283e+00,0.000000000000000000e+00
8.699881968234970842e+00,-6.320834238549694284e+00,0.000000000000000000e+00
8.818696133845746132e+00,-6.174917510099620976e+00,0.000000000000000000e+00
8.937811971214564721e+00,-6.028630296520429255e+00,0.000000000000000000e+00
9.057303515827440421e+00,-5.881881677072847481e+00,0.000000000000000000e+00
9.177245729720139522e+00,-5.734579591442879654e+00,0.000000000000000000e+00
9.297714692366984224e+00,-5.586630605597273203e+00,0.000000000000000000e+00
9.418787797555740582e+00,-5.437939670358775679e+00,0.000000000000000000e+00
9.540543957340094749e+00,-5.288409871336632762e+00,0.000000000000000000e+00
9.663063814221059644e+00,-5.137942168768080187e+00,0.000000000000000000e+00
9.786429962780800906e+00,-4.986435125731635942e+00,0.000000000000000000e+00
9.910727182077121000e+00,-4.833784623084514287e+00,0.000000000000000000e+00
1.003604268045619285e+01,-4.679883559467150178e+00,0.000000000000000000e+00
1.016246635412791655e+01,-4.524621534340605322e+00,0.000000000000000000e+00
1.029009105956608394e+01,-4.367884511289423344e+00,0.000000000000000000e+00
1.041901290429033544e+01,-4.209554460648224250e+00,0.000000000000000000e+00
1.054933155728123140e+01,-4.049508978504427148e+00,0.000000000000000000e+00
1.068115058094954151e+01,-3.887620879180786471e+00,0.000000000000000000e+00
1.081457778711480522e+01,-3.723757758172681065e+00,0.000000000000000000e+00
1.094972561970675251e+01,-3.557781522188793399e+00,0.000000000000000000e+00
1.108671156718693851e+01,-3.389547882571669390e+00,0.000000000000000000e+00
1.122565860799907611e+01,-3.218905807947385345e+00,0.000000000000000000e+00
1.136669569268914337e+01,-3.045696931466375990e+00,0.000000000000000000e+00
1.150995826685490542e+01,-2.869754907483292872e+00,0.000000000000000000e+00
1.165558884287757913e+01,-2.690904712658446662e+00,0.000000000000000000e+00
1.180373762338790478e+01,-2.508961884082418603e+00,0.000000000000000000e+00
1.195456317866546136e+01,-2.323731686275376962e+00,0.000000000000000000e+00
1.210823318758411027e+01,-2.135008199680750618e+00,0.000000000000000000e+00
1.226492524736766221e+01,-1.942573320926605396e+00,0.000000000000000000e+00
1.242482775873939360e+01,-1.746195664246683599e+00,0.000000000000000000e+00
1.258814090110680262e+01,-1.545629353126300787e+00,0.000000000000000000e+00
1.275507777300210144e+01,-1.340612695085612982e+00,0.000000000000000000e+00
1.292586558271487718e+01,-1.130866704747465423e+00,0.000000000000000000e+00
1.310074688550141708e+01,-9.160934637819801996e-01,0.000000000000000000e+00
1.327998097679364164e+01,-6.959743119147943080e-01,0.000000000000000000e+00
1.346384681847773379e+01,-4.701678912202599814e-01,0.000000000000000000e+00
1.365264372587702546e+01,-2.383077826770187146e-01,0.000000000000000000e+00
1.384661295361832778e+01,-3.391442046536192790e-15,0.000000000000000000e+00
