1.374934556177779932e+01,0.000000000000000000e+00,0.000000000000000000e+00
1.382952272925362003e+01,2.413952171653827861e-01,0.000000000000000000e+00
1.390350783457251538e+01,4.855211922178154227e-01,0.000000000000000000e+00
1.397109547040195565e+01,7.321940877551224025e-01,0.000000000000000000e+00
1.403209725174875366e+01,9.812198256960843468e-01,0.000000000000000000e+00
1.408638454551168806e+01,1.232398957799047956e+00,0.000000000000000000e+00
1.413391753981736443e+01,1.485534594330635061e+00,0.000000000000000000e+00
1.417466626989115852e+01,1.740430173893798615e+00,0.000000000000000000e+00
1.420858290041316252e+01,1.996886100762191862e+00,0.000000000000000000e+00
1.423561391064389525e+01,2.254699741913516409e+00,0.000000000000000000e+00
1.425571148373223451e+01,2.513666563777495977e+00,0.000000000000000000e+00
1.426883364630564799e+01,2.773580295203570856e+00,0.000000000000000000e+00
1.427494432806944680e+01,3.034233084405425274e+00,0.000000000000000000e+00
1.427402393162701522e+01,3.295418085177727274e+00,0.000000000000000000e+00
1.426609351441742923e+01,3.556936604323750917e+00,0.000000000000000000e+00
1.425116166469324952e+01,3.818587259259930367e+00,0.000000000000000000e+00
1.422923544642456051e+01,4.080167607137913599e+00,0.000000000000000000e+00
1.420032749528120775e+01,4.341475802068475609e+00,0.000000000000000000e+00
1.416445599342454820e+01,4.602310738687872771e+00,0.000000000000000000e+00
1.412164464080484727e+01,4.862472194893125099e+00,0.000000000000000000e+00
1.407192262298831764e+01,5.121760973664930106e+00,0.000000000000000000e+00
1.401532457553962097e+01,5.379979043897664681e+00,0.000000000000000000e+00
1.395189055431554337e+01,5.636929683925281154e+00,0.000000000000000000e+00
1.388166801794406702e+01,5.892418480599555863e+00,0.000000000000000000e+00
1.380471422609935850e+01,6.146254765946263632e+00,0.000000000000000000e+00
1.372109211512427684e+01,6.398250331532617352e+00,0.000000000000000000e+00
1.363086940212093623e+01,6.648219217899640654e+00,0.000000000000000000e+00
1.353409997384517460e+01,6.895968372676000158e+00,0.000000000000000000e+00
1.343080906857201207e+01,7.141287856604259687e+00,0.000000000000000000e+00
1.332102537410173504e+01,7.383964939496599378e+00,0.000000000000000000e+00
1.320483287639168424e+01,7.623813815788757609e+00,0.000000000000000000e+00
1.308241898883763277e+01,7.860710372010890623e+00,0.000000000000000000e+00
1.295395650398937626e+01,8.094530405309459553e+00,0.000000000000000000e+00
1.281928008430419297e+01,8.324937826072764224e+00,0.000000000000000000e+00
1.267801466265706622e+01,8.551428866615355062e+00,0.000000000000000000e+00
1.252992322424601568e+01,8.773546694805972379e+00,0.000000000000000000e+00
1.237495982852454546e+01,8.990934597781009785e+00,0.000000000000000000e+00
1.221317769765376404e+01,9.203289518692111315e+00,0.000000000000000000e+00
1.204476778464922404e+01,9.410403944757593564e+00,0.000000000000000000e+00
1.187007586726952901e+01,9.612197910128241318e+00,0.000000000000000000e+00
1.168957454721272526e+01,9.808717691185519172e+00,0.000000000000000000e+00
1.150301373952684614e+01,9.999417288688523087e+00,0.000000000000000000e+00
1.130996135973304817e+01,1.018353494915593416e+01,0.000000000000000000e+00
1.111146246684632466e+01,1.036160637938659335e+01,0.000000000000000000e+00
1.090796787574846149e+01,1.053370213356645202e+01,0.000000000000000000e+00
1.069879258701592661e+01,1.069879258701592484e+01,0.000000000000000000e+00
1.048488555435256231e+01,1.085741682815691789e+01,0.000000000000000000e+00
1.026655550695657837e+01,1.100953288539182573e+01,0.000000000000000000e+00
1.004286334882790754e+01,1.115372971992769102e+01,0.000000000000000000e+00
9.815006954440354647e+00,1.129087391704268128e+01,0.000000000000000000e+00
9.583574111894915148e+00,1.142125887774362880e+01,0.000000000000000000e+00
9.348178688772421197e+00,1.154403928154662573e+01,0.000000000000000000e+00
9.108657194760111153e+00,1.165854955694848982e+01,0.000000000000000000e+00
8.865872273851032048e+00,1.176540989016198324e+01,0.000000000000000000e+00
8.620340033561365800e+00,1.186488017050773358e+01,0.000000000000000000e+00
8.372020387202010028e+00,1.195648422838689839e+01,0.000000000000000000e+00
8.120838989223727822e+00,1.203963891699955369e+01,0.000000000000000000e+00
7.867064871282987149e+00,1.211421756334515010e+01,0.000000000000000000e+00
7.611310640550458473e+00,1.218064322933045318e+01,0.000000000000000000e+00
7.353904912490085266e+00,1.223895306101392677e+01,0.000000000000000000e+00
7.095092138556786665e+00,1.228906006836287190e+01,0.000000000000000000e+00
6.835061563168255638e+00,1.233077747017567916e+01,0.000000000000000000e+00
6.573769726020909587e+00,1.236346270082002796e+01,0.000000000000000000e+00
6.311592628575913189e+00,1.238719799931195276e+01,0.000000000000000000e+00
6.049047075084851954e+00,1.240238445594047612e+01,0.000000000000000000e+00
5.786462453028940800e+00,1.240910877578927973e+01,0.000000000000000000e+00
5.524062708977131919e+00,1.240724798571558196e+01,0.000000000000000000e+00
5.262196516030672733e+00,1.239695811172036244e+01,0.000000000000000000e+00
5.001051685230368804e+00,1.237803727936909937e+01,0.000000000000000000e+00
4.740432690976526864e+00,1.234924936517995775e+01,0.000000000000000000e+00
4.481127751226497757e+00,1.231179731018626811e+01,0.000000000000000000e+00
4.223507306479676870e+00,1.226595586142159000e+01,0.000000000000000000e+00
3.967791567482426451e+00,1.221160678618345585e+01,0.000000000000000000e+00
3.714317520579897725e+00,1.214898518807027727e+01,0.000000000000000000e+00
3.463245708130617384e+00,1.207777310510475210e+01,0.000000000000000000e+00
3.214524807013460439e+00,1.199676990196477533e+01,0.000000000000000000e+00
2.968839490448689222e+00,1.190736482301986676e+01,0.000000000000000000e+00
2.726607404341719665e+00,1.181023419055070711e+01,0.000000000000000000e+00
2.487971453651777409e+00,1.170498541237302348e+01,0.000000000000000000e+00
2.253067274560394573e+00,1.159102629559095199e+01,0.000000000000000000e+00
2.022146253578057884e+00,1.146816128452529604e+01,0.000000000000000000e+00
1.795747647707341299e+00,1.133790443068636833e+01,0.000000000000000000e+00
1.574738287832221362e+00,1.120484513392051618e+01,0.000000000000000000e+00
1.359761750531758073e+00,1.107437075583980324e+01,0.000000000000000000e+00
1.150618663365277072e+00,1.094740531108769588e+01,0.000000000000000000e+00
9.469610658452747298e-01,1.082381451129012184e+01,0.000000000000000000e+00
7.484499231600117986e-01,1.070333256097299213e+01,0.000000000000000000e+00
5.547774715070952212e-01,1.058578476509909905e+01,0.000000000000000000e+00
3.656554848012668057e-01,1.047100307705633959e+01,0.000000000000000000e+00
1.808138359229522762e-01,1.035881772233644682e+01,0.000000000000000000e+00
6.275749681501006197e-16,1.024907701693325457e+01,0.000000000000000000e+00
-1.770229341135791112e-01,1.014163710313142275e+01,0.000000000000000000e+00
-3.504775182696593383e-01,1.003636298313771569e+01,0.000000000000000000e+00
-5.205731634839605437e-01,9.933127688400574584e+00,0.000000000000000000e+00
-6.875071824482301697e-01,9.831810765284494380e+00,0.000000000000000000e+00
-8.514659448806631836e-01,9.732300284006081270e+00,0.000000000000000000e+00
-1.012625488992885403e+00,9.634487957913684397e+00,0.000000000000000000e+00
-1.171152786803299595e+00,9.538274015813954065e+00,0.000000000000000000e+00
-1.327205927162450783e+00,9.443560869500569055e+00,0.000000000000000000e+00
-1.480935506528578527e+00,9.350258797480854867e+00,0.000000000000000000e+00
-1.632484448039804636e+00,9.258279370976797651e+00,0.000000000000000000e+00
-1.781989503084076887e+00,9.167541254508126514e+00,0.000000000000000000e+00
-1.929580786476850829e+00,9.077963866730117459e+00,0.000000000000000000e+00
-2.075383332962555727e+00,8.989472836618759288e+00,0.000000000000000000e+00
-2.219516478926823577e+00,8.901994375348312616e+00,0.000000000000000000e+00
-2.362095323695929228e+00,8.815459760354059426e+00,0.000000000000000000e+00
-2.503230211509251735e+00,8.729801195876301989e+00,0.000000000000000000e+00
-2.643027798377108439e+00,8.644954395048142004e+00,0.000000000000000000e+00
-2.781591017890300499e+00,8.560856882915535593e+00,0.000000000000000000e+00
-2.919019369294245436e+00,8.477447804450774171e+00,0.000000000000000000e+00
-3.055409740315282008e+00,8.394669268697949605e+00,0.000000000000000000e+00
-3.190855671523894266e+00,8.312463216903093866e+00,0.000000000000000000e+00
-3.325449094822515050e+00,8.230775336300327538e+00,0.000000000000000000e+00
-3.459278842658244812e+00,8.149550245520481795e+00,0.000000000000000000e+00
-3.592432674271234916e+00,8.068735894188263202e+00,0.000000000000000000e+00
-3.724996004839499442e+00,7.988279711248766013e+00,0.000000000000000000e+00
-3.857053064527907527e+00,7.908130715376762154e+00,0.000000000000000000e+00
-3.988686966388352850e+00,7.828238943405252392e+00,0.000000000000000000e+00
-4.119979196665398469e+00,7.748553911844941133e+00,0.000000000000000000e+00
-4.251011332620699967e+00,7.669027452247759058e+00,0.000000000000000000e+00
-4.381863217527876664e+00,7.589609724575520744e+00,0.000000000000000000e+00
-4.512615283912984054e+00,7.510253028757737148e+00,0.000000000000000000e+00
-4.643347008585525515e+00,7.430908548158889460e+00,0.000000000000000000e+00
-4.774138032725090852e+00,7.351527889008043992e+00,0.000000000000000000e+00
-4.905068493243164518e+00,7.272063095963916091e+00,0.000000000000000000e+00
-5.036217983877564031e+00,7.192464675193539492e+00,0.000000000000000000e+00
-5.167667879943671494e+00,7.112684640954070048e+00,0.000000000000000000e+00
-5.299498962969972027e+00,7.032672655992032062e+00,0.000000000000000000e+00
-5.431794086291617418e+00,6.952379388544805749e+00,0.000000000000000000e+00
-5.564636571022753664e+00,6.871753878706959640e+00,0.000000000000000000e+00
-5.698111169224644890e+00,6.790744456924665329e+00,0.000000000000000000e+00
-5.832304795452570190e+00,6.709299177972225969e+00,0.000000000000000000e+00
-5.967305017216809837e+00,6.627363631924021448e+00,0.000000000000000000e+00
-6.103203029194016693e+00,6.544883959435524368e+00,0.000000000000000000e+00
-6.240090603707716177e+00,6.461802980939040708e+00,0.000000000000000000e+00
-6.378063717679643752e+00,6.378063717679644640e+00,0.000000000000000000e+00
-6.517219884614835479e+00,6.293606085521997962e+00,0.000000000000000000e+00
-6.657660600753585456e+00,6.208368948587047242e+00,0.000000000000000000e+00
-6.799490528700334657e+00,6.122288771206642721e+00,0.000000000000000000e+00
-6.942817851919414807e+00,6.035299481747289363e+00,0.000000000000000000e+00
-7.087755700704877704e+00,5.947333194336129836e+00,0.000000000000000000e+00
-7.234420475067476097e+00,5.858318190128684044e+00,0.000000000000000000e+00
-7.382935157292558337e+00,5.768181119823788450e+00,0.000000000000000000e+00
-7.533426175771188227e+00,5.676843805902781703e+00,0.000000000000000000e+00
-7.686027971652847235e+00,5.584226192844577774e+00,0.000000000000000000e+00
-7.840879058659771417e+00,5.490242623064228944e+00,0.000000000000000000e+00
-7.998127280021237517e+00,5.394804969164078479e+00,0.000000000000000000e+00
-8.157925588694672214e+00,5.297818822038590447e+00,0.000000000000000000e+00
-8.320437546487152503e+00,5.199186417275463157e+00,0.000000000000000000e+00
-8.485833358097560009e+00,5.098803084511223105e+00,0.000000000000000000e+00
-8.654294977064120431e+00,4.996559534654394952e+00,0.000000000000000000e+00
-8.826013346905028811e+00,4.892339086432405892e+00,0.000000000000000000e+00
-9.001191861245255055e+00,4.786018608818646491e+00,0.000000000000000000e+00
-9.180046479584762054e+00,4.677467308890174813e+00,0.000000000000000000e+00
-9.362805883522840489e+00,4.566545549810269833e+00,0.000000000000000000e+00
-9.549715574775641258e+00,4.453105505719945789e+00,0.000000000000000000e+00
-9.741035225777492812e+00,4.336988307117056074e+00,0.000000000000000000e+00
-9.937044784860887603e+00,4.218025258720441428e+00,0.000000000000000000e+00
-1.013804207232451304e+01,4.096034875839307254e+00,0.000000000000000000e+00
-1.034434584015493819e+01,3.970822334003692333e+00,0.000000000000000000e+00
-1.055630669009732792e+01,3.842181418980605834e+00,0.000000000000000000e+00
-1.077428251803671166e+01,3.709882984344150092e+00,0.000000000000000000e+00
-1.099867165207021813e+01,3.573685052156134301e+00,0.000000000000000000e+00
-1.122970336192023133e+01,3.433264861418485303e+00,0.000000000000000000e+00
-1.146421743440519592e+01,3.287311450651376088e+00,0.000000000000000000e+00
-1.169703905258538157e+01,3.134212167975560792e+00,0.000000000000000000e+00
-1.192461317355217432e+01,2.973139987239246551e+00,0.000000000000000000e+00
-1.214857227241364512e+01,2.804718905290307429e+00,0.000000000000000000e+00
-1.236932427951993674e+01,2.629181039036280865e+00,0.000000000000000000e+00
-1.258575015469301306e+01,2.446422005799318455e+00,0.000000000000000000e+00
-1.279704012183890249e+01,2.256463446688939722e+00,0.000000000000000000e+00
-1.300399305782908499e+01,2.059630162448416346e+00,0.000000000000000000e+00
-1.320675745117526745e+01,1.856088715900203745e+00,0.000000000000000000e+00
-1.340398514477704417e+01,1.645802430350506329e+00,0.000000000000000000e+00
-1.359575150139254163e+01,1.428971064416039383e+00,0.000000000000000000e+00
-1.378246121282844960e+01,1.205809111608253215e+00,0.000000000000000000e+00
-1.396403228707425015e+01,9.764602597113518634e-01,0.000000000000000000e+00
-1.414013432521144686e+01,7.410530387482359149e-01,0.000000000000000000e+00
-1.431033258133948749e+01,4.997278254231995454e-01,0.000000000000000000e+00
-1.447443127104099858e+01,2.526521376350425174e-01,0.000000000000000000e+00
-1.463231380382746494e+01,1.791941626397694077e-15,0.000000000000000000e+00
-1.478382450060366082e+01,-2.580526165454060661e-01,0.000000000000000000e+00
-1.492882159444012125e+01,-5.213259376828681679e-01,0.000000000000000000e+00
-1.506723948163072357e+01,-7.896405611580230577e-01,0.000000000000000000e+00
-1.519902670577492820e+01,-1.062819482179108821e+00,0.000000000000000000e+00
-1.532409089777571154e+01,-1.340684232396170517e+00,0.000000000000000000e+00
-1.544232589925108989e+01,-1.623053854364128856e+00,0.000000000000000000e+00
-1.555362039624284698e+01,-1.909744450803143145e+00,0.000000000000000000e+00
-1.565785452965704927e+01,-2.200567945246624024e+00,0.000000000000000000e+00
-1.575491243316747614e+01,-2.495332988089306703e+00,0.000000000000000000e+00
-1.584468150116714114e+01,-2.793844849388072760e+00,0.000000000000000000e+00
-1.592705250835435571e+01,-3.095905390226592502e+00,0.000000000000000000e+00
-1.600192148515972690e+01,-3.401313410999201370e+00,0.000000000000000000e+00
-1.606919104909371399e+01,-3.709865070355355954e+00,0.000000000000000000e+00
-1.612877795792424607e+01,-4.021355996550363798e+00,0.000000000000000000e+00
-1.618060825767085120e+01,-4.335580915687253345e+00,0.000000000000000000e+00
-1.622461337930734615e+01,-4.652333022236997628e+00,0.000000000000000000e+00
-1.626073014793939109e+01,-4.971404109144886618e+00,0.000000000000000000e+00
-1.628890080793820516e+01,-5.292584702483228654e+00,0.000000000000000000e+00
-1.630907304485440790e+01,-5.615664196501533922e+00,0.000000000000000000e+00
-1.632120000410667870e+01,-5.940430989000248907e+00,0.000000000000000000e+00
-1.632524030644166402e+01,-6.266672616953509412e+00,0.000000000000000000e+00
-1.632113659858152133e+01,-6.594167221264940260e+00,0.000000000000000000e+00
-1.630878252942387618e+01,-6.922667466779609313e+00,0.000000000000000000e+00
-1.628817800417822070e+01,-7.251964078871676378e+00,0.000000000000000000e+00
-1.625935754566722835e+01,-7.581862940224888270e+00,0.000000000000000000e+00
-1.622235958915662124e+01,-7.912173435065575688e+00,0.000000000000000000e+00
-1.617722631935417965e+01,-8.242708511942030469e+00,0.000000000000000000e+00
-1.612400178482704760e+01,-8.573283825119061063e+00,0.000000000000000000e+00
-1.606266206474337821e+01,-8.903678972914274681e+00,0.000000000000000000e+00
-1.599309440176212682e+01,-9.233617358032462974e+00,0.000000000000000000e+00
-1.591521392026625925e+01,-9.562825288087232423e+00,0.000000000000000000e+00
-1.582920117785525882e+01,-9.891182681248775310e+00,0.000000000000000000e+00
-1.573534614167235901e+01,-1.021865326599317925e+01,0.000000000000000000e+00
-1.563336783053537893e+01,-1.054483974862651863e+01,0.000000000000000000e+00
-1.552280856448238566e+01,-1.086918757103680200e+01,0.000000000000000000e+00
-1.540447682384758821e+01,-1.119200753419821481e+01,0.000000000000000000e+00
-1.527854305353733544e+01,-1.151320799766296332e+01,0.000000000000000000e+00
-1.514392043283747569e+01,-1.183172736313729523e+01,0.000000000000000000e+00
-1.500151441177126799e+01,-1.214798684439716858e+01,0.000000000000000000e+00
-1.485163260459498069e+01,-1.246199944089611300e+01,0.000000000000000000e+00
-1.469400163947797999e+01,-1.277330075064810266e+01,0.000000000000000000e+00
-1.452867573102571441e+01,-1.308167838650742887e+01,0.000000000000000000e+00
-1.435564901399797044e+01,-1.338685927685035182e+01,0.000000000000000000e+00
-1.417506689033987399e+01,-1.368870297814063619e+01,0.000000000000000000e+00
-1.398668386325275748e+01,-1.398668386325275215e+01,0.000000000000000000e+00
-1.378883907457349345e+01,-1.427876085370074755e+01,0.000000000000000000e+00
-1.358072837503230978e+01,-1.456354816872898539e+01,0.000000000000000000e+00
-1.336281225235308412e+01,-1.484090652077620121e+01,0.000000000000000000e+00
-1.313430090450707688e+01,-1.510928481147925773e+01,0.000000000000000000e+00
-1.289548007657417195e+01,-1.536823470948432124e+01,0.000000000000000000e+00
-1.264875900967077271e+01,-1.561991653473956454e+01,0.000000000000000000e+00
-1.239136045000247854e+01,-1.586021811946894466e+01,0.000000000000000000e+00
-1.212673996802556431e+01,-1.609272747770558354e+01,0.000000000000000000e+00
-1.185236547242669580e+01,-1.631338155106487875e+01,0.000000000000000000e+00
-1.157157795635773923e+01,-1.652592599323328315e+01,0.000000000000000000e+00
-1.128180106961194618e+01,-1.672595792033193618e+01,0.000000000000000000e+00
-1.098523549426361434e+01,-1.691577925686891604e+01,0.000000000000000000e+00
-1.068249857236011557e+01,-1.709557132177961591e+01,0.000000000000000000e+00
-1.037283495643205811e+01,-1.726329639179809305e+01,0.000000000000000000e+00
-1.005677105602944721e+01,-1.741883842913109248e+01,0.000000000000000000e+00
-9.735365603736317652e+00,-1.756306446416714451e+01,0.000000000000000000e+00
-9.408949538749237007e+00,-1.769566040863385936e+01,0.000000000000000000e+00
-9.077841763701108846e+00,-1.781626761275319382e+01,0.000000000000000000e+00
-8.742404006804365579e+00,-1.792458451978920664e+01,0.000000000000000000e+00
-8.403042301235224443e+00,-1.802038236833347540e+01,0.000000000000000000e+00
-8.060193157930603647e+00,-1.810349023748329245e+01,0.000000000000000000e+00
-7.714309555524970108e+00,-1.817377441708028130e+01,0.000000000000000000e+00
-7.365851823823664546e+00,-1.823112301335838126e+01,0.000000000000000000e+00
-7.015283382867253614e+00,-1.827543802643559445e+01,0.000000000000000000e+00
-6.663069559653708396e+00,-1.830663315940397950e+01,0.000000000000000000e+00
-6.309677701153531437e+00,-1.832463461431866847e+01,0.000000000000000000e+00
-5.955577437891564685e+00,-1.832938263497123543e+01,0.000000000000000000e+00
-5.601240627279342910e+00,-1.832083257249636077e+01,0.000000000000000000e+00
-5.247140965825496828e+00,-1.829895519308919205e+01,0.000000000000000000e+00
-4.893753458777597487e+00,-1.826373654787392908e+01,0.000000000000000000e+00
-4.541553932898355406e+00,-1.821517792269344937e+01,0.000000000000000000e+00
-4.191018661552960545e+00,-1.815329622119129738e+01,0.000000000000000000e+00
-3.842624016753114713e+00,-1.807812464862170287e+01,0.000000000000000000e+00
-3.496845918713250789e+00,-1.798971271434557551e+01,0.000000000000000000e+00
-3.154158264678802226e+00,-1.788812042266983227e+01,0.000000000000000000e+00
-2.814948294293201592e+00,-1.777288405682561390e+01,0.000000000000000000e+00
-2.479752227477239224e+00,-1.764435391840641287e+01,0.000000000000000000e+00
-2.149062565089462140e+00,-1.750271002548032229e+01,0.000000000000000000e+00
-1.823372122001137408e+00,-1.734822690438804926e+01,0.000000000000000000e+00
-1.503172594030736331e+00,-1.718134136984874516e+01,0.000000000000000000e+00
-1.188934731965247460e+00,-1.700255880284818488e+01,0.000000000000000000e+00
-8.810459089050987069e-01,-1.681135741598177447e+01,0.000000000000000000e+00
-5.798742780209129588e-01,-1.660542669765436230e+01,0.000000000000000000e+00
-2.860682393606137075e-01,-1.638883845674847350e+01,0.000000000000000000e+00
-2.968932054280881431e-15,-1.616211333394503313e+01,0.000000000000000000e+00
2.778768210101716374e-01,-1.591955241375048580e+01,0.000000000000000000e+00
5.471970889604421684e-01,-1.566967443514518443e+01,0.000000000000000000e+00
8.073149948754925198e-01,-1.540448776727184033e+01,0.000000000000000000e+00
1.058202284650725744e+00,-1.513299770488012186e+01,0.000000000000000000e+00
1.299035348091941655e+00,-1.484804197182672780e+01,0.000000000000000000e+00
1.531460552786726659e+00,-1.457087384647817174e+01,0.000000000000000000e+00
1.756171971071799565e+00,-1.430287291950768847e+01,0.000000000000000000e+00
1.973681406344899303e+00,-1.404347292033917682e+01,0.000000000000000000e+00
2.184455313709087854e+00,-1.379210804567071769e+01,0.000000000000000000e+00
2.388924234867801033e+00,-1.354826258164993824e+01,0.000000000000000000e+00
2.587486059007021666e+00,-1.331146179613180536e+01,0.000000000000000000e+00
2.780509030850930152e+00,-1.308126650621809262e+01,0.000000000000000000e+00
2.968334571033051539e+00,-1.285726958123327535e+01,0.000000000000000000e+00
3.151279778387189534e+00,-1.263909285139241767e+01,0.000000000000000000e+00
3.329639674365197255e+00,-1.242638443562798933e+01,0.000000000000000000e+00
3.503689242751621080e+00,-1.221881647190200937e+01,0.000000000000000000e+00
3.673685176069649394e+00,-1.201608277763378396e+01,0.000000000000000000e+00
3.839867523030953134e+00,-1.181789706056629008e+01,0.000000000000000000e+00
4.002461147969103905e+00,-1.162399120340674585e+01,0.000000000000000000e+00
4.161677011116707625e+00,-1.143411361510657720e+01,0.000000000000000000e+00
4.317713355466956671e+00,-1.124802784680937684e+01,0.000000000000000000e+00
4.470756785783738252e+00,-1.106551134531502889e+01,0.000000000000000000e+00
4.620983243632471371e+00,-1.088635430694348472e+01,0.000000000000000000e+00
4.768558876806500813e+00,-1.071035859583477290e+01,0.000000000000000000e+00
4.913640841769550072e+00,-1.053733679007320845e+01,0.000000000000000000e+00
5.056378036858271585e+00,-1.036711131344769754e+01,0.000000000000000000e+00
5.196911771912152922e+00,-1.019951363973818204e+01,0.000000000000000000e+00
5.335376381207172614e+00,-1.003438356272008036e+01,0.000000000000000000e+00
5.471899785764288815e+00,-9.871568525578263475e+00,0.000000000000000000e+00
5.606604010394367954e+00,-9.710923003922470542e+00,0.000000000000000000e+00
5.739605660218992433e+00,-9.552307937085368295e+00,0.000000000000000000e+00
5.871016360864642181e+00,-9.395590202856626050e+00,0.000000000000000000e+00
6.000943166057486344e+00,-9.240642131254491076e+00,0.000000000000000000e+00
6.129488935939789052e+00,-9.087341053355032727e+00,0.000000000000000000e+00
6.256752689078600937e+00,-8.935568881585968626e+00,0.000000000000000000e+00
6.382829930835592691e+00,-8.785211718244386958e+00,0.000000000000000000e+00
6.507812960506893951e+00,-8.636159489314870541e+00,0.000000000000000000e+00
6.631791159416678738e+00,-8.488305600947409602e+00,0.000000000000000000e+00
6.754851261953758623e+00,-8.341546616203899589e+00,0.000000000000000000e+00
6.877077611370594035e+00,-8.195781949900116103e+00,0.000000000000000000e+00
6.998552402015802976e+00,-8.050913579559697553e+00,0.000000000000000000e+00
7.119355909541479122e+00,-7.906845770659946204e+00,0.000000000000000000e+00
7.239566710512396419e+00,-7.763484814489823194e+00,0.000000000000000000e+00
7.359261892744409117e+00,-7.620738777060611646e+00,0.000000000000000000e+00
7.478517257612238289e+00,-7.478517257612241842e+00,0.000000000000000000e+00
7.597407515491822139e+00,-7.336731155345360911e+00,0.000000000000000000e+00
7.716006475503762729e+00,-7.195292443143142869e+00,0.000000000000000000e+00
7.834387232584273164e+00,-7.054113948814238810e+00,0.000000000000000000e+00
7.952622349505277910e+00,-6.913109139285862348e+00,0.000000000000000000e+00
8.070784033106193078e+00,-6.772191905490891450e+00,0.000000000000000000e+00
8.188944310673234028e+00,-6.631276351506286026e+00,0.000000000000000000e+00
8.307175205566608156e+00,-6.490276584982186847e+00,0.000000000000000000e+00
8.425548912873935592e+00,-6.349106507635348784e+00,0.000000000000000000e+00
8.544137976005044877e+00,-6.207679604713314703e+00,0.000000000000000000e+00
8.663015465150120775e+00,-6.065908732325415720e+00,0.000000000000000000e+00
8.782255158537534356e+00,-5.923705901516911787e+00,0.000000000000000000e+00
8.901931727450159926e+00,-5.780982057931963958e+00,0.000000000000000000e+00
9.022120926476393521e+00,-5.637646856174898247e+00,0.000000000000000000e+00
9.142899790752352374e+00,-5.493608427978415421e+00,0.000000000000000000e+00
9.264346836053945822e+00,-5.348773139661809672e+00,0.000000000000000000e+00
9.386542268143660550e+00,-5.203045341076033559e+00,0.000000000000000000e+00
9.509568202195920250e+00,-5.056327104135663220e+00,0.000000000000000000e+00
9.633508892757694397e+00,-4.908517948790943386e+00,0.000000000000000000e+00
9.758450975649855863e+00,-4.759514554746754555e+00,0.000000000000000000e+00
9.884483723331797478e+00,-4.609210457098058988e+00,0.000000000000000000e+00
1.001169931538773739e+01,-4.457495723894453477e+00,0.000000000000000000e+00
1.014019312594905031e+01,-4.304256613467133619e+00,0.000000000000000000e+00
1.027006403004715551e+01,-4.149375209145357069e+00,0.000000000000000000e+00
1.040141473109502890e+01,-3.992729028754959053e+00,0.000000000000000000e+00
1.053435211192637411e+01,-3.834190606020504433e+00,0.000000000000000000e+00
1.066898761207760593e+01,-3.673627040683697942e+00,0.000000000000000000e+00
1.080543763428100412e+01,-3.510899513794200733e+00,0.000000000000000000e+00
1.094382398344369989e+01,-3.345862764221867458e+00,0.000000000000000000e+00
1.108427434171614401e+01,-3.178364521971860146e+00,0.000000000000000000e+00
1.122692278359865803e+01,-3.008244893351831983e+00,0.000000000000000000e+00
1.137191033539138907e+01,-2.835335692434862054e+00,0.000000000000000000e+00
1.151938558365439391e+01,-2.659459712576183410e+00,0.000000000000000000e+00
1.166950534039467158e+01,-2.480429931544259059e+00,0.000000000000000000e+00
1.182243538737125021e+01,-2.298048645357924080e+00,0.000000000000000000e+00
1.197835127360576735e+01,-2.112106513940312791e+00,0.000000000000000000e+00
1.213743918245899600e+01,-1.922381511886868788e+00,0.000000000000000000e+00
1.229989688435695960e+01,-1.728637774880876554e+00,0.000000000000000000e+00
1.246593478881288775e+01,-1.530624329288641228e+00,0.000000000000000000e+00
1.263577719870713700e+01,-1.328073699457584356e+00,0.000000000000000000e+00
1.280966358620346490e+01,-1.120700347373637662e+00,0.000000000000000000e+00
1.298784993505866758e+01,-9.081989399593741741e-01,0.000000000000000000e+00
1.317061027741432078e+01,-6.902424364416908098e-01,0.000000000000000000e+00
1.335823935875842139e+01,-4.664799974627928947e-01,0.000000000000000000e+00
1.355105966716329569e+01,-2.365346263364985768e-01,0.000000000000000000e+00
1.374924641745906762e+01,-3.367594123165892091e-15,0.000000000000000000e+00
