1.417030511718832386e+01,0.000000000000000000e+00,0.000000000000000000e+00
1.429370635296216285e+01,2.494975724558307351e-01,0.000000000000000000e+00
1.440952857902407480e+01,5.031918259928508386e-01,0.000000000000000000e+00
1.451744225973198255e+01,7.608269097023285799e-01,0.000000000000000000e+00
1.461669628154117717e+01,1.022098972114737991e+00,0.000000000000000000e+00
1.470656615919926047e+01,1.286657818323924563e+00,0.000000000000000000e+00
1.478721876626855725e+01,1.554199320134916240e+00,0.000000000000000000e+00
1.485891073060623313e+01,1.824444829552943625e+00,0.000000000000000000e+00
1.492166291420653401e+01,2.097102961110305142e+00,0.000000000000000000e+00
1.497546150658483199e+01,2.371880089322075502e+00,0.000000000000000000e+00
1.502024329735245800e+01,2.648474150128717231e+00,0.000000000000000000e+00
1.505591521376033626e+01,2.926573453602012709e+00,0.000000000000000000e+00
1.508239322559684759e+01,3.205861645788099956e+00,0.000000000000000000e+00
1.509960326700295496e+01,3.486018092966615356e+00,0.000000000000000000e+00
1.510748140937687900e+01,3.766718167790418015e+00,0.000000000000000000e+00
1.510599521283285895e+01,4.047639218146970030e+00,0.000000000000000000e+00
1.509520003905445051e+01,4.328478958305040258e+00,0.000000000000000000e+00
1.507515455373512658e+01,4.608937274808067031e+00,0.000000000000000000e+00
1.504591939664032374e+01,4.888715559901167573e+00,0.000000000000000000e+00
1.500756370108353188e+01,5.167518590486706920e+00,0.000000000000000000e+00
1.496016496145956154e+01,5.445054745683467701e+00,0.000000000000000000e+00
1.490380889562613831e+01,5.721036220071773926e+00,0.000000000000000000e+00
1.483858930225934536e+01,5.995179232509776135e+00,0.000000000000000000e+00
1.476460728631398744e+01,6.267203964265119609e+00,0.000000000000000000e+00
1.468193644212049520e+01,6.536819259908794422e+00,0.000000000000000000e+00
1.459060595474808331e+01,6.803711293820956740e+00,0.000000000000000000e+00
1.449065107537738761e+01,7.067562758998496619e+00,0.000000000000000000e+00
1.438213296333560187e+01,7.328062762832213473e+00,0.000000000000000000e+00
1.426521592581826425e+01,7.584949852445103780e+00,0.000000000000000000e+00
1.414010604529889470e+01,7.837988769411195378e+00,0.000000000000000000e+00
1.400696708868055040e+01,8.086926219179943587e+00,0.000000000000000000e+00
1.386585146269648838e+01,8.331444093220016001e+00,0.000000000000000000e+00
1.371684200287418243e+01,8.571234172578630961e+00,0.000000000000000000e+00
1.356025590485911536e+01,8.806133150316888702e+00,0.000000000000000000e+00
1.339643865509701826e+01,9.036011968220044821e+00,0.000000000000000000e+00
1.322534105400799120e+01,9.260483501410742946e+00,0.000000000000000000e+00
1.304683607213617336e+01,9.479081262321347623e+00,0.000000000000000000e+00
1.286116239468634781e+01,9.691581011545647328e+00,0.000000000000000000e+00
1.266885386186350182e+01,9.897993426588069354e+00,0.000000000000000000e+00
1.247075986438738582e+01,1.009862221999003573e+01,0.000000000000000000e+00
1.226637532014635390e+01,1.029271100701689612e+01,0.000000000000000000e+00
1.205484065300690411e+01,1.047911310614680147e+01,0.000000000000000000e+00
1.183795942188399941e+01,1.065894653969807315e+01,0.000000000000000000e+00
1.161597350831634046e+01,1.083207053668040665e+01,0.000000000000000000e+00
1.138788910159986045e+01,1.099715667416279885e+01,0.000000000000000000e+00
1.115461634144196346e+01,1.115461634144196168e+01,0.000000000000000000e+00
1.091695729253107672e+01,1.130484021077294976e+01,0.000000000000000000e+00
1.067480376372986584e+01,1.144732554187762297e+01,0.000000000000000000e+00
1.042764457413933066e+01,1.158107256422987064e+01,0.000000000000000000e+00
1.017628553887509746e+01,1.170647738678193939e+01,0.000000000000000000e+00
9.921281515809768692e+00,1.182372288960481832e+01,0.000000000000000000e+00
9.662931253224906314e+00,1.193272632840111491e+01,0.000000000000000000e+00
9.401382882241463790e+00,1.203322135116821023e+01,0.000000000000000000e+00
9.136596914667157066e+00,1.212467362284206551e+01,0.000000000000000000e+00
8.868684223408273226e+00,1.220669662346707618e+01,0.000000000000000000e+00
8.598396195365770822e+00,1.227978238759060936e+01,0.000000000000000000e+00
8.326103477556351606e+00,1.234395603562324162e+01,0.000000000000000000e+00
8.052035757292840046e+00,1.239904775003746451e+01,0.000000000000000000e+00
7.776476510078386362e+00,1.244496387335508558e+01,0.000000000000000000e+00
7.499755052583505943e+00,1.248168845666935667e+01,0.000000000000000000e+00
7.222100612933991748e+00,1.250904519897600053e+01,0.000000000000000000e+00
6.943353596621495427e+00,1.252614147004077338e+01,0.000000000000000000e+00
6.664255668409798439e+00,1.253364200741261314e+01,0.000000000000000000e+00
6.385215968550743248e+00,1.253169193979693397e+01,0.000000000000000000e+00
6.106528342032538248e+00,1.252023851838216295e+01,0.000000000000000000e+00
5.828516764621826773e+00,1.249929453803748736e+01,0.000000000000000000e+00
5.551483883796753283e+00,1.246883695274410719e+01,0.000000000000000000e+00
5.275778506299369397e+00,1.242895527562746771e+01,0.000000000000000000e+00
5.001667372017008617e+00,1.237956115764053244e+01,0.000000000000000000e+00
4.729203869428078022e+00,1.231999728495469526e+01,0.000000000000000000e+00
4.458775017238821192e+00,1.225038367829205121e+01,0.000000000000000000e+00
4.190930871560730075e+00,1.217134702477408226e+01,0.000000000000000000e+00
3.926028939059922340e+00,1.208307463221835043e+01,0.000000000000000000e+00
3.664402585071603990e+00,1.198572079056151019e+01,0.000000000000000000e+00
3.406324948570460975e+00,1.187926682606026851e+01,0.000000000000000000e+00
3.151928370963293258e+00,1.176315682225281556e+01,0.000000000000000000e+00
2.901430597467997252e+00,1.163700252030214877e+01,0.000000000000000000e+00
2.655257396224446786e+00,1.150118335176076023e+01,0.000000000000000000e+00
2.414574972553094945e+00,1.135968211746639689e+01,0.000000000000000000e+00
2.180632432700261969e+00,1.121838133900323342e+01,0.000000000000000000e+00
1.953954624839442600e+00,1.108142734020986886e+01,0.000000000000000000e+00
1.734105712712082248e+00,1.094871257024255051e+01,0.000000000000000000e+00
1.520614994956527077e+00,1.081973789451706836e+01,0.000000000000000000e+00
1.313107854292761667e+00,1.069440526265463731e+01,0.000000000000000000e+00
1.111211031473404720e+00,1.057246673899057754e+01,0.000000000000000000e+00
9.145803872981871363e-01,1.045370166189800898e+01,0.000000000000000000e+00
7.228982422128664709e-01,1.033792649944988185e+01,0.000000000000000000e+00
5.358675685317610959e-01,1.022496232167507202e+01,0.000000000000000000e+00
3.532109850733196055e-01,1.011463923086767025e+01,0.000000000000000000e+00
1.746693653527466028e-01,1.000680123912803055e+01,0.000000000000000000e+00
6.062799411254314414e-16,9.901302833560617245e+00,0.000000000000000000e+00
-1.710248108477314677e-01,9.798004851374443547e+00,0.000000000000000000e+00
-3.386190133609640607e-01,9.696779833015614969e+00,0.000000000000000000e+00
-5.029838881763287750e-01,9.597504322017570644e+00,0.000000000000000000e+00
-6.643093022111096202e-01,9.500065622150257738e+00,0.000000000000000000e+00
-8.227743261883656567e-01,9.404353581702233456e+00,0.000000000000000000e+00
-9.785485709829808698e-01,9.310267740490790089e+00,0.000000000000000000e+00
-1.131792383836762061e+00,9.217709258509792392e+00,0.000000000000000000e+00
-1.282658298677523456e+00,9.126588022574898318e+00,0.000000000000000000e+00
-1.431290839826935946e+00,9.036814707897820043e+00,0.000000000000000000e+00
-1.577828113844712998e+00,8.948307896529225758e+00,0.000000000000000000e+00
-1.722401291922724953e+00,8.860986483473505260e+00,0.000000000000000000e+00
-1.865136235244020835e+00,8.774776090608320089e+00,0.000000000000000000e+00
-2.006152925238487317e+00,8.689602995795098650e+00,0.000000000000000000e+00
-2.145566756973627864e+00,8.605398240498157492e+00,0.000000000000000000e+00
-2.283488434649446397e+00,8.522094856607655089e+00,0.000000000000000000e+00
-2.420024383833265347e+00,8.439627990627329268e+00,0.000000000000000000e+00
-2.555277651987704957e+00,8.357936598957994789e+00,0.000000000000000000e+00
-2.689347102150501101e+00,8.276959302038575217e+00,0.000000000000000000e+00
-2.822329331859469992e+00,8.196639545969816254e+00,0.000000000000000000e+00
-2.954317179861092768e+00,8.116919741575213010e+00,0.000000000000000000e+00
-3.085401569481237338e+00,8.037745888844664677e+00,0.000000000000000000e+00
-3.215670821656546607e+00,7.959064575596495494e+00,0.000000000000000000e+00
-3.345210924354221405e+00,7.880823070319360468e+00,0.000000000000000000e+00
-3.474106751598165843e+00,7.802971520558403817e+00,0.000000000000000000e+00
-3.602440519834460453e+00,7.725458625509054933e+00,0.000000000000000000e+00
-3.730294085575266649e+00,7.648236293875495306e+00,0.000000000000000000e+00
-3.857747432798998233e+00,7.571255639196840193e+00,0.000000000000000000e+00
-3.984879622106685115e+00,7.494468566515337216e+00,0.000000000000000000e+00
-4.111769518530913992e+00,7.417828570099159080e+00,0.000000000000000000e+00
-4.238494295512138521e+00,7.341287467417883406e+00,0.000000000000000000e+00
-4.365131964548527144e+00,7.264799566350522930e+00,0.000000000000000000e+00
-4.491759420988639562e+00,7.188317697553557650e+00,0.000000000000000000e+00
-4.618453749753999915e+00,7.111795116244266524e+00,0.000000000000000000e+00
-4.745292768985320819e+00,7.035185843463382049e+00,0.000000000000000000e+00
-4.872353436478089606e+00,6.958441848449280265e+00,0.000000000000000000e+00
-4.999714708302335886e+00,6.881516932021143340e+00,0.000000000000000000e+00
-5.127455136380701717e+00,6.804362786824981413e+00,0.000000000000000000e+00
-5.255654615123257045e+00,6.726931146323949839e+00,0.000000000000000000e+00
-5.384394662962172617e+00,6.649173658954497412e+00,0.000000000000000000e+00
-5.513756847329371880e+00,6.571039531495702413e+00,0.000000000000000000e+00
-5.643826027039044568e+00,6.492479157357381681e+00,0.000000000000000000e+00
-5.774687250827613028e+00,6.413439929993732136e+00,0.000000000000000000e+00
-5.906428571029198160e+00,6.333869187567511716e+00,0.000000000000000000e+00
-6.039140226167902803e+00,6.253712773428904192e+00,0.000000000000000000e+00
-6.172914065665501937e+00,6.172914065665501937e+00,0.000000000000000000e+00
-6.307846448853516641e+00,6.091416508864503143e+00,0.000000000000000000e+00
-6.444034665643817661e+00,6.009159541306924091e+00,0.000000000000000000e+00
-6.581581549984893087e+00,5.926082645482448008e+00,0.000000000000000000e+00
-6.720591919478597021e+00,5.842121425877643048e+00,0.000000000000000000e+00
-6.861175667301026238e+00,5.757209971874821086e+00,0.000000000000000000e+00
-7.003446949279559242e+00,5.671279516854873748e+00,0.000000000000000000e+00
-7.147524076170910234e+00,5.584257825823038424e+00,0.000000000000000000e+00
-7.293532075693269334e+00,5.496070635193300191e+00,0.000000000000000000e+00
-7.441599633522811175e+00,5.406638610143431833e+00,0.000000000000000000e+00
-7.591864222664403528e+00,5.315880557774216975e+00,0.000000000000000000e+00
-7.744467238587619207e+00,5.223709110834499292e+00,0.000000000000000000e+00
-7.899560515418872164e+00,5.130034581636253144e+00,0.000000000000000000e+00
-8.057300743923036634e+00,5.034760293993729263e+00,0.000000000000000000e+00
-8.217856609948036350e+00,4.937786409733107895e+00,0.000000000000000000e+00
-8.381403006516647380e+00,4.839005281999123831e+00,0.000000000000000000e+00
-8.548128438605246515e+00,4.738304966499714332e+00,0.000000000000000000e+00
-8.718229504560843779e+00,4.635564854964385084e+00,0.000000000000000000e+00
-8.891918372429389095e+00,4.530658705579855727e+00,0.000000000000000000e+00
-9.069417697880624019e+00,4.423450570572351026e+00,0.000000000000000000e+00
-9.250965909921877284e+00,4.313796249127396898e+00,0.000000000000000000e+00
-9.436819238817616196e+00,4.201542623193071258e+00,0.000000000000000000e+00
-9.627251639880295642e+00,4.086525870441809261e+00,0.000000000000000000e+00
-9.822545422429264761e+00,3.968565955118494859e+00,0.000000000000000000e+00
-1.002301640928779314e+01,3.847475522095396450e+00,0.000000000000000000e+00
-1.022904937559349925e+01,3.723069497555318907e+00,0.000000000000000000e+00
-1.044088342232149458e+01,3.595084469443596831e+00,0.000000000000000000e+00
-1.065892627395934511e+01,3.463295087103815728e+00,0.000000000000000000e+00
-1.088427497168608404e+01,3.327656804277030922e+00,0.000000000000000000e+00
-1.111514773160445912e+01,3.187217324065065860e+00,0.000000000000000000e+00
-1.134682217832595441e+01,3.040371839341995397e+00,0.000000000000000000e+00
-1.157422149544834156e+01,2.885777529924747231e+00,0.000000000000000000e+00
-1.179853530539100959e+01,2.723906503886713626e+00,0.000000000000000000e+00
-1.201969263736441462e+01,2.554864539328659756e+00,0.000000000000000000e+00
-1.223561708035902740e+01,2.378363030570938452e+00,0.000000000000000000e+00
-1.244796131042056686e+01,2.194911433842244630e+00,0.000000000000000000e+00
-1.265624093919663906e+01,2.004551637767145067e+00,0.000000000000000000e+00
-1.285903424857247401e+01,1.807219406761018332e+00,0.000000000000000000e+00
-1.305779590782193011e+01,1.603295736901661162e+00,0.000000000000000000e+00
-1.325217047325721609e+01,1.392859243202080766e+00,0.000000000000000000e+00
-1.344040397713345669e+01,1.175882981207925893e+00,0.000000000000000000e+00
-1.362304540069334280e+01,9.526161338321911254e-01,0.000000000000000000e+00
-1.380072592836695122e+01,7.232653983995986913e-01,0.000000000000000000e+00
-1.397300576386615134e+01,4.879481133868284748e-01,0.000000000000000000e+00
-1.413952213202135866e+01,2.468062768684013419e-01,0.000000000000000000e+00
-1.430011385030242721e+01,1.751258865421559961e-15,0.000000000000000000e+00
-1.445464716900859692e+01,-2.523068048495169524e-01,0.000000000000000000e+00
-1.460300399840531327e+01,-5.099481365153812895e-01,0.000000000000000000e+00
-1.474507752627233614e+01,-7.727567685082078475e-01,0.000000000000000000e+00
-1.488077021327783633e+01,-1.040564820278463642e+00,0.000000000000000000e+00
-1.500995252062678098e+01,-1.313200685617207819e+00,0.000000000000000000e+00
-1.513244432499172021e+01,-1.590483988478673893e+00,0.000000000000000000e+00
-1.524807120248303427e+01,-1.872227727213108039e+00,0.000000000000000000e+00
-1.535669682801472824e+01,-2.158242990480757850e+00,0.000000000000000000e+00
-1.545820275226540907e+01,-2.448338791340760601e+00,0.000000000000000000e+00
-1.555248191961737625e+01,-2.742322179409125926e+00,0.000000000000000000e+00
-1.563946338171270156e+01,-3.040003726885341262e+00,0.000000000000000000e+00
-1.571909053336955786e+01,-3.341195836352823356e+00,0.000000000000000000e+00
-1.579131129505798370e+01,-3.645711474190709733e+00,0.000000000000000000e+00
-1.585606575540857932e+01,-3.953361207746166617e+00,0.000000000000000000e+00
-1.591326768487019727e+01,-4.263947225101243355e+00,0.000000000000000000e+00
-1.596283125359570754e+01,-4.577268205615053098e+00,0.000000000000000000e+00
-1.600467596674329585e+01,-4.893120489837465392e+00,0.000000000000000000e+00
-1.603872672728287441e+01,-5.211298216191353028e+00,0.000000000000000000e+00
-1.606491389542852488e+01,-5.531593459316884065e+00,0.000000000000000000e+00
-1.608317334465413140e+01,-5.853796369997703586e+00,0.000000000000000000e+00
-1.609344651425069372e+01,-6.177695316586922836e+00,0.000000000000000000e+00
-1.609568045838646810e+01,-6.503077027850570957e+00,0.000000000000000000e+00
-1.608983891923291409e+01,-6.829731418083532901e+00,0.000000000000000000e+00
-1.607592167313678999e+01,-7.157461471653687290e+00,0.000000000000000000e+00
-1.605389172516152030e+01,-7.486052654633975401e+00,0.000000000000000000e+00
-1.602370485720032889e+01,-7.815283048417675182e+00,0.000000000000000000e+00
-1.598532300698921027e+01,-8.144928890449799397e+00,0.000000000000000000e+00
-1.593871436004286934e+01,-8.474764753793047944e+00,0.000000000000000000e+00
-1.588388837479949878e+01,-8.804583098416772557e+00,0.000000000000000000e+00
-1.582096330084121050e+01,-9.134237420579864875e+00,0.000000000000000000e+00
-1.575006542546502786e+01,-9.463594061269493096e+00,0.000000000000000000e+00
-1.567117910880480913e+01,-9.792439533373848093e+00,0.000000000000000000e+00
-1.558419977988422112e+01,-1.012049767096378794e+01,0.000000000000000000e+00
-1.548902109067149091e+01,-1.044747664320988711e+01,0.000000000000000000e+00
-1.538559769174395875e+01,-1.077311148362102244e+01,0.000000000000000000e+00
-1.527404865486921537e+01,-1.109724592258555909e+01,0.000000000000000000e+00
-1.515467292495049279e+01,-1.141986516057959378e+01,0.000000000000000000e+00
-1.502752864046256676e+01,-1.174079212871142275e+01,0.000000000000000000e+00
-1.489243867789104669e+01,-1.205965905669193639e+01,0.000000000000000000e+00
-1.474939799904803728e+01,-1.237621442108811998e+01,0.000000000000000000e+00
-1.459843039761025985e+01,-1.269022193757586692e+01,0.000000000000000000e+00
-1.443968580102594679e+01,-1.300155149363385654e+01,0.000000000000000000e+00
-1.427300481045707237e+01,-1.330979231026663356e+01,0.000000000000000000e+00
-1.409658345512038657e+01,-1.361291240574088057e+01,0.000000000000000000e+00
-1.390899330244966414e+01,-1.390899330244965881e+01,0.000000000000000000e+00
-1.370730028431439429e+01,-1.419432496463763727e+01,0.000000000000000000e+00
-1.349463355230109052e+01,-1.447122277473690311e+01,0.000000000000000000e+00
-1.327010997377433021e+01,-1.473795021003345340e+01,0.000000000000000000e+00
-1.303514259714215484e+01,-1.499521622737313997e+01,0.000000000000000000e+00
-1.278804292341414772e+01,-1.524019609622776805e+01,0.000000000000000000e+00
-1.253157384501104765e+01,-1.547520490811317728e+01,0.000000000000000000e+00
-1.226551672103645529e+01,-1.569914549161491024e+01,0.000000000000000000e+00
-1.198988441052444820e+01,-1.591111401881375009e+01,0.000000000000000000e+00
-1.170499735882708237e+01,-1.611054674385242791e+01,0.000000000000000000e+00
-1.141156580813081511e+01,-1.629740496268847849e+01,0.000000000000000000e+00
-1.111000955518032107e+01,-1.647126652631391863e+01,0.000000000000000000e+00
-1.080079600730500111e+01,-1.663176735295741437e+01,0.000000000000000000e+00
-1.048455253599881942e+01,-1.677879144490382046e+01,0.000000000000000000e+00
-1.016196414616020327e+01,-1.691234842883601530e+01,0.000000000000000000e+00
-9.833691333352582831e+00,-1.703245301531638844e+01,0.000000000000000000e+00
-9.499959505929830073e+00,-1.713838062184214550e+01,0.000000000000000000e+00
-9.160651955036023253e+00,-1.722868057166287059e+01,0.000000000000000000e+00
-8.817460703460135107e+00,-1.730524100848968772e+01,0.000000000000000000e+00
-8.470550664789238127e+00,-1.736720256830942333e+01,0.000000000000000000e+00
-8.119819092049224807e+00,-1.741300823618518123e+01,0.000000000000000000e+00
-7.767036175305264578e+00,-1.744504887397998161e+01,0.000000000000000000e+00
-7.411498399630064071e+00,-1.746039603906744020e+01,0.000000000000000000e+00
-7.054771419382020348e+00,-1.746117199396944741e+01,0.000000000000000000e+00
-6.696930812076276496e+00,-1.744610122555086207e+01,0.000000000000000000e+00
-6.338621653139512979e+00,-1.741521986246690190e+01,0.000000000000000000e+00
-5.980739592525778470e+00,-1.736932898115983548e+01,0.000000000000000000e+00
-5.623227292968898894e+00,-1.730651406536493653e+01,0.000000000000000000e+00
-5.267640273398364492e+00,-1.722967498147753318e+01,0.000000000000000000e+00
-4.913313019727366004e+00,-1.713475879210882979e+01,0.000000000000000000e+00
-4.562034723356459764e+00,-1.702574537345974193e+01,0.000000000000000000e+00
-4.213707547372110618e+00,-1.690025789049614247e+01,0.000000000000000000e+00
-3.869038753062274072e+00,-1.675864801555967176e+01,0.000000000000000000e+00
-3.529034038819955033e+00,-1.660279979640667847e+01,0.000000000000000000e+00
-3.193689494709395227e+00,-1.643010811576935026e+01,0.000000000000000000e+00
-2.863812959078891218e+00,-1.624149036960971060e+01,0.000000000000000000e+00
-2.540225108515180796e+00,-1.603835012650327840e+01,0.000000000000000000e+00
-2.223423256952520521e+00,-1.582047852256490650e+01,0.000000000000000000e+00
-1.913907838176134968e+00,-1.558752846532242131e+01,0.000000000000000000e+00
-1.612240891875142079e+00,-1.533944743330098781e+01,0.000000000000000000e+00
-1.319002507777447653e+00,-1.507626765136958724e+01,0.000000000000000000e+00
-1.034891279885749249e+00,-1.479963480562749290e+01,0.000000000000000000e+00
-7.616828363482596176e-01,-1.453377431305752765e+01,0.000000000000000000e+00
-4.985881293633054323e-01,-1.427769595630242705e+01,0.000000000000000000e+00
-2.449079941541103256e-01,-1.403076958815524478e+01,0.000000000000000000e+00
-2.533619416444207936e-15,-1.379238170661784757e+01,0.000000000000000000e+00
2.367248793854108690e-01,-1.356195925703663896e+01,0.000000000000000000e+00
4.658073008895189937e-01,-1.333897584930342539e+01,0.000000000000000000e+00
6.877445309420807673e-01,-1.312294740114333891e+01,0.000000000000000000e+00
9.029948367732194558e-01,-1.291342779222788906e+01,0.000000000000000000e+00
1.111981371003142982e+00,-1.271000523026223306e+01,0.000000000000000000e+00
1.315095583720026884e+00,-1.251229867565098530e+01,0.000000000000000000e+00
1.512700259035984818e+00,-1.231995495127594431e+01,0.000000000000000000e+00
1.705132223119659951e+00,-1.213264619304730196e+01,0.000000000000000000e+00
1.892704752331269225e+00,-1.195006749686421799e+01,0.000000000000000000e+00
2.075709715484335138e+00,-1.177193477223018547e+01,0.000000000000000000e+00
2.254419498119241805e+00,-1.159798288273115219e+01,0.000000000000000000e+00
2.429088729213080278e+00,-1.142796397405065711e+01,0.000000000000000000e+00
2.599955833295725327e+00,-1.126164596612479585e+01,0.000000000000000000e+00
2.767244428587758875e+00,-1.109881119261309124e+01,0.000000000000000000e+00
2.931164589139820364e+00,-1.093925517201654607e+01,0.000000000000000000e+00
3.091913986615264953e+00,-1.078278549603579428e+01,0.000000000000000000e+00
3.249678925309590571e+00,-1.062922082208160468e+01,0.000000000000000000e+00
3.404635282223547499e+00,-1.047838995818544205e+01,0.000000000000000000e+00
3.556949362484019161e+00,-1.033013102986818588e+01,0.000000000000000000e+00
3.706778679112376462e+00,-1.018429071977710443e+01,0.000000000000000000e+00
3.854272665047928648e+00,-1.004072357206461774e+01,0.000000000000000000e+00
3.999573324415750530e+00,-9.899291354535934673e+00,0.000000000000000000e+00
4.142815829901008051e+00,-9.759862474044393110e+00,0.000000000000000000e+00
4.284129081825906127e+00,-9.622311461933481525e+00,0.000000000000000000e+00
4.423636217485999111e+00,-9.486518482215446468e+00,0.000000000000000000e+00
4.561455071601407063e+00,-9.352368856495727911e+00,0.000000000000000000e+00
4.697698606008184008e+00,-9.219752635848566413e+00,0.000000000000000000e+00
4.832475307355318606e+00,-9.088564203675804976e+00,0.000000000000000000e+00
4.965889558419719130e+00,-8.958701910792909118e+00,0.000000000000000000e+00
5.098042015982150232e+00,-8.830067790801948036e+00,0.000000000000000000e+00
5.229029932811508630e+00,-8.702567229774901492e+00,0.000000000000000000e+00
5.358947436194071656e+00,-8.576108621457391834e+00,0.000000000000000000e+00
5.487885808215538397e+00,-8.450603081486391943e+00,0.000000000000000000e+00
5.615933762684562680e+00,-8.325964198309035780e+00,0.000000000000000000e+00
5.743177756442407578e+00,-8.202107865228875028e+00,0.000000000000000000e+00
5.869702191816672077e+00,-8.078951975366493343e+00,0.000000000000000000e+00
5.995589620499788275e+00,-7.956416158445332343e+00,0.000000000000000000e+00
6.120920965682586257e+00,-7.834421571340601353e+00,0.000000000000000000e+00
6.245775804141318055e+00,-7.712890780889535947e+00,0.000000000000000000e+00
6.370232549768995334e+00,-7.591747526847775873e+00,0.000000000000000000e+00
6.494368599449829027e+00,-7.470916461655242813e+00,0.000000000000000000e+00
6.618260528308235635e+00,-7.350322969139200247e+00,0.000000000000000000e+00
6.741984361417578064e+00,-7.229893072659959508e+00,0.000000000000000000e+00
6.865615735941304365e+00,-7.109553217404783076e+00,0.000000000000000000e+00
6.989230023208287790e+00,-6.989230023208291342e+00,0.000000000000000000e+00
7.112902518017462761e+00,-6.868850117946442069e+00,0.000000000000000000e+00
7.236708715702781625e+00,-6.748340051376743531e+00,0.000000000000000000e+00
7.360724454580981124e+00,-6.627626067866725812e+00,0.000000000000000000e+00
7.485026042361385024e+00,-6.506633870833831601e+00,0.000000000000000000e+00
7.609690454944175286e+00,-6.385288454116929913e+00,0.000000000000000000e+00
7.734795625934649088e+00,-6.263513997908465747e+00,0.000000000000000000e+00
7.860420593090062802e+00,-6.141233627678683860e+00,0.000000000000000000e+00
7.986645647045877539e+00,-6.018369174067271565e+00,0.000000000000000000e+00
8.113552548594938685e+00,-5.894840979760507693e+00,0.000000000000000000e+00
8.241224833563782326e+00,-5.770567752542426376e+00,0.000000000000000000e+00
8.369748012898446277e+00,-5.645466318524985816e+00,0.000000000000000000e+00
8.499209751030910809e+00,-5.519451348497794285e+00,0.000000000000000000e+00
8.629700118385541074e+00,-5.392435120147432315e+00,0.000000000000000000e+00
8.761311895722192489e+00,-5.264327289157169076e+00,0.000000000000000000e+00
8.894140900280296691e+00,-5.135034642987295506e+00,0.000000000000000000e+00
9.028286211930073080e+00,-5.004460766379069447e+00,0.000000000000000000e+00
9.163850482604635417e+00,-4.872505731936479734e+00,0.000000000000000000e+00
9.300940280051596787e+00,-4.739065776914131334e+00,0.000000000000000000e+00
9.439666467134012251e+00,-4.604032961213627040e+00,0.000000000000000000e+00
9.580144627043443606e+00,-4.467294805822827897e+00,0.000000000000000000e+00
9.722495442397521614e+00,-4.328733863736882626e+00,0.000000000000000000e+00
9.866845137562384238e+00,-4.188227276335437566e+00,0.000000000000000000e+00
1.001332597214751630e+01,-4.045646300583918276e+00,0.000000000000000000e+00
1.016207677519137320e+01,-3.900855795264652759e+00,0.000000000000000000e+00
1.031324352441419911e+01,-3.753713661625428966e+00,0.000000000000000000e+00
1.046697997558185023e+01,-3.604070233342827834e+00,0.000000000000000000e+00
1.062344834788107129e+01,-3.451767610139491627e+00,0.000000000000000000e+00
1.078282007259299569e+01,-3.296638928839972671e+00,0.000000000000000000e+00
1.094527661027440857e+01,-3.138507563850000626e+00,0.000000000000000000e+00
1.111101034952569400e+01,-2.977186250249255206e+00,0.000000000000000000e+00
1.128022559795136992e+01,-2.812476119957740828e+00,0.000000000000000000e+00
1.145313967361002661e+01,-2.644165639154773206e+00,0.000000000000000000e+00
1.162998410936093308e+01,-2.472029434562760919e+00,0.000000000000000000e+00
1.181100598908895449e+01,-2.295826995386553548e+00,0.000000000000000000e+00
1.199646943292109924e+01,-2.115301234268379904e+00,0.000000000000000000e+00
1.218665724361706282e+01,-1.930176886957247984e+00,0.000000000000000000e+00
1.238187273620448892e+01,-1.740158729524967862e+00,0.000000000000000000e+00
1.258244176945072823e+01,-1.544929587748381961e+00,0.000000000000000000e+00
1.278871500110872006e+01,-1.344148110222215919e+00,0.000000000000000000e+00
1.300107046576199998e+01,-1.137446279455881726e+00,0.000000000000000000e+00
1.321991656403432103e+01,-9.244266194821191274e-01,0.000000000000000000e+00
1.344569525596937254e+01,-7.046590292818843970e-01,0.000000000000000000e+00
1.367888608560906150e+01,-4.776772278994274590e-01,0.000000000000000000e+00
1.392000534824867053e+01,-2.429745971548296080e-01,0.000000000000000000e+00
1.416958910333465305e+01,-3.470548388126399197e-15,0.000000000000000000e+00
