1.189745163055795096e+01,0.000000000000000000e+00,0.000000000000000000e+00
1.205173573208450755e+01,2.103638297012549452e-01,0.000000000000000000e+00
1.220926677846432007e+01,4.263569908340059111e-01,0.000000000000000000e+00
1.236991786947685767e+01,6.482799254528903710e-01,0.000000000000000000e+00
1.253119088941874537e+01,8.762662287526156168e-01,0.000000000000000000e+00
1.268629924050492619e+01,1.109907365641720656e+00,0.000000000000000000e+00
1.283124109208586816e+01,1.348617782493208406e+00,0.000000000000000000e+00
1.296649535910536954e+01,1.592085439117303158e+00,0.000000000000000000e+00
1.309249621293622212e+01,1.840030346103955772e+00,0.000000000000000000e+00
1.320897980559040263e+01,2.092096873766537968e+00,0.000000000000000000e+00
1.331564489508067517e+01,2.347907460535660018e+00,0.000000000000000000e+00
1.341242531163615226e+01,2.607111378362395815e+00,0.000000000000000000e+00
1.349937279549946645e+01,2.869380266113200850e+00,0.000000000000000000e+00
1.357654483922456556e+01,3.134392348766875003e+00,0.000000000000000000e+00
1.364392935124022088e+01,3.401813656078177761e+00,0.000000000000000000e+00
1.370145227473652483e+01,3.671293072149220293e+00,0.000000000000000000e+00
1.374904792127163589e+01,3.942476050001371579e+00,0.000000000000000000e+00
1.378666178029815725e+01,4.215005501130623777e+00,0.000000000000000000e+00
1.381425061392704201e+01,4.488522113162413341e+00,0.000000000000000000e+00
1.383178254331318868e+01,4.762664670680685219e+00,0.000000000000000000e+00
1.383923712656659610e+01,5.037070379021968414e+00,0.000000000000000000e+00
1.383661015216356205e+01,5.311377004221504272e+00,0.000000000000000000e+00
1.382394579864948980e+01,5.585236647178124514e+00,0.000000000000000000e+00
1.380137553191210920e+01,5.858336342348128056e+00,0.000000000000000000e+00
1.376905673895592486e+01,6.130379029823985526e+00,0.000000000000000000e+00
1.372715391975724231e+01,6.401076997455208861e+00,0.000000000000000000e+00
1.367573309451297625e+01,6.670100702722632668e+00,0.000000000000000000e+00
1.361438158147812771e+01,6.936873894891316006e+00,0.000000000000000000e+00
1.354291320071189908e+01,7.200894680991261509e+00,0.000000000000000000e+00
1.346257113927247495e+01,7.462425038325549487e+00,0.000000000000000000e+00
1.337376010920720759e+01,7.721343999128258417e+00,0.000000000000000000e+00
1.327568042164048734e+01,7.976833556158966942e+00,0.000000000000000000e+00
1.316811329210356973e+01,8.228350418705357328e+00,0.000000000000000000e+00
1.305181714221921041e+01,8.475949157182588678e+00,0.000000000000000000e+00
1.292633587577522469e+01,8.718923639776198442e+00,0.000000000000000000e+00
1.279234817413238545e+01,8.957298622930712995e+00,0.000000000000000000e+00
1.265028691029966090e+01,9.190971431802241298e+00,0.000000000000000000e+00
1.250096121302271968e+01,9.420149952251207992e+00,0.000000000000000000e+00
1.234213955287349229e+01,9.642736233000100299e+00,0.000000000000000000e+00
1.217670967565238627e+01,9.860505072194454712e+00,0.000000000000000000e+00
1.200276966955694746e+01,1.007151960283107783e+01,0.000000000000000000e+00
1.182281173194881063e+01,1.027741344228119402e+01,0.000000000000000000e+00
1.163413671945624728e+01,1.047542375411240911e+01,0.000000000000000000e+00
1.143917733962351946e+01,1.066720544220301115e+01,0.000000000000000000e+00
1.123793016652837018e+01,1.085234301388223699e+01,0.000000000000000000e+00
1.103026371217655743e+01,1.103026371217655566e+01,0.000000000000000000e+00
1.081623450953322241e+01,1.120053871568932102e+01,0.000000000000000000e+00
1.059611155950088346e+01,1.136293848433958864e+01,0.000000000000000000e+00
1.037043257310849675e+01,1.151753219988660426e+01,0.000000000000000000e+00
1.013934965323444892e+01,1.166398751084820873e+01,0.000000000000000000e+00
9.903010472163385813e+00,1.180194830769879744e+01,0.000000000000000000e+00
9.661851767028920790e+00,1.193139327396717420e+01,0.000000000000000000e+00
9.416283135142604621e+00,1.205229280518658719e+01,0.000000000000000000e+00
9.166720895329801166e+00,1.216464949538702278e+01,0.000000000000000000e+00
8.913433281296510913e+00,1.226828841770256595e+01,0.000000000000000000e+00
8.655899561125400155e+00,1.236190570478118467e+01,0.000000000000000000e+00
8.395334253149048465e+00,1.244659488133683745e+01,0.000000000000000000e+00
8.132188814339841088e+00,1.252247263432677293e+01,0.000000000000000000e+00
7.865748285621571689e+00,1.258782857822564871e+01,0.000000000000000000e+00
7.597350386240531606e+00,1.264411436804789801e+01,0.000000000000000000e+00
7.326976743981677309e+00,1.269069598645184449e+01,0.000000000000000000e+00
7.054686307022632441e+00,1.272699099632822772e+01,0.000000000000000000e+00
6.781526529886581223e+00,1.275419642020596278e+01,0.000000000000000000e+00
6.506785152525119464e+00,1.277028489741073258e+01,0.000000000000000000e+00
6.231966475187075361e+00,1.277742480466944563e+01,0.000000000000000000e+00
5.956324217901834750e+00,1.277337850608916803e+01,0.000000000000000000e+00
5.681151510757546319e+00,1.276007521128294186e+01,0.000000000000000000e+00
5.406066070881804464e+00,1.273589354288640862e+01,0.000000000000000000e+00
5.131921526441930226e+00,1.270195150286051344e+01,0.000000000000000000e+00
4.858825860089722504e+00,1.265767411537118647e+01,0.000000000000000000e+00
4.587091032611712471e+00,1.260292903308346268e+01,0.000000000000000000e+00
4.317450107320785158e+00,1.253878556550366952e+01,0.000000000000000000e+00
4.049529370711574039e+00,1.246316987754667416e+01,0.000000000000000000e+00
3.784467287319940532e+00,1.237843473629799895e+01,0.000000000000000000e+00
3.522180979186854355e+00,1.228330482063795159e+01,0.000000000000000000e+00
3.262954876895567846e+00,1.217751338337891198e+01,0.000000000000000000e+00
3.007520596405426350e+00,1.206250626527922876e+01,0.000000000000000000e+00
2.756111792494217116e+00,1.193803173601876644e+01,0.000000000000000000e+00
2.508806984078594926e+00,1.180300887616598260e+01,0.000000000000000000e+00
2.266206154922420613e+00,1.165861997532276817e+01,0.000000000000000000e+00
2.031103237347337664e+00,1.151895886373462474e+01,0.000000000000000000e+00
1.802926537543260821e+00,1.138323015726158971e+01,0.000000000000000000e+00
1.581285317677661784e+00,1.125142967185430898e+01,0.000000000000000000e+00
1.365765034404103462e+00,1.112326357940165700e+01,0.000000000000000000e+00
1.155990451992952028e+00,1.099851446586244386e+01,0.000000000000000000e+00
9.516119625393861803e-01,1.087697450375855723e+01,0.000000000000000000e+00
7.523041006743543813e-01,1.075844986729972774e+01,0.000000000000000000e+00
5.577634285390017377e-01,1.064276021936859173e+01,0.000000000000000000e+00
3.677065176812825964e-01,1.052973697410006082e+01,0.000000000000000000e+00
1.818682044255828800e-01,1.041922245339683606e+01,0.000000000000000000e+00
6.313708751854555609e-16,1.031106888329011184e+01,0.000000000000000000e+00
-1.781313387167286211e-01,1.020513756031721364e+01,0.000000000000000000e+00
-3.527451017217639317e-01,1.010129807721233064e+01,0.000000000000000000e+00
-5.240477960054898965e-01,9.999427626483502252e+00,0.000000000000000000e+00
-6.922342069924186658e-01,9.899410365678217971e+00,0.000000000000000000e+00
-8.574883634562324719e-01,9.801136843313958735e+00,0.000000000000000000e+00
-1.019984418745279120e+00,9.704503497570982518e+00,0.000000000000000000e+00
-1.179887454258191859e+00,9.609412173499752186e+00,0.000000000000000000e+00
-1.337354212889920513e+00,9.515769674499912512e+00,0.000000000000000000e+00
-1.492533770463306375e+00,9.423487353966342184e+00,0.000000000000000000e+00
-1.645568151069296547e+00,9.332480738101233797e+00,0.000000000000000000e+00
-1.796592892891986315e+00,9.242669182191185939e+00,0.000000000000000000e+00
-1.945737585140600689e+00,9.153975628196377556e+00,0.000000000000000000e+00
-2.093126355240405800e+00,9.066326309552152907e+00,0.000000000000000000e+00
-2.238878304232526872e+00,8.979650415122881313e+00,0.000000000000000000e+00
-2.383107917047496915e+00,8.893879826340892691e+00,0.000000000000000000e+00
-2.525925454779523349e+00,8.808948915063529839e+00,0.000000000000000000e+00
-2.667437352215354274e+00,8.724794448135998692e+00,0.000000000000000000e+00
-2.807746527529781932e+00,8.641355264339397380e+00,0.000000000000000000e+00
-2.946952681722930123e+00,8.558572034255677252e+00,0.000000000000000000e+00
-3.085152607866004981e+00,8.476387125683389812e+00,0.000000000000000000e+00
-3.222440528757397171e+00,8.394744583092007773e+00,0.000000000000000000e+00
-3.358908314319001942e+00,8.313589810601653696e+00,0.000000000000000000e+00
-3.494645711439683833e+00,8.232869367011016237e+00,0.000000000000000000e+00
-3.629740632249510490e+00,8.152530939766743145e+00,0.000000000000000000e+00
-3.764279423721931916e+00,8.072523274903417700e+00,0.000000000000000000e+00
-3.898347014316794645e+00,7.992795859262900926e+00,0.000000000000000000e+00
-4.032027130421927730e+00,7.913298804647863172e+00,0.000000000000000000e+00
-4.165402603643712176e+00,7.833982915495253607e+00,0.000000000000000000e+00
-4.298555518246431006e+00,7.754799433602066472e+00,0.000000000000000000e+00
-4.431567359261185501e+00,7.675699823404217526e+00,0.000000000000000000e+00
-4.564519286037434398e+00,7.596635794545337106e+00,0.000000000000000000e+00
-4.697492366994382884e+00,7.517559234807887236e+00,0.000000000000000000e+00
-4.830567670099795485e+00,7.438421910522112768e+00,0.000000000000000000e+00
-4.963826478230513928e+00,7.359175391094616714e+00,0.000000000000000000e+00
-5.097350606177097454e+00,7.279771107877536451e+00,0.000000000000000000e+00
-5.231222498018137657e+00,7.200160068234216837e+00,0.000000000000000000e+00
-5.365525389950144941e+00,7.120292684006168216e+00,0.000000000000000000e+00
-5.500343626064706726e+00,7.040118798368059316e+00,0.000000000000000000e+00
-5.635762876533413568e+00,6.959587551136918293e+00,0.000000000000000000e+00
-5.771870252873256391e+00,6.878647109849353569e+00,0.000000000000000000e+00
-5.908754563170676377e+00,6.797244575494520546e+00,0.000000000000000000e+00
-6.046506674905195666e+00,6.715325984147960448e+00,0.000000000000000000e+00
-6.185219661238111399e+00,6.632836029341220296e+00,0.000000000000000000e+00
-6.324989019532818446e+00,6.549717864118731470e+00,0.000000000000000000e+00
-6.465913005705285599e+00,6.465913005705286487e+00,0.000000000000000000e+00
-6.608093005857867297e+00,6.381361238638075584e+00,0.000000000000000000e+00
-6.751633735896288790e+00,6.296000314799271358e+00,0.000000000000000000e+00
-6.896643556273413189e+00,6.209765750149221830e+00,0.000000000000000000e+00
-7.043234859315234075e+00,6.122590654527670040e+00,0.000000000000000000e+00
-7.191524523894065268e+00,6.034405575601876848e+00,0.000000000000000000e+00
-7.341634236009901393e+00,5.945138181878647288e+00,0.000000000000000000e+00
-7.493690904819716891e+00,5.854712993419763478e+00,0.000000000000000000e+00
-7.647827138547277137e+00,5.763051114738361846e+00,0.000000000000000000e+00
-7.804181776042794283e+00,5.670069956579500747e+00,0.000000000000000000e+00
-7.962900468704894763e+00,5.575682934200800744e+00,0.000000000000000000e+00
-8.124136225004237488e+00,5.479799075753440718e+00,0.000000000000000000e+00
-8.288050051123823536e+00,5.382322636000824723e+00,0.000000000000000000e+00
-8.454811660867731504e+00,5.283152683041845599e+00,0.000000000000000000e+00
-8.624600249420945275e+00,5.182182644732322707e+00,0.000000000000000000e+00
-8.797605338370956929e+00,5.079299810332559062e+00,0.000000000000000000e+00
-8.974027700187088286e+00,4.974384782201579647e+00,0.000000000000000000e+00
-9.154080372667108279e+00,4.867310872334329019e+00,0.000000000000000000e+00
-9.337989774439678925e+00,4.757943437195758740e+00,0.000000000000000000e+00
-9.525996933725567217e+00,4.646139143156427842e+00,0.000000000000000000e+00
-9.718358853499871941e+00,4.531745158085422887e+00,0.000000000000000000e+00
-9.915350019002428184e+00,4.414598253334423461e+00,0.000000000000000000e+00
-1.011726394846276200e+01,4.294523755067796600e+00,0.000000000000000000e+00
-1.032441632149518362e+01,4.171334960324594832e+00,0.000000000000000000e+00
-1.053713821742801571e+01,4.044828393867805794e+00,0.000000000000000000e+00
-1.075582872796358558e+01,3.914801501844057618e+00,0.000000000000000000e+00
-1.098072542363935256e+01,3.780966977310891153e+00,0.000000000000000000e+00
-1.121224774634904087e+01,3.643080131831820001e+00,0.000000000000000000e+00
-1.144159766157508429e+01,3.498047450049169171e+00,0.000000000000000000e+00
-1.166729921309769935e+01,3.345544213623143026e+00,0.000000000000000000e+00
-1.188973653781503259e+01,3.185845303526354311e+00,0.000000000000000000e+00
-1.210859039479464272e+01,3.019010660380268884e+00,0.000000000000000000e+00
-1.232355465614989676e+01,2.845116771702334901e+00,0.000000000000000000e+00
-1.253437862146383530e+01,2.664264422448584302e+00,0.000000000000000000e+00
-1.274023288510262653e+01,2.476450406692777939e+00,0.000000000000000000e+00
-1.294123648462411147e+01,2.281889155967998128e+00,0.000000000000000000e+00
-1.313758500233954685e+01,2.080789047811572257e+00,0.000000000000000000e+00
-1.332905926966817134e+01,1.873277115556816863e+00,0.000000000000000000e+00
-1.351548523457548079e+01,1.659492919917041842e+00,0.000000000000000000e+00
-1.369670461347679336e+01,1.439581664059344845e+00,0.000000000000000000e+00
-1.387258948131233538e+01,1.213694313363813837e+00,0.000000000000000000e+00
-1.404280091690624488e+01,9.819682988766618159e-01,0.000000000000000000e+00
-1.420659552892588628e+01,7.445361228433875489e-01,0.000000000000000000e+00
-1.436453779573162315e+01,5.016207132202381569e-01,0.000000000000000000e+00
-1.451661305580453742e+01,2.533884234268782287e-01,0.000000000000000000e+00
-1.466315255684322238e+01,1.795718284414738013e-15,0.000000000000000000e+00
-1.480357092961639331e+01,-2.583972917459237406e-01,0.000000000000000000e+00
-1.493615083768715301e+01,-5.215818804968468392e-01,0.000000000000000000e+00
-1.506286754434177766e+01,-7.894114376335447103e-01,0.000000000000000000e+00
-1.518355452577072384e+01,-1.061737561957598608e+00,0.000000000000000000e+00
-1.529642380582313521e+01,-1.338263675497590732e+00,0.000000000000000000e+00
-1.540220674089230890e+01,-1.618837160905326700e+00,0.000000000000000000e+00
-1.550148380450896646e+01,-1.903342882280124826e+00,0.000000000000000000e+00
-1.559386180714820291e+01,-2.191574354610351882e+00,0.000000000000000000e+00
-1.567901241255420430e+01,-2.483311605803852462e+00,0.000000000000000000e+00
-1.575676304160973373e+01,-2.778342452865775414e+00,0.000000000000000000e+00
-1.582700419217940002e+01,-3.076457967599796284e+00,0.000000000000000000e+00
-1.588973666284559627e+01,-3.377467790896546695e+00,0.000000000000000000e+00
-1.594497847184307382e+01,-3.681188337330455695e+00,0.000000000000000000e+00
-1.599271085536349268e+01,-3.987430657616232388e+00,0.000000000000000000e+00
-1.603285191389674225e+01,-4.295989722696405444e+00,0.000000000000000000e+00
-1.606531896188191055e+01,-4.606656083063117357e+00,0.000000000000000000e+00
-1.609003510966143935e+01,-4.919217398770556748e+00,0.000000000000000000e+00
-1.610692935890286392e+01,-5.233458594539604825e+00,0.000000000000000000e+00
-1.611593669403105977e+01,-5.549162017783054068e+00,0.000000000000000000e+00
-1.611699816958772402e+01,-5.866107599452796251e+00,0.000000000000000000e+00
-1.611005750993928132e+01,-6.184071680417900119e+00,0.000000000000000000e+00
-1.609506548143392735e+01,-6.502828561033458854e+00,0.000000000000000000e+00
-1.607203359971837386e+01,-6.822173508355045435e+00,0.000000000000000000e+00
-1.604099254617100812e+01,-7.141910022375737910e+00,0.000000000000000000e+00
-1.600197728443434997e+01,-7.461844553354062271e+00,0.000000000000000000e+00
-1.595502692463174732e+01,-7.781786582588648749e+00,0.000000000000000000e+00
-1.590018458634644105e+01,-8.101548698402547544e+00,0.000000000000000000e+00
-1.583749726050909601e+01,-8.420946667325519996e+00,0.000000000000000000e+00
-1.576701061581962904e+01,-8.739796698700713407e+00,0.000000000000000000e+00
-1.568868645017576213e+01,-9.057867345240612877e+00,0.000000000000000000e+00
-1.560241990007084212e+01,-9.374879679484491746e+00,0.000000000000000000e+00
-1.550811430051590278e+01,-9.690545332299141279e+00,0.000000000000000000e+00
-1.540573319025229715e+01,-1.000460011252475034e+01,0.000000000000000000e+00
-1.529546300564351746e+01,-1.031692006635480929e+01,0.000000000000000000e+00
-1.517754669753123231e+01,-1.062743260914124654e+01,0.000000000000000000e+00
-1.505210911027699794e+01,-1.093599740479317184e+01,0.000000000000000000e+00
-1.491902973261851173e+01,-1.124229527861867872e+01,0.000000000000000000e+00
-1.477821559645360949e+01,-1.154600743092658810e+01,0.000000000000000000e+00
-1.462986310238452070e+01,-1.184702954813976206e+01,0.000000000000000000e+00
-1.447423194952012082e+01,-1.214532269041673551e+01,0.000000000000000000e+00
-1.431129418350606741e+01,-1.244061823470833161e+01,0.000000000000000000e+00
-1.414092737068223826e+01,-1.273254819468430732e+01,0.000000000000000000e+00
-1.396315088889179812e+01,-1.302084885390809887e+01,0.000000000000000000e+00
-1.377816824104642102e+01,-1.330542240778185992e+01,0.000000000000000000e+00
-1.358639512994899512e+01,-1.358639512994899157e+01,0.000000000000000000e+00
-1.338613281387784504e+01,-1.386174631319715544e+01,0.000000000000000000e+00
-1.317498874086932759e+01,-1.412844568063574258e+01,0.000000000000000000e+00
-1.295479657896443193e+01,-1.438775920766430261e+01,0.000000000000000000e+00
-1.272647758281511621e+01,-1.464013774647689559e+01,0.000000000000000000e+00
-1.248934104207817875e+01,-1.488421705603097678e+01,0.000000000000000000e+00
-1.224289646282794664e+01,-1.511871802969928247e+01,0.000000000000000000e+00
-1.198847029056059199e+01,-1.534454223119836769e+01,0.000000000000000000e+00
-1.172653128710600789e+01,-1.556163262012374915e+01,0.000000000000000000e+00
-1.145717678022077912e+01,-1.576945097993801070e+01,0.000000000000000000e+00
-1.118073052630168718e+01,-1.596773801505845647e+01,0.000000000000000000e+00
-1.089747705024664626e+01,-1.615617412995901248e+01,0.000000000000000000e+00
-1.060774255256130161e+01,-1.633449110185422626e+01,0.000000000000000000e+00
-1.031186876020392518e+01,-1.650243963589406704e+01,0.000000000000000000e+00
-1.001021546441514154e+01,-1.665979621133397259e+01,0.000000000000000000e+00
-9.703156316796460956e+00,-1.680635973447434139e+01,0.000000000000000000e+00
-9.391076489001322969e+00,-1.694195045956509205e+01,0.000000000000000000e+00
-9.074370237126611727e+00,-1.706640826131509314e+01,0.000000000000000000e+00
-8.753438840077313543e+00,-1.717959102683254713e+01,0.000000000000000000e+00
-8.428688813008980318e+00,-1.728137305278873370e+01,0.000000000000000000e+00
-8.100530356837962742e+00,-1.737164341003675361e+01,0.000000000000000000e+00
-7.769376259043462518e+00,-1.745030478810998886e+01,0.000000000000000000e+00
-7.435640286697193346e+00,-1.751727076082998735e+01,0.000000000000000000e+00
-7.099738462549882279e+00,-1.757246933135122546e+01,0.000000000000000000e+00
-6.762082335988043091e+00,-1.761582674804154180e+01,0.000000000000000000e+00
-6.423002998296904131e+00,-1.764705570291004477e+01,0.000000000000000000e+00
-6.082563533038504389e+00,-1.766504717680470904e+01,0.000000000000000000e+00
-5.741666361375359351e+00,-1.767103203635787523e+01,0.000000000000000000e+00
-5.400704586354546421e+00,-1.766490873793705063e+01,0.000000000000000000e+00
-5.060108292721500867e+00,-1.764669474743614330e+01,0.000000000000000000e+00
-4.720288966858517732e+00,-1.761635825072280070e+01,0.000000000000000000e+00
-4.381666105838416314e+00,-1.757390287441696941e+01,0.000000000000000000e+00
-4.044645465167101328e+00,-1.751928425240409481e+01,0.000000000000000000e+00
-3.709657085522923392e+00,-1.745256442039119804e+01,0.000000000000000000e+00
-3.376860615271801258e+00,-1.737244183966845412e+01,0.000000000000000000e+00
-3.046959863379682609e+00,-1.728016807829005330e+01,0.000000000000000000e+00
-2.720390007633630702e+00,-1.717586653120367046e+01,0.000000000000000000e+00
-2.397571308683760005e+00,-1.705960629706557086e+01,0.000000000000000000e+00
-2.078919173390235908e+00,-1.693143794384871015e+01,0.000000000000000000e+00
-1.764851160172468569e+00,-1.679143714533844545e+01,0.000000000000000000e+00
-1.455784591306293452e+00,-1.663969402018496524e+01,0.000000000000000000e+00
-1.152136556750301466e+00,-1.647632038024323364e+01,0.000000000000000000e+00
-8.543230954235201402e-01,-1.630145575925911317e+01,0.000000000000000000e+00
-5.627573821673376164e-01,-1.611526293257409748e+01,0.000000000000000000e+00
-2.778491939188479920e-01,-1.591796965874825176e+01,0.000000000000000000e+00
-2.885835516893461800e-15,-1.570975685344646777e+01,0.000000000000000000e+00
2.703982850930026216e-01,-1.549110737800160997e+01,0.000000000000000000e+00
5.329634093725522659e-01,-1.526207518131850804e+01,0.000000000000000000e+00
7.872091292773724103e-01,-1.502084499756901792e+01,0.000000000000000000e+00
1.032779445455139555e+00,-1.476943416624598804e+01,0.000000000000000000e+00
1.269339636015430095e+00,-1.450861842962446069e+01,0.000000000000000000e+00
1.496646646124474955e+00,-1.423964165041821950e+01,0.000000000000000000e+00
1.714852019794087079e+00,-1.396634892191496746e+01,0.000000000000000000e+00
1.924617856741463573e+00,-1.369436762501819693e+01,0.000000000000000000e+00
2.126320519051683178e+00,-1.342505939784720859e+01,0.000000000000000000e+00
2.320462171015212238e+00,-1.315999492358924172e+01,0.000000000000000000e+00
2.507976957503196047e+00,-1.290242292868410701e+01,0.000000000000000000e+00
2.689476494889917468e+00,-1.265299209659372970e+01,0.000000000000000000e+00
2.865376442326920792e+00,-1.241130893068122809e+01,0.000000000000000000e+00
3.036029156163311260e+00,-1.217684785319874585e+01,0.000000000000000000e+00
3.201760651839151706e+00,-1.194913342633854469e+01,0.000000000000000000e+00
3.362879649759419110e+00,-1.172775506346964569e+01,0.000000000000000000e+00
3.519671758356539559e+00,-1.151232758702516890e+01,0.000000000000000000e+00
3.672399119175950855e+00,-1.130248231102473433e+01,0.000000000000000000e+00
3.821308177053513777e+00,-1.109788477475039770e+01,0.000000000000000000e+00
3.966626940564730308e+00,-1.089821795060198717e+01,0.000000000000000000e+00
4.108570221968033565e+00,-1.070319135677553390e+01,0.000000000000000000e+00
4.247336920726326959e+00,-1.051252777451938591e+01,0.000000000000000000e+00
4.383114814904390144e+00,-1.032597140636965705e+01,0.000000000000000000e+00
4.516079526740463201e+00,-1.014328069093501838e+01,0.000000000000000000e+00
4.646395618079166567e+00,-9.964227558396054008e+00,0.000000000000000000e+00
4.774219765994419440e+00,-9.788601126762168647e+00,0.000000000000000000e+00
4.899696688858397486e+00,-9.616196195342297415e+00,0.000000000000000000e+00
5.022966795997669820e+00,-9.446826587788695662e+00,0.000000000000000000e+00
5.144159483339993955e+00,-9.280309368677736259e+00,0.000000000000000000e+00
5.263399427038900846e+00,-9.116475228160291877e+00,0.000000000000000000e+00
5.380805086604230958e+00,-8.955163504162724664e+00,0.000000000000000000e+00
5.496486616447478823e+00,-8.796217320712919729e+00,0.000000000000000000e+00
5.610552688916233599e+00,-8.639493513297814786e+00,0.000000000000000000e+00
5.723103871834934964e+00,-8.484850419126628296e+00,0.000000000000000000e+00
5.834237063977491644e+00,-8.332154033780421187e+00,0.000000000000000000e+00
5.944046968548341248e+00,-8.181278781941427880e+00,0.000000000000000000e+00
6.052620923796538044e+00,-8.032099254155546930e+00,0.000000000000000000e+00
6.160045666451483548e+00,-7.884498904701808364e+00,0.000000000000000000e+00
6.266404617100865160e+00,-7.738365243355973533e+00,0.000000000000000000e+00
6.371775438065025554e+00,-7.593586269517541787e+00,0.000000000000000000e+00
6.476236724904476993e+00,-7.450058126014575954e+00,0.000000000000000000e+00
6.579863305020221986e+00,-7.307678532420840867e+00,0.000000000000000000e+00
6.682725705934855043e+00,-7.166345944722155359e+00,0.000000000000000000e+00
6.784896135068214207e+00,-7.025965623783622327e+00,0.000000000000000000e+00
6.886443165336382677e+00,-6.886443165336386230e+00,0.000000000000000000e+00
6.987432076290525984e+00,-6.747684720800653402e+00,0.000000000000000000e+00
7.087930340445284472e+00,-6.609601971958078082e+00,0.000000000000000000e+00
7.188002235089944847e+00,-6.472106282896898044e+00,0.000000000000000000e+00
7.287709333074814388e+00,-6.335109072301476019e+00,0.000000000000000000e+00
7.387115901795795025e+00,-6.198526228660676374e+00,0.000000000000000000e+00
7.486283592777795981e+00,-6.062272921401218539e+00,0.000000000000000000e+00
7.585271657522554278e+00,-5.926263719171164901e+00,0.000000000000000000e+00
7.684142558886801311e+00,-5.790416746816397620e+00,0.000000000000000000e+00
7.782956803967628900e+00,-5.654649111711168352e+00,0.000000000000000000e+00
7.881772650158493043e+00,-5.518876624096103356e+00,0.000000000000000000e+00
7.980652075172537607e+00,-5.383017794660070798e+00,0.000000000000000000e+00
8.079655815665683249e+00,-5.246989837115719979e+00,0.000000000000000000e+00
8.178842451130599045e+00,-5.110707981806483780e+00,0.000000000000000000e+00
8.278274798265075063e+00,-4.974089319765808703e+00,0.000000000000000000e+00
8.378015152622008799e+00,-4.837049303641086873e+00,0.000000000000000000e+00
8.478123753853234135e+00,-4.699500736097573572e+00,0.000000000000000000e+00
8.578665685480821423e+00,-4.561357456040836311e+00,0.000000000000000000e+00
8.679706134949396912e+00,-4.422531169889645675e+00,0.000000000000000000e+00
8.781308408980370572e+00,-4.282930281307158360e+00,0.000000000000000000e+00
8.883541490131031892e+00,-4.142463428385775082e+00,0.000000000000000000e+00
8.986474834865726180e+00,-4.001036376285512119e+00,0.000000000000000000e+00
9.090176389450654426e+00,-3.858550952224966135e+00,0.000000000000000000e+00
9.194720941509896051e+00,-3.714908399605726608e+00,0.000000000000000000e+00
9.300183632755087970e+00,-3.570006015839705338e+00,0.000000000000000000e+00
9.406638994116596209e+00,-3.423736598346210247e+00,0.000000000000000000e+00
9.514169840746118822e+00,-3.275991393696636056e+00,0.000000000000000000e+00
9.622858515452508144e+00,-3.126656265733067652e+00,0.000000000000000000e+00
9.732788917920046856e+00,-2.975612188368988331e+00,0.000000000000000000e+00
9.844053951042601724e+00,-2.822737047622234652e+00,0.000000000000000000e+00
9.956744765624101490e+00,-2.667901719191785315e+00,0.000000000000000000e+00
1.007095881456830355e+01,-2.510972047952243269e+00,0.000000000000000000e+00
1.018680140657493460e+01,-2.351808414091300481e+00,0.000000000000000000e+00
1.030437608404724159e+01,-2.190262750579894391e+00,0.000000000000000000e+00
1.042379720906350116e+01,-2.026180923886649055e+00,0.000000000000000000e+00
1.054518097712608515e+01,-1.859399922720992970e+00,0.000000000000000000e+00
1.066865109628524699e+01,-1.689748332902892169e+00,0.000000000000000000e+00
1.079434910505553802e+01,-1.517046833293522523e+00,0.000000000000000000e+00
1.092241310040117952e+01,-1.341103696532898848e+00,0.000000000000000000e+00
1.105297623556785069e+01,-1.161714614649053789e+00,0.000000000000000000e+00
1.118616910238801587e+01,-9.786629847429141327e-01,0.000000000000000000e+00
1.132220007164172593e+01,-7.917253551964850145e-01,0.000000000000000000e+00
1.146134857763879111e+01,-6.006638265428980716e-01,0.000000000000000000e+00
1.160371859383507065e+01,-4.052107822624198552e-01,0.000000000000000000e+00
1.174911673433618731e+01,-2.050815954470569247e-01,0.000000000000000000e+00
1.189731098966899658e+01,-2.914000764391753413e-15,0.000000000000000000e+00
