1.395675684919559600e+01,0.000000000000000000e+00,0.000000000000000000e+00
1.407449134149360859e+01,2.456711601974071457e-01,0.000000000000000000e+00
1.418409194204573254e+01,4.953194051579354329e-01,0.000000000000000000e+00
1.428542095171706450e+01,7.486671882029202196e-01,0.000000000000000000e+00
1.437834913397556669e+01,1.005432115949645322e+00,0.000000000000000000e+00
1.446275587520325701e+01,1.265327182423238384e+00,0.000000000000000000e+00
1.453852949629885316e+01,1.528061024595971151e+00,0.000000000000000000e+00
1.460557626948942556e+01,1.793339268983142443e+00,0.000000000000000000e+00
1.466382518855837169e+01,2.060866231929946224e+00,0.000000000000000000e+00
1.471321534745085202e+01,2.330344378180380982e+00,0.000000000000000000e+00
1.475369483274006299e+01,2.601474464151136257e+00,0.000000000000000000e+00
1.478522077314646666e+01,2.873955784553627435e+00,0.000000000000000000e+00
1.480775938276180526e+01,3.147486420436858001e+00,0.000000000000000000e+00
1.482128599793861490e+01,3.421763488498724470e+00,0.000000000000000000e+00
1.482578510780937187e+01,3.696483391512281003e+00,0.000000000000000000e+00
1.482125366462692817e+01,3.971342950253602400e+00,0.000000000000000000e+00
1.480770803768462862e+01,4.246041953469679164e+00,0.000000000000000000e+00
1.478516564567141600e+01,4.520278768330296515e+00,0.000000000000000000e+00
1.475365019817660617e+01,4.793751540718100834e+00,0.000000000000000000e+00
1.471319450745034096e+01,5.066159148616986130e+00,0.000000000000000000e+00
1.466387864387396256e+01,5.337215345261967947e+00,0.000000000000000000e+00
1.460610110212379453e+01,5.606756905196474072e+00,0.000000000000000000e+00
1.454031419834486982e+01,5.874668268014620942e+00,0.000000000000000000e+00
1.446577848587564397e+01,6.140358664120917354e+00,0.000000000000000000e+00
1.438160585076552422e+01,6.403103465561885699e+00,0.000000000000000000e+00
1.428932211312045375e+01,6.663220331191634926e+00,0.000000000000000000e+00
1.418927927949207302e+01,6.920573912870610300e+00,0.000000000000000000e+00
1.408097262358588964e+01,7.174613905351346688e+00,0.000000000000000000e+00
1.396448100435772588e+01,7.425046258274561772e+00,0.000000000000000000e+00
1.383988102182212465e+01,7.671571321425400214e+00,0.000000000000000000e+00
1.370739810353537713e+01,7.913969984965513405e+00,0.000000000000000000e+00
1.356733739813750006e+01,8.152078747600668862e+00,0.000000000000000000e+00
1.342013345755750642e+01,8.385830096160640679e+00,0.000000000000000000e+00
1.326544154492095196e+01,8.614678466389380063e+00,0.000000000000000000e+00
1.310260711258765731e+01,8.837820090280530394e+00,0.000000000000000000e+00
1.293410411088909484e+01,9.056557198433740297e+00,0.000000000000000000e+00
1.275738023128142196e+01,9.268779283960819626e+00,0.000000000000000000e+00
1.257531524291257163e+01,9.476179732616172302e+00,0.000000000000000000e+00
1.238533789674670516e+01,9.676486478157135807e+00,0.000000000000000000e+00
1.219027772490046502e+01,9.871492261837152782e+00,0.000000000000000000e+00
1.198873093450973393e+01,1.005973970543076312e+01,0.000000000000000000e+00
1.178078403730871315e+01,1.024087932470956375e+01,0.000000000000000000e+00
1.156761008029609172e+01,1.041552289915906293e+01,0.000000000000000000e+00
1.134921259648742442e+01,1.058331196200810531e+01,0.000000000000000000e+00
1.112562132277459348e+01,1.074388762415765441e+01,0.000000000000000000e+00
1.089698601069461681e+01,1.089698601069461503e+01,0.000000000000000000e+00
1.066353954418306671e+01,1.104241845030603564e+01,0.000000000000000000e+00
1.042554432098999051e+01,1.118002751480518953e+01,0.000000000000000000e+00
1.018326422781998097e+01,1.130966069322930778e+01,0.000000000000000000e+00
9.936966313071142309e+00,1.143117211017647783e+01,0.000000000000000000e+00
9.686937089777181598e+00,1.154444207797605593e+01,0.000000000000000000e+00
9.433493862452772660e+00,1.164939474693378507e+01,0.000000000000000000e+00
9.176975646077822901e+00,1.174599318703698536e+01,0.000000000000000000e+00
8.917705747113814141e+00,1.183419523244195481e+01,0.000000000000000000e+00
8.655929041773024579e+00,1.191386423797776040e+01,0.000000000000000000e+00
8.391413909407635430e+00,1.198418104846856913e+01,0.000000000000000000e+00
8.124799679291996313e+00,1.204551088150314442e+01,0.000000000000000000e+00
7.856677553998089536e+00,1.209822249739011291e+01,0.000000000000000000e+00
7.587299709214852861e+00,1.214221770683965218e+01,0.000000000000000000e+00
7.316271404702082037e+00,1.217632038615347412e+01,0.000000000000000000e+00
7.044429270753184369e+00,1.220130940726988733e+01,0.000000000000000000e+00
6.772313822075546774e+00,1.221757754870902524e+01,0.000000000000000000e+00
6.499819899427968117e+00,1.222438330483891100e+01,0.000000000000000000e+00
6.227051119155764702e+00,1.222127594477270840e+01,0.000000000000000000e+00
5.954898739072430836e+00,1.220935176093590968e+01,0.000000000000000000e+00
5.683585668556699666e+00,1.218848879952878761e+01,0.000000000000000000e+00
5.412717965528545783e+00,1.215716359734912722e+01,0.000000000000000000e+00
5.143258217111573494e+00,1.211675703882475297e+01,0.000000000000000000e+00
4.875586945187864174e+00,1.206750115072260421e+01,0.000000000000000000e+00
4.609808127739137618e+00,1.200896074390983159e+01,0.000000000000000000e+00
4.345866588121321428e+00,1.194017031882562740e+01,0.000000000000000000e+00
4.084525072498681020e+00,1.186232214569029253e+01,0.000000000000000000e+00
3.826109377589452354e+00,1.177555384283891016e+01,0.000000000000000000e+00
3.570876252884299884e+00,1.167980994202944878e+01,0.000000000000000000e+00
3.319073500740330029e+00,1.157498486665143567e+01,0.000000000000000000e+00
3.070981292086466308e+00,1.146105821116021239e+01,0.000000000000000000e+00
2.826849658483865824e+00,1.133787471221939569e+01,0.000000000000000000e+00
2.587917426945697041e+00,1.120950189945481945e+01,0.000000000000000000e+00
2.356221937899333430e+00,1.108515267365487134e+01,0.000000000000000000e+00
2.131246516464393892e+00,1.096431282529962736e+01,0.000000000000000000e+00
1.912600860488817833e+00,1.084689848827541603e+01,0.000000000000000000e+00
1.699887083970167634e+00,1.073266465119318447e+01,0.000000000000000000e+00
1.492743653423149741e+00,1.062142299484824726e+01,0.000000000000000000e+00
1.290833035754176406e+00,1.051299142385612662e+01,0.000000000000000000e+00
1.093840925639481876e+00,1.040720122147821769e+01,0.000000000000000000e+00
9.014739915434318851e-01,1.030389487292046802e+01,0.000000000000000000e+00
7.134580257862447317e-01,1.020292511494163534e+01,0.000000000000000000e+00
5.295362761203896707e-01,1.010415406576371744e+01,0.000000000000000000e+00
3.494679385689923312e-01,1.000745240312002338e+01,0.000000000000000000e+00
1.730267983503117335e-01,9.912698638582584820e+00,0.000000000000000000e+00
6.012880130753260375e-16,9.819778461740417796e+00,0.000000000000000000e+00
-1.698130678684005856e-01,9.728584142582235472e+00,0.000000000000000000e+00
-3.366017855635374811e-01,9.639013986879170659e+00,0.000000000000000000e+00
-5.005452240295112931e-01,9.550971838096682376e+00,0.000000000000000000e+00
-6.618129848281995020e-01,9.464366620386430284e+00,0.000000000000000000e+00
-8.205659667809013236e-01,9.379111918171622264e+00,0.000000000000000000e+00
-9.769570668030360672e-01,9.295125589692379009e+00,0.000000000000000000e+00
-1.131131827800620382e+00,9.212329461316366874e+00,0.000000000000000000e+00
-1.283229037838607756e+00,9.130649042721055153e+00,0.000000000000000000e+00
-1.433381270135644314e+00,9.050013165425752959e+00,0.000000000000000000e+00
-1.581715382289826000e+00,8.970353691389968631e+00,0.000000000000000000e+00
-1.728352978089677361e+00,8.891605254445495987e+00,0.000000000000000000e+00
-1.873410859134158279e+00,8.813705135306468819e+00,0.000000000000000000e+00
-2.017001431070690298e+00,8.736593037079320112e+00,0.000000000000000000e+00
-2.159233055422996372e+00,8.660210769750896986e+00,0.000000000000000000e+00
-2.300210392103227974e+00,8.584502051427172375e+00,0.000000000000000000e+00
-2.440034761571287181e+00,8.509412470977618881e+00,0.000000000000000000e+00
-2.578804460845061541e+00,8.434889323313655041e+00,0.000000000000000000e+00
-2.716615010984996914e+00,8.360881296151697839e+00,0.000000000000000000e+00
-2.853559431479280484e+00,8.287338340996569741e+00,0.000000000000000000e+00
-2.989728568970490663e+00,8.214211733544805938e+00,0.000000000000000000e+00
-3.125211306254935817e+00,8.141453798782166018e+00,0.000000000000000000e+00
-3.260094758639882961e+00,8.069017678000946603e+00,0.000000000000000000e+00
-3.394464554655441724e+00,7.996857351789897095e+00,0.000000000000000000e+00
-3.528405095363281507e+00,7.924927597416947300e+00,0.000000000000000000e+00
-3.661999680296862181e+00,7.853183657300415454e+00,0.000000000000000000e+00
-3.795330728431245859e+00,7.781581172566530036e+00,0.000000000000000000e+00
-3.928480084418850993e+00,7.710076284348200026e+00,0.000000000000000000e+00
-4.061529126995901073e+00,7.638625318916181683e+00,0.000000000000000000e+00
-4.194558934161994657e+00,7.567184629528642681e+00,0.000000000000000000e+00
-4.327650594811446538e+00,7.495710707619100965e+00,0.000000000000000000e+00
-4.460885367585663452e+00,7.424159990390466923e+00,0.000000000000000000e+00
-4.594344793190312082e+00,7.352488610862423890e+00,0.000000000000000000e+00
-4.728110978245051221e+00,7.280652440426647054e+00,0.000000000000000000e+00
-4.862266849031645854e+00,7.208607048867748723e+00,0.000000000000000000e+00
-4.996896231743433781e+00,7.136307393261573928e+00,0.000000000000000000e+00
-5.132084087318282251e+00,7.063707752122688532e+00,0.000000000000000000e+00
-5.267916860957475578e+00,6.990761791060460695e+00,0.000000000000000000e+00
-5.404482588880261673e+00,6.917422265970478712e+00,0.000000000000000000e+00
-5.541871090813997647e+00,6.843640851930012481e+00,0.000000000000000000e+00
-5.680174327613993768e+00,6.769368161495376235e+00,0.000000000000000000e+00
-5.819486663810256033e+00,6.694553604291308524e+00,0.000000000000000000e+00
-5.959905026057291444e+00,6.619145109132634097e+00,0.000000000000000000e+00
-6.101529202370549854e+00,6.543088999924038696e+00,0.000000000000000000e+00
-6.244462267345164186e+00,6.466329971157314560e+00,0.000000000000000000e+00
-6.388810827688419458e+00,6.388810827688420346e+00,0.000000000000000000e+00
-6.534685305015240253e+00,6.310472245949956260e+00,0.000000000000000000e+00
-6.682200316455509714e+00,6.231252603688620439e+00,0.000000000000000000e+00
-6.831475160050228368e+00,6.151087862629463388e+00,0.000000000000000000e+00
-6.982634186253911857e+00,6.069911293132725483e+00,0.000000000000000000e+00
-7.135807198116038919e+00,5.987653188091351275e+00,0.000000000000000000e+00
-7.291129945745232099e+00,5.904240614014471866e+00,0.000000000000000000e+00
-7.448744670959789538e+00,5.819597146939393895e+00,0.000000000000000000e+00
-7.608800726824585858e+00,5.733642604123748043e+00,0.000000000000000000e+00
-7.771455155765655043e+00,5.646292675150275997e+00,0.000000000000000000e+00
-7.936873346339247348e+00,5.557458546922468656e+00,0.000000000000000000e+00
-8.105229775926131808e+00,5.467046514827011094e+00,0.000000000000000000e+00
-8.276708821050743126e+00,5.374957555075166482e+00,0.000000000000000000e+00
-8.451505643272305690e+00,5.281086853969589434e+00,0.000000000000000000e+00
-8.629827158975173163e+00,5.185323288842677236e+00,0.000000000000000000e+00
-8.811893104964145351e+00,5.087548856221256521e+00,0.000000000000000000e+00
-8.997937210592692026e+00,4.987638040235211179e+00,0.000000000000000000e+00
-9.188208490053115796e+00,4.885457114233320297e+00,0.000000000000000000e+00
-9.382972682823750077e+00,4.780863373809719263e+00,0.000000000000000000e+00
-9.582513843639956619e+00,4.673704281926717385e+00,0.000000000000000000e+00
-9.787135855479043300e+00,4.563816400813252905e+00,0.000000000000000000e+00
-9.997166963649137372e+00,4.451025504035439617e+00,0.000000000000000000e+00
-1.021294397805800358e+01,4.335137518045166338e+00,0.000000000000000000e+00
-1.043491738498188681e+01,4.215980287955898298e+00,0.000000000000000000e+00
-1.066290653016714529e+01,4.093106325875444540e+00,0.000000000000000000e+00
-1.089513445624851862e+01,3.965504640402548464e+00,0.000000000000000000e+00
-1.112429731868078875e+01,3.830402745265983011e+00,0.000000000000000000e+00
-1.134997560941963002e+01,3.687830627263522842e+00,0.000000000000000000e+00
-1.157272500213605682e+01,3.538137101236737969e+00,0.000000000000000000e+00
-1.179224365798935636e+01,3.381371456672021214e+00,0.000000000000000000e+00
-1.200826994451822927e+01,3.217606234128585818e+00,0.000000000000000000e+00
-1.222053505483855496e+01,3.046921598897976313e+00,0.000000000000000000e+00
-1.242879840893268195e+01,2.869414206534562251e+00,0.000000000000000000e+00
-1.263259956971406872e+01,2.685141929492623536e+00,0.000000000000000000e+00
-1.283171992750779822e+01,2.494233686277591122e+00,0.000000000000000000e+00
-1.302639817146341450e+01,2.296905459080411660e+00,0.000000000000000000e+00
-1.321643663181291828e+01,2.093277919014389976e+00,0.000000000000000000e+00
-1.340169281815160396e+01,1.883485095088075267e+00,0.000000000000000000e+00
-1.358198444635071134e+01,1.667657996435252699e+00,0.000000000000000000e+00
-1.375650994568655250e+01,1.445867457766061071e+00,0.000000000000000000e+00
-1.392563230920918116e+01,1.218334959486144564e+00,0.000000000000000000e+00
-1.408935204305445943e+01,9.852234707205865805e-01,0.000000000000000000e+00
-1.424751374110870294e+01,7.466805554761212216e-01,0.000000000000000000e+00
-1.440038528514331517e+01,5.028725351348417583e-01,0.000000000000000000e+00
-1.454746530919816649e+01,2.539269515130458399e-01,0.000000000000000000e+00
-1.468752247153976143e+01,1.798702738217598880e-15,0.000000000000000000e+00
-1.482168176299017581e+01,-2.587134175183672391e-01,0.000000000000000000e+00
-1.494977924839389694e+01,-5.220577950856758465e-01,0.000000000000000000e+00
-1.507121218367306348e+01,-7.898487616498153230e-01,0.000000000000000000e+00
-1.518646942884168283e+01,-1.061941391836475290e+00,0.000000000000000000e+00
-1.529532318096447163e+01,-1.338167383299662783e+00,0.000000000000000000e+00
-1.539712717696386868e+01,-1.618303277223144709e+00,0.000000000000000000e+00
-1.549172265193049469e+01,-1.902144363446870878e+00,0.000000000000000000e+00
-1.557912083554605509e+01,-2.189502646157062138e+00,0.000000000000000000e+00
-1.565943934642494106e+01,-2.480211536679534312e+00,0.000000000000000000e+00
-1.573280391324552063e+01,-2.774117812100906910e+00,0.000000000000000000e+00
-1.579915259847478382e+01,-3.071044166205515236e+00,0.000000000000000000e+00
-1.585831972305840765e+01,-3.370789914197187986e+00,0.000000000000000000e+00
-1.591015022860884542e+01,-3.673147603814888029e+00,0.000000000000000000e+00
-1.595454634886665701e+01,-3.977915177431880167e+00,0.000000000000000000e+00
-1.599144225994457713e+01,-4.284894039361070384e+00,0.000000000000000000e+00
-1.602077759770874366e+01,-4.593884052411058683e+00,0.000000000000000000e+00
-1.604249727010354576e+01,-4.904683622687450395e+00,0.000000000000000000e+00
-1.605655149141018256e+01,-5.217089833137020349e+00,0.000000000000000000e+00
-1.606289581325674476e+01,-5.530898577899253432e+00,0.000000000000000000e+00
-1.606148258635681358e+01,-5.845901579618817401e+00,0.000000000000000000e+00
-1.605224987261461322e+01,-6.161881407498588814e+00,0.000000000000000000e+00
-1.603518965903733928e+01,-6.478637158491791226e+00,0.000000000000000000e+00
-1.601031280803349688e+01,-6.795974586648295457e+00,0.000000000000000000e+00
-1.597763464863332494e+01,-7.113701268951122536e+00,0.000000000000000000e+00
-1.593717488657177661e+01,-7.431626698963936128e+00,0.000000000000000000e+00
-1.588895751259793165e+01,-7.749562377232371624e+00,0.000000000000000000e+00
-1.583301070911086583e+01,-8.067321898409804959e+00,0.000000000000000000e+00
-1.576936675522228803e+01,-8.384721035080662688e+00,0.000000000000000000e+00
-1.569805457948420724e+01,-8.701573743607685429e+00,0.000000000000000000e+00
-1.561903478277417001e+01,-9.017653936316797569e+00,0.000000000000000000e+00
-1.553223385520530897e+01,-9.332707649119491577e+00,0.000000000000000000e+00
-1.543758677737298513e+01,-9.646474844621057088e+00,0.000000000000000000e+00
-1.533507177280253764e+01,-9.958712051486775962e+00,0.000000000000000000e+00
-1.522480976753547921e+01,-1.026926385550844145e+01,0.000000000000000000e+00
-1.510695662127005434e+01,-1.057800490562037155e+01,0.000000000000000000e+00
-1.498162650387388162e+01,-1.088478879375664476e+01,0.000000000000000000e+00
-1.484883092591527465e+01,-1.118939668351507244e+01,0.000000000000000000e+00
-1.470857848070006568e+01,-1.149160095331696141e+01,0.000000000000000000e+00
-1.456094151129352099e+01,-1.179121794413187274e+01,0.000000000000000000e+00
-1.440602553743248748e+01,-1.208809071519007539e+01,0.000000000000000000e+00
-1.424393536407090721e+01,-1.238206410629839027e+01,0.000000000000000000e+00
-1.407477210175539639e+01,-1.267298172299096670e+01,0.000000000000000000e+00
-1.389859869567468387e+01,-1.296065295988986676e+01,0.000000000000000000e+00
-1.371532618605889553e+01,-1.324473654069459627e+01,0.000000000000000000e+00
-1.352414482496779513e+01,-1.352414482496779158e+01,0.000000000000000000e+00
-1.332434118491248931e+01,-1.379775920826502933e+01,0.000000000000000000e+00
-1.311586648902225249e+01,-1.406504482768873743e+01,0.000000000000000000e+00
-1.289871580439109167e+01,-1.432547519758183441e+01,0.000000000000000000e+00
-1.267288887389561580e+01,-1.457849098875213834e+01,0.000000000000000000e+00
-1.243853150207564084e+01,-1.482366460419489229e+01,0.000000000000000000e+00
-1.219635455735536134e+01,-1.506124356297146427e+01,0.000000000000000000e+00
-1.194696133248485026e+01,-1.529141318764826707e+01,0.000000000000000000e+00
-1.169018195893584000e+01,-1.551339543240614738e+01,0.000000000000000000e+00
-1.142548864673259068e+01,-1.572583600591138975e+01,0.000000000000000000e+00
-1.115401699927122081e+01,-1.592958714467684267e+01,0.000000000000000000e+00
-1.087617191348082457e+01,-1.612458796576117948e+01,0.000000000000000000e+00
-1.059214954285005383e+01,-1.631047997251945247e+01,0.000000000000000000e+00
-1.030225044964710435e+01,-1.648704712139894824e+01,0.000000000000000000e+00
-1.000676066867248259e+01,-1.665404646566375391e+01,0.000000000000000000e+00
-9.705991111681059991e+00,-1.681126974324350343e+01,0.000000000000000000e+00
-9.400262871217480054e+00,-1.695852313178121307e+01,0.000000000000000000e+00
-9.089908744667811291e+00,-1.709563194367980898e+01,0.000000000000000000e+00
-8.775270517114170943e+00,-1.722243810553787569e+01,0.000000000000000000e+00
-8.456697570235247596e+00,-1.733879951532761154e+01,0.000000000000000000e+00
-8.134545380170520090e+00,-1.744458886297471167e+01,0.000000000000000000e+00
-7.809174272395817518e+00,-1.753969258962771249e+01,0.000000000000000000e+00
-7.480948340704805410e+00,-1.762400984705469043e+01,0.000000000000000000e+00
-7.150234527540948015e+00,-1.769745147795986639e+01,0.000000000000000000e+00
-6.817401917886270368e+00,-1.775993918590804554e+01,0.000000000000000000e+00
-6.482820985407488301e+00,-1.781140427177360053e+01,0.000000000000000000e+00
-6.146863646566736783e+00,-1.785178826594918888e+01,0.000000000000000000e+00
-5.809901300187556572e+00,-1.788103758420033174e+01,0.000000000000000000e+00
-5.472308866740619671e+00,-1.789911578593250852e+01,0.000000000000000000e+00
-5.134381937501107274e+00,-1.790571772903725645e+01,0.000000000000000000e+00
-4.796390629263371785e+00,-1.790037352135816917e+01,0.000000000000000000e+00
-4.458927854290948289e+00,-1.788378282200202563e+01,0.000000000000000000e+00
-4.122361155208258410e+00,-1.785590788887071056e+01,0.000000000000000000e+00
-3.787071565879343904e+00,-1.781677091558563930e+01,0.000000000000000000e+00
-3.453434026247618860e+00,-1.776637788862064227e+01,0.000000000000000000e+00
-3.121825225988507313e+00,-1.770475064817257049e+01,0.000000000000000000e+00
-2.792621337784514157e+00,-1.763191720135080232e+01,0.000000000000000000e+00
-2.466198705760719978e+00,-1.754791560035301501e+01,0.000000000000000000e+00
-2.142933677051674479e+00,-1.745279423808231201e+01,0.000000000000000000e+00
-1.823202542574553275e+00,-1.734661346391959214e+01,0.000000000000000000e+00
-1.507381314119880855e+00,-1.722944726059535014e+01,0.000000000000000000e+00
-1.195845350465407853e+00,-1.710138525164644108e+01,0.000000000000000000e+00
-8.889688086750736629e-01,-1.696253534945583397e+01,0.000000000000000000e+00
-5.871237927749484165e-01,-1.681302563832914743e+01,0.000000000000000000e+00
-2.906793877384332148e-01,-1.665301097038749489e+01,0.000000000000000000e+00
-3.027816193493324440e-15,-1.648266365780679621e+01,0.000000000000000000e+00
2.845563571825354687e-01,-1.630222278477648956e+01,0.000000000000000000e+00
5.626381816924689305e-01,-1.611184947758448516e+01,0.000000000000000000e+00
8.339151169777341277e-01,-1.591204833301496713e+01,0.000000000000000000e+00
1.098047869272694266e+00,-1.570281611236246810e+01,0.000000000000000000e+00
1.354519539507157422e+00,-1.548222918167907203e+01,0.000000000000000000e+00
1.603130833284825307e+00,-1.525277101567344751e+01,0.000000000000000000e+00
1.844104842273719624e+00,-1.501902868498259380e+01,0.000000000000000000e+00
2.077852278733292479e+00,-1.478468719168590084e+01,0.000000000000000000e+00
2.304708311598437920e+00,-1.455135559323881544e+01,0.000000000000000000e+00
2.524821491960419273e+00,-1.431897422513522145e+01,0.000000000000000000e+00
2.738432911196277075e+00,-1.408801603076011766e+01,0.000000000000000000e+00
2.945760196901757944e+00,-1.385871211764724542e+01,0.000000000000000000e+00
3.146883464200666225e+00,-1.363064980436893769e+01,0.000000000000000000e+00
3.342031811164409394e+00,-1.340415746748849557e+01,0.000000000000000000e+00
3.531472321812678228e+00,-1.317963413052812527e+01,0.000000000000000000e+00
3.715398533870075237e+00,-1.295713451164382413e+01,0.000000000000000000e+00
3.893989008577521727e+00,-1.273666414505425060e+01,0.000000000000000000e+00
4.067496188157312176e+00,-1.251846605581486394e+01,0.000000000000000000e+00
4.236606044074659572e+00,-1.230399735762877533e+01,0.000000000000000000e+00
4.402038296668933093e+00,-1.209450081967240465e+01,0.000000000000000000e+00
4.563996216751631252e+00,-1.188961663556358417e+01,0.000000000000000000e+00
4.722601000569598639e+00,-1.168884765044046325e+01,0.000000000000000000e+00
4.878066598972520040e+00,-1.149200473783525034e+01,0.000000000000000000e+00
5.030598569017316279e+00,-1.129890938076280804e+01,0.000000000000000000e+00
5.180365669430232245e+00,-1.110933002886326015e+01,0.000000000000000000e+00
5.327523638461151734e+00,-1.092304218204141009e+01,0.000000000000000000e+00
5.472229749540205468e+00,-1.073985559498543019e+01,0.000000000000000000e+00
5.614631530879567123e+00,-1.055958611329320185e+01,0.000000000000000000e+00
5.754869582364690928e+00,-1.038205955194483288e+01,0.000000000000000000e+00
5.893074495080620423e+00,-1.020710443826793856e+01,0.000000000000000000e+00
6.029373571203830551e+00,-1.003456272598100618e+01,0.000000000000000000e+00
6.163886884179093251e+00,-9.864281013855062952e+00,0.000000000000000000e+00
6.296729873526491161e+00,-9.696113718848081930e+00,0.000000000000000000e+00
6.428013408640813608e+00,-9.529921784727418910e+00,0.000000000000000000e+00
6.557842290715394817e+00,-9.365569396014334913e+00,0.000000000000000000e+00
6.686319807742542309e+00,-9.202929697865133818e+00,0.000000000000000000e+00
6.813542704783193571e+00,-9.041876563272067457e+00,0.000000000000000000e+00
6.939606604248116817e+00,-8.882291403819198905e+00,0.000000000000000000e+00
7.064602956716758086e+00,-8.724058103298640177e+00,0.000000000000000000e+00
7.188619748427550249e+00,-8.567063410982219906e+00,0.000000000000000000e+00
7.311744474547621664e+00,-8.411199845192371072e+00,0.000000000000000000e+00
7.434059564900617367e+00,-8.256359588764299318e+00,0.000000000000000000e+00
7.555647723324732112e+00,-8.102440202462682706e+00,0.000000000000000000e+00
7.676588900527097081e+00,-7.949340513004041320e+00,0.000000000000000000e+00
7.796960387804995563e+00,-7.796960387804999115e+00,0.000000000000000000e+00
7.916840502890071463e+00,-7.645204005578939643e+00,0.000000000000000000e+00
8.036303663760122618e+00,-7.493974403239674231e+00,0.000000000000000000e+00
8.155424888474504641e+00,-7.343177552549702725e+00,0.000000000000000000e+00
8.274278598368631776e+00,-7.192720650558489304e+00,0.000000000000000000e+00
8.392936440458603542e+00,-7.042509871683172662e+00,0.000000000000000000e+00
8.511472503033797210e+00,-6.892454531935118034e+00,0.000000000000000000e+00
8.629958485254492828e+00,-6.742462521879029502e+00,0.000000000000000000e+00
8.748466093334529958e+00,-6.592442056819203700e+00,0.000000000000000000e+00
8.867068947063360795e+00,-6.442302688797250987e+00,0.000000000000000000e+00
8.985837990018429977e+00,-6.291951497742098276e+00,0.000000000000000000e+00
9.104847050940218622e+00,-6.141296880406836856e+00,0.000000000000000000e+00
9.224169890507612379e+00,-5.990245967839492813e+00,0.000000000000000000e+00
9.343879373256383403e+00,-5.838703848285662801e+00,0.000000000000000000e+00
9.464052478025701376e+00,-5.686576430455843933e+00,0.000000000000000000e+00
9.584764345242778205e+00,-5.533766274845051569e+00,0.000000000000000000e+00
9.706092815694056242e+00,-5.380175101979905783e+00,0.000000000000000000e+00
9.828118241396753163e+00,-5.225703164434880144e+00,0.000000000000000000e+00
9.950919739655976315e+00,-5.070246853231197726e+00,0.000000000000000000e+00
1.007458219021193457e+01,-4.913702050351587580e+00,0.000000000000000000e+00
1.019918989517186958e+01,-4.755960355095727898e+00,0.000000000000000000e+00
1.032483024724952791e+01,-4.596910597016715450e+00,0.000000000000000000e+00
1.045159517886404466e+01,-4.436438942645518857e+00,0.000000000000000000e+00
1.057957591609007864e+01,-4.274426128314400053e+00,0.000000000000000000e+00
1.070887140179818964e+01,-4.110750586969628806e+00,0.000000000000000000e+00
1.083958058606396158e+01,-3.945284685257076873e+00,0.000000000000000000e+00
1.097180810383203386e+01,-3.777896497864703385e+00,0.000000000000000000e+00
1.110566346648431058e+01,-3.608448799994971257e+00,0.000000000000000000e+00
1.124125809131027154e+01,-3.436797496708963173e+00,0.000000000000000000e+00
1.137871295570910668e+01,-3.262793435923561081e+00,0.000000000000000000e+00
1.151814932796772695e+01,-3.086278810730030298e+00,0.000000000000000000e+00
1.165969987832414390e+01,-2.907089684413437070e+00,0.000000000000000000e+00
1.180349919651044033e+01,-2.725052508450407363e+00,0.000000000000000000e+00
1.194969257476930302e+01,-2.539985566706763898e+00,0.000000000000000000e+00
1.209843051155352889e+01,-2.351696662916978653e+00,0.000000000000000000e+00
1.224987388678091627e+01,-2.159983276515559325e+00,0.000000000000000000e+00
1.240419242362323615e+01,-1.964631074693423018e+00,0.000000000000000000e+00
1.256156465892595619e+01,-1.765412782333520614e+00,0.000000000000000000e+00
1.272217885008417859e+01,-1.562087143835813707e+00,0.000000000000000000e+00
1.288624114389452657e+01,-1.354398520878129508e+00,0.000000000000000000e+00
1.305397429431167389e+01,-1.142074764711097146e+00,0.000000000000000000e+00
1.322559109658646292e+01,-9.248234214527600860e-01,0.000000000000000000e+00
1.340131131825230781e+01,-7.023329656702960166e-01,0.000000000000000000e+00
1.358149615355190498e+01,-4.742762965312425361e-01,0.000000000000000000e+00
1.376644221847351801e+01,-2.402941427540238595e-01,0.000000000000000000e+00
1.395595409967336664e+01,-3.418222903442473843e-15,0.000000000000000000e+00
