1.403129010805059806e+01,0.000000000000000000e+00,0.000000000000000000e+00
1.405791093688881688e+01,2.453817481584943949e-01,0.000000000000000000e+00
1.408069610527214799e+01,4.917087429755586658e-01,0.000000000000000000e+00
1.409960196080605144e+01,7.389288275406584727e-01,0.000000000000000000e+00
1.411458540945215923e+01,9.869879595873771727e-01,0.000000000000000000e+00
1.412560398498338721e+01,1.235830214142662697e+00,0.000000000000000000e+00
1.413261591851793142e+01,1.485397788419352549e+00,0.000000000000000000e+00
1.413558020806637572e+01,1.735631008955218491e+00,0.000000000000000000e+00
1.413445668802631339e+01,1.986468341000017235e+00,0.000000000000000000e+00
1.412920986008192870e+01,2.237846995916995763e+00,0.000000000000000000e+00
1.411982015920271039e+01,2.489705256818731005e+00,0.000000000000000000e+00
1.410627255358227572e+01,2.741981619746235666e+00,0.000000000000000000e+00
1.408855276491666686e+01,2.994614334617369700e+00,0.000000000000000000e+00
1.406664726880998550e+01,3.247541410151503882e+00,0.000000000000000000e+00
1.404054329529063416e+01,3.500700618648025397e+00,0.000000000000000000e+00
1.401022882944534587e+01,3.754029500625113869e+00,0.000000000000000000e+00
1.397569261217780756e+01,4.007465369325446503e+00,0.000000000000000000e+00
1.393692414109861666e+01,4.260945315095735708e+00,0.000000000000000000e+00
1.389391367155297452e+01,4.514406209647216173e+00,0.000000000000000000e+00
1.384665221779235544e+01,4.767784710204491461e+00,0.000000000000000000e+00
1.379513051264316204e+01,5.021016884419566395e+00,0.000000000000000000e+00
1.373932670261515554e+01,5.274033386735687223e+00,0.000000000000000000e+00
1.367921084445333868e+01,5.526759929887830936e+00,0.000000000000000000e+00
1.361475428051774728e+01,5.779120320961699697e+00,0.000000000000000000e+00
1.354592990376873729e+01,6.031036562336540285e+00,0.000000000000000000e+00
1.347271910103777337e+01,6.282432092985041905e+00,0.000000000000000000e+00
1.339518192651773454e+01,6.533266755331137432e+00,0.000000000000000000e+00
1.331342572079000952e+01,6.783529224696219551e+00,0.000000000000000000e+00
1.322755548817898763e+01,7.033216010890323666e+00,0.000000000000000000e+00
1.313757508150040465e+01,7.282276781816023004e+00,0.000000000000000000e+00
1.304292402550277252e+01,7.530335697143861751e+00,0.000000000000000000e+00
1.294286296295652505e+01,7.776856651910940776e+00,0.000000000000000000e+00
1.283666527618764697e+01,8.021238711808342359e+00,0.000000000000000000e+00
1.272342496051969540e+01,8.262688780840226954e+00,0.000000000000000000e+00
1.260215528824748077e+01,8.500261072493753289e+00,0.000000000000000000e+00
1.247222132479339685e+01,8.733143389840229531e+00,0.000000000000000000e+00
1.233413579258361992e+01,8.961274199505108840e+00,0.000000000000000000e+00
1.218860609865681432e+01,9.184773490750458791e+00,0.000000000000000000e+00
1.203586241898354103e+01,9.403446310564209654e+00,0.000000000000000000e+00
1.187591482317185587e+01,9.616926203388473482e+00,0.000000000000000000e+00
1.170885687037891287e+01,9.824897481442507186e+00,0.000000000000000000e+00
1.153480753579474971e+01,1.002705521412904410e+01,0.000000000000000000e+00
1.135375553638218449e+01,1.022296740292751061e+01,0.000000000000000000e+00
1.116599378999985781e+01,1.041245766089431157e+01,0.000000000000000000e+00
1.097260105441034561e+01,1.059611766868033378e+01,0.000000000000000000e+00
1.077329874588597391e+01,1.077329874588597214e+01,0.000000000000000000e+00
1.056715646573103662e+01,1.094261085083250329e+01,0.000000000000000000e+00
1.035585838269370029e+01,1.110529849504753841e+01,0.000000000000000000e+00
1.013969566114647591e+01,1.126127289782854213e+01,0.000000000000000000e+00
9.917677635797540248e+00,1.140898302522384533e+01,0.000000000000000000e+00
9.690803501632307970e+00,1.154904988819485112e+01,0.000000000000000000e+00
9.459838023265190188e+00,1.168192707621234128e+01,0.000000000000000000e+00
9.224636707220101428e+00,1.180699656342748582e+01,0.000000000000000000e+00
8.984751693664321692e+00,1.192316820862244597e+01,0.000000000000000000e+00
8.741053787356511506e+00,1.203102839878358132e+01,0.000000000000000000e+00
8.494041065816322345e+00,1.213074781733124929e+01,0.000000000000000000e+00
8.244006069237707734e+00,1.222224162243396606e+01,0.000000000000000000e+00
7.991094256851025257e+00,1.230520606866482503e+01,0.000000000000000000e+00
7.735231748848510058e+00,1.237895845781686077e+01,0.000000000000000000e+00
7.476776455884453831e+00,1.244344564964991662e+01,0.000000000000000000e+00
7.216333333883363288e+00,1.249905597863888396e+01,0.000000000000000000e+00
6.954257225375432228e+00,1.254581213701862552e+01,0.000000000000000000e+00
6.690789794496105003e+00,1.258354544057796787e+01,0.000000000000000000e+00
6.426264924973660086e+00,1.261225505291257143e+01,0.000000000000000000e+00
6.160925716430192267e+00,1.263176966408149937e+01,0.000000000000000000e+00
5.894823801426573695e+00,1.264149043734375155e+01,0.000000000000000000e+00
5.628333107591249274e+00,1.264144313543254050e+01,0.000000000000000000e+00
5.361993195927893474e+00,1.263206435615758672e+01,0.000000000000000000e+00
5.096152713646139532e+00,1.261342058454734349e+01,0.000000000000000000e+00
4.831112211404438916e+00,1.258547759223839080e+01,0.000000000000000000e+00
4.567188374471101930e+00,1.254824692925501139e+01,0.000000000000000000e+00
4.304717359957291656e+00,1.250180698210791519e+01,0.000000000000000000e+00
4.043919705816414911e+00,1.244590510424977126e+01,0.000000000000000000e+00
3.784797489647877100e+00,1.237951477944695888e+01,0.000000000000000000e+00
3.528066886807524227e+00,1.230383141988938966e+01,0.000000000000000000e+00
3.274113337897636367e+00,1.221915732677290656e+01,0.000000000000000000e+00
3.023241795343097671e+00,1.212556055023076418e+01,0.000000000000000000e+00
2.775737277400837311e+00,1.202303905041291898e+01,0.000000000000000000e+00
2.531760776337351082e+00,1.191099797835324203e+01,0.000000000000000000e+00
2.291567696497417206e+00,1.178909379588361439e+01,0.000000000000000000e+00
2.055621016739853424e+00,1.165800610026079909e+01,0.000000000000000000e+00
1.824638914007491897e+00,1.152031670704982425e+01,0.000000000000000000e+00
1.599463677913996795e+00,1.138077542588252200e+01,0.000000000000000000e+00
1.380677165883611890e+00,1.124471314415027834e+01,0.000000000000000000e+00
1.167978767433959453e+00,1.111257566816037290e+01,0.000000000000000000e+00
9.609643307269166712e-01,1.098387256129671030e+01,0.000000000000000000e+00
7.593015697993683588e-01,1.085851833789820020e+01,0.000000000000000000e+00
5.626654620122515382e-01,1.073629659011948867e+01,0.000000000000000000e+00
3.707539609055724994e-01,1.061700433013613143e+01,0.000000000000000000e+00
1.832864751309707108e-01,1.050047512769053526e+01,0.000000000000000000e+00
6.359925434701235320e-16,1.038654645425809875e+01,0.000000000000000000e+00
-1.793518850194748548e-01,1.027506261117011022e+01,0.000000000000000000e+00
-3.550003732868853290e-01,1.016588060497290513e+01,0.000000000000000000e+00
-5.271628335607063676e-01,1.005886608386199477e+01,0.000000000000000000e+00
-6.960438364886704088e-01,9.953890605665838720e+00,0.000000000000000000e+00
-8.618364409842579343e-01,9.850835596875750610e+00,0.000000000000000000e+00
-1.024722809291404024e+00,9.749586272153257127e+00,0.000000000000000000e+00
-1.184875550282102452e+00,9.650036955534480043e+00,0.000000000000000000e+00
-1.342457940412084216e+00,9.552084582782415012e+00,0.000000000000000000e+00
-1.497625314371715310e+00,9.455634097030095830e+00,0.000000000000000000e+00
-1.650525008334540855e+00,9.360592472592051294e+00,0.000000000000000000e+00
-1.801297765033117226e+00,9.266873651059468031e+00,0.000000000000000000e+00
-1.950077429525666872e+00,9.174392990760809496e+00,0.000000000000000000e+00
-2.096992436476757149e+00,9.083072147155432319e+00,0.000000000000000000e+00
-2.242165209386252744e+00,8.992833471643782772e+00,0.000000000000000000e+00
-2.385713816777378593e+00,8.903605176532240151e+00,0.000000000000000000e+00
-2.527751051381296854e+00,8.815315527021182263e+00,0.000000000000000000e+00
-2.668386244769594295e+00,8.727898135831694049e+00,0.000000000000000000e+00
-2.807724168492335970e+00,8.641286450297942068e+00,0.000000000000000000e+00
-2.945866760178214694e+00,8.555418289093212891e+00,0.000000000000000000e+00
-3.082912242020456439e+00,8.470231771111428998e+00,0.000000000000000000e+00
-3.218956286366952302e+00,8.385667821341915129e+00,0.000000000000000000e+00
-3.354091886253644184e+00,8.301668732816660068e+00,0.000000000000000000e+00
-3.488409470473167850e+00,8.218177703976200732e+00,0.000000000000000000e+00
-3.621997915451062866e+00,8.135140513107504745e+00,0.000000000000000000e+00
-3.754943452206053411e+00,8.052502219377936754e+00,0.000000000000000000e+00
-3.887331669057511707e+00,7.970211054561470831e+00,0.000000000000000000e+00
-4.019245788575723566e+00,7.888214008866047955e+00,0.000000000000000000e+00
-4.150768673056387748e+00,7.806460494947630835e+00,0.000000000000000000e+00
-4.281981730169979627e+00,7.724899528426401929e+00,0.000000000000000000e+00
-4.412965660519235556e+00,7.643480736076069704e+00,0.000000000000000000e+00
-4.543801019594978285e+00,7.562154808795286343e+00,0.000000000000000000e+00
-4.674567155165720855e+00,7.480871226732898727e+00,0.000000000000000000e+00
-4.805344375094224851e+00,7.399581442271077947e+00,0.000000000000000000e+00
-4.936211830980585802e+00,7.318234992922627136e+00,0.000000000000000000e+00
-5.067249894969452662e+00,7.236782837164818183e+00,0.000000000000000000e+00
-5.198538753975888049e+00,7.155174753841155422e+00,0.000000000000000000e+00
-5.330159272111915314e+00,7.073360260468128935e+00,0.000000000000000000e+00
-5.462193637773300914e+00,6.991289040086209994e+00,0.000000000000000000e+00
-5.594724033002139052e+00,6.908908799952659052e+00,0.000000000000000000e+00
-5.727835254044023827e+00,6.826168241794735358e+00,0.000000000000000000e+00
-5.861612051996630157e+00,6.743013320002834377e+00,0.000000000000000000e+00
-5.996142209848460247e+00,6.659390578953272133e+00,0.000000000000000000e+00
-6.131514419421555395e+00,6.575244208452835082e+00,0.000000000000000000e+00
-6.267820010706672385e+00,6.490517622469895720e+00,0.000000000000000000e+00
-6.405152815986619785e+00,6.405152815986620674e+00,0.000000000000000000e+00
-6.543608667306060056e+00,6.319089436747736599e+00,0.000000000000000000e+00
-6.683287564268651337e+00,6.232266478676746324e+00,0.000000000000000000e+00
-6.824291142811778954e+00,6.144619344453657206e+00,0.000000000000000000e+00
-6.966726551343320750e+00,6.056082997074925700e+00,0.000000000000000000e+00
-7.110702783924701009e+00,5.966588083402477594e+00,0.000000000000000000e+00
-7.256335254659411760e+00,5.876064428733220879e+00,0.000000000000000000e+00
-7.403741984604272908e+00,5.784437194935638793e+00,0.000000000000000000e+00
-7.553048098715523295e+00,5.691629985408289905e+00,0.000000000000000000e+00
-7.704382382524056716e+00,5.597561452918994540e+00,0.000000000000000000e+00
-7.857881522647833350e+00,5.502147876516808367e+00,0.000000000000000000e+00
-8.013686961115341845e+00,5.405300106581404584e+00,0.000000000000000000e+00
-8.171949196827783979e+00,5.306925859644259447e+00,0.000000000000000000e+00
-8.332824503626527601e+00,5.206926647155271759e+00,0.000000000000000000e+00
-8.496479854160551071e+00,5.105200144726106615e+00,0.000000000000000000e+00
-8.663089022047627097e+00,5.001636778892888380e+00,0.000000000000000000e+00
-8.832838371118217680e+00,4.896122259130160970e+00,0.000000000000000000e+00
-9.005922679973362932e+00,4.788534029755862953e+00,0.000000000000000000e+00
-9.182551070461521192e+00,4.678743461682455695e+00,0.000000000000000000e+00
-9.362943797708240368e+00,4.566612815052915053e+00,0.000000000000000000e+00
-9.547335437740594344e+00,4.451995629593046289e+00,0.000000000000000000e+00
-9.735978968248801380e+00,4.334737116224975928e+00,0.000000000000000000e+00
-9.929141281239029837e+00,4.214670420473141554e+00,0.000000000000000000e+00
-1.012710102757944952e+01,4.091614406824266581e+00,0.000000000000000000e+00
-1.033018028902396424e+01,3.965384688388056578e+00,0.000000000000000000e+00
-1.053872107507771716e+01,3.835780778562202897e+00,0.000000000000000000e+00
-1.075295395545037636e+01,3.702538971293897863e+00,0.000000000000000000e+00
-1.097352817052735219e+01,3.565515439770988948e+00,0.000000000000000000e+00
-1.120021681002927316e+01,3.424249917814996991e+00,0.000000000000000000e+00
-1.142874298436715996e+01,3.277139315790637220e+00,0.000000000000000000e+00
-1.165586689796282016e+01,3.123180122393796054e+00,0.000000000000000000e+00
-1.187926536043828563e+01,2.961833507562254830e+00,0.000000000000000000e+00
-1.209745174166937431e+01,2.792916800827998536e+00,0.000000000000000000e+00
-1.231224097399938344e+01,2.617047607886072491e+00,0.000000000000000000e+00
-1.252339914529662046e+01,2.434302197317799177e+00,0.000000000000000000e+00
-1.272959869831538171e+01,2.244571704104356247e+00,0.000000000000000000e+00
-1.293162741431582852e+01,2.048168570501844421e+00,0.000000000000000000e+00
-1.312898169095243084e+01,1.845158045638873201e+00,0.000000000000000000e+00
-1.332089795679204691e+01,1.635600606457111361e+00,0.000000000000000000e+00
-1.350825135453454173e+01,1.419774428394894761e+00,0.000000000000000000e+00
-1.369085055690120534e+01,1.197794217756445123e+00,0.000000000000000000e+00
-1.386759465790323453e+01,9.697166837520322380e-01,0.000000000000000000e+00
-1.403846938201531103e+01,7.357250048443899626e-01,0.000000000000000000e+00
-1.420370340071832338e+01,4.960042523856339480e-01,0.000000000000000000e+00
-1.436317248905674226e+01,2.507101083716729018e-01,0.000000000000000000e+00
-1.451675441761097041e+01,1.777789683153547298e-15,0.000000000000000000e+00
-1.466443131669413269e+01,-2.559686007682787090e-01,0.000000000000000000e+00
-1.480603002328085438e+01,-5.170379615308858812e-01,0.000000000000000000e+00
-1.494106301643967072e+01,-7.830279328195760558e-01,0.000000000000000000e+00
-1.506916378172771864e+01,-1.053738581910825367e+00,0.000000000000000000e+00
-1.519046221078179570e+01,-1.328993237162348739e+00,0.000000000000000000e+00
-1.530517611839758629e+01,-1.608638831530666335e+00,0.000000000000000000e+00
-1.541328453285232847e+01,-1.892513373437808566e+00,0.000000000000000000e+00
-1.551458080010246476e+01,-2.180432135704097885e+00,0.000000000000000000e+00
-1.560886299124995347e+01,-2.472201028971488856e+00,0.000000000000000000e+00
-1.569598104139826411e+01,-2.767624946287065679e+00,0.000000000000000000e+00
-1.577581785340453635e+01,-3.066508351245111008e+00,0.000000000000000000e+00
-1.584826203375744313e+01,-3.368652086341029417e+00,0.000000000000000000e+00
-1.591321296745291214e+01,-3.673854692791707510e+00,0.000000000000000000e+00
-1.597059844631987957e+01,-3.981917414831336544e+00,0.000000000000000000e+00
-1.602035756620586682e+01,-4.292641872322681351e+00,0.000000000000000000e+00
-1.606243445832039995e+01,-4.605828964976648621e+00,0.000000000000000000e+00
-1.609677828293330393e+01,-4.921278993730157758e+00,0.000000000000000000e+00
-1.612334322038285350e+01,-5.238791781425692129e+00,0.000000000000000000e+00
-1.614208845932616754e+01,-5.558166792710430570e+00,0.000000000000000000e+00
-1.615297818226225957e+01,-5.879203253094849480e+00,0.000000000000000000e+00
-1.615598154835947753e+01,-6.201700267110997089e+00,0.000000000000000000e+00
-1.615103830814470953e+01,-6.525443050958743996e+00,0.000000000000000000e+00
-1.613800069914042012e+01,-6.850174880758099327e+00,0.000000000000000000e+00
-1.611686676304635668e+01,-7.175691400203963788e+00,0.000000000000000000e+00
-1.608768175751319873e+01,-7.501809205488867427e+00,0.000000000000000000e+00
-1.605049431527388037e+01,-7.828349140150165475e+00,0.000000000000000000e+00
-1.600535624856949468e+01,-8.155136336870823399e+00,0.000000000000000000e+00
-1.595231894836293307e+01,-8.481998441716697812e+00,0.000000000000000000e+00
-1.589133690250833375e+01,-8.808711884745775933e+00,0.000000000000000000e+00
-1.582225837326861928e+01,-9.134985130994449420e+00,0.000000000000000000e+00
-1.574497435440282445e+01,-9.460535037159543137e+00,0.000000000000000000e+00
-1.565971624907168724e+01,-9.785276743641386332e+00,0.000000000000000000e+00
-1.556682237545139280e+01,-1.010921265257504409e+01,0.000000000000000000e+00
-1.546591835224522882e+01,-1.043189364937899022e+01,0.000000000000000000e+00
-1.535648294238281153e+01,-1.075272511664526043e+01,0.000000000000000000e+00
-1.523951052918214799e+01,-1.107215250543630880e+01,0.000000000000000000e+00
-1.511514475625799392e+01,-1.139007854896821570e+01,0.000000000000000000e+00
-1.498213457918069302e+01,-1.170532640110312883e+01,0.000000000000000000e+00
-1.484148604711351283e+01,-1.201839842983900830e+01,0.000000000000000000e+00
-1.469350851602403374e+01,-1.232931757649598836e+01,0.000000000000000000e+00
-1.453791533515294354e+01,-1.263761699634360269e+01,0.000000000000000000e+00
-1.437475498115483497e+01,-1.294308752082233305e+01,0.000000000000000000e+00
-1.420403399445598147e+01,-1.324547598384238967e+01,0.000000000000000000e+00
-1.402582350383068466e+01,-1.354458031507452098e+01,0.000000000000000000e+00
-1.384022417923191206e+01,-1.384022417923190673e+01,0.000000000000000000e+00
-1.364739034914638260e+01,-1.413228641067393276e+01,0.000000000000000000e+00
-1.344736074481066268e+01,-1.442052889514914682e+01,0.000000000000000000e+00
-1.323932714812441169e+01,-1.470376241862484967e+01,0.000000000000000000e+00
-1.302202631769468688e+01,-1.498012767387649191e+01,0.000000000000000000e+00
-1.279276952756559638e+01,-1.524582904370602598e+01,0.000000000000000000e+00
-1.255466224932535546e+01,-1.550371671294984743e+01,0.000000000000000000e+00
-1.230767075960795687e+01,-1.575310020054764770e+01,0.000000000000000000e+00
-1.205021229583030795e+01,-1.599117182660820369e+01,0.000000000000000000e+00
-1.178546894297896408e+01,-1.622130637739075709e+01,0.000000000000000000e+00
-1.151108031624626804e+01,-1.643952640909548535e+01,0.000000000000000000e+00
-1.122924938075216339e+01,-1.664804683759899717e+01,0.000000000000000000e+00
-1.094037069575035481e+01,-1.684669352552974786e+01,0.000000000000000000e+00
-1.064301706551940363e+01,-1.703238770312385242e+01,0.000000000000000000e+00
-1.033939598040697483e+01,-1.720764459008874070e+01,0.000000000000000000e+00
-1.002975425027509182e+01,-1.737204394890633097e+01,0.000000000000000000e+00
-9.714164904628505681e+00,-1.752481739053150633e+01,0.000000000000000000e+00
-9.392372594254201346e+00,-1.766448371040746324e+01,0.000000000000000000e+00
-9.065500641589439468e+00,-1.779204679684711010e+01,0.000000000000000000e+00
-8.734029473160301649e+00,-1.790741418128734708e+01,0.000000000000000000e+00
-8.398366357884503586e+00,-1.801035477545795160e+01,0.000000000000000000e+00
-8.058928765278471573e+00,-1.810065036508995107e+01,0.000000000000000000e+00
-7.716151447654112872e+00,-1.817811364301030963e+01,0.000000000000000000e+00
-7.370484438933751825e+00,-1.824258913811429750e+01,0.000000000000000000e+00
-7.022389009546753158e+00,-1.829394881679615636e+01,0.000000000000000000e+00
-6.672334061263688554e+00,-1.833208716837989982e+01,0.000000000000000000e+00
-6.320793456883260220e+00,-1.835691711302253282e+01,0.000000000000000000e+00
-5.968244154808902024e+00,-1.836836678109778020e+01,0.000000000000000000e+00
-5.615164972591658810e+00,-1.836637705382182872e+01,0.000000000000000000e+00
-5.262035878669221844e+00,-1.835089992728015318e+01,0.000000000000000000e+00
-4.909337732479555072e+00,-1.832189784912869612e+01,0.000000000000000000e+00
-4.557552351240341970e+00,-1.827934407394621630e+01,0.000000000000000000e+00
-4.207162738265061819e+00,-1.822322389998235792e+01,0.000000000000000000e+00
-3.858653324342492308e+00,-1.815353661174077970e+01,0.000000000000000000e+00
-3.512510166242003962e+00,-1.807029828187678078e+01,0.000000000000000000e+00
-3.169221159884092032e+00,-1.797354634639840398e+01,0.000000000000000000e+00
-2.829276333475941207e+00,-1.786334773591795511e+01,0.000000000000000000e+00
-2.493168023916882969e+00,-1.773981227019472229e+01,0.000000000000000000e+00
-2.161390104499018250e+00,-1.760310977703625923e+01,0.000000000000000000e+00
-1.834434608708235048e+00,-1.745347943468937046e+01,0.000000000000000000e+00
-1.512783731979483681e+00,-1.729119717929198075e+01,0.000000000000000000e+00
-1.196877708931181283e+00,-1.711614866552276126e+01,0.000000000000000000e+00
-8.870732944605153047e-01,-1.692636678363431457e+01,0.000000000000000000e+00
-5.840308006806944618e-01,-1.672445393331603825e+01,0.000000000000000000e+00
-2.882144384893953193e-01,-1.651179412248834311e+01,0.000000000000000000e+00
-2.991743549447376635e-15,-1.628629332980113276e+01,0.000000000000000000e+00
2.800989863830403714e-01,-1.604686018269933712e+01,0.000000000000000000e+00
5.517291358537996793e-01,-1.579945527787342208e+01,0.000000000000000000e+00
8.141913937586839900e-01,-1.553569727428135749e+01,0.000000000000000000e+00
1.067493023007665798e+00,-1.526586145340115230e+01,0.000000000000000000e+00
1.310774353327670783e+00,-1.498221941565350335e+01,0.000000000000000000e+00
1.545621754070642728e+00,-1.470560867660295656e+01,0.000000000000000000e+00
1.772769180498970920e+00,-1.443804634282021837e+01,0.000000000000000000e+00
1.992723483753918057e+00,-1.417896434138660844e+01,0.000000000000000000e+00
2.205948459044745125e+00,-1.392781042458885388e+01,0.000000000000000000e+00
2.412872277425771816e+00,-1.368407868002439187e+01,0.000000000000000000e+00
2.613890847926473526e+00,-1.344730265900822097e+01,0.000000000000000000e+00
2.809370795145666122e+00,-1.321705043153177961e+01,0.000000000000000000e+00
2.999652269110847591e+00,-1.299292143489536322e+01,0.000000000000000000e+00
3.185051358349279660e+00,-1.277454326039974752e+01,0.000000000000000000e+00
3.365862363087069209e+00,-1.256156935032476696e+01,0.000000000000000000e+00
3.542359704245003016e+00,-1.235367639786402449e+01,0.000000000000000000e+00
3.714799741548898915e+00,-1.215056246178942700e+01,0.000000000000000000e+00
3.883422350850387783e+00,-1.195194503711066858e+01,0.000000000000000000e+00
4.048452327812308127e+00,-1.175755928818452567e+01,0.000000000000000000e+00
4.210100710640853450e+00,-1.156715663611562483e+01,0.000000000000000000e+00
4.368565945539085504e+00,-1.138050337311763727e+01,0.000000000000000000e+00
4.524034922959111249e+00,-1.119737936221230612e+01,0.000000000000000000e+00
4.676683940812674578e+00,-1.101757692617350060e+01,0.000000000000000000e+00
4.826679581487879567e+00,-1.084089983587437978e+01,0.000000000000000000e+00
4.974179512994394869e+00,-1.066716238947334006e+01,0.000000000000000000e+00
5.119333205785164154e+00,-1.049618853814577868e+01,0.000000000000000000e+00
5.262282594025907478e+00,-1.032781110197214502e+01,0.000000000000000000e+00
5.403162684575770314e+00,-1.016187105745339814e+01,0.000000000000000000e+00
5.542102115890461533e+00,-9.998216881657210564e+00,0.000000000000000000e+00
5.679223672141337609e+00,-9.836703947696687322e+00,0.000000000000000000e+00
5.814644757249688212e+00,-9.677193966647665846e+00,0.000000000000000000e+00
5.948477833009567561e+00,-9.519554471400502038e+00,0.000000000000000000e+00
6.080830825011786622e+00,-9.363658338319385877e+00,0.000000000000000000e+00
6.211807499679617095e+00,-9.209383342939730710e+00,0.000000000000000000e+00
6.341507815377173785e+00,-9.056611746270451846e+00,0.000000000000000000e+00
6.470028250248145874e+00,-8.905229908579293863e+00,0.000000000000000000e+00
6.597462109180142420e+00,-8.755127927824384315e+00,0.000000000000000000e+00
6.723899812062529513e+00,-8.606199300154043996e+00,0.000000000000000000e+00
6.849429165309028456e+00,-8.458340600128366304e+00,0.000000000000000000e+00
6.974135618446036133e+00,-8.311451178522307970e+00,0.000000000000000000e+00
7.098102507419414842e+00,-8.165432875751532649e+00,0.000000000000000000e+00
7.221411286144357788e+00,-8.020189749120710587e+00,0.000000000000000000e+00
7.344141747711257828e+00,-7.875627812231549285e+00,0.000000000000000000e+00
7.466372236563754150e+00,-7.731654785006074171e+00,0.000000000000000000e+00
7.588179852881553167e+00,-7.588179852881556720e+00,0.000000000000000000e+00
7.709640650328971390e+00,-7.445113433819003923e+00,0.000000000000000000e+00
7.830829828269485482e+00,-7.302366951838085818e+00,0.000000000000000000e+00
7.951821919495876578e+00,-7.159852615850298641e+00,0.000000000000000000e+00
8.072690974484846294e+00,-7.017483202608429060e+00,0.000000000000000000e+00
8.193510743152952358e+00,-6.875171842626728314e+00,0.000000000000000000e+00
8.314354855067684014e+00,-6.732831807951204617e+00,0.000000000000000000e+00
8.435296999052798839e+00,-6.590376300675210075e+00,0.000000000000000000e+00
8.556411103395832995e+00,-6.447718241308448839e+00,0.000000000000000000e+00
8.677771517680929136e+00,-6.304770055908821114e+00,0.000000000000000000e+00
8.799453195291505381e+00,-6.161443459466635630e+00,0.000000000000000000e+00
8.921531879640570040e+00,-6.017649236098796983e+00,0.000000000000000000e+00
9.044084294778530264e+00,-5.873297014547529393e+00,0.000000000000000000e+00
9.167188341189053347e+00,-5.728295037589560046e+00,0.000000000000000000e+00
9.290923297848356910e+00,-5.582549924082750081e+00,0.000000000000000000e+00
9.415370031679618279e+00,-5.435966422310169577e+00,0.000000000000000000e+00
9.540611215603320261e+00,-5.288447153200723783e+00,0.000000000000000000e+00
9.666731556464560171e+00,-5.139892341911853180e+00,0.000000000000000000e+00
9.793818034213630952e+00,-4.990199536149345860e+00,0.000000000000000000e+00
9.921960153826223205e+00,-4.839263309472991104e+00,0.000000000000000000e+00
1.005125021157633114e+01,-4.686974947690100812e+00,0.000000000000000000e+00
1.018178357742030116e+01,-4.533222116270884783e+00,0.000000000000000000e+00
1.031365899541416553e+01,-4.377888506526977253e+00,0.000000000000000000e+00
1.044697890427143605e+01,-4.220853458072294728e+00,0.000000000000000000e+00
1.058184978037224688e+01,-4.061991554832325768e+00,0.000000000000000000e+00
1.071838250576034213e+01,-3.901172191576355086e+00,0.000000000000000000e+00
1.085669276390720839e+01,-3.738259107615358623e+00,0.000000000000000000e+00
1.099690146628395659e+01,-3.573109883928188069e+00,0.000000000000000000e+00
1.113913521305578236e+01,-3.405575399547698279e+00,0.000000000000000000e+00
1.128352679149901050e+01,-3.235499242548236065e+00,0.000000000000000000e+00
1.143021571806041159e+01,-3.062717070967811761e+00,0.000000000000000000e+00
1.157934883890811761e+01,-2.887055920229466111e+00,0.000000000000000000e+00
1.173108097211650325e+01,-2.708333443980054156e+00,0.000000000000000000e+00
1.188557560502880861e+01,-2.526357084074023263e+00,0.000000000000000000e+00
1.204300565687466751e+01,-2.340923162530588630e+00,0.000000000000000000e+00
1.220355431021737580e+01,-2.151815885432415865e+00,0.000000000000000000e+00
1.236741596831582868e+01,-1.958806256402438883e+00,0.000000000000000000e+00
1.253479731094945393e+01,-1.761650876906133645e+00,0.000000000000000000e+00
1.270591834632380923e+01,-1.560090605021536847e+00,0.000000000000000000e+00
1.288101363842308800e+01,-1.353849087913207017e+00,0.000000000000000000e+00
1.306033383629186240e+01,-1.142631152539580919e+00,0.000000000000000000e+00
1.324414705651695279e+01,-9.261209805732506517e-01,0.000000000000000000e+00
1.343274065663535133e+01,-7.039801074992866337e-01,0.000000000000000000e+00
1.362642311669528894e+01,-4.758451806551368124e-01,0.000000000000000000e+00
1.382552415959210101e+01,-2.413254218723339117e-01,0.000000000000000000e+00
1.403039696456562524e+01,-3.436456146684406705e-15,0.000000000000000000e+00
