1.800760686480237993e+01,0.000000000000000000e+00,0.000000000000000000e+00
1.796709695078153146e+01,3.136168438474717934e-01,0.000000000000000000e+00
1.792697516382148493e+01,6.260237673800965741e-01,0.000000000000000000e+00
1.788720386518405547e+01,9.374286321573274128e-01,0.000000000000000000e+00
1.784773665069946347e+01,1.248035324390759815e+00,0.000000000000000000e+00
1.780851853748089297e+01,1.558043486220845875e+00,0.000000000000000000e+00
1.776948615775171092e+01,1.867648253674517145e+00,0.000000000000000000e+00
1.773056795957918297e+01,2.177040001476038711e+00,0.000000000000000000e+00
1.769168441430452177e+01,2.486404094877646465e+00,0.000000000000000000e+00
1.765274823045540842e+01,2.795920648670628506e+00,0.000000000000000000e+00
1.761366457392353624e+01,3.105764293531588116e+00,0.000000000000000000e+00
1.757435207697058388e+01,3.416107989616647078e+00,0.000000000000000000e+00
1.753483438706990327e+01,3.727144106768847998e+00,0.000000000000000000e+00
1.749516401426100742e+01,4.039076869417484339e+00,0.000000000000000000e+00
1.745538376415606407e+01,4.352115972778312525e+00,0.000000000000000000e+00
1.741552644139093786e+01,4.666476245733565342e+00,0.000000000000000000e+00
1.737561459251983464e+01,4.982377309128472653e+00,0.000000000000000000e+00
1.733566025898014828e+01,5.300043224513817819e+00,0.000000000000000000e+00
1.729566474042959712e+01,5.619702133606574002e+00,0.000000000000000000e+00
1.725561254522648014e+01,5.941583883549038880e+00,0.000000000000000000e+00
1.721540096559177258e+01,6.265893522433042762e+00,0.000000000000000000e+00
1.717486467060350108e+01,6.592812853645067861e+00,0.000000000000000000e+00
1.713382949355158047e+01,6.922516464382741042e+00,0.000000000000000000e+00
1.709211380032120786e+01,7.255171864024991812e+00,0.000000000000000000e+00
1.704952872428015098e+01,7.590939259041374676e+00,0.000000000000000000e+00
1.700587840696946529e+01,7.929971334822589313e+00,0.000000000000000000e+00
1.696096024440933547e+01,8.272413044568430962e+00,0.000000000000000000e+00
1.691464591936122375e+01,8.618442565101634756e+00,0.000000000000000000e+00
1.686737114965349349e+01,8.968540327605481366e+00,0.000000000000000000e+00
1.681978840083888116e+01,9.323360954105284648e+00,0.000000000000000000e+00
1.677250895698778521e+01,9.683612561302304300e+00,0.000000000000000000e+00
1.672609945850247470e+01,1.005005447455233814e+01,0.000000000000000000e+00
1.668107955466489045e+01,1.042349537047138419e+01,0.000000000000000000e+00
1.663791961950168030e+01,1.080479133591422780e+01,0.000000000000000000e+00
1.659685830498025894e+01,1.119472227953614585e+01,0.000000000000000000e+00
1.655592914634943824e+01,1.159258639033972038e+01,0.000000000000000000e+00
1.651180628182581600e+01,1.199652947793252800e+01,0.000000000000000000e+00
1.646127670395948073e+01,1.240446173013143927e+01,0.000000000000000000e+00
1.640127615402914429e+01,1.281408131551034124e+01,0.000000000000000000e+00
1.632889816021364382e+01,1.322288100980833292e+01,0.000000000000000000e+00
1.624138823341052174e+01,1.362814287646178357e+01,0.000000000000000000e+00
1.613594186731257452e+01,1.402676026742841664e+01,0.000000000000000000e+00
1.600977588433803334e+01,1.441526695455999274e+01,0.000000000000000000e+00
1.586059869075672246e+01,1.479024755430588733e+01,0.000000000000000000e+00
1.568925016009687567e+01,1.515093276474564021e+01,0.000000000000000000e+00
1.549807069278049454e+01,1.549807069278049276e+01,0.000000000000000000e+00
1.528689290231286257e+01,1.583004100401486447e+01,0.000000000000000000e+00
1.505523160772822422e+01,1.614475929830234335e+01,0.000000000000000000e+00
1.480533385545700931e+01,1.644298906609489563e+01,0.000000000000000000e+00
1.453844312180423515e+01,1.672456565750317736e+01,0.000000000000000000e+00
1.425491882517072106e+01,1.698835072203604213e+01,0.000000000000000000e+00
1.395519719289483085e+01,1.723323333239175525e+01,0.000000000000000000e+00
1.363992369332134658e+01,1.745830619501877123e+01,0.000000000000000000e+00
1.330988434075161386e+01,1.766281309076100925e+01,0.000000000000000000e+00
1.296598451986082168e+01,1.784614667424553858e+01,0.000000000000000000e+00
1.260922005821110581e+01,1.800783249270687492e+01,0.000000000000000000e+00
1.224065071764750634e+01,1.814751098318165745e+01,0.000000000000000000e+00
1.186139305170290115e+01,1.826494358235102666e+01,0.000000000000000000e+00
1.147254555450750324e+01,1.835991078687476374e+01,0.000000000000000000e+00
1.107538009204311891e+01,1.843252784642074715e+01,0.000000000000000000e+00
1.066940265990139558e+01,1.847994749335973452e+01,0.000000000000000000e+00
1.025536246448955424e+01,1.850116363355719429e+01,0.000000000000000000e+00
9.836263948818634972e+00,1.849932192867522218e+01,0.000000000000000000e+00
9.413405405861849928e+00,1.847484834212344751e+01,0.000000000000000000e+00
8.984498463799704737e+00,1.842095171499181916e+01,0.000000000000000000e+00
8.553012376494908864e+00,1.834199423259723716e+01,0.000000000000000000e+00
8.121108273139499900e+00,1.824030782632908654e+01,0.000000000000000000e+00
7.687206186344491599e+00,1.810992288067465239e+01,0.000000000000000000e+00
7.253039160792618567e+00,1.795190187419137828e+01,0.000000000000000000e+00
6.821680084614978767e+00,1.777108419126996353e+01,0.000000000000000000e+00
6.392328827483303222e+00,1.756277911123921243e+01,0.000000000000000000e+00
5.965237188322310757e+00,1.732430673024198953e+01,0.000000000000000000e+00
5.543905709601403942e+00,1.706238733409212571e+01,0.000000000000000000e+00
5.129285593129648824e+00,1.677713721324108676e+01,0.000000000000000000e+00
4.719436411398799436e+00,1.645863070790088045e+01,0.000000000000000000e+00
4.317917623999465881e+00,1.611468795566309709e+01,0.000000000000000000e+00
3.925959565254631745e+00,1.574616377015594360e+01,0.000000000000000000e+00
3.544443286599096243e+00,1.535267058367243287e+01,0.000000000000000000e+00
3.174388441268174432e+00,1.493432343997062439e+01,0.000000000000000000e+00
2.816503780432877857e+00,1.448965583462151407e+01,0.000000000000000000e+00
2.477929325005321815e+00,1.405303553120026017e+01,0.000000000000000000e+00
2.161069043215439134e+00,1.364445294491882166e+01,0.000000000000000000e+00
1.863712478517329796e+00,1.326100334087181309e+01,0.000000000000000000e+00
1.583946052881426425e+00,1.290020537788930355e+01,0.000000000000000000e+00
1.320107105445388340e+00,1.255998011981627194e+01,0.000000000000000000e+00
1.070718725650321446e+00,1.223837103572915552e+01,0.000000000000000000e+00
8.344883270375264006e-01,1.193373906008551444e+01,0.000000000000000000e+00
6.102670714800766394e-01,1.164458940693091549e+01,0.000000000000000000e+00
3.970356022633492188e-01,1.136961206874817343e+01,0.000000000000000000e+00
1.938845298133698714e-01,1.110763727380587973e+01,0.000000000000000000e+00
6.648367127984199392e-16,1.085760748750260341e+01,0.000000000000000000e+00
-1.853481876175925858e-01,1.061859055694270104e+01,0.000000000000000000e+00
-3.628173738656890190e-01,1.038973021346022740e+01,0.000000000000000000e+00
-5.330011616163269350e-01,1.017026801951908865e+01,0.000000000000000000e+00
-6.964364851508678678e-01,9.959505743140066869e+00,0.000000000000000000e+00
-8.536111425104961903e-01,9.756820005114832384e+00,0.000000000000000000e+00
-1.004968084710227139e+00,9.561632622795150027e+00,0.000000000000000000e+00
-1.150912569845267575e+00,9.373430677130372146e+00,0.000000000000000000e+00
-1.291812861455745587e+00,9.191726121388724025e+00,0.000000000000000000e+00
-1.428009258761140821e+00,9.016095620473128847e+00,0.000000000000000000e+00
-1.559810660868184540e+00,8.846125843027621727e+00,0.000000000000000000e+00
-1.687504178890749884e+00,8.681456400479088842e+00,0.000000000000000000e+00
-1.811353384686191559e+00,8.521747672500374904e+00,0.000000000000000000e+00
-1.931599645163909473e+00,8.366677261803316057e+00,0.000000000000000000e+00
-2.048470657523600469e+00,8.215967056103290034e+00,0.000000000000000000e+00
-2.162173350444964282e+00,8.069340798632032019e+00,0.000000000000000000e+00
-2.272900546463918925e+00,7.926546195152168295e+00,0.000000000000000000e+00
-2.380835105640616955e+00,7.787360739463579762e+00,0.000000000000000000e+00
-2.486142750113244926e+00,7.651560613091145768e+00,0.000000000000000000e+00
-2.588979141504172521e+00,7.518941384832237063e+00,0.000000000000000000e+00
-2.689493743816849580e+00,7.389323330901270026e+00,0.000000000000000000e+00
-2.787822334081279330e+00,7.262525476824290394e+00,0.000000000000000000e+00
-2.884090987054486188e+00,7.138375686114986074e+00,0.000000000000000000e+00
-2.978423722869845136e+00,7.016726573948517398e+00,0.000000000000000000e+00
-3.070934742788041127e+00,6.897432362562028629e+00,0.000000000000000000e+00
-3.161727797102113602e+00,6.780347141652926624e+00,0.000000000000000000e+00
-3.250904974836683170e+00,6.665342958516895067e+00,0.000000000000000000e+00
-3.338564621161535850e+00,6.552301998799454630e+00,0.000000000000000000e+00
-3.424796233131062628e+00,6.441104914068020548e+00,0.000000000000000000e+00
-3.509682536546861797e+00,6.331634901772684287e+00,0.000000000000000000e+00
-3.593307674899232307e+00,6.223791460152664712e+00,0.000000000000000000e+00
-3.675751335371105100e+00,6.117477529680648729e+00,0.000000000000000000e+00
-3.757086164311188359e+00,6.012594717329594829e+00,0.000000000000000000e+00
-3.837380019467715453e+00,5.909047044820456840e+00,0.000000000000000000e+00
-3.916703202361632385e+00,5.806751293070214537e+00,0.000000000000000000e+00
-3.995122581327319899e+00,5.705626351213027192e+00,0.000000000000000000e+00
-4.072699465856559620e+00,5.605589912317576307e+00,0.000000000000000000e+00
-4.149490786136087905e+00,5.506560260103498194e+00,0.000000000000000000e+00
-4.225556117246962451e+00,5.408465193632526535e+00,0.000000000000000000e+00
-4.300953738089700273e+00,5.311235541555774375e+00,0.000000000000000000e+00
-4.375737529351217958e+00,5.214800920853626565e+00,0.000000000000000000e+00
-4.449957166127404662e+00,5.119090137399696872e+00,0.000000000000000000e+00
-4.523663353798736075e+00,5.024037133603074246e+00,0.000000000000000000e+00
-4.596908682063789442e+00,4.929581033486010178e+00,0.000000000000000000e+00
-4.669742481977236181e+00,4.835659897683044051e+00,0.000000000000000000e+00
-4.742210539913541467e+00,4.742210539913542355e+00,0.000000000000000000e+00
-4.814356850844291102e+00,4.649170368775864759e+00,0.000000000000000000e+00
-4.886229474341043932e+00,4.556482699153520777e+00,0.000000000000000000e+00
-4.957875482734885431e+00,4.464091135779597153e+00,0.000000000000000000e+00
-5.029339056790914420e+00,4.371937742049512465e+00,0.000000000000000000e+00
-5.100661569767105163e+00,4.279963241951706188e+00,0.000000000000000000e+00
-5.171886102431247245e+00,4.188110787251984490e+00,0.000000000000000000e+00
-5.243059116396077357e+00,4.096326726565266085e+00,0.000000000000000000e+00
-5.314225048590341061e+00,4.004555808522969329e+00,0.000000000000000000e+00
-5.385425865251466604e+00,3.912740922525259624e+00,0.000000000000000000e+00
-5.456701954620168493e+00,3.820823842388702207e+00,0.000000000000000000e+00
-5.528098610859156992e+00,3.728749594969289038e+00,0.000000000000000000e+00
-5.599662397008180470e+00,3.636463279959683437e+00,0.000000000000000000e+00
-5.671437732110655716e+00,3.543907620058091013e+00,0.000000000000000000e+00
-5.743466803027926559e+00,3.451023018631604433e+00,0.000000000000000000e+00
-5.815793150153064417e+00,3.357749740792052240e+00,0.000000000000000000e+00
-5.888466476819351314e+00,3.264030267277163944e+00,0.000000000000000000e+00
-5.961535620442754535e+00,3.169804716575281400e+00,0.000000000000000000e+00
-6.035047307526372862e+00,3.075010192087518135e+00,0.000000000000000000e+00
-6.109046866427058298e+00,2.979581241832632177e+00,0.000000000000000000e+00
-6.183586364107548583e+00,2.883453676446173564e+00,0.000000000000000000e+00
-6.258721296206433138e+00,2.786562254422529694e+00,0.000000000000000000e+00
-6.334505115158610700e+00,2.688837894535755613e+00,0.000000000000000000e+00
-6.410989086999303588e+00,2.590207724690707813e+00,0.000000000000000000e+00
-6.488228726706378069e+00,2.490597659266208019e+00,0.000000000000000000e+00
-6.566288105804818365e+00,2.389933420129159103e+00,0.000000000000000000e+00
-6.645229981890496518e+00,2.288136179425282357e+00,0.000000000000000000e+00
-6.725114599748247990e+00,2.185122192881685077e+00,0.000000000000000000e+00
-6.806004820213331641e+00,2.080804491694750791e+00,0.000000000000000000e+00
-6.887975802475014397e+00,1.975095278578036240e+00,0.000000000000000000e+00
-6.971102593425820615e+00,1.867901310262955583e+00,0.000000000000000000e+00
-7.055457258238600815e+00,1.759123067342053703e+00,0.000000000000000000e+00
-7.141115463146088693e+00,1.648656409595323336e+00,0.000000000000000000e+00
-7.228168149182352842e+00,1.536394568962968332e+00,0.000000000000000000e+00
-7.316705938556376410e+00,1.422223562206370140e+00,0.000000000000000000e+00
-7.406815975521099382e+00,1.306021497626858263e+00,0.000000000000000000e+00
-7.498595417669353225e+00,1.187660838447693878e+00,0.000000000000000000e+00
-7.592156875279112427e+00,1.067008064443228932e+00,0.000000000000000000e+00
-7.687609862497893687e+00,9.439198013596432624e-01,0.000000000000000000e+00
-7.785063458500466993e+00,8.182431413004560561e-01,0.000000000000000000e+00
-7.884649932316450283e+00,6.898174849481369941e-01,0.000000000000000000e+00
-7.986506836104294571e+00,5.584709616138272548e-01,0.000000000000000000e+00
-8.090767206244333209e+00,4.240191419753207014e-01,0.000000000000000000e+00
-8.197585731099646722e+00,2.862660017045687844e-01,0.000000000000000000e+00
-8.307133133744576625e+00,1.450015482168585945e-01,0.000000000000000000e+00
-8.419574501719939263e+00,1.031100496371399423e-15,0.000000000000000000e+00
-8.535099541083011943e+00,-1.489807166584013742e-01,0.000000000000000000e+00
-8.653918959514745879e+00,-3.022015091854791113e-01,0.000000000000000000e+00
-8.776239004022169610e+00,-4.599431966580088682e-01,0.000000000000000000e+00
-8.902301555386410215e+00,-6.225095667279215705e-01,0.000000000000000000e+00
-9.032362261169023299e+00,-7.902293027116685797e-01,0.000000000000000000e+00
-9.166687266112793608e+00,-9.634576550243956206e-01,0.000000000000000000e+00
-9.305594902100754240e+00,-1.142583383994751012e+00,0.000000000000000000e+00
-9.449403590287328569e+00,-1.328027068018756474e+00,0.000000000000000000e+00
-9.598464126957299669e+00,-1.520247368723269821e+00,0.000000000000000000e+00
-9.753140781326822051e+00,-1.719741866395958718e+00,0.000000000000000000e+00
-9.913900154474186266e+00,-1.927066976787166874e+00,0.000000000000000000e+00
-1.008129900967754899e+01,-2.142846254664456218e+00,0.000000000000000000e+00
-1.025570711439817728e+01,-2.367716550214675753e+00,0.000000000000000000e+00
-1.043736214380496818e+01,-2.602326658265909032e+00,0.000000000000000000e+00
-1.062768609878955672e+01,-2.847679907582125747e+00,0.000000000000000000e+00
-1.082819471046728665e+01,-3.104934869324423197e+00,0.000000000000000000e+00
-1.103480273279035906e+01,-3.373677759257879938e+00,0.000000000000000000e+00
-1.124239868138052323e+01,-3.652876764483389938e+00,0.000000000000000000e+00
-1.144844989291962278e+01,-3.942017427495339454e+00,0.000000000000000000e+00
-1.165123133199215211e+01,-4.240701397394899708e+00,0.000000000000000000e+00
-1.184939787263598454e+01,-4.548557680130123515e+00,0.000000000000000000e+00
-1.204174447126332481e+01,-4.865180571195886650e+00,0.000000000000000000e+00
-1.222638610820337846e+01,-5.189792996187290619e+00,0.000000000000000000e+00
-1.240051154159084845e+01,-5.521063450815815621e+00,0.000000000000000000e+00
-1.256307897131963536e+01,-5.858259934332365582e+00,0.000000000000000000e+00
-1.271454527452964989e+01,-6.201298079184180523e+00,0.000000000000000000e+00
-1.285491913963265809e+01,-6.549908452835856210e+00,0.000000000000000000e+00
-1.298379247573232398e+01,-6.903604918082220543e+00,0.000000000000000000e+00
-1.310086802711862219e+01,-7.261929729320030447e+00,0.000000000000000000e+00
-1.320611024631388375e+01,-7.624551305657198519e+00,0.000000000000000000e+00
-1.329952617022881078e+01,-7.991161527416922539e+00,0.000000000000000000e+00
-1.338110703854081507e+01,-8.361443683002336869e+00,0.000000000000000000e+00
-1.345078779630108379e+01,-8.735043729406333668e+00,0.000000000000000000e+00
-1.350850177050818779e+01,-9.111599493988768117e+00,0.000000000000000000e+00
-1.355419246961795210e+01,-9.490747741571764706e+00,0.000000000000000000e+00
-1.358781359877344386e+01,-9.872124442118476395e+00,0.000000000000000000e+00
-1.360932906835643585e+01,-1.025536503864167415e+01,0.000000000000000000e+00
-1.361871299585571471e+01,-1.064010471518229650e+01,0.000000000000000000e+00
-1.361593987247794324e+01,-1.102597070567590443e+01,0.000000000000000000e+00
-1.360097296630713792e+01,-1.141257139968047518e+01,0.000000000000000000e+00
-1.357384418069042731e+01,-1.179956272745815937e+01,0.000000000000000000e+00
-1.353461036131594142e+01,-1.218661790732432237e+01,0.000000000000000000e+00
-1.348333587811359635e+01,-1.257341411780212148e+01,0.000000000000000000e+00
-1.342009246268644596e+01,-1.295963264808932536e+01,0.000000000000000000e+00
-1.334495904317425818e+01,-1.334495904317425286e+01,0.000000000000000000e+00
-1.325802136251025232e+01,-1.372908302176230499e+01,0.000000000000000000e+00
-1.315935686518414194e+01,-1.411168254627195395e+01,0.000000000000000000e+00
-1.304902619904401107e+01,-1.449241180299228482e+01,0.000000000000000000e+00
-1.292709719247922706e+01,-1.487092420730349751e+01,0.000000000000000000e+00
-1.279361913232978054e+01,-1.524684156323602657e+01,0.000000000000000000e+00
-1.264859665831168201e+01,-1.561971604750786113e+01,0.000000000000000000e+00
-1.249208988024764722e+01,-1.598914591082682257e+01,0.000000000000000000e+00
-1.232444796814101373e+01,-1.635509485545171771e+01,0.000000000000000000e+00
-1.214599763240373598e+01,-1.671753154732617475e+01,0.000000000000000000e+00
-1.195633069083986300e+01,-1.707540984407250662e+01,0.000000000000000000e+00
-1.175526878464105884e+01,-1.742790267448500785e+01,0.000000000000000000e+00
-1.154412777243674881e+01,-1.777639789457424158e+01,0.000000000000000000e+00
-1.132294449275513237e+01,-1.812049904217123242e+01,0.000000000000000000e+00
-1.109056605510827431e+01,-1.845780153316981043e+01,0.000000000000000000e+00
-1.084822013785508865e+01,-1.878966845045684053e+01,0.000000000000000000e+00
-1.059648783165351560e+01,-1.911657008645549283e+01,0.000000000000000000e+00
-1.033482658697495538e+01,-1.943698187688870505e+01,0.000000000000000000e+00
-1.006306156799358220e+01,-1.974987035088933141e+01,0.000000000000000000e+00
-9.782028866046118765e+00,-2.005613136249390749e+01,0.000000000000000000e+00
-9.492021745014428191e+00,-2.035570632181063289e+01,0.000000000000000000e+00
-9.193110259684958763e+00,-2.064806370980856443e+01,0.000000000000000000e+00
-8.885504843167225886e+00,-2.093293760631391720e+01,0.000000000000000000e+00
-8.569401758204900688e+00,-2.121001363337542145e+01,0.000000000000000000e+00
-8.245027226701612477e+00,-2.147903026638300616e+01,0.000000000000000000e+00
-7.912621490677285152e+00,-2.173974887432717296e+01,0.000000000000000000e+00
-7.572439047560867387e+00,-2.199195985246342033e+01,0.000000000000000000e+00
-7.224744938637813085e+00,-2.223547855793582428e+01,0.000000000000000000e+00
-6.869812826069959577e+00,-2.247014527064683165e+01,0.000000000000000000e+00
-6.507920815969089112e+00,-2.269581705298354279e+01,0.000000000000000000e+00
-6.139356230588663976e+00,-2.291238937832145695e+01,0.000000000000000000e+00
-5.764391069657123445e+00,-2.311970979562507367e+01,0.000000000000000000e+00
-5.383338880470623700e+00,-2.331780248385435073e+01,0.000000000000000000e+00
-4.996127375843086860e+00,-2.350493128318090896e+01,0.000000000000000000e+00
-4.603315655694343533e+00,-2.368200604328125181e+01,0.000000000000000000e+00
-4.205301565723564394e+00,-2.384945031569793983e+01,0.000000000000000000e+00
-3.802356168607675446e+00,-2.400713201888067161e+01,0.000000000000000000e+00
-3.394794023637395686e+00,-2.415521460952047761e+01,0.000000000000000000e+00
-2.982526814784786318e+00,-2.429073161033097961e+01,0.000000000000000000e+00
-2.566262328564007600e+00,-2.441635507909990821e+01,0.000000000000000000e+00
-2.146275806261073615e+00,-2.453204472171531947e+01,0.000000000000000000e+00
-1.722804084238173328e+00,-2.463724623439023986e+01,0.000000000000000000e+00
-1.296032304230527288e+00,-2.472976954873381672e+01,0.000000000000000000e+00
-8.664681176849230448e-01,-2.481240047959609996e+01,0.000000000000000000e+00
-4.343723750549000062e-01,-2.488517670035708562e+01,0.000000000000000000e+00
-4.582256111357143230e-15,-2.494464044407192560e+01,0.000000000000000000e+00
4.362676191309435847e-01,-2.499375516075507164e+01,0.000000000000000000e+00
8.741717351790998514e-01,-2.503300322135430278e+01,0.000000000000000000e+00
1.313291534521208392e+00,-2.505909528103545370e+01,0.000000000000000000e+00
1.753374538609604905e+00,-2.507442409967225316e+01,0.000000000000000000e+00
2.194207517303758070e+00,-2.507990668589415151e+01,0.000000000000000000e+00
2.635186703173068690e+00,-2.507212669890996182e+01,0.000000000000000000e+00
3.076197559684174632e+00,-2.505361860695792942e+01,0.000000000000000000e+00
3.517069449608800635e+00,-2.502524947326895344e+01,0.000000000000000000e+00
3.957004863870715372e+00,-2.498354545284027850e+01,0.000000000000000000e+00
4.396055383535668604e+00,-2.493126897467845282e+01,0.000000000000000000e+00
4.834066539651920458e+00,-2.486911643003406880e+01,0.000000000000000000e+00
5.270100986168960944e+00,-2.479387577952268984e+01,0.000000000000000000e+00
5.704297369704781850e+00,-2.470802643661884446e+01,0.000000000000000000e+00
6.136537619884370187e+00,-2.461230808375769996e+01,0.000000000000000000e+00
6.565929314752660062e+00,-2.450438180156278634e+01,0.000000000000000000e+00
6.992377028344936463e+00,-2.438531664543148381e+01,0.000000000000000000e+00
7.415915829581160246e+00,-2.425636770964352351e+01,0.000000000000000000e+00
7.836117953670238556e+00,-2.411709122137434491e+01,0.000000000000000000e+00
8.251949140250234294e+00,-2.396540045514241513e+01,0.000000000000000000e+00
8.663967511837151747e+00,-2.380405510166106353e+01,0.000000000000000000e+00
9.071791253069504180e+00,-2.363282419055629902e+01,0.000000000000000000e+00
9.475140351658861704e+00,-2.345179531866511269e+01,0.000000000000000000e+00
9.872817643929492348e+00,-2.325890080379780045e+01,0.000000000000000000e+00
1.026544481698601352e+01,-2.305656655943499445e+01,0.000000000000000000e+00
1.065265581076158163e+01,-2.284469410798456224e+01,0.000000000000000000e+00
1.103418479288444232e+01,-2.262343146954682283e+01,0.000000000000000000e+00
1.140970377538826419e+01,-2.239280449427879205e+01,0.000000000000000000e+00
1.177893729314305560e+01,-2.215295910086904740e+01,0.000000000000000000e+00
1.214103296002305044e+01,-2.190300325820598815e+01,0.000000000000000000e+00
1.249630389717398238e+01,-2.164423325672630583e+01,0.000000000000000000e+00
1.284447346470784268e+01,-2.137679364890894007e+01,0.000000000000000000e+00
1.318529233823519853e+01,-2.110087860437820950e+01,0.000000000000000000e+00
1.351850206844951785e+01,-2.081666769846040310e+01,0.000000000000000000e+00
1.384386655795364796e+01,-2.052437621212092722e+01,0.000000000000000000e+00
1.416115953847048736e+01,-2.022423176802371358e+01,0.000000000000000000e+00
1.447018921003638248e+01,-1.991650681449114302e+01,0.000000000000000000e+00
1.477074841907391445e+01,-1.960144520098991450e+01,0.000000000000000000e+00
1.506236223370706817e+01,-1.927894450209440436e+01,0.000000000000000000e+00
1.534457438850482092e+01,-1.894897128060517133e+01,0.000000000000000000e+00
1.561765773352214381e+01,-1.861239971183176678e+01,0.000000000000000000e+00
1.588160959572484643e+01,-1.826970193473990278e+01,0.000000000000000000e+00
1.613638956142500547e+01,-1.792127619107778358e+01,0.000000000000000000e+00
1.638148831871938071e+01,-1.756699549662953430e+01,0.000000000000000000e+00
1.661568768334447554e+01,-1.720604828057983937e+01,0.000000000000000000e+00
1.684046501133649798e+01,-1.684046501133650864e+01,0.000000000000000000e+00
1.705569992444897309e+01,-1.647049796351824824e+01,0.000000000000000000e+00
1.725936107019171217e+01,-1.609461457505081938e+01,0.000000000000000000e+00
1.745226362145404053e+01,-1.571408874690928137e+01,0.000000000000000000e+00
1.763513219224384443e+01,-1.532998653435357461e+01,0.000000000000000000e+00
1.780729323316392154e+01,-1.494209318421352783e+01,0.000000000000000000e+00
1.796844331059756428e+01,-1.455055849429155934e+01,0.000000000000000000e+00
1.811875267555251767e+01,-1.415592103563933257e+01,0.000000000000000000e+00
1.825818812736931207e+01,-1.375853161091789545e+01,0.000000000000000000e+00
1.838647062763562090e+01,-1.335855285089870570e+01,0.000000000000000000e+00
1.850333773855160757e+01,-1.295617656657404737e+01,0.000000000000000000e+00
1.860862353705855199e+01,-1.255167506246045050e+01,0.000000000000000000e+00
1.870218633051207391e+01,-1.214534181242922450e+01,0.000000000000000000e+00
1.878392658682869154e+01,-1.173750003262405706e+01,0.000000000000000000e+00
1.885392124562114091e+01,-1.132857879074079932e+01,0.000000000000000000e+00
1.891231169695259595e+01,-1.091902824923370474e+01,0.000000000000000000e+00
1.895925611931671284e+01,-1.050928727574854804e+01,0.000000000000000000e+00
1.899492895870654863e+01,-1.009978288108402289e+01,0.000000000000000000e+00
1.901952039578441855e+01,-9.690929678830515925e+00,0.000000000000000000e+00
1.903323579683930689e+01,-9.283129363976838633e+00,0.000000000000000000e+00
1.903629514911989062e+01,-8.876770210933472072e+00,0.000000000000000000e+00
1.902572334193747139e+01,-8.470797790574748021e+00,0.000000000000000000e+00
1.900351986264579196e+01,-8.066515601032168803e+00,0.000000000000000000e+00
1.896982764642634933e+01,-7.664307868729058448e+00,0.000000000000000000e+00
1.892458090692969819e+01,-7.264465988288234755e+00,0.000000000000000000e+00
1.887433931473654525e+01,-6.869697702004449624e+00,0.000000000000000000e+00
1.882518288028881415e+01,-6.482030290911332315e+00,0.000000000000000000e+00
1.877703465162302265e+01,-6.101028395160112971e+00,0.000000000000000000e+00
1.872979612652953207e+01,-5.726273333345640815e+00,0.000000000000000000e+00
1.868334813107955839e+01,-5.357363867112523437e+00,0.000000000000000000e+00
1.863755172123386927e+01,-4.993916932597894487e+00,0.000000000000000000e+00
1.859224913114169198e+01,-4.635568344230422078e+00,0.000000000000000000e+00
1.854732546189934794e+01,-4.281987479605809277e+00,0.000000000000000000e+00
1.850284203498708990e+01,-3.932900484080421144e+00,0.000000000000000000e+00
1.845888560678482904e+01,-3.588043890584614370e+00,0.000000000000000000e+00
1.841553118852110771e+01,-3.247155012614513669e+00,0.000000000000000000e+00
1.837284216807672266e+01,-2.909972323961876661e+00,0.000000000000000000e+00
1.833087044237883134e+01,-2.576235832793325020e+00,0.000000000000000000e+00
1.828965656018872821e+01,-2.245687449807713065e+00,0.000000000000000000e+00
1.824922987508052685e+01,-1.918071350207874337e+00,0.000000000000000000e+00
1.820960870840112023e+01,-1.593134329228043988e+00,0.000000000000000000e+00
1.817080052199580820e+01,-1.270626150964631940e+00,0.000000000000000000e+00
1.813280210047821228e+01,-9.502998902649378854e-01,0.000000000000000000e+00
1.809559974281678763e+01,-6.319122674338316648e-01,0.000000000000000000e+00
1.805916946300504833e+01,-3.152239755264543142e-01,0.000000000000000000e+00
1.802347719957682415e+01,-4.414478732393412002e-15,0.000000000000000000e+00
