1.871866982633015297e+01,0.000000000000000000e+00,0.000000000000000000e+00
1.866694225689922604e+01,3.258326891054644792e-01,0.000000000000000000e+00
1.861553437525849830e+01,6.500687848841080196e-01,0.000000000000000000e+00
1.856440241281624992e+01,9.729191041724315481e-01,0.000000000000000000e+00
1.851349370775124470e+01,1.294589592919284771e+00,0.000000000000000000e+00
1.846274694192882038e+01,1.615281054966692942e+00,0.000000000000000000e+00
1.841210582609721413e+01,1.935190302482653557e+00,0.000000000000000000e+00
1.836154771973682287e+01,2.254514574265614524e+00,0.000000000000000000e+00
1.831104966719466631e+01,2.573450204504485583e+00,0.000000000000000000e+00
1.826058150026873861e+01,2.892191980920645111e+00,0.000000000000000000e+00
1.821011638668488786e+01,3.210934840813887803e+00,0.000000000000000000e+00
1.815962546506012387e+01,3.529873611723571614e+00,0.000000000000000000e+00
1.810907166500588161e+01,3.849202008149672061e+00,0.000000000000000000e+00
1.805842134993113746e+01,4.169115071641851245e+00,0.000000000000000000e+00
1.800764927232941304e+01,4.489811228970348900e+00,0.000000000000000000e+00
1.795672255150413577e+01,4.811489306385261955e+00,0.000000000000000000e+00
1.790560448235204305e+01,5.134349464536676066e+00,0.000000000000000000e+00
1.785426876593986734e+01,5.458597756756871533e+00,0.000000000000000000e+00
1.780268411099514836e+01,5.784442713474931885e+00,0.000000000000000000e+00
1.775081113579588532e+01,6.112094432344209238e+00,0.000000000000000000e+00
1.769861723008459720e+01,6.441769859421736300e+00,0.000000000000000000e+00
1.764606877673845986e+01,6.773691163151289274e+00,0.000000000000000000e+00
1.759312221344536908e+01,7.108082768554992548e+00,0.000000000000000000e+00
1.753974360946348199e+01,7.445179444990600359e+00,0.000000000000000000e+00
1.748590941108059127e+01,7.785228458519569905e+00,0.000000000000000000e+00
1.743158446799383299e+01,8.128481331201252047e+00,0.000000000000000000e+00
1.737671827140282588e+01,8.475191783291000647e+00,0.000000000000000000e+00
1.732124322791092297e+01,8.825614241503643598e+00,0.000000000000000000e+00
1.726507869021950015e+01,9.180005177967316854e+00,0.000000000000000000e+00
1.720819449931875056e+01,9.538657970132133457e+00,0.000000000000000000e+00
1.715067137464724212e+01,9.901944734935392844e+00,0.000000000000000000e+00
1.709258137358767016e+01,1.027025902491283382e+01,0.000000000000000000e+00
1.703377575382016218e+01,1.064388441585842138e+01,0.000000000000000000e+00
1.697373781551882388e+01,1.102287422234165248e+01,0.000000000000000000e+00
1.691195008573257041e+01,1.140725436924062564e+01,0.000000000000000000e+00
1.684899506961526683e+01,1.179779335900284387e+01,0.000000000000000000e+00
1.678669496729747124e+01,1.219624779839517359e+01,0.000000000000000000e+00
1.672619626886462640e+01,1.260409294121718560e+01,0.000000000000000000e+00
1.666240364209535585e+01,1.301809646862227687e+01,0.000000000000000000e+00
1.658700878978175552e+01,1.343189487643050128e+01,0.000000000000000000e+00
1.649345699856806036e+01,1.383965368433678655e+01,0.000000000000000000e+00
1.637901256070828282e+01,1.423805839754910174e+01,0.000000000000000000e+00
1.624246915770386934e+01,1.462478491897949517e+01,0.000000000000000000e+00
1.608366097060556399e+01,1.499825649541319272e+01,0.000000000000000000e+00
1.590267034758912068e+01,1.535703024412412177e+01,0.000000000000000000e+00
1.570079819799688536e+01,1.570079819799688181e+01,0.000000000000000000e+00
1.547973794474835252e+01,1.602973789132104443e+01,0.000000000000000000e+00
1.524227894403637684e+01,1.634534300905266946e+01,0.000000000000000000e+00
1.498212501952493803e+01,1.663933554541995719e+01,0.000000000000000000e+00
1.470798828152933169e+01,1.691960505284816918e+01,0.000000000000000000e+00
1.441580018588754264e+01,1.718008166165175865e+01,0.000000000000000000e+00
1.410681545223986255e+01,1.742046628973572453e+01,0.000000000000000000e+00
1.378330387784307121e+01,1.764182446241965252e+01,0.000000000000000000e+00
1.344569146050294250e+01,1.784303522576619372e+01,0.000000000000000000e+00
1.309475575879254983e+01,1.802338507938784318e+01,0.000000000000000000e+00
1.273150777448799431e+01,1.818247745095676038e+01,0.000000000000000000e+00
1.235689423508736340e+01,1.831984908498061415e+01,0.000000000000000000e+00
1.197018086429339156e+01,1.843246212344914525e+01,0.000000000000000000e+00
1.157426238171484023e+01,1.852269173763916754e+01,0.000000000000000000e+00
1.117060956271949124e+01,1.859101630058253463e+01,0.000000000000000000e+00
1.075746615721102728e+01,1.863247794499222465e+01,0.000000000000000000e+00
1.033884600232696371e+01,1.865177192259488592e+01,0.000000000000000000e+00
9.913415325259313349e+00,1.864442256418510269e+01,0.000000000000000000e+00
9.484232080064796122e+00,1.861385351698413615e+01,0.000000000000000000e+00
9.050135460235157581e+00,1.855552750093315595e+01,0.000000000000000000e+00
8.614667065505104304e+00,1.847421313986146885e+01,0.000000000000000000e+00
8.176092043007320953e+00,1.836380339542009921e+01,0.000000000000000000e+00
7.737915454076711441e+00,1.822938642903079298e+01,0.000000000000000000e+00
7.299857490659375614e+00,1.806778130694349471e+01,0.000000000000000000e+00
6.863234272184657314e+00,1.787933655089996776e+01,0.000000000000000000e+00
6.429913526698313397e+00,1.766604222364944121e+01,0.000000000000000000e+00
5.999318036494305062e+00,1.742328470022351539e+01,0.000000000000000000e+00
5.574737471521256538e+00,1.715727774017496898e+01,0.000000000000000000e+00
5.154819230303388622e+00,1.686065397725023729e+01,0.000000000000000000e+00
4.742958052813785130e+00,1.654066041991434588e+01,0.000000000000000000e+00
4.338742578987726084e+00,1.619240774574461739e+01,0.000000000000000000e+00
3.943547170419263281e+00,1.581670380161679823e+01,0.000000000000000000e+00
3.559421272179084550e+00,1.541754736685752647e+01,0.000000000000000000e+00
3.186916692454042188e+00,1.499326422771876288e+01,0.000000000000000000e+00
2.826446815838403737e+00,1.454080831734794899e+01,0.000000000000000000e+00
2.483731114196210399e+00,1.408593911275979771e+01,0.000000000000000000e+00
2.163719585990907746e+00,1.366118781338214738e+01,0.000000000000000000e+00
1.864056730229540326e+00,1.326345281908175622e+01,0.000000000000000000e+00
1.582693892102599698e+00,1.289000734672301540e+01,0.000000000000000000e+00
1.317847787465664444e+00,1.253848414513920240e+01,0.000000000000000000e+00
1.067957609876671210e+00,1.220681133802235152e+01,0.000000000000000000e+00
8.316513431025573944e-01,1.189316829965587097e+01,0.000000000000000000e+00
6.077178336444335471e-01,1.159594705133948267e+01,0.000000000000000000e+00
3.950839356123587165e-01,1.131372364820659016e+01,0.000000000000000000e+00
1.927952282407909557e-01,1.104523122850850569e+01,0.000000000000000000e+00
6.606564825877524070e-16,1.078933914738073518e+01,0.000000000000000000e+00
-1.840642769830304615e-01,1.054503536595131408e+01,0.000000000000000000e+00
-3.600824080651441328e-01,1.031141104007571130e+01,0.000000000000000000e+00
-5.286712039396102014e-01,1.008764750523758025e+01,0.000000000000000000e+00
-6.903877856785137768e-01,9.873005310698781400e+00,0.000000000000000000e+00
-8.457367058711100505e-01,9.666814782471867318e+00,0.000000000000000000e+00
-9.951760753072267374e-01,9.468467876595831001e+00,0.000000000000000000e+00
-1.139122849429671014e+00,9.277411109776789289e+00,0.000000000000000000e+00
-1.277957414323511509e+00,9.093139492373929045e+00,0.000000000000000000e+00
-1.412027607413596897e+00,8.915191445070565379e+00,0.000000000000000000e+00
-1.541652198017632758e+00,8.743144082791085125e+00,0.000000000000000000e+00
-1.667123904439521187e+00,8.576608977704442083e+00,0.000000000000000000e+00
-1.788711998075539933e+00,8.415228323331561455e+00,0.000000000000000000e+00
-1.906664757599169091e+00,8.258672397888656036e+00,0.000000000000000000e+00
-2.021211691035755820e+00,8.106637313045951032e+00,0.000000000000000000e+00
-2.132565063181917075e+00,7.958841166241244380e+00,0.000000000000000000e+00
-2.240921524115911279e+00,7.815022090715816105e+00,0.000000000000000000e+00
-2.346464109900566974e+00,7.674938278047330975e+00,0.000000000000000000e+00
-2.449362835923024839e+00,7.538363676689187720e+00,0.000000000000000000e+00
-2.549776076044538708e+00,7.405087415686131713e+00,0.000000000000000000e+00
-2.647852154576184613e+00,7.274914004752338847e+00,0.000000000000000000e+00
-2.743729108068409417e+00,7.147658695911091264e+00,0.000000000000000000e+00
-2.837536877405680169e+00,7.023150221350725531e+00,0.000000000000000000e+00
-2.929396959373884002e+00,6.901226757177876259e+00,0.000000000000000000e+00
-3.019423637866488264e+00,6.781736526643780572e+00,0.000000000000000000e+00
-3.107724694814804511e+00,6.664537115068807083e+00,0.000000000000000000e+00
-3.194401275494380688e+00,6.549493206691931135e+00,0.000000000000000000e+00
-3.279549584242050564e+00,6.436478467358498712e+00,0.000000000000000000e+00
-3.363259786004116236e+00,6.325371689372987660e+00,0.000000000000000000e+00
-3.445618247574630644e+00,6.216059865059270884e+00,0.000000000000000000e+00
-3.526705942615159461e+00,6.108433875964549564e+00,0.000000000000000000e+00
-3.606600858927540010e+00,6.002391810540860462e+00,0.000000000000000000e+00
-3.685376280269363924e+00,5.897834913823933434e+00,0.000000000000000000e+00
-3.763103020497186257e+00,5.794670496488447675e+00,0.000000000000000000e+00
-3.839847979632821318e+00,5.692808739626126879e+00,0.000000000000000000e+00
-3.915675770631457553e+00,5.592164546875713071e+00,0.000000000000000000e+00
-3.990648066517298087e+00,5.492655849717654526e+00,0.000000000000000000e+00
-4.064824085278197607e+00,5.394203753166351589e+00,0.000000000000000000e+00
-4.138261253547138807e+00,5.296732863306502281e+00,0.000000000000000000e+00
-4.211014157623893972e+00,5.200169409378594843e+00,0.000000000000000000e+00
-4.283136685735623672e+00,5.104443532797486860e+00,0.000000000000000000e+00
-4.354679687610741645e+00,5.009485936194451483e+00,0.000000000000000000e+00
-4.425693853672786560e+00,4.915230980691635665e+00,0.000000000000000000e+00
-4.496227373281280748e+00,4.821613548263316673e+00,0.000000000000000000e+00
-4.566327862731252019e+00,4.728570924564716726e+00,0.000000000000000000e+00
-4.636041764137011967e+00,4.636041764137012855e+00,0.000000000000000000e+00
-4.705413970520672784e+00,4.543965452152196605e+00,0.000000000000000000e+00
-4.774489612170112807e+00,4.452283591956184061e+00,0.000000000000000000e+00
-4.843311709546203048e+00,4.360937451070487469e+00,0.000000000000000000e+00
-4.911923964621619731e+00,4.269870359607274679e+00,0.000000000000000000e+00
-4.980368680835527861e+00,4.179025523215969429e+00,0.000000000000000000e+00
-5.048687952280140223e+00,4.088346892340456229e+00,0.000000000000000000e+00
-5.116924097015247419e+00,3.997779248923877926e+00,0.000000000000000000e+00
-5.185118077220902677e+00,3.907266727351022872e+00,0.000000000000000000e+00
-5.253312211409035370e+00,3.816754734478554845e+00,0.000000000000000000e+00
-5.321547505021712254e+00,3.726187677957278677e+00,0.000000000000000000e+00
-5.389865851658415252e+00,3.635510421581760632e+00,0.000000000000000000e+00
-5.458309313760647541e+00,3.544667514376855788e+00,0.000000000000000000e+00
-5.526919491119159922e+00,3.453602600470659478e+00,0.000000000000000000e+00
-5.595739762817824037e+00,3.362259657803853941e+00,0.000000000000000000e+00
-5.664812435483074005e+00,3.270580984534892099e+00,0.000000000000000000e+00
-5.734181834690561530e+00,3.178508893645024536e+00,0.000000000000000000e+00
-5.803892214305606423e+00,3.085984230692918384e+00,0.000000000000000000e+00
-5.873988688324349283e+00,2.992946726743654917e+00,0.000000000000000000e+00
-5.944518159592635520e+00,2.899335229754885557e+00,0.000000000000000000e+00
-6.015527152981588799e+00,2.805086379274650987e+00,0.000000000000000000e+00
-6.087065283647179470e+00,2.710136073625467379e+00,0.000000000000000000e+00
-6.159181713739867448e+00,2.614417525941291842e+00,0.000000000000000000e+00
-6.231928601525686950e+00,2.517862592548592016e+00,0.000000000000000000e+00
-6.305358905174048623e+00,2.420400511686601419e+00,0.000000000000000000e+00
-6.379527593381087769e+00,2.321958152670617892e+00,0.000000000000000000e+00
-6.454492213221069363e+00,2.222459898775142051e+00,0.000000000000000000e+00
-6.530311317626812162e+00,2.121826769629615139e+00,0.000000000000000000e+00
-6.607047608161240149e+00,2.019977167672949658e+00,0.000000000000000000e+00
-6.684764309165082352e+00,1.916825320538256383e+00,0.000000000000000000e+00
-6.763529855251339207e+00,1.812282362698386606e+00,0.000000000000000000e+00
-6.843413355038801882e+00,1.706254584442175037e+00,0.000000000000000000e+00
-6.924489784571985496e+00,1.598644431031572610e+00,0.000000000000000000e+00
-7.006835355127297049e+00,1.489348831273806129e+00,0.000000000000000000e+00
-7.090532741926834248e+00,1.378259946326853891e+00,0.000000000000000000e+00
-7.175666529391940607e+00,1.265263613698469847e+00,0.000000000000000000e+00
-7.262328566169112598e+00,1.150239845405587991e+00,0.000000000000000000e+00
-7.350613302842365471e+00,1.033061329155970931e+00,0.000000000000000000e+00
-7.440623438490105990e+00,9.135936817388682352e-01,0.000000000000000000e+00
-7.532465283107284471e+00,7.916940032462502774e-01,0.000000000000000000e+00
-7.626254112734200064e+00,6.672107800322001347e-01,0.000000000000000000e+00
-7.722110837621663393e+00,5.399825923493154489e-01,0.000000000000000000e+00
-7.820165161453094704e+00,4.098374897383619264e-01,0.000000000000000000e+00
-7.920555868546425238e+00,2.765919057320173069e-01,0.000000000000000000e+00
-8.023429895043596716e+00,1.400494897649873782e-01,0.000000000000000000e+00
-8.128946688755878114e+00,9.955088542824362328e-16,0.000000000000000000e+00
-8.237275737941933684e+00,-1.437821828374052369e-01,0.000000000000000000e+00
-8.348599412639961415e+00,-2.915395156677399457e-01,0.000000000000000000e+00
-8.463115135135765854e+00,-4.435330700491582623e-01,0.000000000000000000e+00
-8.581034679439147439e+00,-6.000443983098783240e-01,0.000000000000000000e+00
-8.702586861685707831e+00,-7.613776937471458117e-01,0.000000000000000000e+00
-8.828020312536732916e+00,-9.278623238590275601e-01,0.000000000000000000e+00
-8.957604225206328152e+00,-1.099855501533964386e+00,0.000000000000000000e+00
-9.091630857024007639e+00,-1.277745389452173308e+00,0.000000000000000000e+00
-9.230418514794683560e+00,-1.461954670426992342e+00,0.000000000000000000e+00
-9.374314849518119885e+00,-1.652944633626059590e+00,0.000000000000000000e+00
-9.523700040121720889e+00,-1.851219757933761478e+00,0.000000000000000000e+00
-9.678990644877851324e+00,-2.057332971911543407e+00,0.000000000000000000e+00
-9.840644476087817338e+00,-2.271891789704158615e+00,0.000000000000000000e+00
-1.000916513312304268e+01,-2.495565152769164463e+00,0.000000000000000000e+00
-1.018511086162715351e+01,-2.729092230194447577e+00,0.000000000000000000e+00
-1.036909245894216980e+01,-2.973289417108116783e+00,0.000000000000000000e+00
-1.056180709197955814e+01,-3.229068479665818003e+00,0.000000000000000000e+00
-1.076403277259108826e+01,-3.497446258711348399e+00,0.000000000000000000e+00
-1.097600300960257513e+01,-3.779340919756639217e+00,0.000000000000000000e+00
-1.119401258751033090e+01,-4.074287383854952260e+00,0.000000000000000000e+00
-1.141081569263718443e+01,-4.380201754821155369e+00,0.000000000000000000e+00
-1.162176801753201438e+01,-4.695499069655192592e+00,0.000000000000000000e+00
-1.182882965668278885e+01,-5.021040294495145773e+00,0.000000000000000000e+00
-1.202735163459850476e+01,-5.354921956015759932e+00,0.000000000000000000e+00
-1.221459310544973142e+01,-5.695758306318452924e+00,0.000000000000000000e+00
-1.238970446357695465e+01,-6.042862629586389644e+00,0.000000000000000000e+00
-1.255235903369322870e+01,-6.395746378857988468e+00,0.000000000000000000e+00
-1.270256526794236684e+01,-6.754073759260476706e+00,0.000000000000000000e+00
-1.284052303531126249e+01,-7.117618143860813262e+00,0.000000000000000000e+00
-1.296718181578959772e+01,-7.486605911976945471e+00,0.000000000000000000e+00
-1.308197279497220045e+01,-7.860442271688699911e+00,0.000000000000000000e+00
-1.318384236472058113e+01,-8.238179034117683486e+00,0.000000000000000000e+00
-1.327328811594586888e+01,-8.619774089193526834e+00,0.000000000000000000e+00
-1.335052602759809659e+01,-9.005043509941401680e+00,0.000000000000000000e+00
-1.341543583632251746e+01,-9.393589300961702193e+00,0.000000000000000000e+00
-1.346789712043617193e+01,-9.785000020797815168e+00,0.000000000000000000e+00
-1.350779798659159070e+01,-1.017885588076645575e+01,0.000000000000000000e+00
-1.353503994348781347e+01,-1.057473216204130928e+01,0.000000000000000000e+00
-1.354953831493567407e+01,-1.097219978459889411e+01,0.000000000000000000e+00
-1.355122241085119583e+01,-1.137082572694652782e+01,0.000000000000000000e+00
-1.354007391276309313e+01,-1.177020668141642901e+01,0.000000000000000000e+00
-1.351621344063010888e+01,-1.217005324553617385e+01,0.000000000000000000e+00
-1.347970977001875781e+01,-1.257003271729971772e+01,0.000000000000000000e+00
-1.343061606180867251e+01,-1.296979516963222956e+01,0.000000000000000000e+00
-1.336899403388304286e+01,-1.336899403388303575e+01,0.000000000000000000e+00
-1.329491382906667241e+01,-1.376728628923198272e+01,0.000000000000000000e+00
-1.320845387921547776e+01,-1.416433264787480084e+01,0.000000000000000000e+00
-1.310968553141103676e+01,-1.455978081666028601e+01,0.000000000000000000e+00
-1.299861403760982981e+01,-1.495319492652585858e+01,0.000000000000000000e+00
-1.287523664582629301e+01,-1.534410952816410045e+01,0.000000000000000000e+00
-1.273960339171542344e+01,-1.573210000381368445e+01,0.000000000000000000e+00
-1.259196539405208526e+01,-1.611698073898179828e+01,0.000000000000000000e+00
-1.243262564281779881e+01,-1.649865147844647950e+01,0.000000000000000000e+00
-1.226176484100966491e+01,-1.687687144023479036e+01,0.000000000000000000e+00
-1.207946629304871777e+01,-1.725126570892607347e+01,0.000000000000000000e+00
-1.188573816085056478e+01,-1.762133147923942644e+01,0.000000000000000000e+00
-1.168056835077201328e+01,-1.798649796079531171e+01,0.000000000000000000e+00
-1.146415898217418672e+01,-1.834648946558944971e+01,0.000000000000000000e+00
-1.123673565782545580e+01,-1.870106860391533843e+01,0.000000000000000000e+00
-1.099844761008202099e+01,-1.904987006504653024e+01,0.000000000000000000e+00
-1.075000901636224881e+01,-1.939352963511589323e+01,0.000000000000000000e+00
-1.049138799623536755e+01,-1.973143106273668224e+01,0.000000000000000000e+00
-1.022162051672384209e+01,-2.006105980940918698e+01,0.000000000000000000e+00
-9.942003791455778838e+00,-2.038412856661769013e+01,0.000000000000000000e+00
-9.652897017244038480e+00,-2.070070445644588730e+01,0.000000000000000000e+00
-9.354276662227579919e+00,-2.101004937663714145e+01,0.000000000000000000e+00
-9.046368246074978359e+00,-2.131190803462860472e+01,0.000000000000000000e+00
-8.729351556354854935e+00,-2.160590327598296412e+01,0.000000000000000000e+00
-8.403450115026432243e+00,-2.189173600035519840e+01,0.000000000000000000e+00
-8.068903169417161791e+00,-2.216912925773944210e+01,0.000000000000000000e+00
-7.725967973904416475e+00,-2.243784023038824671e+01,0.000000000000000000e+00
-7.374915245939771324e+00,-2.269765524049160987e+01,0.000000000000000000e+00
-7.016026394549919942e+00,-2.294838830396741969e+01,0.000000000000000000e+00
-6.649590728874462009e+00,-2.318987875350742200e+01,0.000000000000000000e+00
-6.275902867463377000e+00,-2.342198836474054602e+01,0.000000000000000000e+00
-5.895261245629147773e+00,-2.364460140218215045e+01,0.000000000000000000e+00
-5.507963831312081560e+00,-2.385761245175797640e+01,0.000000000000000000e+00
-5.114314336819541396e+00,-2.406095721833849055e+01,0.000000000000000000e+00
-4.714489905607076814e+00,-2.425394797714228901e+01,0.000000000000000000e+00
-4.308606427188331978e+00,-2.443532129840120248e+01,0.000000000000000000e+00
-3.897327898711862915e+00,-2.460675992367729847e+01,0.000000000000000000e+00
-3.480921779694029716e+00,-2.476804543722274587e+01,0.000000000000000000e+00
-3.059716817571091596e+00,-2.491939373379897660e+01,0.000000000000000000e+00
-2.633724675503463342e+00,-2.505821643481909788e+01,0.000000000000000000e+00
-2.203496351720244828e+00,-2.518607854910618471e+01,0.000000000000000000e+00
-1.769406323041949225e+00,-2.530368929833862524e+01,0.000000000000000000e+00
-1.331719423765665766e+00,-2.541072035457508704e+01,0.000000000000000000e+00
-8.906276062990385878e-01,-2.550423771473561629e+01,0.000000000000000000e+00
-4.466318441521628380e-01,-2.558752121455275486e+01,0.000000000000000000e+00
-4.713776395355794913e-15,-2.566060352333266081e+01,0.000000000000000000e+00
4.489401977119927833e-01,-2.571976670142617749e+01,0.000000000000000000e+00
8.998470783650444060e-01,-2.576824885195279080e+01,0.000000000000000000e+00
1.352462770010081083e+00,-2.580652697962582565e+01,0.000000000000000000e+00
1.806263540923611854e+00,-2.583077207041533185e+01,0.000000000000000000e+00
2.261076814534448420e+00,-2.584422625068984303e+01,0.000000000000000000e+00
2.716676665000036017e+00,-2.584745189509241214e+01,0.000000000000000000e+00
3.172297102302521932e+00,-2.583628657361165892e+01,0.000000000000000000e+00
3.628019615666997044e+00,-2.581470092553295004e+01,0.000000000000000000e+00
4.083555692952407945e+00,-2.578255594163819708e+01,0.000000000000000000e+00
4.537982678363328581e+00,-2.573617866154208400e+01,0.000000000000000000e+00
4.991605388008904853e+00,-2.567958354502033202e+01,0.000000000000000000e+00
5.444045101888353777e+00,-2.561221850370274566e+01,0.000000000000000000e+00
5.894290963337045497e+00,-2.553097910370554047e+01,0.000000000000000000e+00
6.342783064139970506e+00,-2.543951337920669076e+01,0.000000000000000000e+00
6.789205795556909173e+00,-2.533766097205942103e+01,0.000000000000000000e+00
7.232274173646478843e+00,-2.522193741499228281e+01,0.000000000000000000e+00
7.672630772959410095e+00,-2.509604445439627796e+01,0.000000000000000000e+00
8.109967704492095919e+00,-2.495991409113832304e+01,0.000000000000000000e+00
8.543217353384909174e+00,-2.481130476804933949e+01,0.000000000000000000e+00
8.972419821426308673e+00,-2.465152085723590147e+01,0.000000000000000000e+00
9.397595039210578705e+00,-2.448157207106825695e+01,0.000000000000000000e+00
9.818472140183471808e+00,-2.430157131480228117e+01,0.000000000000000000e+00
1.023383814927883684e+01,-2.410941181543594425e+01,0.000000000000000000e+00
1.064400186920608427e+01,-2.390681961974205194e+01,0.000000000000000000e+00
1.104884999012659641e+01,-2.369433526749844532e+01,0.000000000000000000e+00
1.144805640638672095e+01,-2.347199402863116546e+01,0.000000000000000000e+00
1.184132329810730511e+01,-2.323990550394830379e+01,0.000000000000000000e+00
1.222794926364944423e+01,-2.299742779705772122e+01,0.000000000000000000e+00
1.260760232095898026e+01,-2.274471666648087975e+01,0.000000000000000000e+00
1.298042866461761413e+01,-2.248276195114114273e+01,0.000000000000000000e+00
1.334610277226983754e+01,-2.221164501323006490e+01,0.000000000000000000e+00
1.370434795783597082e+01,-2.193154123491812513e+01,0.000000000000000000e+00
1.405488108271700654e+01,-2.164261894985630974e+01,0.000000000000000000e+00
1.439743621541261831e+01,-2.134507697962256501e+01,0.000000000000000000e+00
1.473176210842479250e+01,-2.103913669094588101e+01,0.000000000000000000e+00
1.505762213967132190e+01,-2.072503887833008207e+01,0.000000000000000000e+00
1.537481453289658617e+01,-2.040306800925466035e+01,0.000000000000000000e+00
1.568311503008885666e+01,-2.007347184948372032e+01,0.000000000000000000e+00
1.598245572089283151e+01,-1.973668912417791788e+01,0.000000000000000000e+00
1.627255632154336595e+01,-1.939287745689092901e+01,0.000000000000000000e+00
1.655213559113043686e+01,-1.904105385607491385e+01,0.000000000000000000e+00
1.682195736035240685e+01,-1.868267636833045486e+01,0.000000000000000000e+00
1.708240731601562956e+01,-1.831863909759191245e+01,0.000000000000000000e+00
1.733284621499410605e+01,-1.794868767989656533e+01,0.000000000000000000e+00
1.757253802843603552e+01,-1.757253802843604262e+01,0.000000000000000000e+00
1.780177473961551016e+01,-1.719097403769083954e+01,0.000000000000000000e+00
1.802034904441716279e+01,-1.680424734138539122e+01,0.000000000000000000e+00
1.822797981945444690e+01,-1.641254674881619025e+01,0.000000000000000000e+00
1.842488863461699111e+01,-1.601651133581347963e+01,0.000000000000000000e+00
1.861088397381390891e+01,-1.561638587831041214e+01,0.000000000000000000e+00
1.878545721264574198e+01,-1.521216330706852204e+01,0.000000000000000000e+00
1.894847101540469936e+01,-1.480416804861485680e+01,0.000000000000000000e+00
1.909995744881650737e+01,-1.439285029234671320e+01,0.000000000000000000e+00
1.923989966114755390e+01,-1.397860533837963359e+01,0.000000000000000000e+00
1.936826170785439416e+01,-1.356180284985812357e+01,0.000000000000000000e+00
1.948497674067716190e+01,-1.314278276206334972e+01,0.000000000000000000e+00
1.958992883434562415e+01,-1.272184853522290382e+01,0.000000000000000000e+00
1.968300497925417147e+01,-1.229930656501464803e+01,0.000000000000000000e+00
1.976412001745312708e+01,-1.187548138822189259e+01,0.000000000000000000e+00
1.983323620856479863e+01,-1.145072426391633158e+01,0.000000000000000000e+00
1.989032998525976481e+01,-1.102538994721190235e+01,0.000000000000000000e+00
1.993538779358672741e+01,-1.059983371367918004e+01,0.000000000000000000e+00
1.996840609843701131e+01,-1.017441109299341662e+01,0.000000000000000000e+00
1.998939138228774581e+01,-9.749477602739313298e+00,0.000000000000000000e+00
1.999836013723582084e+01,-9.325388482534725298e+00,0.000000000000000000e+00
1.999495910604214899e+01,-8.902329355581088066e+00,0.000000000000000000e+00
1.997794096208939862e+01,-8.480132818129254346e+00,0.000000000000000000e+00
1.994821743086292898e+01,-8.059603000730644951e+00,0.000000000000000000e+00
1.990738521035744313e+01,-7.641729213852180180e+00,0.000000000000000000e+00
1.985709300751609874e+01,-7.227390793791398593e+00,0.000000000000000000e+00
1.979906170363289775e+01,-6.817363661786749240e+00,0.000000000000000000e+00
1.973585273035099874e+01,-6.412567274043026622e+00,0.000000000000000000e+00
1.967103151921396531e+01,-6.014037871364062759e+00,0.000000000000000000e+00
1.960795177721436389e+01,-5.622489696297448880e+00,0.000000000000000000e+00
1.954715355002526422e+01,-5.237644008056420830e+00,0.000000000000000000e+00
1.948771019774962454e+01,-4.858831863591602129e+00,0.000000000000000000e+00
1.942882582991149931e+01,-4.485497875045292737e+00,0.000000000000000000e+00
1.937046729642364085e+01,-4.117319926469429348e+00,0.000000000000000000e+00
1.931280724548186356e+01,-3.754029442693930907e+00,0.000000000000000000e+00
1.925596098648780696e+01,-3.395345461387408559e+00,0.000000000000000000e+00
1.919987512614109804e+01,-3.040961476154848686e+00,0.000000000000000000e+00
1.914444899116181276e+01,-2.690576841135245978e+00,0.000000000000000000e+00
1.908958675793195070e+01,-2.343906527890589064e+00,0.000000000000000000e+00
1.903524755416544778e+01,-2.000685137273396474e+00,0.000000000000000000e+00
1.898139431659630461e+01,-1.660656820617582907e+00,0.000000000000000000e+00
1.892798778496159073e+01,-1.323573842308060966e+00,0.000000000000000000e+00
1.887502604136444972e+01,-9.891981987374931506e-01,0.000000000000000000e+00
1.882251287779601867e+01,-6.572966334609650074e-01,0.000000000000000000e+00
1.877044208060345909e+01,-3.276392852482984952e-01,0.000000000000000000e+00
1.871879761129216391e+01,-4.584783115711213874e-15,0.000000000000000000e+00
