3.226736225202967745e+01,0.000000000000000000e+00,0.000000000000000000e+00
3.306270772520934287e+01,5.771117100462102023e-01,0.000000000000000000e+00
3.386148399350678773e+01,1.182469077185755779e+00,0.000000000000000000e+00
3.466665763821371371e+01,1.816802541984258612e+00,0.000000000000000000e+00
3.547961739205651099e+01,2.480976533202037260e+00,0.000000000000000000e+00
3.629400412969371104e+01,3.175313915311269053e+00,0.000000000000000000e+00
3.709175755245949802e+01,3.898500812211134203e+00,0.000000000000000000e+00
3.785238456815738317e+01,4.647688418329086524e+00,0.000000000000000000e+00
3.858153353869480640e+01,5.422280927626477620e+00,0.000000000000000000e+00
3.928332668505504444e+01,6.221867711098364673e+00,0.000000000000000000e+00
3.995411201143275548e+01,7.044987937863752769e+00,0.000000000000000000e+00
4.058672281174973762e+01,7.889259727034804826e+00,0.000000000000000000e+00
4.118440324581135314e+01,8.754015148361357745e+00,0.000000000000000000e+00
4.175039044491379059e+01,9.638837120803241731e+00,0.000000000000000000e+00
4.228229580136904531e+01,1.054216036777994958e+01,0.000000000000000000e+00
4.277893054298979081e+01,1.146257989206120342e+01,0.000000000000000000e+00
4.324053511515348447e+01,1.239902392201196513e+01,0.000000000000000000e+00
4.366681411283430236e+01,1.335028483584548198e+01,0.000000000000000000e+00
4.405701802560722058e+01,1.431499291380797523e+01,0.000000000000000000e+00
4.441064903966059774e+01,1.529181278847129732e+01,0.000000000000000000e+00
4.472768535611987772e+01,1.627954611725193956e+01,0.000000000000000000e+00
4.500818875932485952e+01,1.727702494679008538e+01,0.000000000000000000e+00
4.525216948760846236e+01,1.828306324893128831e+01,0.000000000000000000e+00
4.545948798030292437e+01,1.929640780542181488e+01,0.000000000000000000e+00
4.563001807867321702e+01,2.031579295977240918e+01,0.000000000000000000e+00
4.576367223167675036e+01,2.133995082692612755e+01,0.000000000000000000e+00
4.586040155339149038e+01,2.236761236230548278e+01,0.000000000000000000e+00
4.592019585284912608e+01,2.339750843279515991e+01,0.000000000000000000e+00
4.594308363620716307e+01,2.442837088898349407e+01,0.000000000000000000e+00
4.592910838413079944e+01,2.545892050247896421e+01,0.000000000000000000e+00
4.587831769325693898e+01,2.648785907016906194e+01,0.000000000000000000e+00
4.579100822814021399e+01,2.751401354985643977e+01,0.000000000000000000e+00
4.566756606684796793e+01,2.853626241146768905e+01,0.000000000000000000e+00
4.550840636950139384e+01,2.955350465067215993e+01,0.000000000000000000e+00
4.531397259747679129e+01,3.056466044896243517e+01,0.000000000000000000e+00
4.508473571924233170e+01,3.156867180880604096e+01,0.000000000000000000e+00
4.482119066151179965e+01,3.256450117142505718e+01,0.000000000000000000e+00
4.452368079880044860e+01,3.355099999142008471e+01,0.000000000000000000e+00
4.419230360552803205e+01,3.452681160922002590e+01,0.000000000000000000e+00
4.382718203589151074e+01,3.549055223259598790e+01,0.000000000000000000e+00
4.342866786048153926e+01,3.644097918425065075e+01,0.000000000000000000e+00
4.299758355528552300e+01,3.737722914275477848e+01,0.000000000000000000e+00
4.253480535133166995e+01,3.829851076176043989e+01,0.000000000000000000e+00
4.204097857858229759e+01,3.920384676051826034e+01,0.000000000000000000e+00
4.151667225593835298e+01,4.009218436490394311e+01,0.000000000000000000e+00
4.096289729073398433e+01,4.096289729073398433e+01,0.000000000000000000e+00
4.038067639152795607e+01,4.181541449479436778e+01,0.000000000000000000e+00
3.976881441433464204e+01,4.264683221271104685e+01,0.000000000000000000e+00
3.912703004917246830e+01,4.345496924070881306e+01,0.000000000000000000e+00
3.846065921745609728e+01,4.424392728465500113e+01,0.000000000000000000e+00
3.776934773982463867e+01,4.501175585887601471e+01,0.000000000000000000e+00
3.704886154518867869e+01,4.575153377501429475e+01,0.000000000000000000e+00
3.630447691832385004e+01,4.646761144275537703e+01,0.000000000000000000e+00
3.553871006711381142e+01,4.716146116163250213e+01,0.000000000000000000e+00
3.474990708044875731e+01,4.782914384358287663e+01,0.000000000000000000e+00
3.393684350519659887e+01,4.846683540706558802e+01,0.000000000000000000e+00
3.310320470230325185e+01,4.907751922432220937e+01,0.000000000000000000e+00
3.225044543594374602e+01,4.966133099422368957e+01,0.000000000000000000e+00
3.137900287439923730e+01,5.021690178677947358e+01,0.000000000000000000e+00
3.048957248273668341e+01,5.074316990865758470e+01,0.000000000000000000e+00
2.958371084869555645e+01,5.124049026636728144e+01,0.000000000000000000e+00
2.866712606253771511e+01,5.171686442320408617e+01,0.000000000000000000e+00
2.774363356203749476e+01,5.217818588499463317e+01,0.000000000000000000e+00
2.681380198864817288e+01,5.262504947545580336e+01,0.000000000000000000e+00
2.587776097960406219e+01,5.305727274795301440e+01,0.000000000000000000e+00
2.493571494624405105e+01,5.347481327007399443e+01,0.000000000000000000e+00
2.398784022985001840e+01,5.387757128278209962e+01,0.000000000000000000e+00
2.303432649123374176e+01,5.426547255952973359e+01,0.000000000000000000e+00
2.207536227722592415e+01,5.463843895676392037e+01,0.000000000000000000e+00
2.111113918493020591e+01,5.499639783389047665e+01,0.000000000000000000e+00
2.014185039670534749e+01,5.533927915098104933e+01,0.000000000000000000e+00
1.916769083408252428e+01,5.566701622026960905e+01,0.000000000000000000e+00
1.818885689021738727e+01,5.597954541105871584e+01,0.000000000000000000e+00
1.720554628908379513e+01,5.627680613209981431e+01,0.000000000000000000e+00
1.621795792981842155e+01,5.655874073405297509e+01,0.000000000000000000e+00
1.522629175149561931e+01,5.682529442744856851e+01,0.000000000000000000e+00
1.423074860957650856e+01,5.707641519323114920e+01,0.000000000000000000e+00
1.323153016578480567e+01,5.731205369295994245e+01,0.000000000000000000e+00
1.222883879060416312e+01,5.753216317823439141e+01,0.000000000000000000e+00
1.122287747809008884e+01,5.773669940065107653e+01,0.000000000000000000e+00
1.021384977250406401e+01,5.792562052310875487e+01,0.000000000000000000e+00
9.201959706250219639e+00,5.809888703331601789e+01,0.000000000000000000e+00
8.187411748542205103e+00,5.825646166026984929e+01,0.000000000000000000e+00
7.170410764187417740e+00,5.839830929442037899e+01,0.000000000000000000e+00
6.151161981839055493e+00,5.852439691217487194e+01,0.000000000000000000e+00
5.129870971034292459e+00,5.863469350533912205e+01,0.000000000000000000e+00
4.106743627309983324e+00,5.872917001603848064e+01,0.000000000000000000e+00
3.081986164662242622e+00,5.880779927760733017e+01,0.000000000000000000e+00
2.055805114596073846e+00,5.887055596188632478e+01,0.000000000000000000e+00
1.028407330991863322e+00,5.891741653331602180e+01,0.000000000000000000e+00
3.609545971086100131e-15,5.894835921016910163e+01,0.000000000000000000e+00
-1.029209345840449874e+00,5.896336393321852398e+01,0.000000000000000000e+00
-2.059012810075572908e+00,5.896241234209231408e+01,0.000000000000000000e+00
-3.089202112232436015e+00,5.894548775952605979e+01,0.000000000000000000e+00
-4.119568565976948982e+00,5.891257518367766011e+01,0.000000000000000000e+00
-5.149903056384989242e+00,5.886366128863088676e+01,0.000000000000000000e+00
-6.179996017187785462e+00,5.879873443316868986e+01,0.000000000000000000e+00
-7.209637408862036523e+00,5.871778467785759403e+01,0.000000000000000000e+00
-8.238616698444323205e+00,5.862080381043973176e+01,0.000000000000000000e+00
-9.266722841957852452e+00,5.850778537948513502e+01,0.000000000000000000e+00
-1.029374427034661466e+01,5.837872473621073510e+01,0.000000000000000000e+00
-1.131946887981966476e+01,5.823361908432720213e+01,0.000000000000000000e+00
-1.234368402750989446e+01,5.807246753771138259e+01,0.000000000000000000e+00
-1.336617653336679012e+01,5.789527118570133268e+01,0.000000000000000000e+00
-1.438673268915866110e+01,5.770203316555441830e+01,0.000000000000000000e+00
-1.540513827563854932e+01,5.749275874230704630e+01,0.000000000000000000e+00
-1.642117858820118315e+01,5.726745539338389790e+01,0.000000000000000000e+00
-1.743463847419156210e+01,5.702613290563382975e+01,0.000000000000000000e+00
-1.844530237405554729e+01,5.676880345485039214e+01,0.000000000000000000e+00
-1.945295439971378215e+01,5.649548177058056098e+01,0.000000000000000000e+00
-2.045737833292763952e+01,5.620618503095893459e+01,0.000000000000000000e+00
-2.145835795717744432e+01,5.590093366052818880e+01,0.000000000000000000e+00
-2.245567635348788116e+01,5.557974932708903282e+01,0.000000000000000000e+00
-2.344911837388782772e+01,5.524266099760489368e+01,0.000000000000000000e+00
-2.443846496563554993e+01,5.488969101058729905e+01,0.000000000000000000e+00
-2.542338895375321783e+01,5.452063355413005752e+01,0.000000000000000000e+00
-2.640362106103858864e+01,5.413544569305141607e+01,0.000000000000000000e+00
-2.737905415102070350e+01,5.373441930758764329e+01,0.000000000000000000e+00
-2.834947413725801724e+01,5.331760628859256457e+01,0.000000000000000000e+00
-2.931465820725703963e+01,5.288504333535109225e+01,0.000000000000000000e+00
-3.027439710589425204e+01,5.243679395592505443e+01,0.000000000000000000e+00
-3.122844505543684690e+01,5.197286037147403448e+01,0.000000000000000000e+00
-3.217669679605432975e+01,5.149347891321030346e+01,0.000000000000000000e+00
-3.311807059915997087e+01,5.099735658478427780e+01,0.000000000000000000e+00
-3.404953063326645690e+01,5.048050511305974908e+01,0.000000000000000000e+00
-3.496847276400478677e+01,4.994015467672938513e+01,0.000000000000000000e+00
-3.587406616122124348e+01,4.937641607809164412e+01,0.000000000000000000e+00
-3.676577261656657925e+01,4.878982816368814923e+01,0.000000000000000000e+00
-3.764247833368940377e+01,4.818017515821502883e+01,0.000000000000000000e+00
-3.850222864194678607e+01,4.754629267020253280e+01,0.000000000000000000e+00
-3.934602902743453257e+01,4.689077144776118189e+01,0.000000000000000000e+00
-4.017361705875173072e+01,4.621445986818298479e+01,0.000000000000000000e+00
-4.098489606337524549e+01,4.551833848695826390e+01,0.000000000000000000e+00
-4.177867570834322208e+01,4.480214457589557497e+01,0.000000000000000000e+00
-4.255152660213854432e+01,4.406339569458032912e+01,0.000000000000000000e+00
-4.330553163964072638e+01,4.330553163964073349e+01,0.000000000000000000e+00
-4.404166097682632142e+01,4.253053762917991776e+01,0.000000000000000000e+00
-4.475796419684396454e+01,4.173747683836633371e+01,0.000000000000000000e+00
-4.545136938514880853e+01,4.092459681326302956e+01,0.000000000000000000e+00
-4.612431898166700250e+01,4.009525878156836853e+01,0.000000000000000000e+00
-4.677735051847544412e+01,3.925085756750310395e+01,0.000000000000000000e+00
-4.740698486810173762e+01,3.838941940810612863e+01,0.000000000000000000e+00
-4.801323871962274836e+01,3.751205329367704877e+01,0.000000000000000000e+00
-4.859692629799219077e+01,3.662041063439899347e+01,0.000000000000000000e+00
-4.915762293625593315e+01,3.571510363884170403e+01,0.000000000000000000e+00
-4.969468723752856931e+01,3.479659461269138632e+01,0.000000000000000000e+00
-5.020743466810012023e+01,3.386534229244325189e+01,0.000000000000000000e+00
-5.069564439576682702e+01,3.292213641265178836e+01,0.000000000000000000e+00
-5.115946818705970855e+01,3.196798373007385408e+01,0.000000000000000000e+00
-5.159849734540224375e+01,3.100350505585034000e+01,0.000000000000000000e+00
-5.201172570552896701e+01,3.002898383710412489e+01,0.000000000000000000e+00
-5.239845608185138559e+01,2.904493848832062142e+01,0.000000000000000000e+00
-5.275887456353063953e+01,2.805239120927414476e+01,0.000000000000000000e+00
-5.309333457033872605e+01,2.705240516210994173e+01,0.000000000000000000e+00
-5.340185007113235116e+01,2.604582256939940521e+01,0.000000000000000000e+00
-5.368394020760407415e+01,2.503323243874082848e+01,0.000000000000000000e+00
-5.393909677735776143e+01,2.401523314491291217e+01,0.000000000000000000e+00
-5.416686535647602341e+01,2.299247021684059433e+01,0.000000000000000000e+00
-5.436713315457578233e+01,2.196574761792069097e+01,0.000000000000000000e+00
-5.453996031362666486e+01,2.093592923666016858e+01,0.000000000000000000e+00
-5.468543440652737075e+01,1.990387037189281827e+01,0.000000000000000000e+00
-5.480366925809271805e+01,1.887041663515528711e+01,0.000000000000000000e+00
-5.489480447539359886e+01,1.783640319490967840e+01,0.000000000000000000e+00
-5.495900495770705874e+01,1.680265403800968826e+01,0.000000000000000000e+00
-5.499646038661995817e+01,1.576998124893036746e+01,0.000000000000000000e+00
-5.500738469684214493e+01,1.473918430726696549e+01,0.000000000000000000e+00
-5.498853267504279785e+01,1.371018103114540665e+01,0.000000000000000000e+00
-5.494086500645141768e+01,1.268409812291317351e+01,0.000000000000000000e+00
-5.486717786598841684e+01,1.166237867573203602e+01,0.000000000000000000e+00
-5.476730607765509262e+01,1.064568588601465393e+01,0.000000000000000000e+00
-5.463945747900183392e+01,9.634410564820942824e+00,0.000000000000000000e+00
-5.448414883477528292e+01,8.629441419754625642e+00,0.000000000000000000e+00
-5.430270277762112840e+01,7.631747174962760560e+00,0.000000000000000000e+00
-5.409464192664007243e+01,6.641986856162357178e+00,0.000000000000000000e+00
-5.385949743822656188e+01,5.660861290038478266e+00,0.000000000000000000e+00
-5.359885037565659616e+01,4.689291785892190312e+00,0.000000000000000000e+00
-5.331181881879139439e+01,3.727925528908137220e+00,0.000000000000000000e+00
-5.299934938028554399e+01,2.777578204466790268e+00,0.000000000000000000e+00
-5.266133091209931649e+01,1.838974197910055119e+00,0.000000000000000000e+00
-5.229869350643424752e+01,9.128770908157570751e-01,0.000000000000000000e+00
-5.191098377475285730e+01,6.357262012034128249e-15,0.000000000000000000e+00
-5.189789194676732365e+01,-9.058810735684276194e-01,0.000000000000000000e+00
-4.863012965953946320e+01,-1.698201548194578470e+00,0.000000000000000000e+00
-4.574212586596014773e+01,-2.397243236320317106e+00,0.000000000000000000e+00
-4.317349885222355255e+01,-3.018985135182778556e+00,0.000000000000000000e+00
-4.087270215828048947e+01,-3.575898086521100083e+00,0.000000000000000000e+00
-3.879872035196890323e+01,-4.077909831880512925e+00,0.000000000000000000e+00
-3.691849884365044687e+01,-4.533021669712020696e+00,0.000000000000000000e+00
-3.520509829779139466e+01,-4.947753900551345119e+00,0.000000000000000000e+00
-3.363634507333481594e+01,-5.327473689003103807e+00,0.000000000000000000e+00
-3.219382320884930948e+01,-5.676639643878508501e+00,0.000000000000000000e+00
-3.086210342312085686e+01,-5.998985204026469731e+00,0.000000000000000000e+00
-2.962816774301697365e+01,-6.297661464038339041e+00,0.000000000000000000e+00
-2.848095536905859149e+01,-6.575346647582451354e+00,0.000000000000000000e+00
-2.741100377644997721e+01,-6.834330827509150552e+00,0.000000000000000000e+00
-2.641017201257008296e+01,-7.076584262735180708e+00,0.000000000000000000e+00
-2.547141772658359216e+01,-7.303811501832945474e+00,0.000000000000000000e+00
-2.458861770782232625e+01,-7.517494847938992919e+00,0.000000000000000000e+00
-2.375642264555701288e+01,-7.718929629574929230e+00,0.000000000000000000e+00
-2.297013764482122866e+01,-7.909252672176389609e+00,0.000000000000000000e+00
-2.222562136854278236e+01,-8.089464616220428894e+00,0.000000000000000000e+00
-2.151921062433267906e+01,-8.260451021033336616e+00,0.000000000000000000e+00
-2.084766070369012780e+01,-8.423001671603831397e+00,0.000000000000000000e+00
-2.020807098411422942e+01,-8.577817216932528410e+00,0.000000000000000000e+00
-1.959784243357046662e+01,-8.725521621582410958e+00,0.000000000000000000e+00
-1.901466422986313987e+01,-8.866683547631096118e+00,0.000000000000000000e+00
-1.845643143488451798e+01,-9.001803079424554710e+00,0.000000000000000000e+00
-1.792126693584898334e+01,-9.131341590998085067e+00,0.000000000000000000e+00
-1.740745810612832756e+01,-9.255709656280496134e+00,0.000000000000000000e+00
-1.691345887338133380e+01,-9.375283344889423276e+00,0.000000000000000000e+00
-1.643785944857571479e+01,-9.490402577536423578e+00,0.000000000000000000e+00
-1.597937955025796342e+01,-9.601379888244339966e+00,0.000000000000000000e+00
-1.553683978999464799e+01,-9.708495010293002991e+00,0.000000000000000000e+00
-1.510917858441703387e+01,-9.812015299697636195e+00,0.000000000000000000e+00
-1.469539338584733201e+01,-9.912167997103887629e+00,0.000000000000000000e+00
-1.429459828790690779e+01,-1.000918547687201965e+01,0.000000000000000000e+00
-1.390594191587471506e+01,-1.010325819385532498e+01,0.000000000000000000e+00
-1.352866217832533025e+01,-1.019457817694953583e+01,0.000000000000000000e+00
-1.316205172892809827e+01,-1.028332183114940079e+01,0.000000000000000000e+00
-1.280543459047664179e+01,-1.036963646949103435e+01,0.000000000000000000e+00
-1.245821450873034131e+01,-1.045368319940306634e+01,0.000000000000000000e+00
-1.211981743851647764e+01,-1.053559656405621148e+01,0.000000000000000000e+00
-1.178970267844524145e+01,-1.061549597274117218e+01,0.000000000000000000e+00
-1.146738996331217741e+01,-1.069351413941220841e+01,0.000000000000000000e+00
-1.115241226774569050e+01,-1.076975933898271975e+01,0.000000000000000000e+00
-1.084432664954032077e+01,-1.084432664954031544e+01,0.000000000000000000e+00
-1.054273952622311228e+01,-1.091732636980205129e+01,0.000000000000000000e+00
-1.024726941144473713e+01,-1.098885108002636990e+01,0.000000000000000000e+00
-9.957546378580651947e+00,-1.105897562504377163e+01,0.000000000000000000e+00
-9.673239702107268911e+00,-1.112778934878016024e+01,0.000000000000000000e+00
-9.394035596392859233e+00,-1.119537567095907526e+01,0.000000000000000000e+00
-9.119625290682165542e+00,-1.126179934012855632e+01,0.000000000000000000e+00
-8.849720063067294973e+00,-1.132712514197419473e+01,0.000000000000000000e+00
-8.584057465752298555e+00,-1.139142900841860850e+01,0.000000000000000000e+00
-8.322380320664183984e+00,-1.145477380864726769e+01,0.000000000000000000e+00
-8.064436544751002245e+00,-1.151720897688440104e+01,0.000000000000000000e+00
-7.809994144976207586e+00,-1.157879248365474290e+01,0.000000000000000000e+00
-7.558835954372114863e+00,-1.163958665335958642e+01,0.000000000000000000e+00
-7.310747732582226988e+00,-1.169964202955990196e+01,0.000000000000000000e+00
-7.065519402522842718e+00,-1.175899897376824832e+01,0.000000000000000000e+00
-6.822956505644604874e+00,-1.181770732560904946e+01,0.000000000000000000e+00
-6.582874605970343573e+00,-1.187582015613406128e+01,0.000000000000000000e+00
-6.345091176328496729e+00,-1.193338090035649479e+01,0.000000000000000000e+00
-6.109426237710874119e+00,-1.199042411674016329e+01,0.000000000000000000e+00
-5.875710140134665416e+00,-1.204699107232451816e+01,0.000000000000000000e+00
-5.643781789423603534e+00,-1.210312910526471875e+01,0.000000000000000000e+00
-5.413481235370313449e+00,-1.215887792948215207e+01,0.000000000000000000e+00
-5.184649711672600247e+00,-1.221426928921133026e+01,0.000000000000000000e+00
-4.957133585878001902e+00,-1.226933616903501445e+01,0.000000000000000000e+00
-4.730787078625888320e+00,-1.232412168592301960e+01,0.000000000000000000e+00
-4.505465223371183825e+00,-1.237866396535038049e+01,0.000000000000000000e+00
-4.281023229422025622e+00,-1.243299423047032803e+01,0.000000000000000000e+00
-4.057317663330561430e+00,-1.248713977752283277e+01,0.000000000000000000e+00
-3.834210985789003434e+00,-1.254113904268860580e+01,0.000000000000000000e+00
-3.611566997146309799e+00,-1.259503091074719272e+01,0.000000000000000000e+00
-3.389248638306707750e+00,-1.264884811764427575e+01,0.000000000000000000e+00
-3.167118254129569266e+00,-1.270261750791620337e+01,0.000000000000000000e+00
-2.945040103469138693e+00,-1.275637015697586918e+01,0.000000000000000000e+00
-2.722880264081608548e+00,-1.281014447490295183e+01,0.000000000000000000e+00
-2.500503225526129913e+00,-1.286397391082712005e+01,0.000000000000000000e+00
-2.277771841385839213e+00,-1.291788603328866181e+01,0.000000000000000000e+00
-2.054548254689315012e+00,-1.297190715501761282e+01,0.000000000000000000e+00
-1.830696166975679384e+00,-1.302608007738362339e+01,0.000000000000000000e+00
-1.606077127369688551e+00,-1.308044851534505426e+01,0.000000000000000000e+00
-1.380549419132768296e+00,-1.313505032069446443e+01,0.000000000000000000e+00
-1.153968251062277739e+00,-1.318991746536785570e+01,0.000000000000000000e+00
-9.261861064239917951e-01,-1.324507839957292710e+01,0.000000000000000000e+00
-6.970526978238666960e-01,-1.330055780572678792e+01,0.000000000000000000e+00
-4.664148605532326131e-01,-1.335637408171787222e+01,0.000000000000000000e+00
-2.341167436736069363e-01,-1.341253926217929404e+01,0.000000000000000000e+00
-2.474232595033960364e-15,-1.346909490832577205e+01,0.000000000000000000e+00
2.360999684723658343e-01,-1.352615813480564633e+01,0.000000000000000000e+00
4.743585043292206094e-01,-1.358385027687645952e+01,0.000000000000000000e+00
7.149618603277826390e-01,-1.364228498342683515e+01,0.000000000000000000e+00
9.581029275418495583e-01,-1.370151020635465855e+01,0.000000000000000000e+00
1.203961183063216867e+00,-1.376133929290703684e+01,0.000000000000000000e+00
1.452700586113611969e+00,-1.382152281914772729e+01,0.000000000000000000e+00
1.704471334282886996e+00,-1.388180502295189811e+01,0.000000000000000000e+00
1.959346930611940207e+00,-1.394147782572263417e+01,0.000000000000000000e+00
2.217066623099818390e+00,-1.399800774973197903e+01,0.000000000000000000e+00
2.477115132552600851e+00,-1.404841801634550968e+01,0.000000000000000000e+00
2.738773862151946847e+00,-1.408977007136836157e+01,0.000000000000000000e+00
3.001310362922958941e+00,-1.412005510129711361e+01,0.000000000000000000e+00
3.264372125380966327e+00,-1.413954910577335511e+01,0.000000000000000000e+00
3.527713797286367026e+00,-1.414888723712751428e+01,0.000000000000000000e+00
3.791132259429152107e+00,-1.414869821040296571e+01,0.000000000000000000e+00
4.054376977048211650e+00,-1.413929283053396091e+01,0.000000000000000000e+00
4.317090032169211611e+00,-1.412056523595244606e+01,0.000000000000000000e+00
4.578896058789999834e+00,-1.409239301857464355e+01,0.000000000000000000e+00
4.839412695739085279e+00,-1.405467499252794816e+01,0.000000000000000000e+00
5.098285987684665344e+00,-1.400742562908554589e+01,0.000000000000000000e+00
5.355188529793641905e+00,-1.395074307833912464e+01,0.000000000000000000e+00
5.609797760210236461e+00,-1.388473668662054195e+01,0.000000000000000000e+00
5.861795184117723601e+00,-1.380952405247803050e+01,0.000000000000000000e+00
6.110863081079757286e+00,-1.372522320039873911e+01,0.000000000000000000e+00
6.356686247279089486e+00,-1.363195764879793614e+01,0.000000000000000000e+00
6.598953815310744986e+00,-1.352986035793597530e+01,0.000000000000000000e+00
6.837466693105157312e+00,-1.341928396292974668e+01,0.000000000000000000e+00
7.072821143387618470e+00,-1.330204190903021022e+01,0.000000000000000000e+00
7.306076564549043084e+00,-1.318051102611587666e+01,0.000000000000000000e+00
7.538454805649712931e+00,-1.305698673394706688e+01,0.000000000000000000e+00
7.771268787265586120e+00,-1.293356319447711300e+01,0.000000000000000000e+00
8.005092239515418484e+00,-1.281082551905508460e+01,0.000000000000000000e+00
8.239907895690759432e+00,-1.268834547363335830e+01,0.000000000000000000e+00
8.475659208626098007e+00,-1.256568152512465097e+01,0.000000000000000000e+00
8.712268010043997535e+00,-1.244240819274742549e+01,0.000000000000000000e+00
8.949781012496467625e+00,-1.231831677777634049e+01,0.000000000000000000e+00
9.188403544449565530e+00,-1.219342334262042904e+01,0.000000000000000000e+00
9.428354374729973841e+00,-1.206774328728663015e+01,0.000000000000000000e+00
9.669856578881679710e+00,-1.194127839336274377e+01,0.000000000000000000e+00
9.913109576261964762e+00,-1.181398395129026646e+01,0.000000000000000000e+00
1.015827337121733542e+01,-1.168575675816288850e+01,0.000000000000000000e+00
1.040550253145956994e+01,-1.155648133452585746e+01,0.000000000000000000e+00
1.065494931841970327e+01,-1.142603425597212308e+01,0.000000000000000000e+00
1.090678543498022890e+01,-1.129430694393151136e+01,0.000000000000000000e+00
1.116121278314709819e+01,-1.116121278314710352e+01,0.000000000000000000e+00
1.141843574455502086e+01,-1.102665522437264656e+01,0.000000000000000000e+00
1.167865908539992503e+01,-1.089052578299408758e+01,0.000000000000000000e+00
1.194210015711412964e+01,-1.075271527887542966e+01,0.000000000000000000e+00
1.220898852814267777e+01,-1.061311180966488443e+01,0.000000000000000000e+00
1.247955407557844865e+01,-1.047158922207480281e+01,0.000000000000000000e+00
1.275403071827707535e+01,-1.032801043453943457e+01,0.000000000000000000e+00
1.303268208890444413e+01,-1.018224719089259622e+01,0.000000000000000000e+00
1.331578397727603935e+01,-1.003416294637025175e+01,0.000000000000000000e+00
1.360361248813692470e+01,-9.883603007136301244e+00,0.000000000000000000e+00
1.389646430562645207e+01,-9.730409061261809711e+00,0.000000000000000000e+00
1.419466717186151428e+01,-9.574423901164204054e+00,0.000000000000000000e+00
1.449855138039628422e+01,-9.415469356793593647e+00,0.000000000000000000e+00
1.480846043380082477e+01,-9.253353074044062154e+00,0.000000000000000000e+00
1.512478408003862995e+01,-9.087887124990208676e+00,0.000000000000000000e+00
1.544792182678859938e+01,-8.918861825116703557e+00,0.000000000000000000e+00
1.577828522211484419e+01,-8.746046315021715145e+00,0.000000000000000000e+00
1.611634291359146687e+01,-8.569211531047219665e+00,0.000000000000000000e+00
1.646257925477523187e+01,-8.388103094627011203e+00,0.000000000000000000e+00
1.681749871496673876e+01,-8.202442181453763581e+00,0.000000000000000000e+00
1.718167557152274227e+01,-8.011946898935731198e+00,0.000000000000000000e+00
1.755569829596703357e+01,-7.816300471986710185e+00,0.000000000000000000e+00
1.794020385354269465e+01,-7.615164733495397797e+00,0.000000000000000000e+00
1.833590034256781465e+01,-7.408184612697238158e+00,0.000000000000000000e+00
1.874351421284975316e+01,-7.194960996488183547e+00,0.000000000000000000e+00
1.916387045763750052e+01,-6.975078419913470995e+00,0.000000000000000000e+00
1.959783440797999532e+01,-6.748075547345851355e+00,0.000000000000000000e+00
2.004635705163041237e+01,-6.513456243792137279e+00,0.000000000000000000e+00
2.051047552681314556e+01,-6.270681659853748258e+00,0.000000000000000000e+00
2.099130673496717847e+01,-6.019160347299640001e+00,0.000000000000000000e+00
2.149009289870090100e+01,-5.758253037476708691e+00,0.000000000000000000e+00
2.200816710608690485e+01,-5.487252350799634470e+00,0.000000000000000000e+00
2.254700620665549238e+01,-5.205386538227406490e+00,0.000000000000000000e+00
2.310824125938922080e+01,-4.911808308337127116e+00,0.000000000000000000e+00
2.369368510522010141e+01,-4.605585835364434999e+00,0.000000000000000000e+00
2.430524193477668149e+01,-4.285669925747965792e+00,0.000000000000000000e+00
2.494508850747903494e+01,-3.950913882103095798e+00,0.000000000000000000e+00
2.561571812887470756e+01,-3.600054407333244111e+00,0.000000000000000000e+00
2.631025342588563376e+01,-3.230492914141525507e+00,0.000000000000000000e+00
2.701686022793328590e+01,-2.839586433536596122e+00,0.000000000000000000e+00
2.773487502789258485e+01,-2.426487149248850450e+00,0.000000000000000000e+00
2.846597460027505377e+01,-1.990534852662162235e+00,0.000000000000000000e+00
2.920837500067963788e+01,-1.530746070251932656e+00,0.000000000000000000e+00
2.995750103153117649e+01,-1.046138988070890452e+00,0.000000000000000000e+00
3.071602113755722030e+01,-5.361501432925936950e-01,0.000000000000000000e+00
3.148458265727950689e+01,-7.711498674745523153e-15,0.000000000000000000e+00
