4.188545057966693008e+01,0.000000000000000000e+00,0.000000000000000000e+00
4.207150002331776051e+01,7.343607645345192614e-01,0.000000000000000000e+00
4.223982270306647280e+01,1.475047111986076631e+00,0.000000000000000000e+00
4.239025762642410200e+01,2.221579265436888218e+00,0.000000000000000000e+00
4.252265992006832107e+01,2.973474043568465230e+00,0.000000000000000000e+00
4.263689759588684325e+01,3.730245187555821573e+00,0.000000000000000000e+00
4.273285160974410246e+01,4.491403689163784740e+00,0.000000000000000000e+00
4.281041591227808141e+01,5.256458119859784617e+00,0.000000000000000000e+00
4.286949749171072455e+01,6.024914960757101312e+00,0.000000000000000000e+00
4.291001640866165445e+01,6.796278933202543726e+00,0.000000000000000000e+00
4.293190582295720503e+01,7.570053329822209243e+00,0.000000000000000000e+00
4.293511201243220654e+01,8.345740345839143259e+00,0.000000000000000000e+00
4.292006315234907277e+01,9.122941050323529311e+00,0.000000000000000000e+00
4.288859536353071178e+01,9.901612431494548616e+00,0.000000000000000000e+00
4.284113546395979455e+01,1.068149474476325800e+01,0.000000000000000000e+00
4.277764891175625195e+01,1.146223648000718143e+01,0.000000000000000000e+00
4.269810904777389737e+01,1.224348575007557294e+01,0.000000000000000000e+00
4.260249708748882114e+01,1.302489046639855275e+01,0.000000000000000000e+00
4.249080210904553923e+01,1.380609851396361165e+01,0.000000000000000000e+00
4.236302103748525383e+01,1.458675792557717266e+01,0.000000000000000000e+00
4.221915862518255835e+01,1.536651705532965195e+01,0.000000000000000000e+00
4.205922742851863916e+01,1.614502475118339930e+01,0.000000000000000000e+00
4.188324584400900363e+01,1.692192974408097328e+01,0.000000000000000000e+00
4.169121539043307223e+01,1.769687099040912059e+01,0.000000000000000000e+00
4.148312913404077307e+01,1.846947904683320729e+01,0.000000000000000000e+00
4.125898890329522573e+01,1.923938249333867034e+01,0.000000000000000000e+00
4.101880601099120582e+01,2.000620843562165874e+01,0.000000000000000000e+00
4.076264332445886396e+01,2.076960416247597863e+01,0.000000000000000000e+00
4.049065766217196227e+01,2.152926457315295039e+01,0.000000000000000000e+00
4.020302085203464770e+01,2.228489835402721653e+01,0.000000000000000000e+00
3.989986561136425536e+01,2.303619815135104076e+01,0.000000000000000000e+00
3.958104573898460643e+01,2.378269164448446915e+01,0.000000000000000000e+00
3.924631674347784127e+01,2.452382050832518345e+01,0.000000000000000000e+00
3.889559623128499766e+01,2.525909553454094691e+01,0.000000000000000000e+00
3.852945291042212972e+01,2.598844413735895387e+01,0.000000000000000000e+00
3.814860894268009162e+01,2.671194355387894603e+01,0.000000000000000000e+00
3.775327771729258330e+01,2.742936183321021204e+01,0.000000000000000000e+00
3.734307292217948770e+01,2.814002384379234201e+01,0.000000000000000000e+00
3.691776022814879354e+01,2.884331542907399637e+01,0.000000000000000000e+00
3.647758848033281254e+01,2.953896872083163672e+01,0.000000000000000000e+00
3.602285666920110430e+01,3.022676574507866576e+01,0.000000000000000000e+00
3.555371216879067475e+01,3.090637046846511993e+01,0.000000000000000000e+00
3.507027229241216304e+01,3.157741500671438928e+01,0.000000000000000000e+00
3.457267604306831288e+01,3.223954197831130841e+01,0.000000000000000000e+00
3.406110854343761218e+01,3.289243017788302836e+01,0.000000000000000000e+00
3.353586457007124721e+01,3.353586457007124011e+01,0.000000000000000000e+00
3.299745173545932175e+01,3.416986154990935631e+01,0.000000000000000000e+00
3.244659532254789980e+01,3.479471357073359172e+01,0.000000000000000000e+00
3.188269392738034114e+01,3.540931888221730617e+01,0.000000000000000000e+00
3.130476333313334791e+01,3.601201073396726571e+01,0.000000000000000000e+00
3.071450521774778153e+01,3.660412193800452485e+01,0.000000000000000000e+00
3.011265627680487711e+01,3.718603361194369938e+01,0.000000000000000000e+00
2.949800685994052429e+01,3.775572704675490598e+01,0.000000000000000000e+00
2.887171536171496200e+01,3.831406036206227839e+01,0.000000000000000000e+00
2.823428965634673560e+01,3.886116582034190259e+01,0.000000000000000000e+00
2.758446102574659875e+01,3.939469303097555297e+01,0.000000000000000000e+00
2.692401687124816689e+01,3.991649652889103805e+01,0.000000000000000000e+00
2.625331325466540022e+01,4.042655726490823298e+01,0.000000000000000000e+00
2.557107850496468160e+01,4.092227987631438424e+01,0.000000000000000000e+00
2.487847808016945805e+01,4.140474062093311147e+01,0.000000000000000000e+00
2.417644243382401470e+01,4.187482664164734558e+01,0.000000000000000000e+00
2.346488328950644586e+01,4.233177002614003470e+01,0.000000000000000000e+00
2.274333159148285688e+01,4.277398563424912226e+01,0.000000000000000000e+00
2.201235611052817376e+01,4.320168135344309235e+01,0.000000000000000000e+00
2.127270546798749962e+01,4.361550974179967000e+01,0.000000000000000000e+00
2.052491864615943840e+01,4.401583007958459604e+01,0.000000000000000000e+00
1.976935347230910978e+01,4.440269489511726420e+01,0.000000000000000000e+00
1.900626587946925028e+01,4.477595643762288091e+01,0.000000000000000000e+00
1.823583883337199651e+01,4.513528495749739733e+01,0.000000000000000000e+00
1.745873448353240320e+01,4.548155828644282650e+01,0.000000000000000000e+00
1.667526305495628947e+01,4.581490870695828477e+01,0.000000000000000000e+00
1.588555080499765992e+01,4.613498944574610761e+01,0.000000000000000000e+00
1.508985770602058452e+01,4.644180664013668292e+01,0.000000000000000000e+00
1.428832669492333807e+01,4.673501078384683893e+01,0.000000000000000000e+00
1.348089027539994333e+01,4.701345146226421434e+01,0.000000000000000000e+00
1.266799485972422801e+01,4.727760044651219573e+01,0.000000000000000000e+00
1.185002912820652554e+01,4.752787088925508385e+01,0.000000000000000000e+00
1.102723392049370865e+01,4.776419768670639598e+01,0.000000000000000000e+00
1.019983230843242161e+01,4.798643818988226428e+01,0.000000000000000000e+00
9.368059903125047327e+00,4.819449019647237265e+01,0.000000000000000000e+00
8.532154576137672919e+00,4.838825312981760618e+01,0.000000000000000000e+00
7.692354090248231913e+00,4.856761228872152003e+01,0.000000000000000000e+00
6.848908657320960991e+00,4.873251729167655810e+01,0.000000000000000000e+00
6.002054576713058864e+00,4.888281175236156884e+01,0.000000000000000000e+00
5.151966536311030076e+00,4.901768728242193163e+01,0.000000000000000000e+00
4.298975104846589623e+00,4.913751029666547510e+01,0.000000000000000000e+00
3.443375893925915143e+00,4.924256945544149744e+01,0.000000000000000000e+00
2.585423543281921255e+00,4.933282002503280239e+01,0.000000000000000000e+00
1.725372149027118773e+00,4.940819386682882453e+01,0.000000000000000000e+00
8.634783526087957961e-01,4.946864168994966349e+01,0.000000000000000000e+00
3.031865119281932844e-15,4.951411494959747728e+01,0.000000000000000000e+00
-8.648037284430329930e-01,4.954457242063917022e+01,0.000000000000000000e+00
-1.730672567238494608e+00,4.955997798523566189e+01,0.000000000000000000e+00
-2.597345330162550425e+00,4.956030127006438590e+01,0.000000000000000000e+00
-3.464560087142535938e+00,4.954551753255017132e+01,0.000000000000000000e+00
-4.332054313417817326e+00,4.951560738076848622e+01,0.000000000000000000e+00
-5.199565137159765094e+00,4.947055771840791749e+01,0.000000000000000000e+00
-6.066829250746036628e+00,4.941035913744531172e+01,0.000000000000000000e+00
-6.933583772965831393e+00,4.933501204577557786e+01,0.000000000000000000e+00
-7.799536385375823500e+00,4.924433466692966732e+01,0.000000000000000000e+00
-8.664315920301433493e+00,4.913777735822980475e+01,0.000000000000000000e+00
-9.527755766874582477e+00,4.901605419365891692e+01,0.000000000000000000e+00
-1.038960028883476028e+01,4.887922634429811808e+01,0.000000000000000000e+00
-1.124958108633534337e+01,4.872728907126492714e+01,0.000000000000000000e+00
-1.210743837989817351e+01,4.856028300805570552e+01,0.000000000000000000e+00
-1.296290984558527448e+01,4.837823815765905522e+01,0.000000000000000000e+00
-1.381573577221189630e+01,4.818119648430131718e+01,0.000000000000000000e+00
-1.466565748900194777e+01,4.796920419969359273e+01,0.000000000000000000e+00
-1.551241789147452543e+01,4.774231316637401790e+01,0.000000000000000000e+00
-1.635576285471625013e+01,4.750058439535312971e+01,0.000000000000000000e+00
-1.719543743851667372e+01,4.724407607996919722e+01,0.000000000000000000e+00
-1.803119665926606885e+01,4.697287324039744050e+01,0.000000000000000000e+00
-1.886268100610766396e+01,4.668677377840233333e+01,0.000000000000000000e+00
-1.968924904394502207e+01,4.638496394147097135e+01,0.000000000000000000e+00
-2.051105301096713163e+01,4.606857933413098749e+01,0.000000000000000000e+00
-2.132790610405719534e+01,4.573784224012872812e+01,0.000000000000000000e+00
-2.213953279667274998e+01,4.539276914378893935e+01,0.000000000000000000e+00
-2.294572633094490399e+01,4.503352355355862358e+01,0.000000000000000000e+00
-2.374622140546830096e+01,4.466014704923783540e+01,0.000000000000000000e+00
-2.454087305153664644e+01,4.427290694102568125e+01,0.000000000000000000e+00
-2.532929760793517460e+01,4.387163037697657586e+01,0.000000000000000000e+00
-2.611029616975574186e+01,4.345483019341980224e+01,0.000000000000000000e+00
-2.688454502818377989e+01,4.302426570616142243e+01,0.000000000000000000e+00
-2.765201884030517832e+01,4.258037499092669975e+01,0.000000000000000000e+00
-2.841239627523845357e+01,4.212310973958530980e+01,0.000000000000000000e+00
-2.916555251765970169e+01,4.165272569362819155e+01,0.000000000000000000e+00
-2.991088677900671300e+01,4.116880378788510342e+01,0.000000000000000000e+00
-3.064724292502324232e+01,4.067026502059483306e+01,0.000000000000000000e+00
-3.137549327080838779e+01,4.015880006790145984e+01,0.000000000000000000e+00
-3.209567197450036247e+01,3.963485405839224995e+01,0.000000000000000000e+00
-3.280586983581956417e+01,3.909651323501599762e+01,0.000000000000000000e+00
-3.350365048589360129e+01,3.854154104554680060e+01,0.000000000000000000e+00
-3.418882017154545849e+01,3.797053154976313749e+01,0.000000000000000000e+00
-3.486259624843824412e+01,3.738555736704907417e+01,0.000000000000000000e+00
-3.552400439131780274e+01,3.678618341443892348e+01,0.000000000000000000e+00
-3.617043988065456261e+01,3.617043988065456261e+01,0.000000000000000000e+00
-3.680415369787397850e+01,3.554135809231115672e+01,0.000000000000000000e+00
-3.742450552001338338e+01,3.489891598865467159e+01,0.000000000000000000e+00
-3.802949756401557835e+01,3.424191340925449367e+01,0.000000000000000000e+00
-3.862098760965759681e+01,3.357271233044016157e+01,0.000000000000000000e+00
-3.919803268705287280e+01,3.289105477058104299e+01,0.000000000000000000e+00
-3.975818294277712539e+01,3.219554173590702106e+01,0.000000000000000000e+00
-4.030272454024348860e+01,3.148793939235179806e+01,0.000000000000000000e+00
-4.083247093814510720e+01,3.076947385114387501e+01,0.000000000000000000e+00
-4.134639069965972880e+01,3.003991122282813109e+01,0.000000000000000000e+00
-4.184385605119645390e+01,2.929938343480975504e+01,0.000000000000000000e+00
-4.232461428474044141e+01,2.854831280712806318e+01,0.000000000000000000e+00
-4.278834265715473606e+01,2.778707462189321475e+01,0.000000000000000000e+00
-4.323471692422767632e+01,2.701604954442537831e+01,0.000000000000000000e+00
-4.366361959494672362e+01,2.623574949880361729e+01,0.000000000000000000e+00
-4.407501838357070056e+01,2.544672372829224472e+01,0.000000000000000000e+00
-4.446878698806170860e+01,2.464945113460772674e+01,0.000000000000000000e+00
-4.484474689890866728e+01,2.384437488662160831e+01,0.000000000000000000e+00
-4.520266250005308706e+01,2.303190692868451706e+01,0.000000000000000000e+00
-4.554221281019231071e+01,2.221242134293242287e+01,0.000000000000000000e+00
-4.586309565701585456e+01,2.138631273156175183e+01,0.000000000000000000e+00
-4.616519380135553519e+01,2.055406854319132393e+01,0.000000000000000000e+00
-4.644849803515558762e+01,1.971621766668487652e+01,0.000000000000000000e+00
-4.671300488609705326e+01,1.887327906154904511e+01,0.000000000000000000e+00
-4.695857572771615907e+01,1.802570835835726015e+01,0.000000000000000000e+00
-4.718497373949075069e+01,1.717392594580706344e+01,0.000000000000000000e+00
-4.739196810622630096e+01,1.631836326711685103e+01,0.000000000000000000e+00
-4.757934640749441968e+01,1.545946678168331445e+01,0.000000000000000000e+00
-4.774705900246488000e+01,1.459774088647046497e+01,0.000000000000000000e+00
-4.789519315239586206e+01,1.373372563647639311e+01,0.000000000000000000e+00
-4.802385516799419207e+01,1.286795320969325651e+01,0.000000000000000000e+00
-4.813316654605984013e+01,1.200094628544730035e+01,0.000000000000000000e+00
-4.822326353338809213e+01,1.113321762212462929e+01,0.000000000000000000e+00
-4.829429667947558613e+01,1.026526965046129547e+01,0.000000000000000000e+00
-4.834643037851145664e+01,9.397594082680248206e+00,0.000000000000000000e+00
-4.837984240114267465e+01,8.530671537744856536e+00,0.000000000000000000e+00
-4.839472341650832021e+01,7.664971182984406717e+00,0.000000000000000000e+00
-4.838740137375712891e+01,6.800405778147483815e+00,0.000000000000000000e+00
-4.836012764084197357e+01,5.937877037589204043e+00,0.000000000000000000e+00
-4.831427972326743259e+01,5.078035422726015824e+00,0.000000000000000000e+00
-4.824899067236828643e+01,4.221239710400297440e+00,0.000000000000000000e+00
-4.816435786077866510e+01,3.367979994510618358e+00,0.000000000000000000e+00
-4.806074779530927543e+01,2.518757062634476629e+00,0.000000000000000000e+00
-4.793807796491404360e+01,1.674034570490181117e+00,0.000000000000000000e+00
-4.779667704397864725e+01,8.342941011556905817e-01,0.000000000000000000e+00
-4.763643140808150633e+01,5.833780324670946243e-15,0.000000000000000000e+00
-4.761425995770217412e+01,-8.311099990707068175e-01,0.000000000000000000e+00
-4.556448883445883524e+01,-1.591147011597446648e+00,0.000000000000000000e+00
-4.366950274175608371e+01,-2.288621661090104009e+00,0.000000000000000000e+00
-4.192264266947637452e+01,-2.931516750123440040e+00,0.000000000000000000e+00
-4.030636055393951267e+01,-3.526349616458180236e+00,0.000000000000000000e+00
-3.880567135223613207e+01,-4.078640411447930880e+00,0.000000000000000000e+00
-3.740778374921401905e+01,-4.593098301998063349e+00,0.000000000000000000e+00
-3.610171237221922524e+01,-5.073764790977345562e+00,0.000000000000000000e+00
-3.487797981405397252e+01,-5.524129312499407973e+00,0.000000000000000000e+00
-3.372835696595996779e+01,-5.947219348065047484e+00,0.000000000000000000e+00
-3.264566902120687075e+01,-6.345675236349828552e+00,0.000000000000000000e+00
-3.162363146468887010e+01,-6.721810371654182603e+00,0.000000000000000000e+00
-3.065671390926687678e+01,-7.077660086086332569e+00,0.000000000000000000e+00
-2.974003054383047484e+01,-7.415022419988438251e+00,0.000000000000000000e+00
-2.886924877600188211e+01,-7.735491895622868874e+00,0.000000000000000000e+00
-2.804051278539574099e+01,-8.040487655523083532e+00,0.000000000000000000e+00
-2.725037919670923259e+01,-8.331277001816804528e+00,0.000000000000000000e+00
-2.649576233336451736e+01,-8.608995048816089124e+00,0.000000000000000000e+00
-2.577388903376339258e+01,-8.874661696188431037e+00,0.000000000000000000e+00
-2.508226265011964884e+01,-9.129197012690463353e+00,0.000000000000000000e+00
-2.441862624061294795e+01,-9.373432398743377192e+00,0.000000000000000000e+00
-2.378093194572820579e+01,-9.608120180875276972e+00,0.000000000000000000e+00
-2.316732108428217174e+01,-9.833944359319570339e+00,0.000000000000000000e+00
-2.257609849870542718e+01,-1.005152665397462286e+01,0.000000000000000000e+00
-2.200572298718077491e+01,-1.026143715215988195e+01,0.000000000000000000e+00
-2.145480754789165445e+01,-1.046420882251556783e+01,0.000000000000000000e+00
-2.092198573046043109e+01,-1.066028418362886043e+01,0.000000000000000000e+00
-2.040602655723406755e+01,-1.085007678321597169e+01,0.000000000000000000e+00
-1.990619813170746610e+01,-1.103418580441764618e+01,0.000000000000000000e+00
-1.942067873331414773e+01,-1.121253409452416605e+01,0.000000000000000000e+00
-1.894499328134215332e+01,-1.138330039050021902e+01,0.000000000000000000e+00
-1.847598913223688299e+01,-1.154507935494463489e+01,0.000000000000000000e+00
-1.801330088729500289e+01,-1.169797437476083068e+01,0.000000000000000000e+00
-1.755692242496703770e+01,-1.184229370518205116e+01,0.000000000000000000e+00
-1.710697438536121595e+01,-1.197843242059033031e+01,0.000000000000000000e+00
-1.666355361058965556e+01,-1.210678036579066408e+01,0.000000000000000000e+00
-1.622671078917967691e+01,-1.222770363503304658e+01,0.000000000000000000e+00
-1.579715297771616633e+01,-1.234208856121741960e+01,0.000000000000000000e+00
-1.537695176319847690e+01,-1.245201001704794486e+01,0.000000000000000000e+00
-1.496762271050783966e+01,-1.255932669598780826e+01,0.000000000000000000e+00
-1.456857418403296123e+01,-1.266426832707171535e+01,0.000000000000000000e+00
-1.417885064638926451e+01,-1.276669446550393516e+01,0.000000000000000000e+00
-1.379785754673844878e+01,-1.286671031871198601e+01,0.000000000000000000e+00
-1.342516495716800407e+01,-1.296453109907043810e+01,0.000000000000000000e+00
-1.306032523626123165e+01,-1.306032523626122632e+01,0.000000000000000000e+00
-1.270286691736725437e+01,-1.315420376498114585e+01,0.000000000000000000e+00
-1.235233121228534259e+01,-1.324625348791604296e+01,0.000000000000000000e+00
-1.200831453870734755e+01,-1.333658440869371553e+01,0.000000000000000000e+00
-1.167043800666023579e+01,-1.342530318129325551e+01,0.000000000000000000e+00
-1.133833662756160088e+01,-1.351250340993905041e+01,0.000000000000000000e+00
-1.101167164592072645e+01,-1.359828200424516531e+01,0.000000000000000000e+00
-1.069011232933609890e+01,-1.368271982313780732e+01,0.000000000000000000e+00
-1.037334583048373915e+01,-1.376589486722111921e+01,0.000000000000000000e+00
-1.006108199807422388e+01,-1.384789136252734743e+01,0.000000000000000000e+00
-9.753036125946659141e+00,-1.392877910295454491e+01,0.000000000000000000e+00
-9.448938530499296107e+00,-1.400862745919436669e+01,0.000000000000000000e+00
-9.148535776574973966e+00,-1.408750971255204121e+01,0.000000000000000000e+00
-8.851578291287701461e+00,-1.416548637605788663e+01,0.000000000000000000e+00
-8.557828091257080771e+00,-1.424261770576204178e+01,0.000000000000000000e+00
-8.267060783067657681e+00,-1.431896930553331515e+01,0.000000000000000000e+00
-7.979054864722201046e+00,-1.439459601788962750e+01,0.000000000000000000e+00
-7.693596250743229170e+00,-1.446955008246210816e+01,0.000000000000000000e+00
-7.410482676925403744e+00,-1.454389115259772325e+01,0.000000000000000000e+00
-7.129514341492336094e+00,-1.461767064295641028e+01,0.000000000000000000e+00
-6.850495143236178031e+00,-1.469093424358708155e+01,0.000000000000000000e+00
-6.573238874311612356e+00,-1.476373623536064095e+01,0.000000000000000000e+00
-6.297562011455516640e+00,-1.483612636360926729e+01,0.000000000000000000e+00
-6.023282236746532625e+00,-1.490814667858723297e+01,0.000000000000000000e+00
-5.750223890384584813e+00,-1.497984537638190972e+01,0.000000000000000000e+00
-5.478214892652016665e+00,-1.505127171648141449e+01,0.000000000000000000e+00
-5.207083005372195039e+00,-1.512246710516284764e+01,0.000000000000000000e+00
-4.936658832628033622e+00,-1.519347361783009553e+01,0.000000000000000000e+00
-4.666777118982128769e+00,-1.526434015950454892e+01,0.000000000000000000e+00
-4.397271899109321147e+00,-1.533510953444960911e+01,0.000000000000000000e+00
-4.127977041521075030e+00,-1.540582005143452271e+01,0.000000000000000000e+00
-3.858729507352935961e+00,-1.547651873576331560e+01,0.000000000000000000e+00
-3.589365686422561375e+00,-1.554725087472269074e+01,0.000000000000000000e+00
-3.319720092494467423e+00,-1.561805510219003246e+01,0.000000000000000000e+00
-3.049627742581751288e+00,-1.568897465031336402e+01,0.000000000000000000e+00
-2.778923414652919810e+00,-1.576005783963107021e+01,0.000000000000000000e+00
-2.507438955901394539e+00,-1.583134650577761704e+01,0.000000000000000000e+00
-2.235004169694577936e+00,-1.590288099844731562e+01,0.000000000000000000e+00
-1.961447971199113516e+00,-1.597471177789355679e+01,0.000000000000000000e+00
-1.686595616926197527e+00,-1.604688538633024564e+01,0.000000000000000000e+00
-1.410268513271049740e+00,-1.611944286762556189e+01,0.000000000000000000e+00
-1.132285353392790794e+00,-1.619243494623335877e+01,0.000000000000000000e+00
-8.524604304428933244e-01,-1.626591399416032857e+01,0.000000000000000000e+00
-5.706027570817052696e-01,-1.633992507572136077e+01,0.000000000000000000e+00
-2.865164946244379007e-01,-1.641451898361375328e+01,0.000000000000000000e+00
-3.029118760925080648e-15,-1.648975450464069326e+01,0.000000000000000000e+00
2.891550694028928725e-01,-1.656568283143167264e+01,0.000000000000000000e+00
5.811639033047842906e-01,-1.664235673392353121e+01,0.000000000000000000e+00
8.762497816081362689e-01,-1.671984185545680646e+01,0.000000000000000000e+00
1.174644359587078357e+00,-1.679819695678394353e+01,0.000000000000000000e+00
1.476588135648115641e+00,-1.687747962009487424e+01,0.000000000000000000e+00
1.782332746692077974e+00,-1.695776333072409159e+01,0.000000000000000000e+00
2.092140286544445615e+00,-1.703911526953996614e+01,0.000000000000000000e+00
2.406284101370480766e+00,-1.712160103834601443e+01,0.000000000000000000e+00
2.725052569200904440e+00,-1.720530478636134930e+01,0.000000000000000000e+00
3.048746993605318423e+00,-1.729030339744802802e+01,0.000000000000000000e+00
3.377683368197895941e+00,-1.737667453653866545e+01,0.000000000000000000e+00
3.712196957691631827e+00,-1.746451357947043448e+01,0.000000000000000000e+00
4.052638397375905477e+00,-1.755390544543134723e+01,0.000000000000000000e+00
4.399379906561266651e+00,-1.764494904861665603e+01,0.000000000000000000e+00
4.752818762156886478e+00,-1.773776109953609392e+01,0.000000000000000000e+00
5.113371188908154785e+00,-1.783244454091824593e+01,0.000000000000000000e+00
5.481478182984099057e+00,-1.792910726797722631e+01,0.000000000000000000e+00
5.857602723393076083e+00,-1.802784746909981450e+01,0.000000000000000000e+00
6.242250892296456577e+00,-1.812881294258900411e+01,0.000000000000000000e+00
6.635994542087901849e+00,-1.823224516001065609e+01,0.000000000000000000e+00
7.039418180867648367e+00,-1.833831132478508863e+01,0.000000000000000000e+00
7.453025074158274421e+00,-1.844688437923116098e+01,0.000000000000000000e+00
7.877226717908681231e+00,-1.855758319951525692e+01,0.000000000000000000e+00
8.311731393038945370e+00,-1.866845436357957055e+01,0.000000000000000000e+00
8.755746214622620371e+00,-1.877675835148356853e+01,0.000000000000000000e+00
9.209020945269998037e+00,-1.888129102127127723e+01,0.000000000000000000e+00
9.671839972527946472e+00,-1.898205473764799933e+01,0.000000000000000000e+00
1.014437896763859825e+01,-1.907880199894063011e+01,0.000000000000000000e+00
1.062668883571742562e+01,-1.917105414004395669e+01,0.000000000000000000e+00
1.111889888559755946e+01,-1.925849779407593942e+01,0.000000000000000000e+00
1.162118729249827531e+01,-1.934090357145745287e+01,0.000000000000000000e+00
1.213350173955237921e+01,-1.941766179198533848e+01,0.000000000000000000e+00
1.265568360608551579e+01,-1.948804377813370436e+01,0.000000000000000000e+00
1.318779185467354687e+01,-1.955170546460927028e+01,0.000000000000000000e+00
1.373004393085067143e+01,-1.960853487232605374e+01,0.000000000000000000e+00
1.428284421854783659e+01,-1.965864855531548017e+01,0.000000000000000000e+00
1.484603846954163942e+01,-1.970135847258264761e+01,0.000000000000000000e+00
1.541899187146908723e+01,-1.973540962273994737e+01,0.000000000000000000e+00
1.600202704992740621e+01,-1.976085770275233244e+01,0.000000000000000000e+00
1.659547521478754462e+01,-1.977771720803122690e+01,0.000000000000000000e+00
1.719899949458793387e+01,-1.978518565438408316e+01,0.000000000000000000e+00
1.781266773653504387e+01,-1.978297171069003468e+01,0.000000000000000000e+00
1.843625305508056655e+01,-1.977046090636539333e+01,0.000000000000000000e+00
1.906817309209014155e+01,-1.974567126546503815e+01,0.000000000000000000e+00
1.970532943528147740e+01,-1.970532943528148451e+01,0.000000000000000000e+00
2.034381302143499681e+01,-1.964579187157377760e+01,0.000000000000000000e+00
2.098061208804140421e+01,-1.956473728850078331e+01,0.000000000000000000e+00
2.161849011831946399e+01,-1.946537593414772616e+01,0.000000000000000000e+00
2.225681621478343075e+01,-1.934755516152439014e+01,0.000000000000000000e+00
2.289099297307507896e+01,-1.920782376098901878e+01,0.000000000000000000e+00
2.352433073902965432e+01,-1.904962742406473453e+01,0.000000000000000000e+00
2.415647372937009507e+01,-1.887310571184400487e+01,0.000000000000000000e+00
2.478429483290290136e+01,-1.867630575027573414e+01,0.000000000000000000e+00
2.540893976345895666e+01,-1.846067532967941460e+01,0.000000000000000000e+00
2.603013423277328542e+01,-1.822649621039848711e+01,0.000000000000000000e+00
2.664662617687886836e+01,-1.797337630142117249e+01,0.000000000000000000e+00
2.725780623758155841e+01,-1.770142634459192621e+01,0.000000000000000000e+00
2.786355448271702784e+01,-1.741108123150566556e+01,0.000000000000000000e+00
2.846360274287242476e+01,-1.710265796383690429e+01,0.000000000000000000e+00
2.905705093243251369e+01,-1.677609617769659778e+01,0.000000000000000000e+00
2.964308695587763864e+01,-1.643143141264447493e+01,0.000000000000000000e+00
3.022153594393202169e+01,-1.606907570068504754e+01,0.000000000000000000e+00
3.079315968612747056e+01,-1.568989853042783089e+01,0.000000000000000000e+00
3.135630549898151642e+01,-1.529349204888019287e+01,0.000000000000000000e+00
3.190878805063490020e+01,-1.487931223045578477e+01,0.000000000000000000e+00
3.245207744396905980e+01,-1.444859577590914057e+01,0.000000000000000000e+00
3.298693272793559572e+01,-1.400212220700909604e+01,0.000000000000000000e+00
3.351226790660564347e+01,-1.353983512148253965e+01,0.000000000000000000e+00
3.402647139169460644e+01,-1.306153860643305364e+01,0.000000000000000000e+00
3.452821109908906294e+01,-1.256724108252832828e+01,0.000000000000000000e+00
3.501812233431534338e+01,-1.205770648526035949e+01,0.000000000000000000e+00
3.549676820020556534e+01,-1.153359914086068905e+01,0.000000000000000000e+00
3.596344135015040422e+01,-1.099512743158002870e+01,0.000000000000000000e+00
3.641745092499852632e+01,-1.044253601384118468e+01,0.000000000000000000e+00
3.685841930574073189e+01,-9.876183687260928323e+00,0.000000000000000000e+00
3.728611505362261624e+01,-9.296472600100788242e+00,0.000000000000000000e+00
3.770048422732523363e+01,-8.703842598120413498e+00,0.000000000000000000e+00
3.810112766779109705e+01,-8.098644692816245438e+00,0.000000000000000000e+00
3.848688596711114940e+01,-7.481092792035178185e+00,0.000000000000000000e+00
3.885680218875091185e+01,-6.851502609928560084e+00,0.000000000000000000e+00
3.921121626855664744e+01,-6.210446543139707565e+00,0.000000000000000000e+00
3.955080737174590411e+01,-5.558503481178684424e+00,0.000000000000000000e+00
3.987552844691380471e+01,-4.896099251125618501e+00,0.000000000000000000e+00
4.018458730375367338e+01,-4.223570318027839221e+00,0.000000000000000000e+00
4.047721331726059191e+01,-3.541297296380867987e+00,0.000000000000000000e+00
4.075310536578152920e+01,-2.849734735027047883e+00,0.000000000000000000e+00
4.101222985104912055e+01,-2.149359889939158386e+00,0.000000000000000000e+00
4.125456472665334928e+01,-1.440641145301841730e+00,0.000000000000000000e+00
4.147998045422238533e+01,-7.240357520496868426e-01,0.000000000000000000e+00
4.168822978302822690e+01,-1.021067143318097477e-14,0.000000000000000000e+00
