4.863181575735472961e+01,0.000000000000000000e+00,0.000000000000000000e+00
4.863949135993371442e+01,8.490054797631211292e-01,0.000000000000000000e+00
4.861953581565998661e+01,1.697831603014435142e+00,0.000000000000000000e+00
4.857232013660977543e+01,2.545567432984662926e+00,0.000000000000000000e+00
4.849776681889611751e+01,3.391294220025168116e+00,0.000000000000000000e+00
4.839568298391978374e+01,4.234073624687442639e+00,0.000000000000000000e+00
4.826590497559342907e+01,5.072951031865555294e+00,0.000000000000000000e+00
4.810829910540089571e+01,5.906956381442247661e+00,0.000000000000000000e+00
4.792276237540904305e+01,6.735105025484346086e+00,0.000000000000000000e+00
4.770922317841233706e+01,7.556398611431231593e+00,0.000000000000000000e+00
4.746774028674435897e+01,8.369843325815198298e+00,0.000000000000000000e+00
4.720026635065443088e+01,9.174802364622859585e+00,0.000000000000000000e+00
4.691042134697791255e+01,9.971117868005631379e+00,0.000000000000000000e+00
4.660185809929809864e+01,1.075888668247512570e+01,0.000000000000000000e+00
4.627819328535826315e+01,1.153844950702907113e+01,0.000000000000000000e+00
4.594300009497770532e+01,1.231038977331226825e+01,0.000000000000000000e+00
4.559979490792105850e+01,1.307553078139434888e+01,0.000000000000000000e+00
4.525147622210649700e+01,1.383476466239498848e+01,0.000000000000000000e+00
4.489797511978431288e+01,1.458823643739290432e+01,0.000000000000000000e+00
4.453826211254715162e+01,1.533575349328288162e+01,0.000000000000000000e+00
4.417159925438682677e+01,1.607714732853198214e+01,0.000000000000000000e+00
4.379825623524458678e+01,1.681257536597604485e+01,0.000000000000000000e+00
4.341871260600452587e+01,1.754229858482534965e+01,0.000000000000000000e+00
4.303324009118356486e+01,1.826652667860893686e+01,0.000000000000000000e+00
4.264177667151739826e+01,1.898534216667989583e+01,0.000000000000000000e+00
4.224422762439017731e+01,1.969880685409608034e+01,0.000000000000000000e+00
4.184053024342492932e+01,2.040699012259385015e+01,0.000000000000000000e+00
4.143063941130577632e+01,2.110996516888717522e+01,0.000000000000000000e+00
4.101453190869919752e+01,2.180781345103603641e+01,0.000000000000000000e+00
4.059224418181840832e+01,2.250064836876294194e+01,0.000000000000000000e+00
4.016381700129826982e+01,2.318859055738241892e+01,0.000000000000000000e+00
3.972930640774864486e+01,2.387177564169546784e+01,0.000000000000000000e+00
3.928876912985400338e+01,2.455034770348705919e+01,0.000000000000000000e+00
3.884216457114919052e+01,2.522439660873160960e+01,0.000000000000000000e+00
3.838933194748963018e+01,2.589393135447281580e+01,0.000000000000000000e+00
3.793012820446713107e+01,2.655896169402860707e+01,0.000000000000000000e+00
3.746448121483144433e+01,2.721953889223299328e+01,0.000000000000000000e+00
3.699234165390914342e+01,2.787572887608952854e+01,0.000000000000000000e+00
3.651372966678077603e+01,2.852765215880772587e+01,0.000000000000000000e+00
3.602866764457321125e+01,2.917543979586495340e+01,0.000000000000000000e+00
3.553708099283661426e+01,2.981915155420633212e+01,0.000000000000000000e+00
3.503885287967725048e+01,3.045881011659732707e+01,0.000000000000000000e+00
3.453389213168590999e+01,3.109445614071534436e+01,0.000000000000000000e+00
3.402211823997645013e+01,3.172613852113735078e+01,0.000000000000000000e+00
3.350343399830199331e+01,3.235389012964991906e+01,0.000000000000000000e+00
3.297773521848598932e+01,3.297773521848598932e+01,0.000000000000000000e+00
3.244495418278552279e+01,3.359773358582052794e+01,0.000000000000000000e+00
3.190501982801770353e+01,3.421394495628326382e+01,0.000000000000000000e+00
3.135772176755145679e+01,3.482627823157443459e+01,0.000000000000000000e+00
3.080282410316446118e+01,3.543459570146622184e+01,0.000000000000000000e+00
3.024023036630028471e+01,3.603890317991488246e+01,0.000000000000000000e+00
2.966988491682217344e+01,3.663925651850590270e+01,0.000000000000000000e+00
2.909174073650578052e+01,3.723573012162108853e+01,0.000000000000000000e+00
2.850577378682364937e+01,3.782843949008714191e+01,0.000000000000000000e+00
2.791196974923130014e+01,3.841753052758026143e+01,0.000000000000000000e+00
2.730998637655844874e+01,3.900270260783624821e+01,0.000000000000000000e+00
2.669934982892861086e+01,3.958341394103686639e+01,0.000000000000000000e+00
2.608006315836622235e+01,4.015977551163963000e+01,0.000000000000000000e+00
2.545228983103782028e+01,4.073217825977022954e+01,0.000000000000000000e+00
2.481615916368859942e+01,4.130102452687170711e+01,0.000000000000000000e+00
2.417103217605471599e+01,4.186545580030887237e+01,0.000000000000000000e+00
2.351627444520338983e+01,4.242448212521590989e+01,0.000000000000000000e+00
2.285278261413037626e+01,4.297983306920152557e+01,0.000000000000000000e+00
2.218026284195658349e+01,4.353121686848951555e+01,0.000000000000000000e+00
2.149731228025930108e+01,4.407602195184541927e+01,0.000000000000000000e+00
2.080348643023496180e+01,4.461322062036556702e+01,0.000000000000000000e+00
2.009722768340645871e+01,4.513911243045674837e+01,0.000000000000000000e+00
1.937682773589816776e+01,4.564894546377499296e+01,0.000000000000000000e+00
1.864391933184341354e+01,4.614531963439956996e+01,0.000000000000000000e+00
1.789924041907350727e+01,4.662911548205367751e+01,0.000000000000000000e+00
1.714241263123776093e+01,4.709839161929942009e+01,0.000000000000000000e+00
1.637317135553899305e+01,4.755114235280651513e+01,0.000000000000000000e+00
1.559261808975218599e+01,4.798914399629134664e+01,0.000000000000000000e+00
1.480150462750365925e+01,4.841354016837546226e+01,0.000000000000000000e+00
1.399965829691346109e+01,4.882261055349322731e+01,0.000000000000000000e+00
1.318677266469577525e+01,4.921370557250507005e+01,0.000000000000000000e+00
1.236387823633708294e+01,4.958880709485952565e+01,0.000000000000000000e+00
1.153148829803446596e+01,4.994836335752637524e+01,0.000000000000000000e+00
1.068987859649714700e+01,5.029192471174972212e+01,0.000000000000000000e+00
9.839374563322976996e+00,5.061919392437931009e+01,0.000000000000000000e+00
8.980184956017311038e+00,5.092915967786542097e+01,0.000000000000000000e+00
8.112511502932743923e+00,5.122038178946029774e+01,0.000000000000000000e+00
7.237068349973762693e+00,5.149441701622826173e+01,0.000000000000000000e+00
6.354271806554453228e+00,5.175139089009143589e+01,0.000000000000000000e+00
5.464459849008768799e+00,5.199086254893555292e+01,0.000000000000000000e+00
4.568018810664191243e+00,5.221269392588939695e+01,0.000000000000000000e+00
3.665330182318110808e+00,5.241666365798426597e+01,0.000000000000000000e+00
2.756784149171898513e+00,5.260257516891137897e+01,0.000000000000000000e+00
1.842761928090894008e+00,5.276979731292458098e+01,0.000000000000000000e+00
9.236746416628220935e-01,5.291728478016895565e+01,0.000000000000000000e+00
3.248145073374023405e-15,5.304623464717350600e+01,0.000000000000000000e+00
-9.278529252876420719e-01,5.315665848871702792e+01,0.000000000000000000e+00
-1.859473065850921092e+00,5.324834168646694366e+01,0.000000000000000000e+00
-2.794446075139932262e+00,5.332120752623088578e+01,0.000000000000000000e+00
-3.732353555633133535e+00,5.337514255116150252e+01,0.000000000000000000e+00
-4.672775081929680496e+00,5.341006358549613964e+01,0.000000000000000000e+00
-5.615287538043427062e+00,5.342589215219950916e+01,0.000000000000000000e+00
-6.559466945881078814e+00,5.342257119010403699e+01,0.000000000000000000e+00
-7.504885447533845344e+00,5.340003468334422365e+01,0.000000000000000000e+00
-8.451121350097523077e+00,5.335828022488076527e+01,0.000000000000000000e+00
-9.397737477211395074e+00,5.329721770004898929e+01,0.000000000000000000e+00
-1.034414929105851755e+01,5.321603477711153829e+01,0.000000000000000000e+00
-1.128996347247433540e+01,5.311510208751473527e+01,0.000000000000000000e+00
-1.223482929419994569e+01,5.299486791381215767e+01,0.000000000000000000e+00
-1.317832503518918408e+01,5.285537478707485093e+01,0.000000000000000000e+00
-1.412002123839095269e+01,5.269663666562663451e+01,0.000000000000000000e+00
-1.505949448657683831e+01,5.251869858943062042e+01,0.000000000000000000e+00
-1.599632179673149324e+01,5.232161103495415233e+01,0.000000000000000000e+00
-1.693008289562972024e+01,5.210543741089194469e+01,0.000000000000000000e+00
-1.786036250782280987e+01,5.187025907445248407e+01,0.000000000000000000e+00
-1.878674245871968296e+01,5.161615069044173509e+01,0.000000000000000000e+00
-1.970882765534566872e+01,5.134325140287577938e+01,0.000000000000000000e+00
-2.062618505153124460e+01,5.105159945717669245e+01,0.000000000000000000e+00
-2.153811841246047365e+01,5.074062721738715709e+01,0.000000000000000000e+00
-2.244402174660702798e+01,5.041009819718533436e+01,0.000000000000000000e+00
-2.334388726944937176e+01,5.006112780092917802e+01,0.000000000000000000e+00
-2.423739045669448799e+01,4.969401476321806399e+01,0.000000000000000000e+00
-2.512412788557124443e+01,4.930887732987703487e+01,0.000000000000000000e+00
-2.600371212459630499e+01,4.890586958997559464e+01,0.000000000000000000e+00
-2.687587426903674626e+01,4.848536064601277218e+01,0.000000000000000000e+00
-2.774008682307016826e+01,4.804723978392949135e+01,0.000000000000000000e+00
-2.859513001526406839e+01,4.759028817954944657e+01,0.000000000000000000e+00
-2.944100230726891354e+01,4.711545256189968711e+01,0.000000000000000000e+00
-3.027782317189677741e+01,4.662375908297716620e+01,0.000000000000000000e+00
-3.110537244754215536e+01,4.611561110177762401e+01,0.000000000000000000e+00
-3.192332695636763162e+01,4.559123576131328548e+01,0.000000000000000000e+00
-3.273088722466705036e+01,4.505020141701264436e+01,0.000000000000000000e+00
-3.352648103777627142e+01,4.449114304833585720e+01,0.000000000000000000e+00
-3.431094456002205817e+01,4.391600638224088016e+01,0.000000000000000000e+00
-3.508469831253164273e+01,4.332599418403547276e+01,0.000000000000000000e+00
-3.584589992420876570e+01,4.271948001444832244e+01,0.000000000000000000e+00
-3.659186626120176555e+01,4.209412690814284730e+01,0.000000000000000000e+00
-3.732465082877515528e+01,4.145322432206749141e+01,0.000000000000000000e+00
-3.804433891035305493e+01,4.079755864103715624e+01,0.000000000000000000e+00
-3.874928764806868031e+01,4.012606199736563184e+01,0.000000000000000000e+00
-3.943887862013039580e+01,3.943887862013040291e+01,0.000000000000000000e+00
-4.011338891824004094e+01,3.873704939781486445e+01,0.000000000000000000e+00
-4.077287459901813094e+01,3.802132066878346706e+01,0.000000000000000000e+00
-4.141645922724162432e+01,3.729154738870495578e+01,0.000000000000000000e+00
-4.204338350301364358e+01,3.654775569209127895e+01,0.000000000000000000e+00
-4.265332576370757778e+01,3.579038991681142079e+01,0.000000000000000000e+00
-4.324675961753273867e+01,3.502053542570064337e+01,0.000000000000000000e+00
-4.382359389134177974e+01,3.423874400917291894e+01,0.000000000000000000e+00
-4.438306006332621223e+01,3.344503466667503488e+01,0.000000000000000000e+00
-4.492465650346811401e+01,3.263967350580221449e+01,0.000000000000000000e+00
-4.544804396566618010e+01,3.182306298164579061e+01,0.000000000000000000e+00
-4.595288871731217029e+01,3.099561481333931567e+01,0.000000000000000000e+00
-4.643889992613518558e+01,3.015777423177149075e+01,0.000000000000000000e+00
-4.690598977302771999e+01,2.931011543013737608e+01,0.000000000000000000e+00
-4.735413954696972638e+01,2.845323760170971994e+01,0.000000000000000000e+00
-4.778322833137586656e+01,2.758765973986920628e+01,0.000000000000000000e+00
-4.819308553182963806e+01,2.671386352773065909e+01,0.000000000000000000e+00
-4.858346536564850737e+01,2.583228675771412242e+01,0.000000000000000000e+00
-4.895401485971362376e+01,2.494331642595253840e+01,0.000000000000000000e+00
-4.930439931645670981e+01,2.404736230630031102e+01,0.000000000000000000e+00
-4.963448715916263154e+01,2.314494147091347642e+01,0.000000000000000000e+00
-4.994426904384076948e+01,2.223662124508506110e+01,0.000000000000000000e+00
-5.023374534555158988e+01,2.132295982307312343e+01,0.000000000000000000e+00
-5.050279491474726967e+01,2.040445362353230152e+01,0.000000000000000000e+00
-5.075119532031876446e+01,1.948155861852806936e+01,0.000000000000000000e+00
-5.097873014347730702e+01,1.855474035291495483e+01,0.000000000000000000e+00
-5.118519765881938355e+01,1.762447694562105838e+01,0.000000000000000000e+00
-5.137052715211095233e+01,1.669129607758816292e+01,0.000000000000000000e+00
-5.153478574378415544e+01,1.575576516427319795e+01,0.000000000000000000e+00
-5.167806219714045568e+01,1.481844587998673646e+01,0.000000000000000000e+00
-5.180046098959907397e+01,1.387989168972296206e+01,0.000000000000000000e+00
-5.190210193421887652e+01,1.294064741862197820e+01,0.000000000000000000e+00
-5.198311978991952031e+01,1.200124883496216910e+01,0.000000000000000000e+00
-5.204366386082153895e+01,1.106222224696661272e+01,0.000000000000000000e+00
-5.208389758513106216e+01,1.012408411369505323e+01,0.000000000000000000e+00
-5.210399811400232295e+01,9.187340670281576749e+00,0.000000000000000000e+00
-5.210070937534094782e+01,8.251941694924703086e+00,0.000000000000000000e+00
-5.207611559076672592e+01,7.318820753184592576e+00,0.000000000000000000e+00
-5.203139895106195922e+01,6.388652473369996976e+00,0.000000000000000000e+00
-5.196544042549388109e+01,5.461787876165616673e+00,0.000000000000000000e+00
-5.187911859115263269e+01,4.538834750442885202e+00,0.000000000000000000e+00
-5.177238074004181101e+01,3.620277531876736177e+00,0.000000000000000000e+00
-5.164499596722439634e+01,2.706599549723847975e+00,0.000000000000000000e+00
-5.149744858640809042e+01,1.798330531499072737e+00,0.000000000000000000e+00
-5.132993883155477022e+01,8.959674150662215730e-01,0.000000000000000000e+00
-5.114229445733024448e+01,6.263124720822091508e-15,0.000000000000000000e+00
-5.112117533270267700e+01,-8.923234346391040184e-01,0.000000000000000000e+00
-4.873816884315733944e+01,-1.701974359621774679e+00,0.000000000000000000e+00
-4.655418943925927522e+01,-2.439801684833575290e+00,0.000000000000000000e+00
-4.455390441961041859e+01,-3.115512495699214401e+00,0.000000000000000000e+00
-4.271411857576141813e+01,-3.737001147881200858e+00,0.000000000000000000e+00
-4.101527393054611537e+01,-4.310879000682268369e+00,0.000000000000000000e+00
-3.944084718148945967e+01,-4.842727102817756091e+00,0.000000000000000000e+00
-3.797679644648593467e+01,-5.337290671911949502e+00,0.000000000000000000e+00
-3.661110028937050487e+01,-5.798628628997411383e+00,0.000000000000000000e+00
-3.533341892132564510e+01,-6.230235076504703429e+00,0.000000000000000000e+00
-3.413480254099359712e+01,-6.635133470273311573e+00,0.000000000000000000e+00
-3.300746547427761612e+01,-7.015953370654407273e+00,0.000000000000000000e+00
-3.194460403129275505e+01,-7.374992948926927916e+00,0.000000000000000000e+00
-3.094024589950792148e+01,-7.714269717601213827e+00,0.000000000000000000e+00
-2.998912617124904045e+01,-8.035562139301214657e+00,0.000000000000000000e+00
-2.908658532124610829e+01,-8.340444128347188624e+00,0.000000000000000000e+00
-2.822848476287839858e+01,-8.630313883100210859e+00,0.000000000000000000e+00
-2.741113602266668536e+01,-8.906417989883744113e+00,0.000000000000000000e+00
-2.663124007851623887e+01,-9.169871335179580640e+00,0.000000000000000000e+00
-2.588583416585177588e+01,-9.421673125521133230e+00,0.000000000000000000e+00
-2.517225303324556407e+01,-9.662722620274132979e+00,0.000000000000000000e+00
-2.448809798850222563e+01,-9.893833808176049516e+00,0.000000000000000000e+00
-2.383119190412053712e+01,-1.011574080355737948e+01,0.000000000000000000e+00
-2.319955659207989740e+01,-1.032910808123270385e+01,0.000000000000000000e+00
-2.259140619046305076e+01,-1.053454571510315674e+01,0.000000000000000000e+00
-2.200509665458434228e+01,-1.073260275298238930e+01,0.000000000000000000e+00
-2.143913761561417886e+01,-1.092378623036871588e+01,0.000000000000000000e+00
-2.089216000717181032e+01,-1.110855852359400231e+01,0.000000000000000000e+00
-2.036290434259061755e+01,-1.128734219096487124e+01,0.000000000000000000e+00
-1.985022103933342663e+01,-1.146053046053272872e+01,0.000000000000000000e+00
-1.935303923139705873e+01,-1.162847913264189792e+01,0.000000000000000000e+00
-1.887038288163915922e+01,-1.179152392153072348e+01,0.000000000000000000e+00
-1.840133793489849268e+01,-1.194996857991647765e+01,0.000000000000000000e+00
-1.794506541666278565e+01,-1.210409945883353622e+01,0.000000000000000000e+00
-1.750078400106880494e+01,-1.225418088212825474e+01,0.000000000000000000e+00
-1.706776245724946151e+01,-1.240045528308501055e+01,0.000000000000000000e+00
-1.664533215364505025e+01,-1.254315745968548512e+01,0.000000000000000000e+00
-1.623285004132140941e+01,-1.268249241452337550e+01,0.000000000000000000e+00
-1.582973663275935294e+01,-1.281866797489062293e+01,0.000000000000000000e+00
-1.543543242109088531e+01,-1.295186565159919034e+01,0.000000000000000000e+00
-1.504941925209463527e+01,-1.308226056768207002e+01,0.000000000000000000e+00
-1.467121651517163272e+01,-1.321002268502980037e+01,0.000000000000000000e+00
-1.430035647499778406e+01,-1.333529815008182240e+01,0.000000000000000000e+00
-1.393641469909981545e+01,-1.345823923597700045e+01,0.000000000000000000e+00
-1.357898394486501559e+01,-1.357898394486501026e+01,0.000000000000000000e+00
-1.322767200986142200e+01,-1.369765534709051913e+01,0.000000000000000000e+00
-1.288212198825203636e+01,-1.381438453892241824e+01,0.000000000000000000e+00
-1.254198593792736460e+01,-1.392928654347387507e+01,0.000000000000000000e+00
-1.220693001173023085e+01,-1.404246663465242939e+01,0.000000000000000000e+00
-1.187664817245902071e+01,-1.415403812750548873e+01,0.000000000000000000e+00
-1.155084052810103756e+01,-1.426410012374181413e+01,0.000000000000000000e+00
-1.122921735116351272e+01,-1.437274278469907607e+01,0.000000000000000000e+00
-1.091151177683476803e+01,-1.448006519949869997e+01,0.000000000000000000e+00
-1.059746239380699429e+01,-1.458615564170910694e+01,0.000000000000000000e+00
-1.028681332858525721e+01,-1.469109195094724107e+01,0.000000000000000000e+00
-9.979327177952033168e+00,-1.479496096605005917e+01,0.000000000000000000e+00
-9.674772868286490635e+00,-1.489784377273828930e+01,0.000000000000000000e+00
-9.372921531059718703e+00,-1.499980996414717005e+01,0.000000000000000000e+00
-9.073556745498473575e+00,-1.510093432347623654e+01,0.000000000000000000e+00
-8.776470689758395949e+00,-1.520129314580059443e+01,0.000000000000000000e+00
-8.481456260580721107e+00,-1.530095212833342444e+01,0.000000000000000000e+00
-8.188311871055155677e+00,-1.539997484240297432e+01,0.000000000000000000e+00
-7.896846123402178286e+00,-1.549843316214673195e+01,0.000000000000000000e+00
-7.606868524202920590e+00,-1.559639175756186447e+01,0.000000000000000000e+00
-7.318189342657597685e+00,-1.569390769092849425e+01,0.000000000000000000e+00
-7.030626519246813366e+00,-1.579104570581454503e+01,0.000000000000000000e+00
-6.744001082857441709e+00,-1.588787090616765241e+01,0.000000000000000000e+00
-6.458132986360270777e+00,-1.598444005215441521e+01,0.000000000000000000e+00
-6.172844314136141541e+00,-1.608080922081335018e+01,0.000000000000000000e+00
-5.887962268225273910e+00,-1.617704337854972962e+01,0.000000000000000000e+00
-5.603312791133059356e+00,-1.627320195902870736e+01,0.000000000000000000e+00
-5.318720271434380642e+00,-1.636933781823388045e+01,0.000000000000000000e+00
-5.034012006151652230e+00,-1.646551135180171599e+01,0.000000000000000000e+00
-4.749015679710746340e+00,-1.656178587545023007e+01,0.000000000000000000e+00
-4.463555921472758037e+00,-1.665821748136125535e+01,0.000000000000000000e+00
-4.177455978200521614e+00,-1.675486078805197465e+01,0.000000000000000000e+00
-3.890540316072715221e+00,-1.685178151699879834e+01,0.000000000000000000e+00
-3.602630006767194359e+00,-1.694904160314747088e+01,0.000000000000000000e+00
-3.313542113179370308e+00,-1.704669638544361732e+01,0.000000000000000000e+00
-3.023092431609845754e+00,-1.714480914641281117e+01,0.000000000000000000e+00
-2.731094013507930462e+00,-1.724344896450561748e+01,0.000000000000000000e+00
-2.437354396401901990e+00,-1.734267767487819256e+01,0.000000000000000000e+00
-2.141676603070068463e+00,-1.744255619209052099e+01,0.000000000000000000e+00
-1.843860352434558036e+00,-1.754315939575371175e+01,0.000000000000000000e+00
-1.543698823459129121e+00,-1.764455829184898050e+01,0.000000000000000000e+00
-1.240978359839515655e+00,-1.774681735586660025e+01,0.000000000000000000e+00
-9.354795998270719615e-01,-1.785001411288148532e+01,0.000000000000000000e+00
-6.269755499124453069e-01,-1.795423064948773018e+01,0.000000000000000000e+00
-3.152304471495114835e-01,-1.805954022204266352e+01,0.000000000000000000e+00
-3.337044374356400225e-15,-1.816602346994949002e+01,0.000000000000000000e+00
3.189699215297963075e-01,-1.827377456580877535e+01,0.000000000000000000e+00
6.419442707941652726e-01,-1.838287873197811706e+01,0.000000000000000000e+00
9.691992640659932157e-01,-1.849342363528876376e+01,0.000000000000000000e+00
1.301024470033212532e+00,-1.860551673776050308e+01,0.000000000000000000e+00
1.637722813439554281e+00,-1.871925741503962470e+01,0.000000000000000000e+00
1.979611528471050041e+00,-1.883474555965428365e+01,0.000000000000000000e+00
2.327025872776426585e+00,-1.895210485475111639e+01,0.000000000000000000e+00
2.680317579300314446e+00,-1.907145055012759727e+01,0.000000000000000000e+00
3.039856912442378878e+00,-1.919290118532849476e+01,0.000000000000000000e+00
3.406037917255773095e+00,-1.931660091706127957e+01,0.000000000000000000e+00
3.779274622904420955e+00,-1.944268243871767865e+01,0.000000000000000000e+00
4.160006698190329644e+00,-1.957129276793834904e+01,0.000000000000000000e+00
4.548703588720228730e+00,-1.970259985381143863e+01,0.000000000000000000e+00
4.945859494175012472e+00,-1.983675895918440446e+01,0.000000000000000000e+00
5.352005780326795303e+00,-1.997395749458188163e+01,0.000000000000000000e+00
5.767706837367119199e+00,-2.011438413247404000e+01,0.000000000000000000e+00
6.193564526339577547e+00,-2.025823674872829017e+01,0.000000000000000000e+00
6.630229769765803916e+00,-2.040574901009750164e+01,0.000000000000000000e+00
7.078391684279936591e+00,-2.055714212593590418e+01,0.000000000000000000e+00
7.538795275164214438e+00,-2.071266978840490935e+01,0.000000000000000000e+00
8.012233217453561096e+00,-2.087258113856475461e+01,0.000000000000000000e+00
8.499584795990656971e+00,-2.103721058805350808e+01,0.000000000000000000e+00
9.001801149587025819e+00,-2.120691453492959155e+01,0.000000000000000000e+00
9.519844140224833495e+00,-2.138192002078151432e+01,0.000000000000000000e+00
1.005471609000935906e+01,-2.156240823878387047e+01,0.000000000000000000e+00
1.060784135955042373e+01,-2.174929789034997896e+01,0.000000000000000000e+00
1.118055148189935544e+01,-2.194306779571686405e+01,0.000000000000000000e+00
1.177075750652104702e+01,-2.213757515968815426e+01,0.000000000000000000e+00
1.237548202092063754e+01,-2.232596056024377518e+01,0.000000000000000000e+00
1.299515655845446638e+01,-2.250827141155504663e+01,0.000000000000000000e+00
1.363017675509222393e+01,-2.268442351431095716e+01,0.000000000000000000e+00
1.427987852907287802e+01,-2.285258268058727182e+01,0.000000000000000000e+00
1.494449043618975459e+01,-2.301249722475074222e+01,0.000000000000000000e+00
1.562429698219087371e+01,-2.316397286624761875e+01,0.000000000000000000e+00
1.631886469095380221e+01,-2.330575408067994658e+01,0.000000000000000000e+00
1.702897199952309748e+01,-2.343836918435345495e+01,0.000000000000000000e+00
1.775461220466977963e+01,-2.356116618608558611e+01,0.000000000000000000e+00
1.849398094651817814e+01,-2.367121615843415938e+01,0.000000000000000000e+00
1.924858442934636926e+01,-2.377002217912469106e+01,0.000000000000000000e+00
2.001933782227908409e+01,-2.385811777105825016e+01,0.000000000000000000e+00
2.080499757953379358e+01,-2.393341192780526328e+01,0.000000000000000000e+00
2.160385592243580888e+01,-2.399351275602401401e+01,0.000000000000000000e+00
2.241759122535903614e+01,-2.403992338419894992e+01,0.000000000000000000e+00
2.324672758419331942e+01,-2.407269110986364424e+01,0.000000000000000000e+00
2.409035431994162124e+01,-2.409035431994163190e+01,0.000000000000000000e+00
2.494274064091097998e+01,-2.408692464985195159e+01,0.000000000000000000e+00
2.579230386413756193e+01,-2.405171245955496673e+01,0.000000000000000000e+00
2.663731201164873497e+01,-2.398434346451194443e+01,0.000000000000000000e+00
2.747862821738211991e+01,-2.388680708275302322e+01,0.000000000000000000e+00
2.831559667881197129e+01,-2.375960672975575250e+01,0.000000000000000000e+00
2.914753905677269330e+01,-2.360321173510240911e+01,0.000000000000000000e+00
2.997288947970906747e+01,-2.341738773537112905e+01,0.000000000000000000e+00
3.078808876239206427e+01,-2.320048898182486141e+01,0.000000000000000000e+00
3.159344304476691079e+01,-2.295397997813834579e+01,0.000000000000000000e+00
3.238962343122845766e+01,-2.267945848632002992e+01,0.000000000000000000e+00
3.317718409879564234e+01,-2.237829323948681903e+01,0.000000000000000000e+00
3.395377894471160829e+01,-2.204984186444547589e+01,0.000000000000000000e+00
3.471462244030224298e+01,-2.169210362604870568e+01,0.000000000000000000e+00
3.546205885840211636e+01,-2.130775463765129629e+01,0.000000000000000000e+00
3.619856082445500789e+01,-2.089924883627616481e+01,0.000000000000000000e+00
3.692101556667199702e+01,-2.046565311743486149e+01,0.000000000000000000e+00
3.762324613796561579e+01,-2.000463482127762660e+01,0.000000000000000000e+00
3.831123670613083476e+01,-1.952055010337878116e+01,0.000000000000000000e+00
3.898390215671569337e+01,-1.901371951129318560e+01,0.000000000000000000e+00
3.963581087497806976e+01,-1.848248214818547908e+01,0.000000000000000000e+00
4.027164167937866068e+01,-1.793009008012620598e+01,0.000000000000000000e+00
4.088985110868701156e+01,-1.735671203419806830e+01,0.000000000000000000e+00
4.148458574322663139e+01,-1.676086060817082313e+01,0.000000000000000000e+00
4.205823083859399958e+01,-1.614464219615367568e+01,0.000000000000000000e+00
4.261282102236069846e+01,-1.550979845025236870e+01,0.000000000000000000e+00
4.314638778781998951e+01,-1.485649272905046203e+01,0.000000000000000000e+00
4.365753372736586613e+01,-1.418519259697358947e+01,0.000000000000000000e+00
4.414576649047008061e+01,-1.349671527264628601e+01,0.000000000000000000e+00
4.461093241160155287e+01,-1.279197902342482429e+01,0.000000000000000000e+00
4.505308885932080898e+01,-1.207193877638261625e+01,0.000000000000000000e+00
4.547163770230140756e+01,-1.133735261432349262e+01,0.000000000000000000e+00
4.586531774617106549e+01,-1.058884294345771870e+01,0.000000000000000000e+00
4.623322555493978570e+01,-9.827175458872625669e+00,0.000000000000000000e+00
4.657545579956880033e+01,-9.053351496550320121e+00,0.000000000000000000e+00
4.689228832526265478e+01,-8.268375618904411084e+00,0.000000000000000000e+00
4.718371381784055529e+01,-7.473166105471777954e+00,0.000000000000000000e+00
4.744928774789361370e+01,-6.668562506122945877e+00,0.000000000000000000e+00
4.768855433820377243e+01,-5.855418204510687730e+00,0.000000000000000000e+00
4.790109767794644569e+01,-5.034608239827028875e+00,0.000000000000000000e+00
4.808664556821324254e+01,-4.207036354207779993e+00,0.000000000000000000e+00
4.824500912007097497e+01,-3.373619679952120975e+00,0.000000000000000000e+00
4.837602750616374436e+01,-2.535280172133385523e+00,0.000000000000000000e+00
4.847956773370023598e+01,-1.692943809888109108e+00,0.000000000000000000e+00
4.855552473852070250e+01,-8.475398369345994443e-01,0.000000000000000000e+00
4.860382145993135339e+01,-1.190450287544687348e-14,0.000000000000000000e+00
