4.626614135585776211e+01,0.000000000000000000e+00,0.000000000000000000e+00
4.651211712562012934e+01,8.118720243765603639e-01,0.000000000000000000e+00
4.673860082321127152e+01,1.632147905714171232e+00,0.000000000000000000e+00
4.694522130356344292e+01,2.460294796470676282e+00,0.000000000000000000e+00
4.713173198117664242e+01,3.295771758819674435e+00,0.000000000000000000e+00
4.729810087782713168e+01,4.138047633115428781e+00,0.000000000000000000e+00
4.744433072567340304e+01,4.986600098613739540e+00,0.000000000000000000e+00
4.757043721395803004e+01,5.840915245275028589e+00,0.000000000000000000e+00
4.767644853434960339e+01,6.700487872663099864e+00,0.000000000000000000e+00
4.776240491989268122e+01,7.564821771791081062e+00,0.000000000000000000e+00
4.782835817810371282e+01,8.433429989788045589e+00,0.000000000000000000e+00
4.787437121875312585e+01,9.305835077275123268e+00,0.000000000000000000e+00
4.790051757687590595e+01,1.018156931835519963e+01,0.000000000000000000e+00
4.790688093155458915e+01,1.106017494313574012e+01,0.000000000000000000e+00
4.789355580814828528e+01,1.194120461870402750e+01,0.000000000000000000e+00
4.786062038665052398e+01,1.282421458185553220e+01,0.000000000000000000e+00
4.780804286590328900e+01,1.370873569395706149e+01,0.000000000000000000e+00
4.773577270977571629e+01,1.459429032051545327e+01,0.000000000000000000e+00
4.764377116498498310e+01,1.548039965431702214e+01,0.000000000000000000e+00
4.753201128577518375e+01,1.636658400088839826e+01,0.000000000000000000e+00
4.740047795186716684e+01,1.725236306447105150e+01,0.000000000000000000e+00
4.724916787966794374e+01,1.813725623435509959e+01,0.000000000000000000e+00
4.707808962673230724e+01,1.902078287141790014e+01,0.000000000000000000e+00
4.688726358947254624e+01,1.990246259471264878e+01,0.000000000000000000e+00
4.667672576224152436e+01,2.078181724562987043e+01,0.000000000000000000e+00
4.644654393162286965e+01,2.165837913014832239e+01,0.000000000000000000e+00
4.619680354730122929e+01,2.253168657759379911e+01,0.000000000000000000e+00
4.592760072557842221e+01,2.340128140390100242e+01,0.000000000000000000e+00
4.563904212106627512e+01,2.426670914776643784e+01,0.000000000000000000e+00
4.533124482648914721e+01,2.512751932094444385e+01,0.000000000000000000e+00
4.500433622030941194e+01,2.598326563149605661e+01,0.000000000000000000e+00
4.465845188712239633e+01,2.683350504570888617e+01,0.000000000000000000e+00
4.429368071465395928e+01,2.767776356184449327e+01,0.000000000000000000e+00
4.391005954834650993e+01,2.851552608845107173e+01,0.000000000000000000e+00
4.350765667857633900e+01,2.934628497755602439e+01,0.000000000000000000e+00
4.308675817988114432e+01,3.016967287457164915e+01,0.000000000000000000e+00
4.264777320960573093e+01,3.098542096150625014e+01,0.000000000000000000e+00
4.219092490438144694e+01,3.179314233927948408e+01,0.000000000000000000e+00
4.171609618726209590e+01,3.259218634507953993e+01,0.000000000000000000e+00
4.122322918283389726e+01,3.338191278899734016e+01,0.000000000000000000e+00
4.071253717775771008e+01,3.416187493014779619e+01,0.000000000000000000e+00
4.018430046497691421e+01,3.493167946262685319e+01,0.000000000000000000e+00
3.963881731142159026e+01,3.569095141838723606e+01,0.000000000000000000e+00
3.907639176855968088e+01,3.643932483600743666e+01,0.000000000000000000e+00
3.849732609867727717e+01,3.717643567358005185e+01,0.000000000000000000e+00
3.790217016633028635e+01,3.790217016633027924e+01,0.000000000000000000e+00
3.729181766701957912e+01,3.861680765054946818e+01,0.000000000000000000e+00
3.666581694956752102e+01,3.931927482420886122e+01,0.000000000000000000e+00
3.602313115600144755e+01,4.000774028518860348e+01,0.000000000000000000e+00
3.536537967208507638e+01,4.068321548414277800e+01,0.000000000000000000e+00
3.469350249593992430e+01,4.134610623921258821e+01,0.000000000000000000e+00
3.400648946766539638e+01,4.199451714735914720e+01,0.000000000000000000e+00
3.330550957640279108e+01,4.262910828824320220e+01,0.000000000000000000e+00
3.259111815709404425e+01,4.324987458119056072e+01,0.000000000000000000e+00
3.186202047805333848e+01,4.385430893567490074e+01,0.000000000000000000e+00
3.112030106432177945e+01,4.444439593422565338e+01,0.000000000000000000e+00
3.036644591317461916e+01,4.502010746332589974e+01,0.000000000000000000e+00
2.959909095939848100e+01,4.557860312913867773e+01,0.000000000000000000e+00
2.881946292310545488e+01,4.612078162426398364e+01,0.000000000000000000e+00
2.802866872599475556e+01,4.664753827827268395e+01,0.000000000000000000e+00
2.722689786441238624e+01,4.715837043365080206e+01,0.000000000000000000e+00
2.641405679503495918e+01,4.765221986869470072e+01,0.000000000000000000e+00
2.559107425336807040e+01,4.812981062495244799e+01,0.000000000000000000e+00
2.475969910445674316e+01,4.859364557555326769e+01,0.000000000000000000e+00
2.392043334334806914e+01,4.904415637610803458e+01,0.000000000000000000e+00
2.307337528282860006e+01,4.948101297354013184e+01,0.000000000000000000e+00
2.221859082998700430e+01,4.990377206848180691e+01,0.000000000000000000e+00
2.135555600931463616e+01,5.031053714802552435e+01,0.000000000000000000e+00
2.048521192916717126e+01,5.070267873532834813e+01,0.000000000000000000e+00
1.960796700573430229e+01,5.108050042751528252e+01,0.000000000000000000e+00
1.872400243278464771e+01,5.144377388588922173e+01,0.000000000000000000e+00
1.783353448782421680e+01,5.179234484694600127e+01,0.000000000000000000e+00
1.693680658139569317e+01,5.212613078788300669e+01,0.000000000000000000e+00
1.603399865797482349e+01,5.244484649520813946e+01,0.000000000000000000e+00
1.512509949679889409e+01,5.274749044966733180e+01,0.000000000000000000e+00
1.421046821589952813e+01,5.303418938107969893e+01,0.000000000000000000e+00
1.329055770012748638e+01,5.330551541972929641e+01,0.000000000000000000e+00
1.236563287940909284e+01,5.356144048741541752e+01,0.000000000000000000e+00
1.143592669362580772e+01,5.380180505262031687e+01,0.000000000000000000e+00
1.050169142382415011e+01,5.402651878891546033e+01,0.000000000000000000e+00
9.563177365022113463e+00,5.423547392802948508e+01,0.000000000000000000e+00
8.620639657472194628e+00,5.442857669483278471e+01,0.000000000000000000e+00
7.674335672854884827e+00,5.460573568604458927e+01,0.000000000000000000e+00
6.724526019186540360e+00,5.476686946418411139e+01,0.000000000000000000e+00
5.771472712232970537e+00,5.491189482178500469e+01,0.000000000000000000e+00
4.815417816751349278e+00,5.504047750511679027e+01,0.000000000000000000e+00
3.856604829341586438e+00,5.515201854843736129e+01,0.000000000000000000e+00
2.895386078535546748e+00,5.524725752828199887e+01,0.000000000000000000e+00
1.932033170280241130e+00,5.532619121513922522e+01,0.000000000000000000e+00
9.668139566115253603e-01,5.538873447835743491e+01,0.000000000000000000e+00
3.394405814499070006e-15,5.543485381846239335e+01,0.000000000000000000e+00
-9.681364941836294591e-01,5.546450260511820574e+01,0.000000000000000000e+00
-1.937322098003380955e+00,5.547764628901464334e+01,0.000000000000000000e+00
-2.907282437588304180e+00,5.547425358145432028e+01,0.000000000000000000e+00
-3.877742358311897508e+00,5.545429929573344907e+01,0.000000000000000000e+00
-4.848426066972514548e+00,5.541776353156728163e+01,0.000000000000000000e+00
-5.819057272357512467e+00,5.536463166920382406e+01,0.000000000000000000e+00
-6.789359427431387317e+00,5.529489520103650335e+01,0.000000000000000000e+00
-7.759055547612622838e+00,5.520854891778012075e+01,0.000000000000000000e+00
-8.727869535308283133e+00,5.510559949843877803e+01,0.000000000000000000e+00
-9.695522670307978430e+00,5.498604145180900105e+01,0.000000000000000000e+00
-1.066174392065941667e+01,5.484991750427544588e+01,0.000000000000000000e+00
-1.162624858395569483e+01,5.469719914835926744e+01,0.000000000000000000e+00
-1.258856787944690936e+01,5.452707806161278370e+01,0.000000000000000000e+00
-1.354855042561429990e+01,5.434026772410277317e+01,0.000000000000000000e+00
-1.450595317313629451e+01,5.413695425435960118e+01,0.000000000000000000e+00
-1.546049821714051653e+01,5.391716479143248364e+01,0.000000000000000000e+00
-1.641191316042909776e+01,5.368094913512386057e+01,0.000000000000000000e+00
-1.735992502172720364e+01,5.342835544596659503e+01,0.000000000000000000e+00
-1.830426361649080391e+01,5.315944150285843506e+01,0.000000000000000000e+00
-1.924465966738477007e+01,5.287426788122876076e+01,0.000000000000000000e+00
-2.018084911888709243e+01,5.257290935584829583e+01,0.000000000000000000e+00
-2.111256158271535455e+01,5.225542361532071567e+01,0.000000000000000000e+00
-2.203955448448185095e+01,5.192193657396808959e+01,0.000000000000000000e+00
-2.296153327303544245e+01,5.157244811646286564e+01,0.000000000000000000e+00
-2.387791588648990881e+01,5.120635586592275956e+01,0.000000000000000000e+00
-2.478834366065526140e+01,5.082363623382926221e+01,0.000000000000000000e+00
-2.569289570266950662e+01,5.042514702290731776e+01,0.000000000000000000e+00
-2.659137787853513402e+01,5.001110812618605905e+01,0.000000000000000000e+00
-2.748353067874227662e+01,4.958160182791833392e+01,0.000000000000000000e+00
-2.836909019575015378e+01,4.913670558354341011e+01,0.000000000000000000e+00
-2.924793011491081174e+01,4.867672999146789437e+01,0.000000000000000000e+00
-3.011964024846043841e+01,4.820150029190583041e+01,0.000000000000000000e+00
-3.098301785311106826e+01,4.770966366524745439e+01,0.000000000000000000e+00
-3.183852184558270437e+01,4.720254978340114604e+01,0.000000000000000000e+00
-3.268572962227582224e+01,4.668005960896494599e+01,0.000000000000000000e+00
-3.352308718211859428e+01,4.614057111584697424e+01,0.000000000000000000e+00
-3.434925486532856098e+01,4.558300079555393580e+01,0.000000000000000000e+00
-3.516318774027266159e+01,4.500682790939625733e+01,0.000000000000000000e+00
-3.596323489256792527e+01,4.441089650863430904e+01,0.000000000000000000e+00
-3.675037585077286906e+01,4.379739244934607001e+01,0.000000000000000000e+00
-3.752550874055018681e+01,4.316815972002477508e+01,0.000000000000000000e+00
-3.828703362790781739e+01,4.252205870284057454e+01,0.000000000000000000e+00
-3.903190227864462258e+01,4.185659069635961771e+01,0.000000000000000000e+00
-3.976288460931249347e+01,4.117567237669960178e+01,0.000000000000000000e+00
-4.047974603075297750e+01,4.047974603075298461e+01,0.000000000000000000e+00
-4.118008702177437641e+01,3.976714778250597249e+01,0.000000000000000000e+00
-4.186496132358888644e+01,3.903970801481636244e+01,0.000000000000000000e+00
-4.253354980075732783e+01,3.829738025894549480e+01,0.000000000000000000e+00
-4.318482583663785590e+01,3.753999637469281936e+01,0.000000000000000000e+00
-4.382033000010603985e+01,3.676962274115568619e+01,0.000000000000000000e+00
-4.443899787927417577e+01,3.598599093382303238e+01,0.000000000000000000e+00
-4.503827508601658280e+01,3.518775696736035741e+01,0.000000000000000000e+00
-4.561900994134497012e+01,3.437638970298011998e+01,0.000000000000000000e+00
-4.618219192825790032e+01,3.355332647238527954e+01,0.000000000000000000e+00
-4.672710585323942922e+01,3.271867175716131726e+01,0.000000000000000000e+00
-4.725308404346121449e+01,3.187260763438556310e+01,0.000000000000000000e+00
-4.775980162688107811e+01,3.101557782610337455e+01,0.000000000000000000e+00
-4.824719410788564744e+01,3.014819291363802733e+01,0.000000000000000000e+00
-4.871546552808484876e+01,2.927120477342085181e+01,0.000000000000000000e+00
-4.916430960034647057e+01,2.838502738228213218e+01,0.000000000000000000e+00
-4.959258701635046407e+01,2.748961986812214064e+01,0.000000000000000000e+00
-4.999940005094494921e+01,2.658515258450287178e+01,0.000000000000000000e+00
-5.038509358205303812e+01,2.567248745521444064e+01,0.000000000000000000e+00
-5.075032812603192411e+01,2.475258890747638674e+01,0.000000000000000000e+00
-5.109531098356609391e+01,2.382613480744808498e+01,0.000000000000000000e+00
-5.141961783407919029e+01,2.289348884733445288e+01,0.000000000000000000e+00
-5.172278427682707758e+01,2.195501934975523284e+01,0.000000000000000000e+00
-5.200445337460631379e+01,2.101116302356258814e+01,0.000000000000000000e+00
-5.226445338886806269e+01,2.006244396677130126e+01,0.000000000000000000e+00
-5.250264246332212537e+01,1.910939907697002837e+01,0.000000000000000000e+00
-5.271889252543508775e+01,1.815257043855745778e+01,0.000000000000000000e+00
-5.291314456467687677e+01,1.719252285868267549e+01,0.000000000000000000e+00
-5.308545402485385267e+01,1.622985203456096670e+01,0.000000000000000000e+00
-5.323590346750057023e+01,1.526514967600713746e+01,0.000000000000000000e+00
-5.336459209938962545e+01,1.429899935744773565e+01,0.000000000000000000e+00
-5.347163539285430289e+01,1.333197606125909829e+01,0.000000000000000000e+00
-5.355716469413115988e+01,1.236464573474791884e+01,0.000000000000000000e+00
-5.362132682014682672e+01,1.139756486107494737e+01,0.000000000000000000e+00
-5.366428364417986074e+01,1.043128004440990075e+01,0.000000000000000000e+00
-5.368621167083608725e+01,9.466327609594076264e+00,0.000000000000000000e+00
-5.368380776751320838e+01,8.502679847747579345e+00,0.000000000000000000e+00
-5.365954366905791773e+01,7.541357056998840847e+00,0.000000000000000000e+00
-5.361328698381844760e+01,6.582883900869561877e+00,0.000000000000000000e+00
-5.354582191552307080e+01,5.627892664103165465e+00,0.000000000000000000e+00
-5.345660583003874677e+01,4.676847000702232471e+00,0.000000000000000000e+00
-5.334613831119624194e+01,3.730325381599528090e+00,0.000000000000000000e+00
-5.321402184143701675e+01,2.788828711428964269e+00,0.000000000000000000e+00
-5.306090637921808195e+01,1.852927680691866641e+00,0.000000000000000000e+00
-5.288691974659240458e+01,9.231446180301990934e-01,0.000000000000000000e+00
-5.269189892628735095e+01,6.452896536107366088e-15,0.000000000000000000e+00
-5.267289412346748634e+01,-9.194087868822385934e-01,0.000000000000000000e+00
-4.989029500233756664e+01,-1.742207491651920126e+00,0.000000000000000000e+00
-4.737531404127758350e+01,-2.482835001740025138e+00,0.000000000000000000e+00
-4.509768346231205527e+01,-3.153537230557033499e+00,0.000000000000000000e+00
-4.302418585776970872e+01,-3.764128519987222532e+00,0.000000000000000000e+00
-4.112744764202476233e+01,-4.322668932844144329e+00,0.000000000000000000e+00
-3.938477253260322897e+01,-4.835842001676475377e+00,0.000000000000000000e+00
-3.777717895376372326e+01,-5.309236262863571199e+00,0.000000000000000000e+00
-3.628867766220209745e+01,-5.747561901645376281e+00,0.000000000000000000e+00
-3.490569099850279144e+01,-6.154815103308645341e+00,0.000000000000000000e+00
-3.361662863898512654e+01,-6.534410667013807128e+00,0.000000000000000000e+00
-3.241152620841814525e+01,-6.889282569339161277e+00,0.000000000000000000e+00
-3.128177215168003755e+01,-7.221966151860383043e+00,0.000000000000000000e+00
-3.021988671802139592e+01,-7.534664001551430346e+00,0.000000000000000000e+00
-2.921934102656028287e+01,-7.829298831436386941e+00,0.000000000000000000e+00
-2.827440968144891897e+01,-8.107556511209637051e+00,0.000000000000000000e+00
-2.738005070597401769e+01,-8.370921560710099740e+00,0.000000000000000000e+00
-2.653180699838743450e+01,-8.620706670426150353e+00,0.000000000000000000e+00
-2.572572408048674220e+01,-8.858077172782470754e+00,0.000000000000000000e+00
-2.495827961240252790e+01,-9.084070877407528499e+00,0.000000000000000000e+00
-2.422632153665925969e+01,-9.299613539127422612e+00,0.000000000000000000e+00
-2.352702718359547873e+01,-9.505535998109218454e+00,0.000000000000000000e+00
-2.285786523566230954e+01,-9.702588144851667096e+00,0.000000000000000000e+00
-2.221654136212064756e+01,-9.891441502759679594e+00,0.000000000000000000e+00
-2.160098573314030190e+01,-1.007270507106018442e+01,0.000000000000000000e+00
-2.100932999846897786e+01,-1.024693490418767006e+01,0.000000000000000000e+00
-2.043985675207786912e+01,-1.041462719920419744e+01,0.000000000000000000e+00
-1.989102602267764297e+01,-1.057624614168161692e+01,0.000000000000000000e+00
-1.936140650306259658e+01,-1.073220287350409663e+01,0.000000000000000000e+00
-1.884971168167576394e+01,-1.088288611356233737e+01,0.000000000000000000e+00
-1.835473928165771440e+01,-1.102864000686633084e+01,0.000000000000000000e+00
-1.787540699624009832e+01,-1.116979398485600505e+01,0.000000000000000000e+00
-1.741069350188965004e+01,-1.130663656296169428e+01,0.000000000000000000e+00
-1.695968360561112576e+01,-1.143945103493757642e+01,0.000000000000000000e+00
-1.652150233978774807e+01,-1.156848048086872893e+01,0.000000000000000000e+00
-1.609536680416397658e+01,-1.169396848707086178e+01,0.000000000000000000e+00
-1.568052993683109797e+01,-1.181612684165717830e+01,0.000000000000000000e+00
-1.527630603466274906e+01,-1.193515833099982082e+01,0.000000000000000000e+00
-1.488206270604545978e+01,-1.205125676036249871e+01,0.000000000000000000e+00
-1.449719093868074715e+01,-1.216458756975361943e+01,0.000000000000000000e+00
-1.412114547756172733e+01,-1.227532448641800222e+01,0.000000000000000000e+00
-1.375340095599523238e+01,-1.238361784362788498e+01,0.000000000000000000e+00
-1.339346293671274601e+01,-1.248960624411026110e+01,0.000000000000000000e+00
-1.304088321446774401e+01,-1.259343453378149569e+01,0.000000000000000000e+00
-1.269522334731389712e+01,-1.269522334731389179e+01,0.000000000000000000e+00
-1.235607483341702206e+01,-1.279509004946807948e+01,0.000000000000000000e+00
-1.202306271457839593e+01,-1.289315625377827779e+01,0.000000000000000000e+00
-1.169581858088035631e+01,-1.298952248709752588e+01,0.000000000000000000e+00
-1.137399691530759860e+01,-1.308428671519906317e+01,0.000000000000000000e+00
-1.105728018886067510e+01,-1.317755338939548437e+01,0.000000000000000000e+00
-1.074535616144844852e+01,-1.326940976972909603e+01,0.000000000000000000e+00
-1.043792605235236337e+01,-1.335993610815855170e+01,0.000000000000000000e+00
-1.013471666712076136e+01,-1.344922327169266829e+01,0.000000000000000000e+00
-9.835460733164605784e+00,-1.353735033263191312e+01,0.000000000000000000e+00
-9.539896557936259569e+00,-1.362438425374261719e+01,0.000000000000000000e+00
-9.247782725826075634e+00,-1.371040171459607748e+01,0.000000000000000000e+00
-8.958887337426887143e+00,-1.379547672566578242e+01,0.000000000000000000e+00
-8.672980743865089437e+00,-1.387967055411543171e+01,0.000000000000000000e+00
-8.389843076893340523e+00,-1.396304369301411441e+01,0.000000000000000000e+00
-8.109268682586211696e+00,-1.404566537046643937e+01,0.000000000000000000e+00
-7.831054275243314322e+00,-1.412759588666139443e+01,0.000000000000000000e+00
-7.554998820609032606e+00,-1.420888622757973430e+01,0.000000000000000000e+00
-7.280912140603575722e+00,-1.428959465680856766e+01,0.000000000000000000e+00
-7.008610800964343746e+00,-1.436978164935132796e+01,0.000000000000000000e+00
-6.737911870070663944e+00,-1.444949863515001987e+01,0.000000000000000000e+00
-6.468634743348818716e+00,-1.452879151051591222e+01,0.000000000000000000e+00
-6.200607719676838769e+00,-1.460771636594570033e+01,0.000000000000000000e+00
-5.933661378817091325e+00,-1.468632727133418392e+01,0.000000000000000000e+00
-5.667625885743016845e+00,-1.476467021772463539e+01,0.000000000000000000e+00
-5.402333433316772293e+00,-1.484278912040256770e+01,0.000000000000000000e+00
-5.137622195482236087e+00,-1.492073826550825366e+01,0.000000000000000000e+00
-4.873330159759528435e+00,-1.499856800391154010e+01,0.000000000000000000e+00
-4.609294017607471261e+00,-1.507632140685466204e+01,0.000000000000000000e+00
-4.345351754193346849e+00,-1.515404247114332748e+01,0.000000000000000000e+00
-4.081344469386991136e+00,-1.523178492294249686e+01,0.000000000000000000e+00
-3.817111400065535953e+00,-1.530959762456515882e+01,0.000000000000000000e+00
-3.552489529692254511e+00,-1.538752269150904617e+01,0.000000000000000000e+00
-3.287316076851714897e+00,-1.546560619452912810e+01,0.000000000000000000e+00
-3.021428662058076586e+00,-1.554390295735862360e+01,0.000000000000000000e+00
-2.754661581785075697e+00,-1.562246214797706223e+01,0.000000000000000000e+00
-2.486845837301379536e+00,-1.570132667202488896e+01,0.000000000000000000e+00
-2.217811278900620131e+00,-1.578054722385173037e+01,0.000000000000000000e+00
-1.947385404745243020e+00,-1.586018136502681841e+01,0.000000000000000000e+00
-1.675390940415905083e+00,-1.594028001041965581e+01,0.000000000000000000e+00
-1.401646166406732341e+00,-1.602088899199386773e+01,0.000000000000000000e+00
-1.125966207922755480e+00,-1.610206695583877234e+01,0.000000000000000000e+00
-8.481609729028708466e-01,-1.618387545715607345e+01,0.000000000000000000e+00
-5.680340941849040259e-01,-1.626636819441013770e+01,0.000000000000000000e+00
-2.853832971755133618e-01,-1.634959814524479071e+01,0.000000000000000000e+00
-3.018809775470483627e-15,-1.643363500165814628e+01,0.000000000000000000e+00
2.883322737936008795e-01,-1.651854490254537922e+01,0.000000000000000000e+00
5.798379229109456023e-01,-1.660438562351738767e+01,0.000000000000000000e+00
8.747500947371922297e-01,-1.669122612528353145e+01,0.000000000000000000e+00
1.173312235357531597e+00,-1.677914669276471571e+01,0.000000000000000000e+00
1.475777847115867125e+00,-1.686821797979095194e+01,0.000000000000000000e+00
1.782411192788887933e+00,-1.695850969547915099e+01,0.000000000000000000e+00
2.093490775842224760e+00,-1.705011412222835432e+01,0.000000000000000000e+00
2.409308151206603910e+00,-1.714311827098894625e+01,0.000000000000000000e+00
2.730167747151556412e+00,-1.723760074889511174e+01,0.000000000000000000e+00
3.056392610213098493e+00,-1.733366384391550241e+01,0.000000000000000000e+00
3.388323401931955914e+00,-1.743141276481528479e+01,0.000000000000000000e+00
3.726316442595371203e+00,-1.753094053327889412e+01,0.000000000000000000e+00
4.070752245333683739e+00,-1.763236514085091500e+01,0.000000000000000000e+00
4.422034966440925530e+00,-1.773581353083010725e+01,0.000000000000000000e+00
4.780588310957922360e+00,-1.784139846656481510e+01,0.000000000000000000e+00
5.146867069523069382e+00,-1.794925855878386400e+01,0.000000000000000000e+00
5.521354301434628908e+00,-1.805953617442612824e+01,0.000000000000000000e+00
5.904559970592536011e+00,-1.817236701575665947e+01,0.000000000000000000e+00
6.297043534370570406e+00,-1.828794232971723943e+01,0.000000000000000000e+00
6.699399627713128247e+00,-1.840644920104455196e+01,0.000000000000000000e+00
7.112251890858783732e+00,-1.852804962622407459e+01,0.000000000000000000e+00
7.536253501698602975e+00,-1.865288196606674020e+01,0.000000000000000000e+00
7.972109390031498322e+00,-1.878111276711147326e+01,0.000000000000000000e+00
8.420707789828519196e+00,-1.891321935825652645e+01,0.000000000000000000e+00
8.882967416829577800e+00,-1.904958510005193517e+01,0.000000000000000000e+00
9.358579858991324940e+00,-1.918793223661653968e+01,0.000000000000000000e+00
9.846081909397474519e+00,-1.932402379344770438e+01,0.000000000000000000e+00
1.034467334135540817e+01,-1.945550092844980483e+01,0.000000000000000000e+00
1.085457738088454960e+01,-1.958217595840477543e+01,0.000000000000000000e+00
1.137598992126080866e+01,-1.970379253001519260e+01,0.000000000000000000e+00
1.190897153341000170e+01,-1.981985697895065712e+01,0.000000000000000000e+00
1.245358338538984455e+01,-1.992989950193132032e+01,0.000000000000000000e+00
1.300990963477355145e+01,-2.003350402898159288e+01,0.000000000000000000e+00
1.357812465169836180e+01,-2.013039763420866635e+01,0.000000000000000000e+00
1.415841198241751364e+01,-2.022030785132324127e+01,0.000000000000000000e+00
1.475032606211413544e+01,-2.030208211294866771e+01,0.000000000000000000e+00
1.535338540373357041e+01,-2.037463059436704427e+01,0.000000000000000000e+00
1.596830424048981456e+01,-2.043849739292818413e+01,0.000000000000000000e+00
1.659557204259736451e+01,-2.049382472647607756e+01,0.000000000000000000e+00
1.723483659621834718e+01,-2.053967843131738391e+01,0.000000000000000000e+00
1.788550264978666604e+01,-2.057491719558224474e+01,0.000000000000000000e+00
1.854736330016992696e+01,-2.059893379825242121e+01,0.000000000000000000e+00
1.922141475998030558e+01,-2.061244375100950776e+01,0.000000000000000000e+00
1.990729732160512455e+01,-2.061460984216395786e+01,0.000000000000000000e+00
2.060346070853565692e+01,-2.060346070853566758e+01,0.000000000000000000e+00
2.130818018788667700e+01,-2.057707041900867040e+01,0.000000000000000000e+00
2.201739161551955348e+01,-2.053154983887283080e+01,0.000000000000000000e+00
2.272684980084656559e+01,-2.046334747483180294e+01,0.000000000000000000e+00
2.343554388997457139e+01,-2.037220749706499845e+01,0.000000000000000000e+00
2.414539875838362804e+01,-2.026039519278807077e+01,0.000000000000000000e+00
2.485546539185875048e+01,-2.012755901195831498e+01,0.000000000000000000e+00
2.556096181622096708e+01,-1.997041206670050784e+01,0.000000000000000000e+00
2.626587896125422716e+01,-1.979275947076289910e+01,0.000000000000000000e+00
2.696975391430314062e+01,-1.959467318858028761e+01,0.000000000000000000e+00
2.766762494387391769e+01,-1.937307955005952920e+01,0.000000000000000000e+00
2.836277017534214195e+01,-1.913093004451266665e+01,0.000000000000000000e+00
2.905452790572646649e+01,-1.886823103874772656e+01,0.000000000000000000e+00
2.973993979038078805e+01,-1.858357690263770579e+01,0.000000000000000000e+00
3.042040064172891434e+01,-1.827842076065564569e+01,0.000000000000000000e+00
3.109501213603707015e+01,-1.795271362719570263e+01,0.000000000000000000e+00
3.176228882012275534e+01,-1.760612418785112254e+01,0.000000000000000000e+00
3.242315819374172037e+01,-1.723969901586462683e+01,0.000000000000000000e+00
3.307605394312777491e+01,-1.685309125287415810e+01,0.000000000000000000e+00
3.371947173050990898e+01,-1.644608523219496732e+01,0.000000000000000000e+00
3.435594275290478095e+01,-1.602043920881424910e+01,0.000000000000000000e+00
3.498370131874975186e+01,-1.557574734537345051e+01,0.000000000000000000e+00
3.559873775877326807e+01,-1.511076766744923994e+01,0.000000000000000000e+00
3.620314085731077824e+01,-1.462701836395785016e+01,0.000000000000000000e+00
3.679849172570994398e+01,-1.412561751704840418e+01,0.000000000000000000e+00
3.738346487968083665e+01,-1.360646846993977377e+01,0.000000000000000000e+00
3.795631127109520264e+01,-1.306940606925587112e+01,0.000000000000000000e+00
3.851554369653595700e+01,-1.251445875812370367e+01,0.000000000000000000e+00
3.906146764511356650e+01,-1.194228912191596592e+01,0.000000000000000000e+00
3.959453466540345090e+01,-1.135355011657163260e+01,0.000000000000000000e+00
4.011422258066589563e+01,-1.074857354549173039e+01,0.000000000000000000e+00
4.061993989661322502e+01,-1.012768849003261629e+01,0.000000000000000000e+00
4.111124928029187231e+01,-9.491279756253108602e+00,0.000000000000000000e+00
4.158779796780584803e+01,-8.839759343464367092e+00,0.000000000000000000e+00
4.204934533420658482e+01,-8.173564745101749907e+00,0.000000000000000000e+00
4.249542182811541835e+01,-7.493089424884228578e+00,0.000000000000000000e+00
4.292499289718949029e+01,-6.798650975956063824e+00,0.000000000000000000e+00
4.333717655080166509e+01,-6.090642966094591770e+00,0.000000000000000000e+00
4.373219502225277466e+01,-5.369638363127524627e+00,0.000000000000000000e+00
4.411059416494836682e+01,-4.636210266821505499e+00,0.000000000000000000e+00
4.447227935388840336e+01,-3.890820284623245584e+00,0.000000000000000000e+00
4.481644910707728258e+01,-3.133871408686474513e+00,0.000000000000000000e+00
4.514231896722902349e+01,-2.365808688759207801e+00,0.000000000000000000e+00
4.544956923351023903e+01,-1.587133930702633533e+00,0.000000000000000000e+00
4.573816112117236798e+01,-7.983625720673837023e-01,0.000000000000000000e+00
4.600806709924118820e+01,-1.126872642160847580e-14,0.000000000000000000e+00
