3.822808602829515934e+01,0.000000000000000000e+00,0.000000000000000000e+00
3.870803684303818670e+01,6.756512963390700621e-01,0.000000000000000000e+00
3.918035223635750697e+01,1.368208049051323094e+00,0.000000000000000000e+00
3.964498699935954562e+01,2.077705728341473268e+00,0.000000000000000000e+00
4.010175697946223750e+01,2.804188018907212143e+00,0.000000000000000000e+00
4.055039209294179159e+01,3.547699609663673481e+00,0.000000000000000000e+00
4.099021765894064373e+01,4.308245480416583284e+00,0.000000000000000000e+00
4.142022946008692230e+01,5.085764686754325581e+00,0.000000000000000000e+00
4.183978326265340542e+01,5.880198063500455596e+00,0.000000000000000000e+00
4.224900469979284878e+01,6.691584963645394346e+00,0.000000000000000000e+00
4.264758028977311000e+01,7.519919067017534431e+00,0.000000000000000000e+00
4.303036683684138808e+01,8.364256008054658409e+00,0.000000000000000000e+00
4.338969506648498964e+01,9.222764395242769808e+00,0.000000000000000000e+00
4.371942886992946598e+01,1.009342546024333842e+01,0.000000000000000000e+00
4.401916759754043085e+01,1.097521114391400765e+01,0.000000000000000000e+00
4.428991202215748757e+01,1.186744615918256862e+01,0.000000000000000000e+00
4.453264178970156451e+01,1.276952954884678526e+01,0.000000000000000000e+00
4.474767306326040028e+01,1.368073657931994447e+01,0.000000000000000000e+00
4.493464779533729825e+01,1.460015211199362817e+01,0.000000000000000000e+00
4.509320457704926355e+01,1.552683550759797626e+01,0.000000000000000000e+00
4.522301175572949461e+01,1.645983018295608602e+01,0.000000000000000000e+00
4.532376804130053216e+01,1.739816448334284615e+01,0.000000000000000000e+00
4.539520308869414578e+01,1.834085257494554710e+01,0.000000000000000000e+00
4.543707805571764879e+01,1.928689535680221212e+01,0.000000000000000000e+00
4.544918613578197153e+01,2.023528139157715344e+01,0.000000000000000000e+00
4.543141623426928533e+01,2.118501731086709938e+01,0.000000000000000000e+00
4.538393115787030041e+01,2.213522222292293762e+01,0.000000000000000000e+00
4.530694841142071994e+01,2.308504325455003681e+01,0.000000000000000000e+00
4.520069914527580579e+01,2.403363805323608915e+01,0.000000000000000000e+00
4.506543531102769151e+01,2.498017870056188272e+01,0.000000000000000000e+00
4.490142907336164058e+01,2.592385216250422886e+01,0.000000000000000000e+00
4.470897221334217875e+01,2.686386072019477567e+01,0.000000000000000000e+00
4.448837552370418535e+01,2.779942238099582141e+01,0.000000000000000000e+00
4.423994547661366283e+01,2.872975651515677242e+01,0.000000000000000000e+00
4.396367407434295416e+01,2.965387259482891480e+01,0.000000000000000000e+00
4.365933536056127195e+01,3.057059573269073738e+01,0.000000000000000000e+00
4.332674425710118982e+01,3.147872230279604722e+01,0.000000000000000000e+00
4.296606743946334461e+01,3.237725413599739710e+01,0.000000000000000000e+00
4.257844884397981389e+01,3.326593008075298030e+01,0.000000000000000000e+00
4.216518119469976256e+01,3.414469048824224018e+01,0.000000000000000000e+00
4.172672679535304496e+01,3.501288106421586122e+01,0.000000000000000000e+00
4.126241553729023082e+01,3.586887059682860013e+01,0.000000000000000000e+00
4.077189571450849570e+01,3.671117979503322459e+01,0.000000000000000000e+00
4.025604984126550789e+01,3.753937378528971180e+01,0.000000000000000000e+00
3.971583324991496511e+01,3.835313435155242701e+01,0.000000000000000000e+00
3.915139004347165042e+01,3.915139004347164331e+01,0.000000000000000000e+00
3.856300206280049281e+01,3.993315762679815606e+01,0.000000000000000000e+00
3.795193175217190884e+01,4.069846409602138237e+01,0.000000000000000000e+00
3.731923251337009617e+01,4.144720667316932605e+01,0.000000000000000000e+00
3.666531871484814076e+01,4.217862429025052506e+01,0.000000000000000000e+00
3.598973655532817162e+01,4.289089783633151853e+01,0.000000000000000000e+00
3.529250850619023083e+01,4.358261840128341191e+01,0.000000000000000000e+00
3.457585201222321558e+01,4.425507245899131448e+01,0.000000000000000000e+00
3.384055113042528262e+01,4.490792813841157738e+01,0.000000000000000000e+00
3.308624088380396699e+01,4.553930376882193798e+01,0.000000000000000000e+00
3.231289246114537406e+01,4.614759296045706094e+01,0.000000000000000000e+00
3.152264453978172298e+01,4.673424241898162279e+01,0.000000000000000000e+00
3.071685046048776258e+01,4.729980182283693324e+01,0.000000000000000000e+00
2.989495744338266547e+01,4.784193264085804742e+01,0.000000000000000000e+00
2.905631060809082200e+01,4.835782157784923641e+01,0.000000000000000000e+00
2.820347547438349167e+01,4.884985247165493405e+01,0.000000000000000000e+00
2.733765294113225863e+01,4.931843142283887715e+01,0.000000000000000000e+00
2.645902684473271194e+01,4.976219203419785941e+01,0.000000000000000000e+00
2.556876267879347253e+01,5.018152224616808610e+01,0.000000000000000000e+00
2.466952037988693647e+01,5.058001240480093230e+01,0.000000000000000000e+00
2.376436166277509443e+01,5.096283804731323386e+01,0.000000000000000000e+00
2.285446914730044554e+01,5.133197815289614141e+01,0.000000000000000000e+00
2.194003358088201949e+01,5.168748001777347412e+01,0.000000000000000000e+00
2.102117197586155584e+01,5.202922640085800765e+01,0.000000000000000000e+00
2.009804389746420483e+01,5.235719437901998674e+01,0.000000000000000000e+00
1.917079633389915472e+01,5.267133004035136423e+01,0.000000000000000000e+00
1.823957784216000988e+01,5.297158037341598913e+01,0.000000000000000000e+00
1.730454729668984371e+01,5.325792033329285857e+01,0.000000000000000000e+00
1.636578726805904438e+01,5.353007813928532954e+01,0.000000000000000000e+00
1.542322219169393804e+01,5.378716784188108591e+01,0.000000000000000000e+00
1.447734450694476749e+01,5.403018525859607735e+01,0.000000000000000000e+00
1.352833644307176897e+01,5.425919386833033542e+01,0.000000000000000000e+00
1.257633514083117632e+01,5.447409224942229145e+01,0.000000000000000000e+00
1.162150276939113347e+01,5.467487184626472896e+01,0.000000000000000000e+00
1.066399305886354121e+01,5.486148831725591890e+01,0.000000000000000000e+00
9.703963474734987216e+00,5.503391163249879980e+01,0.000000000000000000e+00
8.741571300305714942e+00,5.519210903794507317e+01,0.000000000000000000e+00
7.776974626607216834e+00,5.533604978991112233e+01,0.000000000000000000e+00
6.810332290826337953e+00,5.546570546611151542e+01,0.000000000000000000e+00
5.841803249672029352e+00,5.558104518724154985e+01,0.000000000000000000e+00
4.871547923826402560e+00,5.568204756474425920e+01,0.000000000000000000e+00
3.899714711786767207e+00,5.576851858965198261e+01,0.000000000000000000e+00
2.926443106695944429e+00,5.583986092772516230e+01,0.000000000000000000e+00
1.951958471967612185e+00,5.589677720099728475e+01,0.000000000000000000e+00
9.764239109553800589e-01,5.593928839399021768e+01,0.000000000000000000e+00
3.427011412335818905e-15,5.596734364098836778e+01,0.000000000000000000e+00
-9.771508215989559432e-01,5.598093307686936271e+01,0.000000000000000000e+00
-1.954865774205806206e+00,5.598003144426076005e+01,0.000000000000000000e+00
-2.932981479189372465e+00,5.596462050698791302e+01,0.000000000000000000e+00
-3.911333926679995354e+00,5.593468110400513638e+01,0.000000000000000000e+00
-4.889758535973423470e+00,5.589019581404992465e+01,0.000000000000000000e+00
-5.868090120141483013e+00,5.583114805324893837e+01,0.000000000000000000e+00
-6.846162936588876313e+00,5.575752265793972384e+01,0.000000000000000000e+00
-7.823810566770252883e+00,5.566930482046673490e+01,0.000000000000000000e+00
-8.800866352797870107e+00,5.556648326543010796e+01,0.000000000000000000e+00
-9.777162018440568758e+00,5.544904120263879577e+01,0.000000000000000000e+00
-1.075253174070853213e+01,5.531698034851031309e+01,0.000000000000000000e+00
-1.172680231523988859e+01,5.517026726017927984e+01,0.000000000000000000e+00
-1.269971680697067207e+01,5.500851695963452670e+01,0.000000000000000000e+00
-1.367105395338582596e+01,5.483160253757969116e+01,0.000000000000000000e+00
-1.464074197911336839e+01,5.463999292655759632e+01,0.000000000000000000e+00
-1.560861738431103696e+01,5.443371771443264606e+01,0.000000000000000000e+00
-1.657450231934679863e+01,5.421275431130695921e+01,0.000000000000000000e+00
-1.753822576123735644e+01,5.397710869662315503e+01,0.000000000000000000e+00
-1.849961310934553538e+01,5.372677762495559506e+01,0.000000000000000000e+00
-1.945849073767713833e+01,5.346176391843485476e+01,0.000000000000000000e+00
-2.041468378305408748e+01,5.318206948241608956e+01,0.000000000000000000e+00
-2.136801911910066565e+01,5.288770320523411783e+01,0.000000000000000000e+00
-2.231831784626352899e+01,5.257866189932644829e+01,0.000000000000000000e+00
-2.326541658223851528e+01,5.225498120390866319e+01,0.000000000000000000e+00
-2.420911748529332996e+01,5.191661998664052646e+01,0.000000000000000000e+00
-2.514899672466475167e+01,5.156308459644526465e+01,0.000000000000000000e+00
-2.608474042161935458e+01,5.119418558484500892e+01,0.000000000000000000e+00
-2.701647658797002549e+01,5.081060251940483141e+01,0.000000000000000000e+00
-2.794407201469385882e+01,5.041244039125148646e+01,0.000000000000000000e+00
-2.886732446621076420e+01,4.999967265405319239e+01,0.000000000000000000e+00
-2.978607609663728084e+01,4.957235530736463858e+01,0.000000000000000000e+00
-3.070012773489353464e+01,4.913047446012095776e+01,0.000000000000000000e+00
-3.160936466672066558e+01,4.867415317872177383e+01,0.000000000000000000e+00
-3.251350804259639915e+01,4.820325797337850560e+01,0.000000000000000000e+00
-3.341174087091940947e+01,4.771691112658762535e+01,0.000000000000000000e+00
-3.430405966625252745e+01,4.721548752339439403e+01,0.000000000000000000e+00
-3.519077295750838630e+01,4.669973302208106247e+01,0.000000000000000000e+00
-3.607074457161174053e+01,4.616844768140837374e+01,0.000000000000000000e+00
-3.694134152555960782e+01,4.561875760850380601e+01,0.000000000000000000e+00
-3.780044367175274544e+01,4.504881454746641367e+01,0.000000000000000000e+00
-3.864688998941592502e+01,4.445816128116996424e+01,0.000000000000000000e+00
-3.947875872229605676e+01,4.384560350690415476e+01,0.000000000000000000e+00
-4.029719716100775173e+01,4.321345333716019610e+01,0.000000000000000000e+00
-4.110285833438070568e+01,4.256325578869060422e+01,0.000000000000000000e+00
-4.189423948101440232e+01,4.189423948101440232e+01,0.000000000000000000e+00
-4.266916367263591781e+01,4.120513238907026476e+01,0.000000000000000000e+00
-4.342813470812671994e+01,4.049739077814676591e+01,0.000000000000000000e+00
-4.417259925688285449e+01,3.977318701804509260e+01,0.000000000000000000e+00
-4.490120170573104019e+01,3.903201915480332218e+01,0.000000000000000000e+00
-4.561009107180093025e+01,3.827141059631033215e+01,0.000000000000000000e+00
-4.630288257318784417e+01,3.749533499867088437e+01,0.000000000000000000e+00
-4.697962429081772484e+01,3.670450519710173154e+01,0.000000000000000000e+00
-4.763563194905819387e+01,3.589602338441884655e+01,0.000000000000000000e+00
-4.827257272063373961e+01,3.507207701777186770e+01,0.000000000000000000e+00
-4.889204091125203178e+01,3.423457560451621617e+01,0.000000000000000000e+00
-4.949274285614698243e+01,3.338327657836330786e+01,0.000000000000000000e+00
-5.007358416785429966e+01,3.251816577721920964e+01,0.000000000000000000e+00
-5.063386306790141589e+01,3.163954919990518633e+01,0.000000000000000000e+00
-5.117354190208840947e+01,3.074816606512165507e+01,0.000000000000000000e+00
-5.169260262186174515e+01,2.984473803884423049e+01,0.000000000000000000e+00
-5.219025685994429864e+01,2.892953177511209972e+01,0.000000000000000000e+00
-5.266577983401454333e+01,2.800289186355246329e+01,0.000000000000000000e+00
-5.311948222030394362e+01,2.706572805521169300e+01,0.000000000000000000e+00
-5.355188544504154891e+01,2.611899971069258086e+01,0.000000000000000000e+00
-5.396269956276157842e+01,2.516322006083312246e+01,0.000000000000000000e+00
-5.435119535095021348e+01,2.419871125105100163e+01,0.000000000000000000e+00
-5.471683385478990402e+01,2.322591799408345281e+01,0.000000000000000000e+00
-5.505951006732905739e+01,2.224548604883579017e+01,0.000000000000000000e+00
-5.537919367762707878e+01,2.125808074210171128e+01,0.000000000000000000e+00
-5.567578077091387456e+01,2.026432697014325868e+01,0.000000000000000000e+00
-5.594898717417206768e+01,1.926478121965677914e+01,0.000000000000000000e+00
-5.619851628687358414e+01,1.826000484067100871e+01,0.000000000000000000e+00
-5.642408657049575282e+01,1.725057443788012890e+01,0.000000000000000000e+00
-5.662556836140357319e+01,1.623712044360244633e+01,0.000000000000000000e+00
-5.680305719413043875e+01,1.522033330278614116e+01,0.000000000000000000e+00
-5.695668612722121793e+01,1.420089680066596394e+01,0.000000000000000000e+00
-5.708660829066621289e+01,1.317948199355966743e+01,0.000000000000000000e+00
-5.719299629213034564e+01,1.215674664346154543e+01,0.000000000000000000e+00
-5.727604160811941370e+01,1.113333467397108656e+01,0.000000000000000000e+00
-5.733595396074550621e+01,1.010987564793780358e+01,0.000000000000000000e+00
-5.737296068076388877e+01,9.086984267184421427e+00,0.000000000000000000e+00
-5.738730605756209258e+01,8.065259894651397587e+00,0.000000000000000000e+00
-5.737401412469919393e+01,7.044643131538241398e+00,0.000000000000000000e+00
-5.733630549053915360e+01,6.026288541542339949e+00,0.000000000000000000e+00
-5.727556331825853420e+01,5.010962487408902710e+00,0.000000000000000000e+00
-5.719064345173126185e+01,3.999159369577579781e+00,0.000000000000000000e+00
-5.708226502092883692e+01,2.991554746192900627e+00,0.000000000000000000e+00
-5.695009631516114723e+01,1.988741185954558732e+00,0.000000000000000000e+00
-5.679476503237142992e+01,9.913563112229005769e-01,0.000000000000000000e+00
-5.661599531773599381e+01,6.933459744640691711e-15,0.000000000000000000e+00
-5.658663940010426785e+01,-9.877234647984374227e-01,0.000000000000000000e+00
-5.437060132319974315e+01,-1.898663235935168059e+00,0.000000000000000000e+00
-5.230182191121801338e+01,-2.741022338824027571e+00,0.000000000000000000e+00
-5.038117360111900922e+01,-3.522994851898776147e+00,0.000000000000000000e+00
-4.859236905368990733e+01,-4.251281426065787628e+00,0.000000000000000000e+00
-4.692131204385655252e+01,-4.931628620031696997e+00,0.000000000000000000e+00
-4.535582458909820502e+01,-5.568995006561597627e+00,0.000000000000000000e+00
-4.388533948319916789e+01,-6.167682242166630857e+00,0.000000000000000000e+00
-4.250064510107381466e+01,-6.731440887765316461e+00,0.000000000000000000e+00
-4.119367401369417081e+01,-7.263556163123451093e+00,0.000000000000000000e+00
-3.995732713798889080e+01,-7.766917601399226712e+00,0.000000000000000000e+00
-3.878533516867435793e+01,-8.244077486672797050e+00,0.000000000000000000e+00
-3.767214042539954733e+01,-8.697298915840194766e+00,0.000000000000000000e+00
-3.661279713118244672e+01,-9.128595587220248220e+00,0.000000000000000000e+00
-3.560288928336508718e+01,-9.539765431692330822e+00,0.000000000000000000e+00
-3.463846126965859185e+01,-9.932418938859772339e+00,0.000000000000000000e+00
-3.371595886180623580e+01,-1.030800307885216505e+01,0.000000000000000000e+00
-3.283217882999851156e+01,-1.066782157210758442e+01,0.000000000000000000e+00
-3.198422714024625435e+01,-1.101305259411553550e+01,0.000000000000000000e+00
-3.116948251882399390e+01,-1.134476385433266366e+01,0.000000000000000000e+00
-3.038556519148988500e+01,-1.166392566123699126e+01,0.000000000000000000e+00
-2.963030436649285093e+01,-1.197142004354107314e+01,0.000000000000000000e+00
-2.890171692299875161e+01,-1.226805097903191033e+01,0.000000000000000000e+00
-2.819801035976266590e+01,-1.255456308079360106e+01,0.000000000000000000e+00
-2.751749660514148843e+01,-1.283161940023164505e+01,0.000000000000000000e+00
-2.685863273702283749e+01,-1.309983047016792490e+01,0.000000000000000000e+00
-2.622020999191472157e+01,-1.335986428196864395e+01,0.000000000000000000e+00
-2.560067764793724265e+01,-1.361212176233343918e+01,0.000000000000000000e+00
-2.499752593320073402e+01,-1.385635488869848686e+01,0.000000000000000000e+00
-2.440429568520096382e+01,-1.408982668323400311e+01,0.000000000000000000e+00
-2.381464678397919954e+01,-1.430928340854444158e+01,0.000000000000000000e+00
-2.322955499571191140e+01,-1.451543697531257848e+01,0.000000000000000000e+00
-2.265065190303356957e+01,-1.470950533670364102e+01,0.000000000000000000e+00
-2.207765282326286638e+01,-1.489156486118104539e+01,0.000000000000000000e+00
-2.151043251676683710e+01,-1.506176699839138600e+01,0.000000000000000000e+00
-2.094925736593580368e+01,-1.522052640648192501e+01,0.000000000000000000e+00
-2.039429286133983155e+01,-1.536820198464512188e+01,0.000000000000000000e+00
-1.984562334343958057e+01,-1.550510026729551427e+01,0.000000000000000000e+00
-1.930336077275768503e+01,-1.563155334078201264e+01,0.000000000000000000e+00
-1.876762450782578995e+01,-1.574790680259029862e+01,0.000000000000000000e+00
-1.823852046745076194e+01,-1.585450395974476123e+01,0.000000000000000000e+00
-1.771614417812708098e+01,-1.595168786734925703e+01,0.000000000000000000e+00
-1.720058797945753426e+01,-1.603980778128226703e+01,0.000000000000000000e+00
-1.669193558021749624e+01,-1.611921481961884339e+01,0.000000000000000000e+00
-1.619026121307920363e+01,-1.619026121307919297e+01,0.000000000000000000e+00
-1.569562943617722262e+01,-1.625330007518508424e+01,0.000000000000000000e+00
-1.520810098562957258e+01,-1.630869163588467075e+01,0.000000000000000000e+00
-1.472772519014635328e+01,-1.635679591114168829e+01,0.000000000000000000e+00
-1.425452354495110541e+01,-1.639795354609976741e+01,0.000000000000000000e+00
-1.378850223511017781e+01,-1.643249707518583591e+01,0.000000000000000000e+00
-1.332970533876655672e+01,-1.646081522029292898e+01,0.000000000000000000e+00
-1.287819785214522561e+01,-1.648334157858017335e+01,0.000000000000000000e+00
-1.243391122440284668e+01,-1.650035750283169023e+01,0.000000000000000000e+00
-1.199659528917978690e+01,-1.651189686323670358e+01,0.000000000000000000e+00
-1.156608044157222892e+01,-1.651807472845032265e+01,0.000000000000000000e+00
-1.114252769226565576e+01,-1.651947664712537645e+01,0.000000000000000000e+00
-1.072612927068583488e+01,-1.651679066127518425e+01,0.000000000000000000e+00
-1.031675923935571859e+01,-1.651026603854423769e+01,0.000000000000000000e+00
-9.914064609149891183e+00,-1.649977431570555808e+01,0.000000000000000000e+00
-9.517837173454418931e+00,-1.648537756259078435e+01,0.000000000000000000e+00
-9.128302843395676547e+00,-1.646789425406573315e+01,0.000000000000000000e+00
-8.745727007954153365e+00,-1.644832024255357084e+01,0.000000000000000000e+00
-8.370270446480629900e+00,-1.642758071218216287e+01,0.000000000000000000e+00
-8.001986171129475522e+00,-1.640650298693115161e+01,0.000000000000000000e+00
-7.640856287729606677e+00,-1.638586918765509282e+01,0.000000000000000000e+00
-7.286566742748146197e+00,-1.636589685971980401e+01,0.000000000000000000e+00
-6.938637287211617988e+00,-1.634640506867039278e+01,0.000000000000000000e+00
-6.596616345952925897e+00,-1.632719839489911706e+01,0.000000000000000000e+00
-6.260143134817402810e+00,-1.630823042393076960e+01,0.000000000000000000e+00
-5.928904434633490261e+00,-1.628953105625985742e+01,0.000000000000000000e+00
-5.602594304339779896e+00,-1.627111532186819787e+01,0.000000000000000000e+00
-5.280913248010685734e+00,-1.625297976465317618e+01,0.000000000000000000e+00
-4.963569387704882097e+00,-1.623510392880221787e+01,0.000000000000000000e+00
-4.650280048857783122e+00,-1.621745381029185751e+01,0.000000000000000000e+00
-4.340778933055410072e+00,-1.620000752258741983e+01,0.000000000000000000e+00
-4.034815570372922267e+00,-1.618276135998526755e+01,0.000000000000000000e+00
-3.732146281457822123e+00,-1.616570157743385749e+01,0.000000000000000000e+00
-3.432535589289073208e+00,-1.614881028522570361e+01,0.000000000000000000e+00
-3.135759079033212604e+00,-1.613208196315561693e+01,0.000000000000000000e+00
-2.841598408365772155e+00,-1.611550539201942556e+01,0.000000000000000000e+00
-2.549840709584058729e+00,-1.609906064231641665e+01,0.000000000000000000e+00
-2.260281316807815077e+00,-1.608273724568509522e+01,0.000000000000000000e+00
-1.972721856094059145e+00,-1.606653020206710636e+01,0.000000000000000000e+00
-1.686967752651163277e+00,-1.605042602124400730e+01,0.000000000000000000e+00
-1.402828939639094719e+00,-1.603440815190207402e+01,0.000000000000000000e+00
-1.120120691950559522e+00,-1.601847218282211571e+01,0.000000000000000000e+00
-8.386612688292016671e-01,-1.600261030523342498e+01,0.000000000000000000e+00
-5.582716030999232970e-01,-1.598680702702842993e+01,0.000000000000000000e+00
-2.787757261003124820e-01,-1.597105065187401429e+01,0.000000000000000000e+00
-2.930947980822017121e-15,-1.595533766885634464e+01,0.000000000000000000e+00
2.782277682110460004e-01,-1.593965816542300473e+01,0.000000000000000000e+00
5.560782027363871949e-01,-1.592399625866753787e+01,0.000000000000000000e+00
8.337210213799026715e-01,-1.590834476838226230e+01,0.000000000000000000e+00
1.111325770281315739e+00,-1.589269894327642163e+01,0.000000000000000000e+00
1.389061603942271184e+00,-1.587704678481777520e+01,0.000000000000000000e+00
1.667097499981540443e+00,-1.586137319554777747e+01,0.000000000000000000e+00
1.945604113004410385e+00,-1.584567390800012099e+01,0.000000000000000000e+00
2.224753257952730046e+00,-1.582994197141248272e+01,0.000000000000000000e+00
2.504717344099856469e+00,-1.581416292514333577e+01,0.000000000000000000e+00
2.785670809706504158e+00,-1.579832421852827729e+01,0.000000000000000000e+00
3.067792142979928638e+00,-1.578242238932960717e+01,0.000000000000000000e+00
3.351261888773304332e+00,-1.576644758667058355e+01,0.000000000000000000e+00
3.636262429720471978e+00,-1.575038298690011729e+01,0.000000000000000000e+00
3.922981652510458606e+00,-1.573422001449990759e+01,0.000000000000000000e+00
4.211612804709134572e+00,-1.571795296898212335e+01,0.000000000000000000e+00
4.502351963547579494e+00,-1.570156726893129040e+01,0.000000000000000000e+00
4.795399757772392135e+00,-1.568504585438804177e+01,0.000000000000000000e+00
5.090966851185918962e+00,-1.566838486619985105e+01,0.000000000000000000e+00
5.389269432583279951e+00,-1.565157490883419378e+01,0.000000000000000000e+00
5.690527926889640042e+00,-1.563459698390523656e+01,0.000000000000000000e+00
5.994972758433934956e+00,-1.561743797613351603e+01,0.000000000000000000e+00
6.302844163009325484e+00,-1.560008672699602172e+01,0.000000000000000000e+00
6.614387458181346879e+00,-1.558252034183149881e+01,0.000000000000000000e+00
6.929860604085066100e+00,-1.556472175480512732e+01,0.000000000000000000e+00
7.249544803961776473e+00,-1.554669900264013371e+01,0.000000000000000000e+00
7.573731102384778424e+00,-1.552844997430810992e+01,0.000000000000000000e+00
7.902715280806313025e+00,-1.550995203212656293e+01,0.000000000000000000e+00
8.236788840976982939e+00,-1.549114676269476476e+01,0.000000000000000000e+00
8.576244844376999410e+00,-1.547195526015647182e+01,0.000000000000000000e+00
8.921406280314865711e+00,-1.545232895246941318e+01,0.000000000000000000e+00
9.272743887452193690e+00,-1.543243739697787120e+01,0.000000000000000000e+00
9.630797317283192882e+00,-1.541249748904422212e+01,0.000000000000000000e+00
9.996014334504316423e+00,-1.539251225149155822e+01,0.000000000000000000e+00
1.036834973794929837e+01,-1.537171062937295041e+01,0.000000000000000000e+00
1.074758244250425498e+01,-1.534913844255900095e+01,0.000000000000000000e+00
1.113348910264901370e+01,-1.532393311264893931e+01,0.000000000000000000e+00
1.152591194246608275e+01,-1.529540175770246968e+01,0.000000000000000000e+00
1.192467800688051938e+01,-1.526289183150355200e+01,0.000000000000000000e+00
1.232968787781624442e+01,-1.522589650127996919e+01,0.000000000000000000e+00
1.274090905973144849e+01,-1.518402414485107421e+01,0.000000000000000000e+00
1.315834757837118651e+01,-1.513694734539130060e+01,0.000000000000000000e+00
1.358218715899824147e+01,-1.508454703753582393e+01,0.000000000000000000e+00
1.401263384571009674e+01,-1.502671008117236795e+01,0.000000000000000000e+00
1.444953602016878058e+01,-1.496293256909354419e+01,0.000000000000000000e+00
1.489243505703201365e+01,-1.489243505703202075e+01,0.000000000000000000e+00
1.534088101307442820e+01,-1.481451658997696086e+01,0.000000000000000000e+00
1.579450311111397376e+01,-1.472861242916200375e+01,0.000000000000000000e+00
1.625300089663589276e+01,-1.463426773930737390e+01,0.000000000000000000e+00
1.671643823601969103e+01,-1.453137806209599603e+01,0.000000000000000000e+00
1.718496439480120941e+01,-1.441989728547239125e+01,0.000000000000000000e+00
1.765850147064396225e+01,-1.429957254107804765e+01,0.000000000000000000e+00
1.813684190236294569e+01,-1.417005388854093795e+01,0.000000000000000000e+00
1.861982108589577578e+01,-1.403104159146616858e+01,0.000000000000000000e+00
1.910731247785662035e+01,-1.388227511105032974e+01,0.000000000000000000e+00
1.959917001999325237e+01,-1.372348659065303345e+01,0.000000000000000000e+00
2.009522395388489002e+01,-1.355439970475131872e+01,0.000000000000000000e+00
2.059529856696528682e+01,-1.337474327355706016e+01,0.000000000000000000e+00
2.109921540489159852e+01,-1.318425305584994334e+01,0.000000000000000000e+00
2.160678755728168099e+01,-1.298266774686527114e+01,0.000000000000000000e+00
2.211781939624324167e+01,-1.276972898230858000e+01,0.000000000000000000e+00
2.263210743120924917e+01,-1.254518200257075478e+01,0.000000000000000000e+00
2.314944128323834605e+01,-1.230877626799143520e+01,0.000000000000000000e+00
2.366960258253440585e+01,-1.206026489522034417e+01,0.000000000000000000e+00
2.419236535984061831e+01,-1.179940498048612696e+01,0.000000000000000000e+00
2.471749555384622354e+01,-1.152595746717064173e+01,0.000000000000000000e+00
2.524475128223762965e+01,-1.123968742433164003e+01,0.000000000000000000e+00
2.577388225116685661e+01,-1.094036393157207598e+01,0.000000000000000000e+00
2.630462979671531443e+01,-1.062776029875790584e+01,0.000000000000000000e+00
2.683672652811410941e+01,-1.030165413222388437e+01,0.000000000000000000e+00
2.736989628351203407e+01,-9.961827562151531978e+00,0.000000000000000000e+00
2.790385315902216590e+01,-9.608067159831417570e+00,0.000000000000000000e+00
2.843830172426925884e+01,-9.240164357629311098e+00,0.000000000000000000e+00
2.897293813247513583e+01,-8.857916119101213681e+00,0.000000000000000000e+00
2.950744927219697544e+01,-8.461124924314598061e+00,0.000000000000000000e+00
3.004150505042340313e+01,-8.049597017676441979e+00,0.000000000000000000e+00
3.057476592669009463e+01,-7.623145325899376878e+00,0.000000000000000000e+00
3.110690699999873488e+01,-7.181595350600835204e+00,0.000000000000000000e+00
3.163756589201777913e+01,-6.724772225616082899e+00,0.000000000000000000e+00
3.216617727228084078e+01,-6.252471481964598787e+00,0.000000000000000000e+00
3.269220657835523980e+01,-5.764518078658827704e+00,0.000000000000000000e+00
3.321550597067375321e+01,-5.260819323261465286e+00,0.000000000000000000e+00
3.373593402641959216e+01,-4.741276327537834234e+00,0.000000000000000000e+00
3.425307217954366479e+01,-4.205748427140788337e+00,0.000000000000000000e+00
3.476646933056102995e+01,-3.654103171876209810e+00,0.000000000000000000e+00
3.527574709817861276e+01,-3.086227968498143959e+00,0.000000000000000000e+00
3.578051785225295589e+01,-2.502017543095889973e+00,0.000000000000000000e+00
3.628034509120388407e+01,-1.901372317852400240e+00,0.000000000000000000e+00
3.677482375239640078e+01,-1.284205143357078249e+00,0.000000000000000000e+00
3.726366064986716964e+01,-6.504396161065330029e-01,0.000000000000000000e+00
3.774643136746567507e+01,-9.245209270680417318e-15,0.000000000000000000e+00
