4.162482610647984416e+01,0.000000000000000000e+00,0.000000000000000000e+00
4.181403466394706925e+01,7.298666899699368660e-01,0.000000000000000000e+00
4.198608444455808097e+01,1.466186376749467613e+00,0.000000000000000000e+00
4.214082417032565075e+01,2.208507011923874330e+00,0.000000000000000000e+00
4.227808390840823449e+01,2.956371622795216147e+00,0.000000000000000000e+00
4.239770574650713542e+01,3.709318612327296982e+00,0.000000000000000000e+00
4.249954395093364923e+01,4.466882066102887627e+00,0.000000000000000000e+00
4.258346508292144961e+01,5.228592061930680046e+00,0.000000000000000000e+00
4.264934810738527915e+01,5.993974982524785666e+00,0.000000000000000000e+00
4.269708449404738104e+01,6.762553831079131328e+00,0.000000000000000000e+00
4.272657831085609814e+01,7.533848549557040641e+00,0.000000000000000000e+00
4.273774630962603993e+01,8.307376339514496166e+00,0.000000000000000000e+00
4.273052948819785257e+01,9.082654426350822874e+00,0.000000000000000000e+00
4.270491943465122375e+01,9.859207502040835180e+00,0.000000000000000000e+00
4.266090001098301343e+01,1.063655699923102027e+01,0.000000000000000000e+00
4.259845963020657678e+01,1.141422285672363479e+01,0.000000000000000000e+00
4.251759911983235440e+01,1.219172536115467942e+01,0.000000000000000000e+00
4.241833169573342843e+01,1.296858545567607379e+01,0.000000000000000000e+00
4.230068292865087187e+01,1.374432504762172513e+01,0.000000000000000000e+00
4.216469070337059577e+01,1.451846731498853238e+01,0.000000000000000000e+00
4.201040517060700097e+01,1.529053701156390765e+01,0.000000000000000000e+00
4.183788869163281277e+01,1.606006077053276471e+01,0.000000000000000000e+00
4.164721126048310396e+01,1.682656558213243159e+01,0.000000000000000000e+00
4.143843138250176850e+01,1.758957054510175411e+01,0.000000000000000000e+00
4.121161268231752928e+01,1.834859213399282751e+01,0.000000000000000000e+00
4.096683188817971910e+01,1.910314743980660168e+01,0.000000000000000000e+00
4.070419848193421331e+01,1.985276409109238216e+01,0.000000000000000000e+00
4.042398604415793528e+01,2.059704965950609079e+01,0.000000000000000000e+00
4.012654557625327101e+01,2.133566274288805076e+01,0.000000000000000000e+00
3.981220660998950933e+01,2.206826648222493858e+01,0.000000000000000000e+00
3.948091943870506526e+01,2.279431946579029500e+01,0.000000000000000000e+00
3.913235929841169991e+01,2.351309363205255920e+01,0.000000000000000000e+00
3.876635784084618308e+01,2.422390889989463147e+01,0.000000000000000000e+00
3.838350562102569796e+01,2.492654000383341284e+01,0.000000000000000000e+00
3.798461940212978050e+01,2.562094929575462388e+01,0.000000000000000000e+00
3.757001784606274697e+01,2.630680970648645811e+01,0.000000000000000000e+00
3.713954180148184037e+01,2.698345658940938918e+01,0.000000000000000000e+00
3.669321015655254570e+01,2.765031712474315029e+01,0.000000000000000000e+00
3.623134326356967705e+01,2.830702772085797037e+01,0.000000000000000000e+00
3.575425361287598491e+01,2.895322369451186972e+01,0.000000000000000000e+00
3.526219510148332148e+01,2.958849490415594730e+01,0.000000000000000000e+00
3.475565672883892177e+01,3.021263145847296983e+01,0.000000000000000000e+00
3.423536824843895232e+01,3.082566402892028989e+01,0.000000000000000000e+00
3.370111088371752572e+01,3.142679431866473294e+01,0.000000000000000000e+00
3.315244396464415644e+01,3.201494299407738708e+01,0.000000000000000000e+00
3.259164614052010478e+01,3.259164614052010478e+01,0.000000000000000000e+00
3.202118396563070490e+01,3.315890667987509488e+01,0.000000000000000000e+00
3.144201927571473121e+01,3.371743765126940673e+01,0.000000000000000000e+00
3.085357416476164971e+01,3.426636559459494435e+01,0.000000000000000000e+00
3.025523618931314473e+01,3.480466786519560429e+01,0.000000000000000000e+00
2.964872147248316381e+01,3.533397033065690351e+01,0.000000000000000000e+00
2.903382413362123060e+01,3.585378686594759756e+01,0.000000000000000000e+00
2.840941469857904877e+01,3.636239261894930763e+01,0.000000000000000000e+00
2.777691853936507371e+01,3.686121590823637462e+01,0.000000000000000000e+00
2.713659481292914677e+01,3.735031848366749330e+01,0.000000000000000000e+00
2.648786204687723611e+01,3.782858738510782359e+01,0.000000000000000000e+00
2.583081780248563319e+01,3.829576225872922635e+01,0.000000000000000000e+00
2.516647048629482697e+01,3.875296616471914035e+01,0.000000000000000000e+00
2.449479169439797133e+01,3.919986093021301343e+01,0.000000000000000000e+00
2.381482689416908727e+01,3.963452777569490593e+01,0.000000000000000000e+00
2.312757216861687581e+01,4.005813005176034380e+01,0.000000000000000000e+00
2.243368260067790843e+01,4.047143473822457338e+01,0.000000000000000000e+00
2.173295968836148973e+01,4.087375245620641806e+01,0.000000000000000000e+00
2.102498616155723710e+01,4.126385871877264577e+01,0.000000000000000000e+00
2.031021827535316859e+01,4.164211855327062750e+01,0.000000000000000000e+00
1.958915148035780618e+01,4.200907091653737524e+01,0.000000000000000000e+00
1.886213663540052110e+01,4.236505251751551526e+01,0.000000000000000000e+00
1.812906737263124768e+01,4.270940625999151052e+01,0.000000000000000000e+00
1.738958332365553616e+01,4.304072907076707821e+01,0.000000000000000000e+00
1.664428786851619435e+01,4.335985231588723110e+01,0.000000000000000000e+00
1.589357750436066041e+01,4.366724530758284573e+01,0.000000000000000000e+00
1.513759336978119485e+01,4.396276332635194706e+01,0.000000000000000000e+00
1.437654420169817726e+01,4.424645341103882146e+01,0.000000000000000000e+00
1.361049168648554009e+01,4.451791237159785197e+01,0.000000000000000000e+00
1.283918712804403484e+01,4.477556663751705202e+01,0.000000000000000000e+00
1.206325368903289075e+01,4.502067567206344734e+01,0.000000000000000000e+00
1.128296196350158453e+01,4.525348871702228593e+01,0.000000000000000000e+00
1.049846091553113681e+01,4.547383017273828187e+01,0.000000000000000000e+00
9.709926373640856312e+00,4.568161197824968411e+01,0.000000000000000000e+00
8.917547331042786851e+00,4.587680393452146888e+01,0.000000000000000000e+00
8.121476988448659284e+00,4.605918479303244339e+01,0.000000000000000000e+00
7.321779091873802159e+00,4.622789383143426534e+01,0.000000000000000000e+00
6.518717524738174340e+00,4.638308530429726062e+01,0.000000000000000000e+00
5.712586982465154506e+00,4.652528738513424855e+01,0.000000000000000000e+00
4.903587054721006311e+00,4.665451437162356996e+01,0.000000000000000000e+00
4.091901988514290878e+00,4.677065374649151153e+01,0.000000000000000000e+00
3.277725362681181753e+00,4.687365649286353886e+01,0.000000000000000000e+00
2.461250481465720785e+00,4.696345685958416993e+01,0.000000000000000000e+00
1.642672866470731519e+00,4.703999626522873001e+01,0.000000000000000000e+00
8.221898719944626954e-01,4.710322621976214208e+01,0.000000000000000000e+00
2.887278140907544033e-15,4.715283039841004609e+01,0.000000000000000000e+00
-8.236701501161730610e-01,4.718803129655751860e+01,0.000000000000000000e+00
-1.648600485120036652e+00,4.720974105423523071e+01,0.000000000000000000e+00
-2.474591611430720484e+00,4.721802078401539404e+01,0.000000000000000000e+00
-3.301438677026156565e+00,4.721277268715159181e+01,0.000000000000000000e+00
-4.128939182822445986e+00,4.719399081458120548e+01,0.000000000000000000e+00
-4.956887855484533034e+00,4.716163761578972213e+01,0.000000000000000000e+00
-5.785079474773775488e+00,4.711569135592297641e+01,0.000000000000000000e+00
-6.613308030563098683e+00,4.705613172546904366e+01,0.000000000000000000e+00
-7.441366563743482487e+00,4.698293941308757837e+01,0.000000000000000000e+00
-8.269049082345839352e+00,4.689610772623446877e+01,0.000000000000000000e+00
-9.096099844043433080e+00,4.679537698234056364e+01,0.000000000000000000e+00
-9.922145171345325920e+00,4.668002292372752748e+01,0.000000000000000000e+00
-1.074713350547717816e+01,4.655094949668534099e+01,0.000000000000000000e+00
-1.157087642968595631e+01,4.640825056848373009e+01,0.000000000000000000e+00
-1.239315230665064860e+01,4.625187407435963394e+01,0.000000000000000000e+00
-1.321375922566162942e+01,4.608185478100845245e+01,0.000000000000000000e+00
-1.403248656588488430e+01,4.589819542786811724e+01,0.000000000000000000e+00
-1.484912997771324683e+01,4.570092287378361107e+01,0.000000000000000000e+00
-1.566347748421411268e+01,4.549004169188498992e+01,0.000000000000000000e+00
-1.647533634752978315e+01,4.526561459275807664e+01,0.000000000000000000e+00
-1.728440918155119377e+01,4.502742534855216405e+01,0.000000000000000000e+00
-1.809007105328440801e+01,4.477449704135091935e+01,0.000000000000000000e+00
-1.889252321570863202e+01,4.450799551410737820e+01,0.000000000000000000e+00
-1.969162268759336953e+01,4.422810869418129442e+01,0.000000000000000000e+00
-2.048712966734951735e+01,4.393479135300773919e+01,0.000000000000000000e+00
-2.127886105321034194e+01,4.362813056182922367e+01,0.000000000000000000e+00
-2.206662126645626998e+01,4.330818271855044799e+01,0.000000000000000000e+00
-2.285020259092083350e+01,4.297498075127016648e+01,0.000000000000000000e+00
-2.362915806163104904e+01,4.262812956003917009e+01,0.000000000000000000e+00
-2.440281675187716104e+01,4.226691846204419534e+01,0.000000000000000000e+00
-2.517156805549345933e+01,4.189252425334748864e+01,0.000000000000000000e+00
-2.593533667063533699e+01,4.150521479632230637e+01,0.000000000000000000e+00
-2.669394913259229796e+01,4.110507701512755574e+01,0.000000000000000000e+00
-2.744694458549115623e+01,4.069176874738128902e+01,0.000000000000000000e+00
-2.819240930623853814e+01,4.026293315596243616e+01,0.000000000000000000e+00
-2.892763843427119141e+01,3.981547854285791743e+01,0.000000000000000000e+00
-2.965353876173968217e+01,3.935157505648674459e+01,0.000000000000000000e+00
-3.037031365071355182e+01,3.887222882431004933e+01,0.000000000000000000e+00
-3.107718528683005843e+01,3.837712774381940051e+01,0.000000000000000000e+00
-3.177315864557741421e+01,3.786577596393266987e+01,0.000000000000000000e+00
-3.245707233607335240e+01,3.733759060630578119e+01,0.000000000000000000e+00
-3.313011567364687693e+01,3.679472108489101601e+01,0.000000000000000000e+00
-3.379202915461404899e+01,3.623751471364995069e+01,0.000000000000000000e+00
-3.444109821610962996e+01,3.566480124301985910e+01,0.000000000000000000e+00
-3.507726632683044699e+01,3.507726632683045409e+01,0.000000000000000000e+00
-3.570101193960536534e+01,3.447606647933021407e+01,0.000000000000000000e+00
-3.631196708785008553e+01,3.386145711675445824e+01,0.000000000000000000e+00
-3.690850713772195490e+01,3.323256909580054952e+01,0.000000000000000000e+00
-3.749082370974003453e+01,3.259027584068316230e+01,0.000000000000000000e+00
-3.805947411460235230e+01,3.193569069236408708e+01,0.000000000000000000e+00
-3.861423016993401092e+01,3.126918704572950602e+01,0.000000000000000000e+00
-3.915387904304784428e+01,3.059036291831587917e+01,0.000000000000000000e+00
-3.967720583931406964e+01,2.989891915697734248e+01,0.000000000000000000e+00
-4.018490072899392374e+01,2.919603936328772420e+01,0.000000000000000000e+00
-4.067745113657325362e+01,2.848265792098574067e+01,0.000000000000000000e+00
-4.115421084938731866e+01,2.775886572184074907e+01,0.000000000000000000e+00
-4.161464194271345463e+01,2.702486446579370494e+01,0.000000000000000000e+00
-4.205848566954415446e+01,2.628105868261579303e+01,0.000000000000000000e+00
-4.248568005692477101e+01,2.552797201881070421e+01,0.000000000000000000e+00
-4.289636381940961485e+01,2.476622719839225795e+01,0.000000000000000000e+00
-4.329027343881223544e+01,2.399619040699901618e+01,0.000000000000000000e+00
-4.366645778655058052e+01,2.321786745235678495e+01,0.000000000000000000e+00
-4.402412973395120588e+01,2.243141449129254639e+01,0.000000000000000000e+00
-4.436353233432180332e+01,2.163754046334405956e+01,0.000000000000000000e+00
-4.468520811986863350e+01,2.083705475254467743e+01,0.000000000000000000e+00
-4.498937055529512463e+01,2.003055830519262770e+01,0.000000000000000000e+00
-4.527567162469950546e+01,1.921838239166076079e+01,0.000000000000000000e+00
-4.554371540115944583e+01,1.840085544404096751e+01,0.000000000000000000e+00
-4.579316357077030375e+01,1.757834854531269642e+01,0.000000000000000000e+00
-4.602380631543308454e+01,1.675129556645051210e+01,0.000000000000000000e+00
-4.623546024238132901e+01,1.592014567460838670e+01,0.000000000000000000e+00
-4.642795236856549224e+01,1.508535618031014636e+01,0.000000000000000000e+00
-4.660117850961301400e+01,1.424741006252067876e+01,0.000000000000000000e+00
-4.675520081689061413e+01,1.340683809446985642e+01,0.000000000000000000e+00
-4.689012190566665339e+01,1.256417029762028825e+01,0.000000000000000000e+00
-4.700605970836580383e+01,1.171992698861415150e+01,0.000000000000000000e+00
-4.710314702395170627e+01,1.087461834974116925e+01,0.000000000000000000e+00
-4.718153105585840734e+01,1.002874401556062978e+01,0.000000000000000000e+00
-4.724137293897192791e+01,9.182792675967618834e+00,0.000000000000000000e+00
-4.728284725616991579e+01,8.337241695979964007e+00,0.000000000000000000e+00
-4.730614154493436985e+01,7.492556752507730344e+00,0.000000000000000000e+00
-4.731145579455844086e+01,6.649191488352553137e+00,0.000000000000000000e+00
-4.729475205773940871e+01,5.807065364421279519e+00,0.000000000000000000e+00
-4.725889452072849650e+01,4.967109968102448647e+00,0.000000000000000000e+00
-4.720447340530137126e+01,4.129856290674862151e+00,0.000000000000000000e+00
-4.713092529137863096e+01,3.295715349573883124e+00,0.000000000000000000e+00
-4.703888805833343412e+01,2.465203663080820284e+00,0.000000000000000000e+00
-4.692805643611607280e+01,1.638763841501324814e+00,0.000000000000000000e+00
-4.679882630058602899e+01,8.168765516411022887e-01,0.000000000000000000e+00
-4.665111613526222811e+01,5.713114005170033769e-15,0.000000000000000000e+00
-4.662645145336528429e+01,-8.138677374908612761e-01,0.000000000000000000e+00
-4.460279390096842889e+01,-1.557563884503646356e+00,0.000000000000000000e+00
-4.273096639075040315e+01,-2.239435055157487309e+00,0.000000000000000000e+00
-4.100673303159381788e+01,-2.867470109117977728e+00,0.000000000000000000e+00
-3.941250027285688162e+01,-3.448146975087354349e+00,0.000000000000000000e+00
-3.793324320688733309e+01,-3.986944518406794202e+00,0.000000000000000000e+00
-3.655615038215057666e+01,-4.488530872972916086e+00,0.000000000000000000e+00
-3.527023136812069026e+01,-4.956907756622154437e+00,0.000000000000000000e+00
-3.406601440799123992e+01,-5.395526626097277401e+00,0.000000000000000000e+00
-3.293528339490783452e+01,-5.807379079801743949e+00,0.000000000000000000e+00
-3.187088127789138170e+01,-6.195071755288048543e+00,0.000000000000000000e+00
-3.086654454015221560e+01,-6.560886578089340837e+00,0.000000000000000000e+00
-2.991676572548936264e+01,-6.906829587370972412e+00,0.000000000000000000e+00
-2.901668294849246266e+01,-7.234671608681394694e+00,0.000000000000000000e+00
-2.816198789550346149e+01,-7.545981913855192680e+00,0.000000000000000000e+00
-2.734884890548006808e+01,-7.842156229461228811e+00,0.000000000000000000e+00
-2.657384624102263970e+01,-8.124440120245500552e+00,0.000000000000000000e+00
-2.583391709435560557e+01,-8.393948494804117644e+00,0.000000000000000000e+00
-2.512631127012541299e+01,-8.651682790415504698e+00,0.000000000000000000e+00
-2.444855370561102959e+01,-8.898545819701075388e+00,0.000000000000000000e+00
-2.379840806803538911e+01,-9.135352948415462748e+00,0.000000000000000000e+00
-2.317384452475162604e+01,-9.362840941426110675e+00,0.000000000000000000e+00
-2.257302352080391827e+01,-9.581680010288323501e+00,0.000000000000000000e+00
-2.199427523179625510e+01,-9.792482245766734650e+00,0.000000000000000000e+00
-2.143606558675394780e+01,-9.995801543816185131e+00,0.000000000000000000e+00
-2.089699794942325184e+01,-1.019214690312769100e+01,0.000000000000000000e+00
-2.037579836543573819e+01,-1.038198782095647843e+01,0.000000000000000000e+00
-1.987129262404132746e+01,-1.056575370750795173e+01,0.000000000000000000e+00
-1.938237877838570355e+01,-1.074382799554525469e+01,0.000000000000000000e+00
-1.890803932655971309e+01,-1.091656159503728318e+01,0.000000000000000000e+00
-1.844747251410961653e+01,-1.108435975432180776e+01,0.000000000000000000e+00
-1.799927244060773646e+01,-1.124719370480197078e+01,0.000000000000000000e+00
-1.755982269951412889e+01,-1.140348219626648429e+01,0.000000000000000000e+00
-1.712592537190515429e+01,-1.155158252215782255e+01,0.000000000000000000e+00
-1.669748024764585281e+01,-1.169170153850934746e+01,0.000000000000000000e+00
-1.627505632518088063e+01,-1.182452056592655509e+01,0.000000000000000000e+00
-1.585890487615566968e+01,-1.195054199962204855e+01,0.000000000000000000e+00
-1.544925739469380233e+01,-1.207028274267687173e+01,0.000000000000000000e+00
-1.504723722605696068e+01,-1.218501244935846195e+01,0.000000000000000000e+00
-1.465435123417129937e+01,-1.229646071573545463e+01,0.000000000000000000e+00
-1.427097758101824887e+01,-1.240557154685186525e+01,0.000000000000000000e+00
-1.389635043215220733e+01,-1.251233013008988415e+01,0.000000000000000000e+00
-1.352975433390095361e+01,-1.261670002809904467e+01,0.000000000000000000e+00
-1.317074750326994170e+01,-1.271884301972608178e+01,0.000000000000000000e+00
-1.281893921789453650e+01,-1.281893921789453117e+01,0.000000000000000000e+00
-1.247392678994600068e+01,-1.291712932299336281e+01,0.000000000000000000e+00
-1.213530053815714638e+01,-1.301351658386540144e+01,0.000000000000000000e+00
-1.180266504380846015e+01,-1.310818750599071159e+01,0.000000000000000000e+00
-1.147567071062097810e+01,-1.320124903716983056e+01,0.000000000000000000e+00
-1.115398396345733723e+01,-1.329280046018847905e+01,0.000000000000000000e+00
-1.083728327114115153e+01,-1.338293029609709706e+01,0.000000000000000000e+00
-1.052526998327594399e+01,-1.347173124166703673e+01,0.000000000000000000e+00
-1.021765185523998554e+01,-1.355928198361639758e+01,0.000000000000000000e+00
-9.914149869778132285e+00,-1.364565663760425451e+01,0.000000000000000000e+00
-9.614505393044623816e+00,-1.373093671288797957e+01,0.000000000000000000e+00
-9.318464378133375803e+00,-1.381519157349686822e+01,0.000000000000000000e+00
-9.025782708962850620e+00,-1.389848656453537146e+01,0.000000000000000000e+00
-8.736232036350248364e+00,-1.398089378148590889e+01,0.000000000000000000e+00
-8.449587499443580896e+00,-1.406247510964936076e+01,0.000000000000000000e+00
-8.165630699254618818e+00,-1.414328724695316453e+01,0.000000000000000000e+00
-7.884156622367827438e+00,-1.422339505679101634e+01,0.000000000000000000e+00
-7.604963447639174312e+00,-1.430285602396648059e+01,0.000000000000000000e+00
-7.327852550953311450e+00,-1.438172039929368040e+01,0.000000000000000000e+00
-7.052635865272465665e+00,-1.446004640782804707e+01,0.000000000000000000e+00
-6.779128944126930456e+00,-1.453788893570683882e+01,0.000000000000000000e+00
-6.507148372656150315e+00,-1.461529453823669655e+01,0.000000000000000000e+00
-6.236517521046525125e+00,-1.469231455645873829e+01,0.000000000000000000e+00
-5.967064368081181236e+00,-1.476900257092653668e+01,0.000000000000000000e+00
-5.698616778353650325e+00,-1.484540425316969703e+01,0.000000000000000000e+00
-5.431005369322233101e+00,-1.492156461714962035e+01,0.000000000000000000e+00
-5.164065784268776049e+00,-1.499753602370691041e+01,0.000000000000000000e+00
-4.897633217922402693e+00,-1.507336512592243238e+01,0.000000000000000000e+00
-4.631542654069586540e+00,-1.514909341768447604e+01,0.000000000000000000e+00
-4.365632690358011381e+00,-1.522477050085859318e+01,0.000000000000000000e+00
-4.099741913215491529e+00,-1.530044511803985685e+01,0.000000000000000000e+00
-3.833707074989543440e+00,-1.537615924112952648e+01,0.000000000000000000e+00
-3.567365653394166891e+00,-1.545195826242674464e+01,0.000000000000000000e+00
-3.300555641199703683e+00,-1.552789344759705337e+01,0.000000000000000000e+00
-3.033112271107130553e+00,-1.560400991521295921e+01,0.000000000000000000e+00
-2.764868828741353202e+00,-1.568035032206854851e+01,0.000000000000000000e+00
-2.495658455809844245e+00,-1.575696735548096505e+01,0.000000000000000000e+00
-2.225311024802393511e+00,-1.583391068876678354e+01,0.000000000000000000e+00
-1.953652669638462847e+00,-1.591122414147308817e+01,0.000000000000000000e+00
-1.680507406464756937e+00,-1.598895993312609143e+01,0.000000000000000000e+00
-1.405695527190640171e+00,-1.606717339754668217e+01,0.000000000000000000e+00
-1.129032204587234300e+00,-1.614591275088167421e+01,0.000000000000000000e+00
-8.503282692750168126e-01,-1.622522993547580938e+01,0.000000000000000000e+00
-5.693896524258145186e-01,-1.630518630353659049e+01,0.000000000000000000e+00
-2.860158398850086714e-01,-1.638583649280159094e+01,0.000000000000000000e+00
-3.024981889936895225e-15,-1.646723442788024272e+01,0.000000000000000000e+00
2.888716860721831092e-01,-1.654944781128851616e+01,0.000000000000000000e+00
5.808210706298327919e-01,-1.663253929060995873e+01,0.000000000000000000e+00
8.760781942327625638e-01,-1.671656777329340926e+01,0.000000000000000000e+00
1.174882874546613998e+00,-1.680160787961749591e+01,0.000000000000000000e+00
1.477485004040692607e+00,-1.688773087273072449e+01,0.000000000000000000e+00
1.784144742689750762e+00,-1.697500332103554044e+01,0.000000000000000000e+00
2.095135724440372105e+00,-1.706351115346788205e+01,0.000000000000000000e+00
2.410744370939519765e+00,-1.715333750539122804e+01,0.000000000000000000e+00
2.731270032809254289e+00,-1.724456030663600714e+01,0.000000000000000000e+00
3.057029063626894416e+00,-1.733727335059019126e+01,0.000000000000000000e+00
3.388352616894373615e+00,-1.743156306276751621e+01,0.000000000000000000e+00
3.725590867811512830e+00,-1.752752697230407719e+01,0.000000000000000000e+00
4.069121402015017708e+00,-1.762530118236137966e+01,0.000000000000000000e+00
4.419341137067489989e+00,-1.772500917134093612e+01,0.000000000000000000e+00
4.776658150366739797e+00,-1.782673090755661960e+01,0.000000000000000000e+00
5.141489933119943956e+00,-1.793050625562510803e+01,0.000000000000000000e+00
5.514297542060546675e+00,-1.803645455454940105e+01,0.000000000000000000e+00
5.895678037486769441e+00,-1.814503123645875249e+01,0.000000000000000000e+00
6.286264648301263414e+00,-1.825663817154552859e+01,0.000000000000000000e+00
6.686252860006597132e+00,-1.837032875363204454e+01,0.000000000000000000e+00
7.095438414281851180e+00,-1.848424902225401922e+01,0.000000000000000000e+00
7.513613730595027462e+00,-1.859684656624392574e+01,0.000000000000000000e+00
7.940653142119773023e+00,-1.870700649104869839e+01,0.000000000000000000e+00
8.376500245348029949e+00,-1.881392758766934392e+01,0.000000000000000000e+00
8.821327410694809856e+00,-1.891739768031567692e+01,0.000000000000000000e+00
9.275312075075241580e+00,-1.901720797937360530e+01,0.000000000000000000e+00
9.738547647346640801e+00,-1.911297592104499188e+01,0.000000000000000000e+00
1.021111634693307479e+01,-1.920431675440761055e+01,0.000000000000000000e+00
1.069312814200530148e+01,-1.929091382141438515e+01,0.000000000000000000e+00
1.118467883848214761e+01,-1.937243201459153497e+01,0.000000000000000000e+00
1.168583254911532521e+01,-1.944849134567649429e+01,0.000000000000000000e+00
1.219673065547656243e+01,-1.951884920937264312e+01,0.000000000000000000e+00
1.271759753704400708e+01,-1.958338287118871790e+01,0.000000000000000000e+00
1.324824470779638297e+01,-1.964133050508442224e+01,0.000000000000000000e+00
1.378827811289873573e+01,-1.969170190334225623e+01,0.000000000000000000e+00
1.433791733772088683e+01,-1.973445020084922064e+01,0.000000000000000000e+00
1.489756362747028540e+01,-1.976973466659503487e+01,0.000000000000000000e+00
1.546748836071208899e+01,-1.979748229833726825e+01,0.000000000000000000e+00
1.604702979833520615e+01,-1.981643146879738637e+01,0.000000000000000000e+00
1.663552206009257972e+01,-1.982544317979557036e+01,0.000000000000000000e+00
1.723435871738688263e+01,-1.982586178719588332e+01,0.000000000000000000e+00
1.784326493943028069e+01,-1.981695334714425272e+01,0.000000000000000000e+00
1.846029116840479745e+01,-1.979623862694232272e+01,0.000000000000000000e+00
1.908421452247790029e+01,-1.976228265290812658e+01,0.000000000000000000e+00
1.971140943189486805e+01,-1.971140943189487871e+01,0.000000000000000000e+00
2.033802375387967132e+01,-1.964020124088124675e+01,0.000000000000000000e+00
2.096483028196497500e+01,-1.955002051624801496e+01,0.000000000000000000e+00
2.159218776315996990e+01,-1.944169318718756401e+01,0.000000000000000000e+00
2.221890215877241559e+01,-1.931459697545719223e+01,0.000000000000000000e+00
2.284286098391724806e+01,-1.916743622663885205e+01,0.000000000000000000e+00
2.346613895147083895e+01,-1.900250464363653435e+01,0.000000000000000000e+00
2.408816346340779901e+01,-1.881973588290480848e+01,0.000000000000000000e+00
2.470450996787398878e+01,-1.861618354209629445e+01,0.000000000000000000e+00
2.531887665368095597e+01,-1.839524065022127886e+01,0.000000000000000000e+00
2.593078899252990865e+01,-1.815693392429482245e+01,0.000000000000000000e+00
2.653556037653583743e+01,-1.789846147315987324e+01,0.000000000000000000e+00
2.713692940714038215e+01,-1.762292801306178092e+01,0.000000000000000000e+00
2.773407410024702457e+01,-1.733017290882666117e+01,0.000000000000000000e+00
2.832285484901819927e+01,-1.701808809720882820e+01,0.000000000000000000e+00
2.890698655312261778e+01,-1.668945646790625403e+01,0.000000000000000000e+00
2.948565368925780916e+01,-1.634416472795732389e+01,0.000000000000000000e+00
3.005416080808852897e+01,-1.598008076233144159e+01,0.000000000000000000e+00
3.061522323319195849e+01,-1.559923537926441917e+01,0.000000000000000000e+00
3.117006050314352450e+01,-1.520265429495268883e+01,0.000000000000000000e+00
3.171589117345490649e+01,-1.478936293939257318e+01,0.000000000000000000e+00
3.225184249180656337e+01,-1.435944543140501573e+01,0.000000000000000000e+00
3.277804729773495751e+01,-1.391345560241581758e+01,0.000000000000000000e+00
3.329477645871373426e+01,-1.345196287263934742e+01,0.000000000000000000e+00
3.380181712464896293e+01,-1.297530191299698643e+01,0.000000000000000000e+00
3.429841397013962023e+01,-1.248360176767089946e+01,0.000000000000000000e+00
3.478389335618429357e+01,-1.197705498025721660e+01,0.000000000000000000e+00
3.525767691053700759e+01,-1.145591367164964680e+01,0.000000000000000000e+00
3.571936203982390623e+01,-1.092050489770394783e+01,0.000000000000000000e+00
3.616862093837924164e+01,-1.037118516333967833e+01,0.000000000000000000e+00
3.660517594496752736e+01,-9.808327333253204827e+00,0.000000000000000000e+00
3.702871031109035016e+01,-9.232294389722852657e+00,0.000000000000000000e+00
3.743869490901575148e+01,-8.643403771746308806e+00,0.000000000000000000e+00
3.783466707146222774e+01,-8.042006744640037397e+00,0.000000000000000000e+00
3.821676253876002960e+01,-7.428586116526949112e+00,0.000000000000000000e+00
3.858527016190777914e+01,-6.803624187469658580e+00,0.000000000000000000e+00
3.893971565173460903e+01,-6.167445069896581700e+00,0.000000000000000000e+00
3.927907649989404604e+01,-5.520314197634214715e+00,0.000000000000000000e+00
3.960264518945448486e+01,-4.862593400180721837e+00,0.000000000000000000e+00
3.991056282129665078e+01,-4.194769184355121361e+00,0.000000000000000000e+00
4.020311350913575410e+01,-3.517316670495313602e+00,0.000000000000000000e+00
4.048025909038489800e+01,-2.830655464837900315e+00,0.000000000000000000e+00
4.074148093985400720e+01,-2.135170540760120694e+00,0.000000000000000000e+00
4.098623111311312783e+01,-1.431270729036516087e+00,0.000000000000000000e+00
4.121406680893700525e+01,-7.193942121059313521e-01,0.000000000000000000e+00
4.142484429061793350e+01,-1.014616059313655185e-14,0.000000000000000000e+00
