4.915021608710697620e+01,0.000000000000000000e+00,0.000000000000000000e+00
4.943622974678837778e+01,8.629126000364726323e-01,0.000000000000000000e+00
4.970204385687375748e+01,1.735633616794624912e+00,0.000000000000000000e+00
4.994736581014326049e+01,2.617630523147306487e+00,0.000000000000000000e+00
5.017191709944724209e+01,3.508362211858442326e+00,0.000000000000000000e+00
5.037544490341541348e+01,4.407280349123633201e+00,0.000000000000000000e+00
5.055773996787199565e+01,5.313832596084110627e+00,0.000000000000000000e+00
5.071861206890213936e+01,6.227462512484906121e+00,0.000000000000000000e+00
5.085788548116133256e+01,7.147609676721048189e+00,0.000000000000000000e+00
5.097539905162226148e+01,8.073710049111090470e+00,0.000000000000000000e+00
5.107100626459693160e+01,9.005196336379476918e+00,0.000000000000000000e+00
5.114457529801747171e+01,9.941498357145954756e+00,0.000000000000000000e+00
5.119598907096352747e+01,1.088204340822003502e+01,0.000000000000000000e+00
5.122514528242860621e+01,1.182625663149846496e+01,0.000000000000000000e+00
5.123195644132236737e+01,1.277356138126373253e+01,0.000000000000000000e+00
5.121633431946602855e+01,1.372337542018331469e+01,0.000000000000000000e+00
5.117816258659645001e+01,1.467510197332058830e+01,0.000000000000000000e+00
5.111740010377310739e+01,1.562815756812154966e+01,0.000000000000000000e+00
5.103403922172165608e+01,1.658196452146002997e+01,0.000000000000000000e+00
5.092808680527483034e+01,1.753594657906917220e+01,0.000000000000000000e+00
5.079956415152935278e+01,1.848952926485311110e+01,0.000000000000000000e+00
5.064850689995915900e+01,1.944214022713742196e+01,0.000000000000000000e+00
5.047496493457980904e+01,2.039320958168015707e+01,0.000000000000000000e+00
5.027900227826324908e+01,2.134217025126808664e+01,0.000000000000000000e+00
5.006069701352036816e+01,2.228845831695863211e+01,0.000000000000000000e+00
4.982014619734766114e+01,2.323151570222484708e+01,0.000000000000000000e+00
4.955747082235485834e+01,2.417079352696428529e+01,0.000000000000000000e+00
4.927280623623981626e+01,2.510574874537198298e+01,0.000000000000000000e+00
4.896630048799069357e+01,2.603584380303472301e+01,0.000000000000000000e+00
4.863802249973413439e+01,2.696049611636605903e+01,0.000000000000000000e+00
4.828781409134106894e+01,2.787898246421436710e+01,0.000000000000000000e+00
4.791550334409927103e+01,2.879053900035262359e+01,0.000000000000000000e+00
4.752111655192454975e+01,2.969448930180870860e+01,0.000000000000000000e+00
4.710542603051575128e+01,3.059062134502059394e+01,0.000000000000000000e+00
4.666937838885692713e+01,3.147889319902588667e+01,0.000000000000000000e+00
4.621330379682751044e+01,3.235890368411402562e+01,0.000000000000000000e+00
4.573654204050499317e+01,3.322954287633196913e+01,0.000000000000000000e+00
4.523861729226570816e+01,3.408974328163711931e+01,0.000000000000000000e+00
4.472021978412444554e+01,3.493926493155775859e+01,0.000000000000000000e+00
4.418230927077510728e+01,3.577812859715741922e+01,0.000000000000000000e+00
4.362525866844787004e+01,3.660593845870803875e+01,0.000000000000000000e+00
4.304917179448674602e+01,3.742207411491968827e+01,0.000000000000000000e+00
4.245416432568841714e+01,3.822590125613493228e+01,0.000000000000000000e+00
4.184033904130593839e+01,3.901674736513237463e+01,0.000000000000000000e+00
4.120765041133730477e+01,3.979376543840253078e+01,0.000000000000000000e+00
4.055649402904320056e+01,4.055649402904319345e+01,0.000000000000000000e+00
3.988849958247030258e+01,4.130575048927045856e+01,0.000000000000000000e+00
3.920390069212107420e+01,4.204103641314564044e+01,0.000000000000000000e+00
3.850162371452010746e+01,4.276038513859045054e+01,0.000000000000000000e+00
3.778374309161672784e+01,4.346522435915095173e+01,0.000000000000000000e+00
3.705254373683530389e+01,4.415750211312755624e+01,0.000000000000000000e+00
3.630843002059599200e+01,4.483717699068587592e+01,0.000000000000000000e+00
3.555210268665327078e+01,4.550461634065091943e+01,0.000000000000000000e+00
3.478370125554019410e+01,4.615953062795595940e+01,0.000000000000000000e+00
3.400244079012030340e+01,4.680034475541313554e+01,0.000000000000000000e+00
3.320998887140714828e+01,4.742877941062791791e+01,0.000000000000000000e+00
3.240650063760151767e+01,4.804461297139123133e+01,0.000000000000000000e+00
3.159041545946072915e+01,4.864497395837012306e+01,0.000000000000000000e+00
3.076324923100572661e+01,4.923148996987401205e+01,0.000000000000000000e+00
2.992600062592369170e+01,4.980522883053353667e+01,0.000000000000000000e+00
2.907825917992449050e+01,5.036502229528532126e+01,0.000000000000000000e+00
2.821926717262102713e+01,5.090890559817152905e+01,0.000000000000000000e+00
2.735003934412788951e+01,5.143794282276475371e+01,0.000000000000000000e+00
2.647118938153487733e+01,5.195263437341674262e+01,0.000000000000000000e+00
2.558311193502721181e+01,5.245315267993942854e+01,0.000000000000000000e+00
2.468571830511197973e+01,5.293869374306212450e+01,0.000000000000000000e+00
2.377846265121423386e+01,5.340730154153511933e+01,0.000000000000000000e+00
2.286227202254692159e+01,5.386013763242333852e+01,0.000000000000000000e+00
2.193768794506895503e+01,5.429768302718934336e+01,0.000000000000000000e+00
2.100493790414411421e+01,5.471973403865816010e+01,0.000000000000000000e+00
2.006426780659681341e+01,5.512612273651505745e+01,0.000000000000000000e+00
1.911588340932924268e+01,5.551655653375676280e+01,0.000000000000000000e+00
1.815981725333377739e+01,5.589017059869647852e+01,0.000000000000000000e+00
1.719618078298312724e+01,5.624617294194701600e+01,0.000000000000000000e+00
1.622568151748571097e+01,5.658567608524214165e+01,0.000000000000000000e+00
1.524865041955492373e+01,5.690873811263546145e+01,0.000000000000000000e+00
1.426532074150628659e+01,5.721507644080679000e+01,0.000000000000000000e+00
1.327597932596868802e+01,5.750458415792861189e+01,0.000000000000000000e+00
1.228090400366279766e+01,5.777711074724646068e+01,0.000000000000000000e+00
1.128037468756229522e+01,5.803249690054840215e+01,0.000000000000000000e+00
1.027469190689388867e+01,5.827067341374050358e+01,0.000000000000000000e+00
9.264130892427127506e+00,5.849142045420961722e+01,0.000000000000000000e+00
8.248844885607313770e+00,5.869358114369400425e+01,0.000000000000000000e+00
7.229296362957309263e+00,5.887789401042108750e+01,0.000000000000000000e+00
6.205834519745055289e+00,5.904457136344985457e+01,0.000000000000000000e+00
5.178761586615221013e+00,5.919351579854333067e+01,0.000000000000000000e+00
4.148382967926312226e+00,5.932464032934215936e+01,0.000000000000000000e+00
3.115006430894154299e+00,5.943786349104360056e+01,0.000000000000000000e+00
2.078942058483302269e+00,5.953311134723359999e+01,0.000000000000000000e+00
1.040501948494439111e+00,5.961031670597730425e+01,0.000000000000000000e+00
3.653698168833439320e-15,5.966941931955052780e+01,0.000000000000000000e+00
-1.042248311239702740e+00,5.971036576064651769e+01,0.000000000000000000e+00
-2.085926145467900117e+00,5.973310943107505011e+01,0.000000000000000000e+00
-3.130715503254167587e+00,5.973761044798283137e+01,0.000000000000000000e+00
-4.176297438033154563e+00,5.972383585007316498e+01,0.000000000000000000e+00
-5.222352210617550838e+00,5.969175891079988361e+01,0.000000000000000000e+00
-6.268559628745699719e+00,5.964136091091289416e+01,0.000000000000000000e+00
-7.314598843899567271e+00,5.957262696638058941e+01,0.000000000000000000e+00
-8.360117538589060260e+00,5.948532720964984577e+01,0.000000000000000000e+00
-9.404702374451932911e+00,5.937895386176379020e+01,0.000000000000000000e+00
-1.044811611369245696e+01,5.925421096483888306e+01,0.000000000000000000e+00
-1.149004283113213098e+01,5.911114599057168562e+01,0.000000000000000000e+00
-1.253015681103055634e+01,5.894975300966094522e+01,0.000000000000000000e+00
-1.356813874717544266e+01,5.877006564233052899e+01,0.000000000000000000e+00
-1.460366745174565573e+01,5.857211097515944687e+01,0.000000000000000000e+00
-1.563642385130444445e+01,5.835592826174999459e+01,0.000000000000000000e+00
-1.666608970561224368e+01,5.812156196170044353e+01,0.000000000000000000e+00
-1.769234874588529038e+01,5.786906522261352848e+01,0.000000000000000000e+00
-1.871488560472175422e+01,5.759849532577030828e+01,0.000000000000000000e+00
-1.973339021525305625e+01,5.730992651655961367e+01,0.000000000000000000e+00
-2.074754539249587637e+01,5.700341247499221708e+01,0.000000000000000000e+00
-2.175706302988577434e+01,5.667908697900922022e+01,0.000000000000000000e+00
-2.276160242131543043e+01,5.633694291568635037e+01,0.000000000000000000e+00
-2.376049149032877850e+01,5.597621009062621766e+01,0.000000000000000000e+00
-2.475347539731301794e+01,5.559721602429832643e+01,0.000000000000000000e+00
-2.574049539019606314e+01,5.520067050161986089e+01,0.000000000000000000e+00
-2.672128930874767505e+01,5.478676212167711412e+01,0.000000000000000000e+00
-2.769555170472131067e+01,5.435558073144713376e+01,0.000000000000000000e+00
-2.866301123720139543e+01,5.390728381032401728e+01,0.000000000000000000e+00
-2.962337748459051667e+01,5.344198765463357148e+01,0.000000000000000000e+00
-3.057640917670054392e+01,5.295989420706064976e+01,0.000000000000000000e+00
-3.152156476668136520e+01,5.246069349277079397e+01,0.000000000000000000e+00
-3.245764656151016680e+01,5.194309252379525788e+01,0.000000000000000000e+00
-3.338533951326268578e+01,5.140891462152780633e+01,0.000000000000000000e+00
-3.430460046826264886e+01,5.085866169467008291e+01,0.000000000000000000e+00
-3.521508760169646024e+01,5.029235716561179004e+01,0.000000000000000000e+00
-3.611656940212390765e+01,4.971019315452574006e+01,0.000000000000000000e+00
-3.700827136160196318e+01,4.911163486753679308e+01,0.000000000000000000e+00
-3.788878588724433882e+01,4.849543445033361877e+01,0.000000000000000000e+00
-3.875727910619940531e+01,4.786125376328102021e+01,0.000000000000000000e+00
-3.961318275065386274e+01,4.720915285718273680e+01,0.000000000000000000e+00
-4.045490289085912394e+01,4.653804220283820570e+01,0.000000000000000000e+00
-4.128030793829820055e+01,4.584642661227685068e+01,0.000000000000000000e+00
-4.209004727313878647e+01,4.513604969917376053e+01,0.000000000000000000e+00
-4.288545593424576907e+01,4.440918964064119479e+01,0.000000000000000000e+00
-4.366511567553460083e+01,4.366511567553460793e+01,0.000000000000000000e+00
-4.442535058579807838e+01,4.290106237757404983e+01,0.000000000000000000e+00
-4.516990921491669297e+01,4.212162178237839782e+01,0.000000000000000000e+00
-4.589845799704590945e+01,4.132715720757469313e+01,0.000000000000000000e+00
-4.660616561308938088e+01,4.051412166792527358e+01,0.000000000000000000e+00
-4.729557120914886781e+01,3.968569635791561012e+01,0.000000000000000000e+00
-4.796811499116774513e+01,3.884381362230973167e+01,0.000000000000000000e+00
-4.862160498969689115e+01,3.798736111613747823e+01,0.000000000000000000e+00
-4.925486673980449126e+01,3.711620431905306816e+01,0.000000000000000000e+00
-4.986753387189214237e+01,3.623088412467748753e+01,0.000000000000000000e+00
-5.045998419506116761e+01,3.533246131132467127e+01,0.000000000000000000e+00
-5.103239428637597541e+01,3.442178458102138450e+01,0.000000000000000000e+00
-5.158422590956022447e+01,3.349918799488415289e+01,0.000000000000000000e+00
-5.211503535097507722e+01,3.256508836449548738e+01,0.000000000000000000e+00
-5.262467336557093489e+01,3.162009381456013557e+01,0.000000000000000000e+00
-5.311284082303605203e+01,3.066471294660560432e+01,0.000000000000000000e+00
-5.357883482567257261e+01,2.969923311016315282e+01,0.000000000000000000e+00
-5.402202883583552762e+01,2.872402224950214844e+01,0.000000000000000000e+00
-5.444249312442975963e+01,2.773983578082242829e+01,0.000000000000000000e+00
-5.484054739879086782e+01,2.674752214118107574e+01,0.000000000000000000e+00
-5.521627373848013320e+01,2.574777129903602457e+01,0.000000000000000000e+00
-5.556932135464352029e+01,2.474105589021551665e+01,0.000000000000000000e+00
-5.589930454551112859e+01,2.372784702320058869e+01,0.000000000000000000e+00
-5.620589796599158916e+01,2.270865682487551140e+01,0.000000000000000000e+00
-5.648889431669073957e+01,2.168405490709407246e+01,0.000000000000000000e+00
-5.674811300158317096e+01,2.065462398335116134e+01,0.000000000000000000e+00
-5.698338800000859550e+01,1.962095398720193273e+01,0.000000000000000000e+00
-5.719463293435553197e+01,1.858366275918338317e+01,0.000000000000000000e+00
-5.738190723515582903e+01,1.754340960240184444e+01,0.000000000000000000e+00
-5.754530438119308400e+01,1.650085050339326287e+01,0.000000000000000000e+00
-5.768493651146023637e+01,1.545663215368637111e+01,0.000000000000000000e+00
-5.780093399004751831e+01,1.441139143420906521e+01,0.000000000000000000e+00
-5.789344495744413166e+01,1.336575491535246485e+01,0.000000000000000000e+00
-5.796263486874084236e+01,1.232033837303448287e+01,0.000000000000000000e+00
-5.800868601922849876e+01,1.127574632109049269e+01,0.000000000000000000e+00
-5.803179705789564480e+01,1.023257156030511439e+01,0.000000000000000000e+00
-5.802826291297319017e+01,9.190773944476312352e+00,0.000000000000000000e+00
-5.800048799606920369e+01,8.151436996113620381e+00,0.000000000000000000e+00
-5.794954560213786721e+01,7.115309511281346921e+00,0.000000000000000000e+00
-5.787454555939378764e+01,6.082859852368652120e+00,0.000000000000000000e+00
-5.777619580130544819e+01,5.054762154268343188e+00,0.000000000000000000e+00
-5.765457538205527044e+01,4.031600650423937005e+00,0.000000000000000000e+00
-5.750929424626966835e+01,3.013934399581970514e+00,0.000000000000000000e+00
-5.734102132356903780e+01,2.002392588061729928e+00,0.000000000000000000e+00
-5.714993448997924474e+01,9.975558171659648643e-01,0.000000000000000000e+00
-5.693584046597364079e+01,6.972629478341897166e-15,0.000000000000000000e+00
-5.691471448780408338e+01,-9.934500367555680889e-01,0.000000000000000000e+00
-5.405167892405294339e+01,-1.887526220348807682e+00,0.000000000000000000e+00
-5.144995935843741108e+01,-2.696378114178413998e+00,0.000000000000000000e+00
-4.908295230847079438e+01,-3.432214375706704956e+00,0.000000000000000000e+00
-4.691911495743318028e+01,-4.104890661445008249e+00,0.000000000000000000e+00
-4.493220549705120703e+01,-4.722565097567771986e+00,0.000000000000000000e+00
-4.310030300321746921e+01,-5.292051779032208358e+00,0.000000000000000000e+00
-4.140495798522281490e+01,-5.819087356060665073e+00,0.000000000000000000e+00
-3.983052177433091856e+01,-6.308534899061654322e+00,0.000000000000000000e+00
-3.836364619829000588e+01,-6.764545903112261449e+00,0.000000000000000000e+00
-3.699286244244627397e+01,-7.190684037451800847e+00,0.000000000000000000e+00
-3.570827042699788478e+01,-7.590027185145991950e+00,0.000000000000000000e+00
-3.450127680692193621e+01,-7.965247367936410861e+00,0.000000000000000000e+00
-3.336438414077493064e+01,-8.318675263912096440e+00,0.000000000000000000e+00
-3.229102218576682759e+01,-8.652353317451673576e+00,0.000000000000000000e+00
-3.127540867393766888e+01,-8.968079124972618388e+00,0.000000000000000000e+00
-3.031243450005926832e+01,-9.267441256374116421e+00,0.000000000000000000e+00
-2.939756689168931203e+01,-9.551848504434246934e+00,0.000000000000000000e+00
-2.852676931196596755e+01,-9.822554392054112071e+00,0.000000000000000000e+00
-2.769644219487804193e+01,-1.008068055401009033e+01,0.000000000000000000e+00
-2.690334425398941676e+01,-1.032722628128325049e+01,0.000000000000000000e+00
-2.614460207470467168e+01,-1.056310490220493925e+01,0.000000000000000000e+00
-2.541760899252533790e+01,-1.078913490558978339e+01,0.000000000000000000e+00
-2.471978597961199142e+01,-1.100595781281101893e+01,0.000000000000000000e+00
-2.404936151690254675e+01,-1.121440144906976677e+01,0.000000000000000000e+00
-2.340488389452537632e+01,-1.141532460696029005e+01,0.000000000000000000e+00
-2.278215784474360106e+01,-1.160808921629599588e+01,0.000000000000000000e+00
-2.217586565537998666e+01,-1.179111692422340241e+01,0.000000000000000000e+00
-2.158031799106351301e+01,-1.196216559567553794e+01,0.000000000000000000e+00
-2.099284429302096910e+01,-1.212022430363155934e+01,0.000000000000000000e+00
-2.041557891919505252e+01,-1.226691738719354952e+01,0.000000000000000000e+00
-1.985175739162649222e+01,-1.240475477556684147e+01,0.000000000000000000e+00
-1.930523454723654808e+01,-1.253696590343431971e+01,0.000000000000000000e+00
-1.877706149946295611e+01,-1.266528790266178461e+01,0.000000000000000000e+00
-1.826554773928955200e+01,-1.278967421657985959e+01,0.000000000000000000e+00
-1.776932650876262798e+01,-1.291017140262906793e+01,0.000000000000000000e+00
-1.728755844877538195e+01,-1.302710968546345960e+01,0.000000000000000000e+00
-1.681942510070641106e+01,-1.314077507728820216e+01,0.000000000000000000e+00
-1.636407846330152083e+01,-1.325136945753186346e+01,0.000000000000000000e+00
-1.592069095970173187e+01,-1.335904591237317973e+01,0.000000000000000000e+00
-1.548854317220567012e+01,-1.346398516769246356e+01,0.000000000000000000e+00
-1.506696640614583416e+01,-1.356635748739339853e+01,0.000000000000000000e+00
-1.465532707764229592e+01,-1.366631359218320796e+01,0.000000000000000000e+00
-1.425304614760151090e+01,-1.376400667154599233e+01,0.000000000000000000e+00
-1.385955994885808273e+01,-1.385955994885807563e+01,0.000000000000000000e+00
-1.347435177920560712e+01,-1.395309972604528959e+01,0.000000000000000000e+00
-1.309694323545306283e+01,-1.404475212266927819e+01,0.000000000000000000e+00
-1.272686727003614848e+01,-1.413461806467218196e+01,0.000000000000000000e+00
-1.236369716731315194e+01,-1.422280661772492039e+01,0.000000000000000000e+00
-1.200703109644141264e+01,-1.430942244557443921e+01,0.000000000000000000e+00
-1.165647581434922664e+01,-1.439454883835946930e+01,0.000000000000000000e+00
-1.131166997926759343e+01,-1.447827733609322287e+01,0.000000000000000000e+00
-1.097227346747366816e+01,-1.456069868641395182e+01,0.000000000000000000e+00
-1.063795196248858765e+01,-1.464188475201012807e+01,0.000000000000000000e+00
-1.030839236368835188e+01,-1.472191000691714180e+01,0.000000000000000000e+00
-9.983302988561392866e+00,-1.480085534767769495e+01,0.000000000000000000e+00
-9.662396815446093967e+00,-1.487878632257904421e+01,0.000000000000000000e+00
-9.345397162465129526e+00,-1.495576176669519874e+01,0.000000000000000000e+00
-9.032048647492922910e+00,-1.503185324761420461e+01,0.000000000000000000e+00
-8.722101819997584826e+00,-1.510712350102477330e+01,0.000000000000000000e+00
-8.415311056780955923e+00,-1.518162302189648472e+01,0.000000000000000000e+00
-8.111445074386589127e+00,-1.525540942360200880e+01,0.000000000000000000e+00
-7.810283257666207568e+00,-1.532854397246668299e+01,0.000000000000000000e+00
-7.511607073485260244e+00,-1.540107683920103021e+01,0.000000000000000000e+00
-7.215202616668346280e+00,-1.547305194432392206e+01,0.000000000000000000e+00
-6.920868435288692666e+00,-1.554452501301133971e+01,0.000000000000000000e+00
-6.628406891590327810e+00,-1.561554805719553585e+01,0.000000000000000000e+00
-6.337621379526749088e+00,-1.568616335839669418e+01,0.000000000000000000e+00
-6.048320242608109076e+00,-1.575641292378452540e+01,0.000000000000000000e+00
-5.760319962777081138e+00,-1.582634902656368858e+01,0.000000000000000000e+00
-5.473437823969435456e+00,-1.589601766665432336e+01,0.000000000000000000e+00
-5.187491307438401478e+00,-1.596545659614289470e+01,0.000000000000000000e+00
-4.902302098806041286e+00,-1.603470765648001972e+01,0.000000000000000000e+00
-4.617696168832551074e+00,-1.610382031645548295e+01,0.000000000000000000e+00
-4.333498659815948173e+00,-1.617283717296476553e+01,0.000000000000000000e+00
-4.049534014780538094e+00,-1.624179381618663953e+01,0.000000000000000000e+00
-3.765629445869649761e+00,-1.631073309627837986e+01,0.000000000000000000e+00
-3.481613392414079744e+00,-1.637970319551466503e+01,0.000000000000000000e+00
-3.197312184456313044e+00,-1.644874523885546935e+01,0.000000000000000000e+00
-2.912550465860258342e+00,-1.651789450575237339e+01,0.000000000000000000e+00
-2.627153816881038662e+00,-1.658719639061695617e+01,0.000000000000000000e+00
-2.340946430667352640e+00,-1.665669935449392369e+01,0.000000000000000000e+00
-2.053749144622534661e+00,-1.672644450996246235e+01,0.000000000000000000e+00
-1.765380003697756273e+00,-1.679646875537729045e+01,0.000000000000000000e+00
-1.475655720469833510e+00,-1.686682206583915189e+01,0.000000000000000000e+00
-1.184389188395439385e+00,-1.693755450130101892e+01,0.000000000000000000e+00
-8.913886261204254646e-01,-1.700870821688993928e+01,0.000000000000000000e+00
-5.964580838253819017e-01,-1.708032476106581043e+01,0.000000000000000000e+00
-2.993973156436889327e-01,-1.715246072557932422e+01,0.000000000000000000e+00
-3.164212154546997220e-15,-1.722516868673234214e+01,0.000000000000000000e+00
3.019463153925439625e-01,-1.729849282338840410e+01,0.000000000000000000e+00
6.066605385256680361e-01,-1.737248483797085541e+01,0.000000000000000000e+00
9.143694576675431840e-01,-1.744720860483826641e+01,0.000000000000000000e+00
1.225307915995256902e+00,-1.752271956835540578e+01,0.000000000000000000e+00
1.539718880010173097e+00,-1.759906733006545210e+01,0.000000000000000000e+00
1.857856145967739181e+00,-1.767632047625450298e+01,0.000000000000000000e+00
2.179984438126465474e+00,-1.775454847169545047e+01,0.000000000000000000e+00
2.506378474187724414e+00,-1.783380950807086407e+01,0.000000000000000000e+00
2.837326066675195602e+00,-1.791417175109752336e+01,0.000000000000000000e+00
3.173130853816186647e+00,-1.799571932251580009e+01,0.000000000000000000e+00
3.514109137146096629e+00,-1.807852427406297124e+01,0.000000000000000000e+00
3.860592293092616423e+00,-1.816265874250406398e+01,0.000000000000000000e+00
4.212933703661760454e+00,-1.824822069736951491e+01,0.000000000000000000e+00
4.571503344317866535e+00,-1.833529845098547284e+01,0.000000000000000000e+00
4.936689231261845556e+00,-1.842397503224731992e+01,0.000000000000000000e+00
5.308908420297780317e+00,-1.851436390597508463e+01,0.000000000000000000e+00
5.688599385490658022e+00,-1.860657019553939051e+01,0.000000000000000000e+00
6.076224023496509474e+00,-1.870069464530400083e+01,0.000000000000000000e+00
6.472282605837406777e+00,-1.879687354726503656e+01,0.000000000000000000e+00
6.877301495946199772e+00,-1.889523056689370861e+01,0.000000000000000000e+00
7.291840578515279780e+00,-1.899589415258072478e+01,0.000000000000000000e+00
7.716505389301238083e+00,-1.909902104337549389e+01,0.000000000000000000e+00
8.151932447886416355e+00,-1.920474934338864514e+01,0.000000000000000000e+00
8.598819579670454516e+00,-1.931326498810741654e+01,0.000000000000000000e+00
9.057918811022126704e+00,-1.942476957565065376e+01,0.000000000000000000e+00
9.530019640246727874e+00,-1.953943587872400656e+01,0.000000000000000000e+00
1.001595428133881605e+01,-1.965741709521485703e+01,0.000000000000000000e+00
1.051662558054933250e+01,-1.977889605547737872e+01,0.000000000000000000e+00
1.103317344390948485e+01,-1.990437178500522108e+01,0.000000000000000000e+00
1.156679962491731217e+01,-2.003428463132541637e+01,0.000000000000000000e+00
1.211822722681639952e+01,-2.016811693605195899e+01,0.000000000000000000e+00
1.268766671625715681e+01,-2.030451113899122362e+01,0.000000000000000000e+00
1.327323664491759381e+01,-2.043899206592844919e+01,0.000000000000000000e+00
1.387218597685113863e+01,-2.056636147722931085e+01,0.000000000000000000e+00
1.448415103892468281e+01,-2.068551143559201577e+01,0.000000000000000000e+00
1.510964476296140191e+01,-2.079664187648203466e+01,0.000000000000000000e+00
1.574890454212808244e+01,-2.089950221882524772e+01,0.000000000000000000e+00
1.640228397764731838e+01,-2.099396612604428114e+01,0.000000000000000000e+00
1.707031721636181842e+01,-2.108008619163653918e+01,0.000000000000000000e+00
1.775196077918036508e+01,-2.115596303417971669e+01,0.000000000000000000e+00
1.844595306760991349e+01,-2.121964165005992342e+01,0.000000000000000000e+00
1.915464122092180688e+01,-2.127338425701891111e+01,0.000000000000000000e+00
1.987792164075891677e+01,-2.131646118787239530e+01,0.000000000000000000e+00
2.061228579753858270e+01,-2.134464677986606773e+01,0.000000000000000000e+00
2.135666199983893776e+01,-2.135666199983894842e+01,0.000000000000000000e+00
2.210625384898246182e+01,-2.134776119499806057e+01,0.000000000000000000e+00
2.285400002651728357e+01,-2.131169980331787528e+01,0.000000000000000000e+00
2.360499557228682477e+01,-2.125403347891965566e+01,0.000000000000000000e+00
2.435901718423318840e+01,-2.117497058449147573e+01,0.000000000000000000e+00
2.511062220145434054e+01,-2.107031382787236851e+01,0.000000000000000000e+00
2.586293385100623254e+01,-2.094339088412352368e+01,0.000000000000000000e+00
2.661551044091383389e+01,-2.079431574962547202e+01,0.000000000000000000e+00
2.736548721733850797e+01,-2.062137372566167670e+01,0.000000000000000000e+00
2.811321155457495280e+01,-2.042544379321041603e+01,0.000000000000000000e+00
2.885889281079251489e+01,-2.020721429050293239e+01,0.000000000000000000e+00
2.960150671740374761e+01,-1.996646839225715553e+01,0.000000000000000000e+00
3.033889588981916319e+01,-1.970230936007730449e+01,0.000000000000000000e+00
3.107226896319009057e+01,-1.941610856938094543e+01,0.000000000000000000e+00
3.180159447831665176e+01,-1.910832574430480335e+01,0.000000000000000000e+00
3.252339761011924679e+01,-1.877739236516359966e+01,0.000000000000000000e+00
3.323899675569395384e+01,-1.842467676289037115e+01,0.000000000000000000e+00
3.394903697963988520e+01,-1.805102315789885026e+01,0.000000000000000000e+00
3.465055532840392516e+01,-1.765533977893659312e+01,0.000000000000000000e+00
3.534329682847809551e+01,-1.723807765060519870e+01,0.000000000000000000e+00
3.602797500857120383e+01,-1.680012065431367674e+01,0.000000000000000000e+00
3.670453446785383989e+01,-1.634191162598441593e+01,0.000000000000000000e+00
3.737093490577588284e+01,-1.586302072571036526e+01,0.000000000000000000e+00
3.802513865410297456e+01,-1.536315325727577097e+01,0.000000000000000000e+00
3.866868922738989056e+01,-1.484351907635642220e+01,0.000000000000000000e+00
3.930235543251787789e+01,-1.430488751398707592e+01,0.000000000000000000e+00
3.992503250011318272e+01,-1.374729115127633072e+01,0.000000000000000000e+00
4.053485022552515460e+01,-1.317057122212399456e+01,0.000000000000000000e+00
4.113012740710079385e+01,-1.257474188065442533e+01,0.000000000000000000e+00
4.171149210052849554e+01,-1.196057789294154183e+01,0.000000000000000000e+00
4.227961566500989932e+01,-1.132878887373764343e+01,0.000000000000000000e+00
4.283373339421742543e+01,-1.067964920149749375e+01,0.000000000000000000e+00
4.337309459116558230e+01,-1.001346789178036012e+01,0.000000000000000000e+00
4.389738389645561512e+01,-9.330676987339627360e+00,0.000000000000000000e+00
4.440622947343926796e+01,-8.631696612687584036e+00,0.000000000000000000e+00
4.489905768611981074e+01,-7.916915278448748872e+00,0.000000000000000000e+00
4.537526235042489731e+01,-7.186735531951062406e+00,0.000000000000000000e+00
4.583419852488074753e+01,-6.441576518601880075e+00,0.000000000000000000e+00
4.627530862056882910e+01,-5.681893449622968717e+00,0.000000000000000000e+00
4.669853112695501807e+01,-4.908213402128993152e+00,0.000000000000000000e+00
4.710398421783320799e+01,-4.121064625964451444e+00,0.000000000000000000e+00
4.749149478377646716e+01,-3.320928824661316892e+00,0.000000000000000000e+00
4.786049773292658216e+01,-2.508262401563736255e+00,0.000000000000000000e+00
4.821042502185348866e+01,-1.683545139287325076e+00,0.000000000000000000e+00
4.854091041099310644e+01,-8.472847428987231311e-01,0.000000000000000000e+00
4.885174352166630740e+01,-1.196522626731521885e-14,0.000000000000000000e+00
