2.100396170757438341e+01,0.000000000000000000e+00,0.000000000000000000e+00
2.102212732863245748e+01,3.669425974505368115e-01,0.000000000000000000e+00
2.103107144773680659e+01,7.344211981908942422e-01,0.000000000000000000e+00
2.103078388328507842e+01,1.102176679904544487e+00,0.000000000000000000e+00
2.101956194262640309e+01,1.469830955097005010e+00,0.000000000000000000e+00
2.099978779099025061e+01,1.837243368161752821e+00,0.000000000000000000e+00
2.097135497460692832e+01,2.204178227091100783e+00,0.000000000000000000e+00
2.093416380050710757e+01,2.570392110114745776e+00,0.000000000000000000e+00
2.088812167733016878e+01,2.935634055897098804e+00,0.000000000000000000e+00
2.083314345097097942e+01,3.299645765682817533e+00,0.000000000000000000e+00
2.076915173469958731e+01,3.662161817255556340e+00,0.000000000000000000e+00
2.069607723339128214e+01,4.022909890564695168e+00,0.000000000000000000e+00
2.061386604093896935e+01,4.381612488388418214e+00,0.000000000000000000e+00
2.052255448956637096e+01,4.738005032281992435e+00,0.000000000000000000e+00
2.042223926587771032e+01,5.091836129746873496e+00,0.000000000000000000e+00
2.031302455821124298e+01,5.442858526206265424e+00,0.000000000000000000e+00
2.019501460064085308e+01,5.790827252065519737e+00,0.000000000000000000e+00
2.006829107467504514e+01,6.135492305971154359e+00,0.000000000000000000e+00
1.993293443876167359e+01,6.476603002872879600e+00,0.000000000000000000e+00
1.978905719248398398e+01,6.813918832340692511e+00,0.000000000000000000e+00
1.963685197292127427e+01,7.147229612834893331e+00,0.000000000000000000e+00
1.947652212860934640e+01,7.476336372744548875e+00,0.000000000000000000e+00
1.930819336471497394e+01,7.801016492841207572e+00,0.000000000000000000e+00
1.913194579603110057e+01,8.121029175502419761e+00,0.000000000000000000e+00
1.894785891319358839e+01,8.436130313332808939e+00,0.000000000000000000e+00
1.875602631277671506e+01,8.746078706204444941e+00,0.000000000000000000e+00
1.855678802085905588e+01,9.050750256881556766e+00,0.000000000000000000e+00
1.835058357216169611e+01,9.350089343090768779e+00,0.000000000000000000e+00
1.813686685488810468e+01,9.643543167532465432e+00,0.000000000000000000e+00
1.791512653327941962e+01,9.930516795318450107e+00,0.000000000000000000e+00
1.768686902985471576e+01,1.021151859550827368e+01,0.000000000000000000e+00
1.745250261742298648e+01,1.048652152628489098e+01,0.000000000000000000e+00
1.721086716290723828e+01,1.075454340988337165e+01,0.000000000000000000e+00
1.696317773725801814e+01,1.101601642733432307e+01,0.000000000000000000e+00
1.670981399264038103e+01,1.127091185288868935e+01,0.000000000000000000e+00
1.644940578027784994e+01,1.151799792642092157e+01,0.000000000000000000e+00
1.618342509143936780e+01,1.175794657771974627e+01,0.000000000000000000e+00
1.591254122591716502e+01,1.199095988821756187e+01,0.000000000000000000e+00
1.563609562547909171e+01,1.221625676687137130e+01,0.000000000000000000e+00
1.535382216648607567e+01,1.243328003893599565e+01,0.000000000000000000e+00
1.506675529975457906e+01,1.264250881506239566e+01,0.000000000000000000e+00
1.477537836701171337e+01,1.284404046066005556e+01,0.000000000000000000e+00
1.447967816398661967e+01,1.303756077898467503e+01,0.000000000000000000e+00
1.417960856006624049e+01,1.322269889778849183e+01,0.000000000000000000e+00
1.387486334540431088e+01,1.339879978463906873e+01,0.000000000000000000e+00
1.356637353443225358e+01,1.356637353443225003e+01,0.000000000000000000e+00
1.325385069045176500e+01,1.372476416441686986e+01,0.000000000000000000e+00
1.293655833587804693e+01,1.387276037480459401e+01,0.000000000000000000e+00
1.261445350282245847e+01,1.400976992796557141e+01,0.000000000000000000e+00
1.228791697014897544e+01,1.413563147301429446e+01,0.000000000000000000e+00
1.195728230231303257e+01,1.425013414144472179e+01,0.000000000000000000e+00
1.162288936668761608e+01,1.435307302964401899e+01,0.000000000000000000e+00
1.128489894688279804e+01,1.444401197720712560e+01,0.000000000000000000e+00
1.094367448390772068e+01,1.452274655336915465e+01,0.000000000000000000e+00
1.059988806117656601e+01,1.458949428642166701e+01,0.000000000000000000e+00
1.025393985396248198e+01,1.464414376369004955e+01,0.000000000000000000e+00
9.906212243090077862e+00,1.468656361740839245e+01,0.000000000000000000e+00
9.557105540779685882e+00,1.471665197772485989e+01,0.000000000000000000e+00
9.207021502916264311e+00,1.473431442074032383e+01,0.000000000000000000e+00
8.856368235637571473e+00,1.473947194271246453e+01,0.000000000000000000e+00
8.505557831862770257e+00,1.473205831150169587e+01,0.000000000000000000e+00
8.155006454884363265e+00,1.471202108915810669e+01,0.000000000000000000e+00
7.805133809375229603e+00,1.467932172086142373e+01,0.000000000000000000e+00
7.456362879028531232e+00,1.463393611924002613e+01,0.000000000000000000e+00
7.109119774970345418e+00,1.457585558486903743e+01,0.000000000000000000e+00
6.763833311722409647e+00,1.450508734616179396e+01,0.000000000000000000e+00
6.420935828138611079e+00,1.442165799287844230e+01,0.000000000000000000e+00
6.080859936298624646e+00,1.432560826717198310e+01,0.000000000000000000e+00
5.744048538284117100e+00,1.421701902249211003e+01,0.000000000000000000e+00
5.410924204424312656e+00,1.409593947483278065e+01,0.000000000000000000e+00
5.081970962420561122e+00,1.396260046557456391e+01,0.000000000000000000e+00
4.757554874264827482e+00,1.381694261697954040e+01,0.000000000000000000e+00
4.437804222720817648e+00,1.365815699747467882e+01,0.000000000000000000e+00
4.124411864108838088e+00,1.349034334542744773e+01,0.000000000000000000e+00
3.819119179349455440e+00,1.331885138881313146e+01,0.000000000000000000e+00
3.522150138524561491e+00,1.314484326885942345e+01,0.000000000000000000e+00
3.233409183692420363e+00,1.296849590427325083e+01,0.000000000000000000e+00
2.952773908244093803e+00,1.278986894577503186e+01,0.000000000000000000e+00
2.679892517692745724e+00,1.260790302890330317e+01,0.000000000000000000e+00
2.414995280350436424e+00,1.242407366807617741e+01,0.000000000000000000e+00
2.158085420889805928e+00,1.223911061267438427e+01,0.000000000000000000e+00
1.908958620867064138e+00,1.205269038395140413e+01,0.000000000000000000e+00
1.667419130068434896e+00,1.186430359261313683e+01,0.000000000000000000e+00
1.433486745180530209e+00,1.167481265265997870e+01,0.000000000000000000e+00
1.207114441117029369e+00,1.148492673074262882e+01,0.000000000000000000e+00
9.881364737391797881e-01,1.129445157710499181e+01,0.000000000000000000e+00
7.764146735491753715e-01,1.110324712324067420e+01,0.000000000000000000e+00
5.718432679085010406e-01,1.091141955891926330e+01,0.000000000000000000e+00
3.743378141929096237e-01,1.071963246060112596e+01,0.000000000000000000e+00
1.837698866011311938e-01,1.052816975226789964e+01,0.000000000000000000e+00
6.329317356560729303e-16,1.033655966923270775e+01,0.000000000000000000e+00
-1.770890019183137820e-01,1.014542212512969854e+01,0.000000000000000000e+00
-3.477005402674950840e-01,9.956840737706652789e+00,0.000000000000000000e+00
-5.121612124735851479e-01,9.772618101361130627e+00,0.000000000000000000e+00
-6.708790163380967675e-01,9.594016911282304605e+00,0.000000000000000000e+00
-8.242978527896575036e-01,9.421767570439648409e+00,0.000000000000000000e+00
-9.727768719998688418e-01,9.255353692845398328e+00,0.000000000000000000e+00
-1.116613570865581107e+00,9.094087747307062486e+00,0.000000000000000000e+00
-1.256096270706185347e+00,8.937589372982515101e+00,0.000000000000000000e+00
-1.391507414433978962e+00,8.785632045564078396e+00,0.000000000000000000e+00
-1.523108242016114389e+00,8.637976082255880428e+00,0.000000000000000000e+00
-1.651136192133818348e+00,8.494359328155960398e+00,0.000000000000000000e+00
-1.775806240392461488e+00,8.354511507150117922e+00,0.000000000000000000e+00
-1.897318689362667676e+00,8.218190128802836725e+00,0.000000000000000000e+00
-2.015865811235626470e+00,8.085196160270617938e+00,0.000000000000000000e+00
-2.131624174462148691e+00,7.955329721734800685e+00,0.000000000000000000e+00
-2.244758577853878556e+00,7.828403487343395639e+00,0.000000000000000000e+00
-2.355426266453746642e+00,7.704252171276562144e+00,0.000000000000000000e+00
-2.463771482748562391e+00,7.582708931817116138e+00,0.000000000000000000e+00
-2.569927960248996168e+00,7.463612736998380015e+00,0.000000000000000000e+00
-2.674026534796481780e+00,7.346827523375823787e+00,0.000000000000000000e+00
-2.776188991311502097e+00,7.232219582788910195e+00,0.000000000000000000e+00
-2.876526846877359045e+00,7.119653782205181081e+00,0.000000000000000000e+00
-2.975148377346008566e+00,7.009010343447297231e+00,0.000000000000000000e+00
-3.072158254988935244e+00,6.900180415958557134e+00,0.000000000000000000e+00
-3.167652733494130235e+00,6.793053208749185501e+00,0.000000000000000000e+00
-3.261721049901677105e+00,6.687519198773462570e+00,0.000000000000000000e+00
-3.354452782356797336e+00,6.583484270874433442e+00,0.000000000000000000e+00
-3.445933384045216652e+00,6.480858113194289061e+00,0.000000000000000000e+00
-3.536241539340691187e+00,6.379548611145139603e+00,0.000000000000000000e+00
-3.625450995263360454e+00,6.279465324147296634e+00,0.000000000000000000e+00
-3.713637138138372595e+00,6.180530093898589428e+00,0.000000000000000000e+00
-3.800872022955649410e+00,6.082666738802035233e+00,0.000000000000000000e+00
-3.887222337948411433e+00,5.985797484764168175e+00,0.000000000000000000e+00
-3.972750550642902390e+00,5.889844904020665517e+00,0.000000000000000000e+00
-4.057521286799848248e+00,5.794740938056906820e+00,0.000000000000000000e+00
-4.141597576379639101e+00,5.700420025996166373e+00,0.000000000000000000e+00
-4.225038190944695238e+00,5.606815052441621816e+00,0.000000000000000000e+00
-4.307897936351227308e+00,5.513857915974586632e+00,0.000000000000000000e+00
-4.390232957211496867e+00,5.421486195386949092e+00,0.000000000000000000e+00
-4.472100433525731056e+00,5.329641758096412829e+00,0.000000000000000000e+00
-4.553554279028674046e+00,5.238264983160625832e+00,0.000000000000000000e+00
-4.634644972933061879e+00,5.147294708729663881e+00,0.000000000000000000e+00
-4.715422164086474410e+00,5.056671183323211416e+00,0.000000000000000000e+00
-4.795939102975860457e+00,4.966340324225059888e+00,0.000000000000000000e+00
-4.876247321321124595e+00,4.876247321321125483e+00,0.000000000000000000e+00
-4.956395551948664213e+00,4.786335548020534958e+00,0.000000000000000000e+00
-5.036430186690622257e+00,4.696547129368124907e+00,0.000000000000000000e+00
-5.116400908428127003e+00,4.606828070197830804e+00,0.000000000000000000e+00
-5.196359006762985899e+00,4.517125969510964012e+00,0.000000000000000000e+00
-5.276353519730323960e+00,4.427386292366660037e+00,0.000000000000000000e+00
-5.356431100795766120e+00,4.337552380333569602e+00,0.000000000000000000e+00
-5.436638774219932024e+00,4.247567730807132236e+00,0.000000000000000000e+00
-5.517028743516692479e+00,4.157379354210532618e+00,0.000000000000000000e+00
-5.597652408972750848e+00,4.066932532110361542e+00,0.000000000000000000e+00
-5.678559093123739743e+00,3.976169883174537567e+00,0.000000000000000000e+00
-5.759796554944181857e+00,3.885031831589519147e+00,0.000000000000000000e+00
-5.841417746034552216e+00,3.793461039313524630e+00,0.000000000000000000e+00
-5.923478595878363784e+00,3.701400231255286499e+00,0.000000000000000000e+00
-6.006033222136034411e+00,3.608788839752751887e+00,0.000000000000000000e+00
-6.089133757388590418e+00,3.515563013959939198e+00,0.000000000000000000e+00
-6.172835076377211294e+00,3.421658355961033848e+00,0.000000000000000000e+00
-6.257199375846123957e+00,3.327011923923705261e+00,0.000000000000000000e+00
-6.342288023115673745e+00,3.231557155801147108e+00,0.000000000000000000e+00
-6.428160356111042084e+00,3.135223290202487245e+00,0.000000000000000000e+00
-6.514876510761022033e+00,3.037936808901981145e+00,0.000000000000000000e+00
-6.602506814875868990e+00,2.939625428927835848e+00,0.000000000000000000e+00
-6.691122754422256236e+00,2.840213101419294617e+00,0.000000000000000000e+00
-6.780793610853126374e+00,2.739618450760135104e+00,0.000000000000000000e+00
-6.871588965103374136e+00,2.637755867249417907e+00,0.000000000000000000e+00
-6.963590948966738026e+00,2.534539829029430980e+00,0.000000000000000000e+00
-7.056884461472603398e+00,2.429880183879788991e+00,0.000000000000000000e+00
-7.151551801147451037e+00,2.323680038822725002e+00,0.000000000000000000e+00
-7.247677108835391735e+00,2.215837261476580000e+00,0.000000000000000000e+00
-7.345360563140972410e+00,2.106248248215397023e+00,0.000000000000000000e+00
-7.444704132310787870e+00,1.994802460141319900e+00,0.000000000000000000e+00
-7.545806671376855235e+00,1.881380907215140397e+00,0.000000000000000000e+00
-7.648776274773348760e+00,1.765859142881044175e+00,0.000000000000000000e+00
-7.753737861252043118e+00,1.648107859878405135e+00,0.000000000000000000e+00
-7.860814217370569956e+00,1.527987497646665416e+00,0.000000000000000000e+00
-7.970128614545529011e+00,1.405348714460953552e+00,0.000000000000000000e+00
-8.081828255263813432e+00,1.280035845008983708e+00,0.000000000000000000e+00
-8.196065715261303453e+00,1.151881916898479075e+00,0.000000000000000000e+00
-8.312990623762487985e+00,1.020706903528640686e+00,0.000000000000000000e+00
-8.432777370227235281e+00,8.863206166634379768e-01,0.000000000000000000e+00
-8.555614172081039470e+00,7.485192495588288697e-01,0.000000000000000000e+00
-8.681685798693761669e+00,6.070826101979056588e-01,0.000000000000000000e+00
-8.811207378206749041e+00,4.617758114941631908e-01,0.000000000000000000e+00
-8.944410015056652341e+00,3.123456803754707245e-01,0.000000000000000000e+00
-9.081525351754399011e+00,1.585186146621263836e-01,0.000000000000000000e+00
-9.222826410710334599e+00,1.129470484296808503e-15,0.000000000000000000e+00
-9.368593040292504170e+00,-1.635293998043500507e-01,0.000000000000000000e+00
-9.519130079647949216e+00,-3.324153472733475390e-01,0.000000000000000000e+00
-9.674786656779648553e+00,-5.070340837190173700e-01,0.000000000000000000e+00
-9.835915260715974995e+00,-6.877941967283855984e-01,0.000000000000000000e+00
-1.000291256429075659e+01,-8.751414516164692792e-01,0.000000000000000000e+00
-1.017619096643268328e+01,-1.069560769444388049e+00,0.000000000000000000e+00
-1.035628295133762222e+01,-1.271591654766229817e+00,0.000000000000000000e+00
-1.054374986736386788e+01,-1.481827407252548134e+00,0.000000000000000000e+00
-1.073898655841241734e+01,-1.700888375706867350e+00,0.000000000000000000e+00
-1.094161924604975233e+01,-1.929302685717585009e+00,0.000000000000000000e+00
-1.114731443233815611e+01,-2.166818425413240767e+00,0.000000000000000000e+00
-1.135190023102724588e+01,-2.412920881528278105e+00,0.000000000000000000e+00
-1.155582158944143067e+01,-2.667871627324072570e+00,0.000000000000000000e+00
-1.175960771805318927e+01,-2.931999506561452584e+00,0.000000000000000000e+00
-1.196265853284167768e+01,-3.205384693204201163e+00,0.000000000000000000e+00
-1.216459878357001045e+01,-3.488142570795905950e+00,0.000000000000000000e+00
-1.236527200604812293e+01,-3.780443036830784198e+00,0.000000000000000000e+00
-1.256412952775287373e+01,-4.082333149588356136e+00,0.000000000000000000e+00
-1.276051762529791134e+01,-4.393798578259538345e+00,0.000000000000000000e+00
-1.295415301574824696e+01,-4.714926107862119409e+00,0.000000000000000000e+00
-1.314502160676612164e+01,-5.045901034600971613e+00,0.000000000000000000e+00
-1.333358169112066527e+01,-5.387116687528229697e+00,0.000000000000000000e+00
-1.351913609717388098e+01,-5.738532810160512199e+00,0.000000000000000000e+00
-1.369838178352461178e+01,-6.098912512333057201e+00,0.000000000000000000e+00
-1.386771627406083951e+01,-6.466622299715269584e+00,0.000000000000000000e+00
-1.402355052342206854e+01,-6.839742597672780811e+00,0.000000000000000000e+00
-1.416320541302658498e+01,-7.216513604354287459e+00,0.000000000000000000e+00
-1.428685412853949188e+01,-7.596455088916186149e+00,0.000000000000000000e+00
-1.439527053305965332e+01,-7.979428754586289863e+00,0.000000000000000000e+00
-1.448898510044688592e+01,-8.365219448027488625e+00,0.000000000000000000e+00
-1.456796837858488836e+01,-8.753318497930440145e+00,0.000000000000000000e+00
-1.463212475606136032e+01,-9.143166313376486443e+00,0.000000000000000000e+00
-1.468137769560094696e+01,-9.534198154123824764e+00,0.000000000000000000e+00
-1.471566995847833148e+01,-9.925844718035870429e+00,0.000000000000000000e+00
-1.473496381223082530e+01,-1.031753273657129810e+01,0.000000000000000000e+00
-1.473924122141735005e+01,-1.070868557788938169e+01,0.000000000000000000e+00
-1.472856246366279542e+01,-1.109876789668508046e+01,0.000000000000000000e+00
-1.470319431360920426e+01,-1.148739438095815935e+01,0.000000000000000000e+00
-1.466330478691704009e+01,-1.187411009031734110e+01,0.000000000000000000e+00
-1.460903377932528535e+01,-1.225843485608826988e+01,0.000000000000000000e+00
-1.454053506415432118e+01,-1.263989429202117165e+01,0.000000000000000000e+00
-1.445797610604881989e+01,-1.301802015824789294e+01,0.000000000000000000e+00
-1.436153786529548704e+01,-1.339235071952530731e+01,0.000000000000000000e+00
-1.425141168213352927e+01,-1.376242828659075279e+01,0.000000000000000000e+00
-1.412779258006978189e+01,-1.412779258006977656e+01,0.000000000000000000e+00
-1.399088736292664947e+01,-1.448798798113993769e+01,0.000000000000000000e+00
-1.384092799249615879e+01,-1.484257809685760954e+01,0.000000000000000000e+00
-1.367819145796136837e+01,-1.519117061344164910e+01,0.000000000000000000e+00
-1.350298030912923686e+01,-1.553340195094964216e+01,0.000000000000000000e+00
-1.331567571962074936e+01,-1.586900437667751440e+01,0.000000000000000000e+00
-1.311659390167360684e+01,-1.619764451260174809e+01,0.000000000000000000e+00
-1.290544302390183162e+01,-1.651821380818770280e+01,0.000000000000000000e+00
-1.268232450954249479e+01,-1.683001306649797613e+01,0.000000000000000000e+00
-1.244901736085142829e+01,-1.713460242310766546e+01,0.000000000000000000e+00
-1.220539754560256895e+01,-1.743111417624739090e+01,0.000000000000000000e+00
-1.195005971743968409e+01,-1.771669210847244358e+01,0.000000000000000000e+00
-1.168488495511377323e+01,-1.799314494858384350e+01,0.000000000000000000e+00
-1.141085406118797785e+01,-1.826118375996741605e+01,0.000000000000000000e+00
-1.112742110062990974e+01,-1.851913862925256282e+01,0.000000000000000000e+00
-1.083414250599408923e+01,-1.876528527682333802e+01,0.000000000000000000e+00
-1.053241171655866104e+01,-1.900097371485210829e+01,0.000000000000000000e+00
-1.022276264819910097e+01,-1.922622026142200724e+01,0.000000000000000000e+00
-9.905376245954171210e+00,-1.944039548129081396e+01,0.000000000000000000e+00
-9.580652313646615070e+00,-1.964324824350521226e+01,0.000000000000000000e+00
-9.248950301712184796e+00,-1.983443792947072382e+01,0.000000000000000000e+00
-8.910668214235927920e+00,-2.001368848923331356e+01,0.000000000000000000e+00
-8.566217513474072121e+00,-2.018074379527875095e+01,0.000000000000000000e+00
-8.216025397727259261e+00,-2.033537644924911802e+01,0.000000000000000000e+00
-7.860531115190012130e+00,-2.047738365086684098e+01,0.000000000000000000e+00
-7.500183862882869867e+00,-2.060658580502858683e+01,0.000000000000000000e+00
-7.135440739065827209e+00,-2.072282461140618892e+01,0.000000000000000000e+00
-6.766765027810483168e+00,-2.082596132602555983e+01,0.000000000000000000e+00
-6.394624751671800666e+00,-2.091587511322918047e+01,0.000000000000000000e+00
-6.019491480630541957e+00,-2.099246153412827454e+01,0.000000000000000000e+00
-5.641839371981011375e+00,-2.105563118437563119e+01,0.000000000000000000e+00
-5.262144416170301042e+00,-2.110530849388794650e+01,0.000000000000000000e+00
-4.880883862458703426e+00,-2.114143069542271292e+01,0.000000000000000000e+00
-4.498535798743335867e+00,-2.116394696733456016e+01,0.000000000000000000e+00
-4.115578860558161800e+00,-2.117281775512692832e+01,0.000000000000000000e+00
-3.732492045033934502e+00,-2.116801427686867854e+01,0.000000000000000000e+00
-3.349754606641032861e+00,-2.114951822146950278e+01,0.000000000000000000e+00
-2.967846010496798748e+00,-2.111732164378776844e+01,0.000000000000000000e+00
-2.587245923588469498e+00,-2.107142709606963393e+01,0.000000000000000000e+00
-2.208434206784088971e+00,-2.101184791651581207e+01,0.000000000000000000e+00
-1.831890922864057858e+00,-2.093860906128990607e+01,0.000000000000000000e+00
-1.458096203751290565e+00,-2.085174718002575744e+01,0.000000000000000000e+00
-1.087530322217964196e+00,-2.075131473028989149e+01,0.000000000000000000e+00
-7.206832988037927823e-01,-2.063766948131215528e+01,0.000000000000000000e+00
-3.580686257875901335e-01,-2.051373783254981120e+01,0.000000000000000000e+00
-3.744591579849075214e-15,-2.038460712349174742e+01,0.000000000000000000e+00
3.534867239563058705e-01,-2.025124085244005911e+01,0.000000000000000000e+00
7.023820563144702600e-01,-2.011359046599607936e+01,0.000000000000000000e+00
1.046679443325951642e+00,-1.997183352633771491e+01,0.000000000000000000e+00
1.386374566622298410e+00,-1.982607998405914884e+01,0.000000000000000000e+00
1.721467413296092763e+00,-1.967646257147368161e+01,0.000000000000000000e+00
2.051960997708862866e+00,-1.952310477805240652e+01,0.000000000000000000e+00
2.377863100798305318e+00,-1.936614085119923701e+01,0.000000000000000000e+00
2.699181885262280645e+00,-1.920567706160315780e+01,0.000000000000000000e+00
3.015939300895479125e+00,-1.904189132919684369e+01,0.000000000000000000e+00
3.328140027547259017e+00,-1.887482003137079545e+01,0.000000000000000000e+00
3.635700914187393273e+00,-1.870405973894974139e+01,0.000000000000000000e+00
3.938698191189849762e+00,-1.853011810242016466e+01,0.000000000000000000e+00
4.237188051641513020e+00,-1.835327782049030887e+01,0.000000000000000000e+00
4.531202140125578204e+00,-1.817365914961250439e+01,0.000000000000000000e+00
4.820774797176762050e+00,-1.799137647491119552e+01,0.000000000000000000e+00
5.105878317249842979e+00,-1.780631379207120091e+01,0.000000000000000000e+00
5.386399043677710274e+00,-1.761811741621371041e+01,0.000000000000000000e+00
5.662510435460608171e+00,-1.742741514630019850e+01,0.000000000000000000e+00
5.934381772535203048e+00,-1.723469609607789010e+01,0.000000000000000000e+00
6.201923497465982038e+00,-1.703964476647285409e+01,0.000000000000000000e+00
6.464885311180087690e+00,-1.684160202865487221e+01,0.000000000000000000e+00
6.723621636575979998e+00,-1.664154752003457460e+01,0.000000000000000000e+00
6.978209553211578431e+00,-1.643963148514742656e+01,0.000000000000000000e+00
7.228468112572612014e+00,-1.623540519983206920e+01,0.000000000000000000e+00
7.474517290825791527e+00,-1.602915405764425927e+01,0.000000000000000000e+00
7.716422648489210445e+00,-1.582101099944691747e+01,0.000000000000000000e+00
7.954207874200404760e+00,-1.561101193687751021e+01,0.000000000000000000e+00
8.187915901939877728e+00,-1.539923013280842312e+01,0.000000000000000000e+00
8.417522240012596413e+00,-1.518561210204203604e+01,0.000000000000000000e+00
8.643055497577620372e+00,-1.497021125444193679e+01,0.000000000000000000e+00
8.864746196971362124e+00,-1.475341521186422433e+01,0.000000000000000000e+00
9.082562463022750165e+00,-1.453513832174744635e+01,0.000000000000000000e+00
9.296295803753601206e+00,-1.431504020145671596e+01,0.000000000000000000e+00
9.506097726265466008e+00,-1.409336945182890943e+01,0.000000000000000000e+00
9.712156242546049256e+00,-1.387039657896012734e+01,0.000000000000000000e+00
9.914487749501557090e+00,-1.364612168914688439e+01,0.000000000000000000e+00
1.011309557123474256e+01,-1.342053110835938234e+01,0.000000000000000000e+00
1.030799702005609575e+01,-1.319363453049198220e+01,0.000000000000000000e+00
1.049926927489596551e+01,-1.296551777326485677e+01,0.000000000000000000e+00
1.068713132337170002e+01,-1.273642714915433949e+01,0.000000000000000000e+00
1.087256513250069290e+01,-1.250745543388151582e+01,0.000000000000000000e+00
1.105680322108607250e+01,-1.227982403134193667e+01,0.000000000000000000e+00
1.124015453904389261e+01,-1.205359002351259612e+01,0.000000000000000000e+00
1.142258005147536970e+01,-1.182842790500220786e+01,0.000000000000000000e+00
1.160419249778042072e+01,-1.160419249778042605e+01,0.000000000000000000e+00
1.178514890791844572e+01,-1.138078600980669997e+01,0.000000000000000000e+00
1.196556420840862778e+01,-1.115806913848988913e+01,0.000000000000000000e+00
1.214553768518700849e+01,-1.093589125191420486e+01,0.000000000000000000e+00
1.232518100628494295e+01,-1.071411638994795901e+01,0.000000000000000000e+00
1.250460659950864972e+01,-1.049261078566469685e+01,0.000000000000000000e+00
1.268392502360454976e+01,-1.027123996235757808e+01,0.000000000000000000e+00
1.286324373534685961e+01,-1.004986744067909399e+01,0.000000000000000000e+00
1.304267296235819984e+01,-9.828359034951230200e+00,0.000000000000000000e+00
1.322232157104453876e+01,-9.606578940326519600e+00,0.000000000000000000e+00
1.340230064719240133e+01,-9.384391942517000373e+00,0.000000000000000000e+00
1.358272005917000769e+01,-9.161660361796652552e+00,0.000000000000000000e+00
1.376369280050387545e+01,-8.938246615085123636e+00,0.000000000000000000e+00
1.394533123772137984e+01,-8.714010092675879449e+00,0.000000000000000000e+00
1.412775143033905501e+01,-8.488809469901033466e+00,0.000000000000000000e+00
1.431106926205961116e+01,-8.262499690841504929e+00,0.000000000000000000e+00
1.449540506428595421e+01,-8.034934231608007238e+00,0.000000000000000000e+00
1.468087947943837790e+01,-7.805962084302846549e+00,0.000000000000000000e+00
1.486761840241837440e+01,-7.575429949403867269e+00,0.000000000000000000e+00
1.505574856446434850e+01,-7.343179220142941332e+00,0.000000000000000000e+00
1.524540279248849295e+01,-7.109048073794996370e+00,0.000000000000000000e+00
1.543671545394510858e+01,-6.872868527041942954e+00,0.000000000000000000e+00
1.562982773695113181e+01,-6.634468256030133126e+00,0.000000000000000000e+00
1.582488348028524783e+01,-6.393667946820775327e+00,0.000000000000000000e+00
1.602203373174713974e+01,-6.150282517742008181e+00,0.000000000000000000e+00
1.622143398081964705e+01,-5.904119126132660433e+00,0.000000000000000000e+00
1.642324677231702168e+01,-5.654977363579135385e+00,0.000000000000000000e+00
1.662764173531020617e+01,-5.402648301706592271e+00,0.000000000000000000e+00
1.683479497037169281e+01,-5.146913338508556812e+00,0.000000000000000000e+00
1.704489268962706916e+01,-4.887544329504611262e+00,0.000000000000000000e+00
1.725812757124545627e+01,-4.624301345588510692e+00,0.000000000000000000e+00
1.747470471742095555e+01,-4.356933227468877234e+00,0.000000000000000000e+00
1.769483767931159335e+01,-4.085175167283131792e+00,0.000000000000000000e+00
1.791875140479308115e+01,-3.808748188022706760e+00,0.000000000000000000e+00
1.814668738572668971e+01,-3.527358703863087364e+00,0.000000000000000000e+00
1.837889576674384884e+01,-3.240695199305548613e+00,0.000000000000000000e+00
1.861563362245364672e+01,-2.948426712578946063e+00,0.000000000000000000e+00
1.885721022351139453e+01,-2.650208064970769772e+00,0.000000000000000000e+00
1.910392316671146773e+01,-2.345666817547506611e+00,0.000000000000000000e+00
1.935594711651168254e+01,-2.034392019523834527e+00,0.000000000000000000e+00
1.961404795745864149e+01,-1.716006842131439170e+00,0.000000000000000000e+00
1.987820673243687963e+01,-1.390019623953325567e+00,0.000000000000000000e+00
2.014737081696494414e+01,-1.055878962909095220e+00,0.000000000000000000e+00
2.042969471407709392e+01,-7.134206598970601609e-01,0.000000000000000000e+00
2.070468111497330455e+01,-3.614015531799188996e-01,0.000000000000000000e+00
2.092001273031093689e+01,-5.123925325659434539e-15,0.000000000000000000e+00
