2.445903577970791076e+01,0.000000000000000000e+00,0.000000000000000000e+00
2.445629271087637235e+01,4.268861771718415188e-01,0.000000000000000000e+00
2.444157494438842448e+01,8.535186046482650113e-01,0.000000000000000000e+00
2.441494588159398305e+01,1.279533094969973250e+00,0.000000000000000000e+00
2.437649251377384019e+01,1.704570407853052583e+00,0.000000000000000000e+00
2.432631190567667900e+01,2.128276517142426272e+00,0.000000000000000000e+00
2.426451097879010277e+01,2.550302870521344190e+00,0.000000000000000000e+00
2.419120628836921227e+01,2.970306641828998728e+00,0.000000000000000000e+00
2.410652379444568183e+01,3.387950975844456369e+00,0.000000000000000000e+00
2.401059182838545780e+01,3.802904148599715040e+00,0.000000000000000000e+00
2.390339847752682445e+01,4.214814082213623081e+00,0.000000000000000000e+00
2.378479736753846652e+01,4.623296265080119483e+00,0.000000000000000000e+00
2.365464915841364402e+01,5.027950892623085366e+00,0.000000000000000000e+00
2.351296998516090042e+01,5.428396848463755475e+00,0.000000000000000000e+00
2.336023342944115555e+01,5.824360346913069364e+00,0.000000000000000000e+00
2.319699284895789049e+01,6.215615500708794094e+00,0.000000000000000000e+00
2.302344041789269369e+01,6.601865304123570866e+00,0.000000000000000000e+00
2.283935375317235739e+01,6.982691187032798119e+00,0.000000000000000000e+00
2.264463014714297984e+01,7.357686348716209856e+00,0.000000000000000000e+00
2.243947435537663182e+01,7.726530648261483947e+00,0.000000000000000000e+00
2.222416151299419695e+01,8.088933272254417162e+00,0.000000000000000000e+00
2.199902270042451846e+01,8.444633620620663805e+00,0.000000000000000000e+00
2.176449033443801184e+01,8.793424887048740146e+00,0.000000000000000000e+00
2.152102545432563829e+01,9.135133324367100016e+00,0.000000000000000000e+00
2.126803304464620226e+01,9.469138391566332302e+00,0.000000000000000000e+00
2.100508469404419287e+01,9.794831853027153201e+00,0.000000000000000000e+00
2.073398046037836195e+01,1.011263796121432890e+01,0.000000000000000000e+00
2.045485697183542939e+01,1.042227019291869716e+01,0.000000000000000000e+00
2.016684258494693083e+01,1.072290040924864130e+01,0.000000000000000000e+00
1.987045807290312993e+01,1.101437476632295009e+01,0.000000000000000000e+00
1.956670531667917601e+01,1.129684258173880096e+01,0.000000000000000000e+00
1.925605329077713890e+01,1.157020410032403923e+01,0.000000000000000000e+00
1.893801994752569939e+01,1.183378825105629772e+01,0.000000000000000000e+00
1.861202510826515422e+01,1.208679043009011167e+01,0.000000000000000000e+00
1.827954942449657949e+01,1.232971177086502301e+01,0.000000000000000000e+00
1.794112060494566663e+01,1.256250789151250302e+01,0.000000000000000000e+00
1.759679904696520936e+01,1.278482286438442905e+01,0.000000000000000000e+00
1.724688687828233924e+01,1.299646145879439452e+01,0.000000000000000000e+00
1.689165467148156097e+01,1.319720700274358727e+01,0.000000000000000000e+00
1.653135190875594773e+01,1.338682482283837061e+01,0.000000000000000000e+00
1.616594601191497205e+01,1.356483933622967264e+01,0.000000000000000000e+00
1.579581283556591842e+01,1.373109061098477390e+01,0.000000000000000000e+00
1.542166264212754534e+01,1.388572741276855460e+01,0.000000000000000000e+00
1.504384681623403885e+01,1.402861410968226785e+01,0.000000000000000000e+00
1.466268698025180051e+01,1.415959222533899720e+01,0.000000000000000000e+00
1.427853078762707995e+01,1.427853078762707817e+01,0.000000000000000000e+00
1.389172710971486602e+01,1.438530453301599366e+01,0.000000000000000000e+00
1.350263330984696353e+01,1.447980146441689975e+01,0.000000000000000000e+00
1.311161179667054100e+01,1.456192015096438119e+01,0.000000000000000000e+00
1.271903000496159031e+01,1.463157028820389449e+01,0.000000000000000000e+00
1.232525948879611555e+01,1.468867227542864740e+01,0.000000000000000000e+00
1.193067538331900579e+01,1.473315710640336995e+01,0.000000000000000000e+00
1.153565588305596279e+01,1.476496621937634046e+01,0.000000000000000000e+00
1.114058183272343427e+01,1.478405143095404917e+01,0.000000000000000000e+00
1.074583640260258299e+01,1.479037494488319027e+01,0.000000000000000000e+00
1.035180485273822981e+01,1.478390946662145211e+01,0.000000000000000000e+00
9.958874379995135584e+00,1.476463844610230502e+01,0.000000000000000000e+00
9.567434044662796566e+00,1.473255647898308496e+01,0.000000000000000000e+00
9.177874765881183450e+00,1.468766989105420606e+01,0.000000000000000000e+00
8.790589393439253385e+00,1.462999756526903106e+01,0.000000000000000000e+00
8.405972788303722965e+00,1.455957195638346668e+01,0.000000000000000000e+00
8.024422107490400080e+00,1.447644069036844172e+01,0.000000000000000000e+00
7.646336521323273239e+00,1.438066745859688389e+01,0.000000000000000000e+00
7.272119023229515200e+00,1.427233719227409914e+01,0.000000000000000000e+00
6.902171030777159544e+00,1.415154777963973842e+01,0.000000000000000000e+00
6.536910488480318193e+00,1.401844978129756214e+01,0.000000000000000000e+00
6.176717934761740025e+00,1.387313562350856877e+01,0.000000000000000000e+00
5.822077221311860562e+00,1.371595439583611942e+01,0.000000000000000000e+00
5.473296970900240588e+00,1.354688537751842325e+01,0.000000000000000000e+00
5.129936673559450711e+00,1.336394193086141691e+01,0.000000000000000000e+00
4.793186715154597266e+00,1.316917226711712630e+01,0.000000000000000000e+00
4.463616870405880732e+00,1.296328466881006847e+01,0.000000000000000000e+00
4.142714561796394968e+00,1.274996440605695369e+01,0.000000000000000000e+00
3.832003016089059244e+00,1.253391709921402253e+01,0.000000000000000000e+00
3.531803118753686910e+00,1.231686120914397797e+01,0.000000000000000000e+00
3.241729273673044087e+00,1.209829835373115436e+01,0.000000000000000000e+00
2.962062049367186756e+00,1.188018199155201238e+01,0.000000000000000000e+00
2.692535500925669290e+00,1.166265256291314323e+01,0.000000000000000000e+00
2.432524116170946105e+00,1.144412619897029160e+01,0.000000000000000000e+00
2.182222981340493639e+00,1.122656400239793406e+01,0.000000000000000000e+00
1.941498781027488407e+00,1.101078673965113452e+01,0.000000000000000000e+00
1.709901025065102997e+00,1.079589018694919922e+01,0.000000000000000000e+00
1.487146227318737690e+00,1.058159523862163098e+01,0.000000000000000000e+00
1.273130928635705761e+00,1.036881933097818731e+01,0.000000000000000000e+00
1.067955005869641871e+00,1.016091314655519362e+01,0.000000000000000000e+00
8.714278761857777722e-01,9.960466202887680254e+00,0.000000000000000000e+00
6.830466198805620337e-01,9.768021748687070627e+00,0.000000000000000000e+00
5.022529372848236751e-01,9.583556948144678955e+00,0.000000000000000000e+00
3.284778647024982345e-01,9.406375331451993560e+00,0.000000000000000000e+00
1.612109080597035060e-01,9.235766737200371779e+00,0.000000000000000000e+00
5.554566442280683159e-16,9.071295407211268369e+00,0.000000000000000000e+00
-1.555696095014149349e-01,8.912576959248307062e+00,0.000000000000000000e+00
-3.058794664562117793e-01,8.759241875483226636e+00,0.000000000000000000e+00
-4.512796840451288594e-01,8.610929335659939454e+00,0.000000000000000000e+00
-5.920902266220681165e-01,8.467284724783123551e+00,0.000000000000000000e+00
-7.286073787830806836e-01,8.328020447668450288e+00,0.000000000000000000e+00
-8.611043585149130708e-01,8.192860700030442089e+00,0.000000000000000000e+00
-9.898322845305409512e-01,8.061537030810251636e+00,0.000000000000000000e+00
-1.115026339495812424e+00,7.933824655709404539e+00,0.000000000000000000e+00
-1.236903586816510359e+00,7.809501894769726782e+00,0.000000000000000000e+00
-1.355663392813478474e+00,7.688349153184343976e+00,0.000000000000000000e+00
-1.471494857588343752e+00,7.570184779085773918e+00,0.000000000000000000e+00
-1.584574235706008638e+00,7.454835660006305709e+00,0.000000000000000000e+00
-1.695063055380244377e+00,7.342124729769922808e+00,0.000000000000000000e+00
-1.803113852216827517e+00,7.231894659465618602e+00,0.000000000000000000e+00
-1.908872546709341922e+00,7.124009329492657194e+00,0.000000000000000000e+00
-2.012473722844699608e+00,7.018329928898894288e+00,0.000000000000000000e+00
-2.114041180971014455e+00,6.914717132362349084e+00,0.000000000000000000e+00
-2.213695258325656390e+00,6.813053452871794313e+00,0.000000000000000000e+00
-2.311550816814846421e+00,6.713231026494115739e+00,0.000000000000000000e+00
-2.407713771040548512e+00,6.615139218443844449e+00,0.000000000000000000e+00
-2.502281807599231911e+00,6.518666973758998395e+00,0.000000000000000000e+00
-2.595351371401200868e+00,6.423720059351065714e+00,0.000000000000000000e+00
-2.687015643955222188e+00,6.330212161817346583e+00,0.000000000000000000e+00
-2.777360938357456455e+00,6.238054801955970952e+00,0.000000000000000000e+00
-2.866466778760582645e+00,6.147157844462813436e+00,0.000000000000000000e+00
-2.954410841314353497e+00,6.057439897550337626e+00,0.000000000000000000e+00
-3.041270992054998068e+00,5.968830399095210737e+00,0.000000000000000000e+00
-3.127120142642524581e+00,5.881257612585397254e+00,0.000000000000000000e+00
-3.212025877540016339e+00,5.794648074249792558e+00,0.000000000000000000e+00
-3.296051608512900355e+00,5.708928850313468750e+00,0.000000000000000000e+00
-3.379263016183500223e+00,5.624038103300125435e+00,0.000000000000000000e+00
-3.461724368788070549e+00,5.539917037394386234e+00,0.000000000000000000e+00
-3.543495887729855465e+00,5.456505166936255868e+00,0.000000000000000000e+00
-3.624633716340280642e+00,5.373740473001380913e+00,0.000000000000000000e+00
-3.705191790273520525e+00,5.291562269876379787e+00,0.000000000000000000e+00
-3.785226559841070149e+00,5.209917401852546703e+00,0.000000000000000000e+00
-3.864792516133284117e+00,5.128752895171987625e+00,0.000000000000000000e+00
-3.943940917991172412e+00,5.048014175846691209e+00,0.000000000000000000e+00
-4.022719763505938850e+00,4.967645197490840658e+00,0.000000000000000000e+00
-4.101176941786914831e+00,4.887592354239090220e+00,0.000000000000000000e+00
-4.179367009008788436e+00,4.807811769345472719e+00,0.000000000000000000e+00
-4.257344063960550429e+00,4.728259597368362321e+00,0.000000000000000000e+00
-4.335159988549535548e+00,4.648889924671484764e+00,0.000000000000000000e+00
-4.412864389251382136e+00,4.569654845716716984e+00,0.000000000000000000e+00
-4.490503424802765764e+00,4.490503424802765764e+00,0.000000000000000000e+00
-4.568116647182153933e+00,4.411378968193131023e+00,0.000000000000000000e+00
-4.645739859420261908e+00,4.332222505180454597e+00,0.000000000000000000e+00
-4.723405981534253506e+00,4.252973848634051812e+00,0.000000000000000000e+00
-4.801145023380034793e+00,4.173571695156640615e+00,0.000000000000000000e+00
-4.878995107027710887e+00,4.093962994822708090e+00,0.000000000000000000e+00
-4.957045962539091022e+00,4.014136672277934359e+00,0.000000000000000000e+00
-5.035404392738749735e+00,3.934089075695572202e+00,0.000000000000000000e+00
-5.114178520577256748e+00,3.853809937129706320e+00,0.000000000000000000e+00
-5.193477516054939791e+00,3.773282283653558888e+00,0.000000000000000000e+00
-5.273354570288412368e+00,3.692442621768572852e+00,0.000000000000000000e+00
-5.353550914674004346e+00,3.611015687297179699e+00,0.000000000000000000e+00
-5.433685901707367982e+00,3.528676883619026317e+00,0.000000000000000000e+00
-5.513358211768218275e+00,3.445128572631575459e+00,0.000000000000000000e+00
-5.592147125189865342e+00,3.360100983334775915e+00,0.000000000000000000e+00
-5.669732495533040151e+00,3.273421582529168816e+00,0.000000000000000000e+00
-5.746355586059419984e+00,3.185256914218918212e+00,0.000000000000000000e+00
-5.822441152598156755e+00,3.095846876130373904e+00,0.000000000000000000e+00
-5.898430020844949162e+00,3.005400207682456859e+00,0.000000000000000000e+00
-5.974777678491748567e+00,2.914093783236307189e+00,0.000000000000000000e+00
-6.051916440615635828e+00,2.822054982773212206e+00,0.000000000000000000e+00
-6.129992745058143733e+00,2.729248610833103772e+00,0.000000000000000000e+00
-6.209008809241211679e+00,2.635567873146483109e+00,0.000000000000000000e+00
-6.288961569695080023e+00,2.540905407426248708e+00,0.000000000000000000e+00
-6.369843605327417002e+00,2.445153868885522552e+00,0.000000000000000000e+00
-6.451652282457289722e+00,2.348209392650059790e+00,0.000000000000000000e+00
-6.534453075425457058e+00,2.249992631614563088e+00,0.000000000000000000e+00
-6.618343341950573944e+00,2.150430108231659254e+00,0.000000000000000000e+00
-6.703418735670251039e+00,2.049440778159219878e+00,0.000000000000000000e+00
-6.789772670820410028e+00,1.946935983709013884e+00,0.000000000000000000e+00
-6.877497250619494906e+00,1.842819834250762012e+00,0.000000000000000000e+00
-6.966685732814501542e+00,1.736989840198720270e+00,0.000000000000000000e+00
-7.057429021534755265e+00,1.629335872198780288e+00,0.000000000000000000e+00
-7.149814524111553382e+00,1.519739991823537029e+00,0.000000000000000000e+00
-7.243928639418392379e+00,1.408077088301720847e+00,0.000000000000000000e+00
-7.339883765278087502e+00,1.294219543082564039e+00,0.000000000000000000e+00
-7.437806330090840135e+00,1.178032792833731968e+00,0.000000000000000000e+00
-7.537818593560135838e+00,1.059371316974150101e+00,0.000000000000000000e+00
-7.640040252195679393e+00,9.380789876463635490e-01,0.000000000000000000e+00
-7.744615408027474501e+00,8.139918798875046546e-01,0.000000000000000000e+00
-7.851702937503039159e+00,6.869349964047160029e-01,0.000000000000000000e+00
-7.961455948746755773e+00,5.567192329245584936e-01,0.000000000000000000e+00
-8.074030277169086389e+00,4.231419966904692576e-01,0.000000000000000000e+00
-8.189621689143935512e+00,2.859878912312108223e-01,0.000000000000000000e+00
-8.308432605002431970e+00,1.450242305720368108e-01,0.000000000000000000e+00
-8.430658897060274271e+00,1.032457943298802124e-15,0.000000000000000000e+00
-8.556531006110589033e+00,-1.493548042719645419e-01,0.000000000000000000e+00
-8.686309149945612873e+00,-3.033325995593093571e-01,0.000000000000000000e+00
-8.820244991217752073e+00,-4.622494527220872285e-01,0.000000000000000000e+00
-8.958627091020753497e+00,-6.264482318658417537e-01,0.000000000000000000e+00
-9.101787329656490400e+00,-7.963032091688327929e-01,0.000000000000000000e+00
-9.250050507274956146e+00,-9.722194847360129399e-01,0.000000000000000000e+00
-9.403795997625813641e+00,-1.154640962388979730e+00,0.000000000000000000e+00
-9.563434584476519618e+00,-1.344053079124048811e+00,0.000000000000000000e+00
-9.729396603124556009e+00,-1.540985035681326165e+00,0.000000000000000000e+00
-9.902215628319343210e+00,-1.746027784065726562e+00,0.000000000000000000e+00
-1.008242896250140497e+01,-1.959825658590108377e+00,0.000000000000000000e+00
-1.027059268887638410e+01,-2.183081868260828173e+00,0.000000000000000000e+00
-1.046728618828067248e+01,-2.416563428281949477e+00,0.000000000000000000e+00
-1.067346293701737814e+01,-2.661193197507250030e+00,0.000000000000000000e+00
-1.088996119756247971e+01,-2.917956308493123263e+00,0.000000000000000000e+00
-1.111388932561850140e+01,-3.186856481955172349e+00,0.000000000000000000e+00
-1.134084780260672076e+01,-3.467245127009899175e+00,0.000000000000000000e+00
-1.156972992320437044e+01,-3.759233132144334188e+00,0.000000000000000000e+00
-1.180048995802956746e+01,-4.063234542896983825e+00,0.000000000000000000e+00
-1.203309113485543769e+01,-4.379686999299895689e+00,0.000000000000000000e+00
-1.226708731669822683e+01,-4.708893635519555865e+00,0.000000000000000000e+00
-1.250167417733545960e+01,-5.051004234489684386e+00,0.000000000000000000e+00
-1.273663691879112569e+01,-5.406381615232326965e+00,0.000000000000000000e+00
-1.297043468243179909e+01,-5.774809581539344094e+00,0.000000000000000000e+00
-1.319679048991251591e+01,-6.153764468513259089e+00,0.000000000000000000e+00
-1.341034774900735727e+01,-6.540663621191725063e+00,0.000000000000000000e+00
-1.360816700881764518e+01,-6.933707411963057510e+00,0.000000000000000000e+00
-1.378905195769901582e+01,-7.331768979578746404e+00,0.000000000000000000e+00
-1.395322176146427218e+01,-7.734397119307391932e+00,0.000000000000000000e+00
-1.410086661060650215e+01,-8.141139133440672637e+00,0.000000000000000000e+00
-1.423204972832281356e+01,-8.551478209791067542e+00,0.000000000000000000e+00
-1.434683389278891319e+01,-8.964896796537779267e+00,0.000000000000000000e+00
-1.444524195717639259e+01,-9.380849812565619672e+00,0.000000000000000000e+00
-1.452725338413611489e+01,-9.798756133927771117e+00,0.000000000000000000e+00
-1.459286270433429245e+01,-1.021803246963419376e+01,0.000000000000000000e+00
-1.464208274174484714e+01,-1.063809581045096309e+01,0.000000000000000000e+00
-1.467494461606402112e+01,-1.105836395046923037e+01,0.000000000000000000e+00
-1.469149773125688085e+01,-1.147825600928703693e+01,0.000000000000000000e+00
-1.469180975020384139e+01,-1.189719295445380176e+01,0.000000000000000000e+00
-1.467591467851178777e+01,-1.231455459392847018e+01,0.000000000000000000e+00
-1.464376634900092355e+01,-1.272963187886605319e+01,0.000000000000000000e+00
-1.459570160500977565e+01,-1.314202875451527497e+01,0.000000000000000000e+00
-1.453216248398704202e+01,-1.355146075052166843e+01,0.000000000000000000e+00
-1.445358909789236002e+01,-1.395766874750855813e+01,0.000000000000000000e+00
-1.436040535298457321e+01,-1.436040535298456966e+01,0.000000000000000000e+00
-1.425265595237254068e+01,-1.475905729070935735e+01,0.000000000000000000e+00
-1.412999250831851761e+01,-1.515256183880394225e+01,0.000000000000000000e+00
-1.399224066726598359e+01,-1.553995759556756795e+01,0.000000000000000000e+00
-1.383978806622958757e+01,-1.592085495402485407e+01,0.000000000000000000e+00
-1.367336530071893996e+01,-1.629528221998479864e+01,0.000000000000000000e+00
-1.349417343291011306e+01,-1.666391640209154446e+01,0.000000000000000000e+00
-1.330188495843774099e+01,-1.702563634494737599e+01,0.000000000000000000e+00
-1.309555986378752301e+01,-1.737839490345931637e+01,0.000000000000000000e+00
-1.287645663991919243e+01,-1.772292211891576486e+01,0.000000000000000000e+00
-1.264525153106956878e+01,-1.805929076884966378e+01,0.000000000000000000e+00
-1.240212169201418035e+01,-1.838690154732539028e+01,0.000000000000000000e+00
-1.214727811202347496e+01,-1.870516797041670998e+01,0.000000000000000000e+00
-1.188102536321421709e+01,-1.901361512916419727e+01,0.000000000000000000e+00
-1.160372702637172004e+01,-1.931184480878663123e+01,0.000000000000000000e+00
-1.131580019768354894e+01,-1.959954087068582851e+01,0.000000000000000000e+00
-1.101769564284722236e+01,-1.987644909274229477e+01,0.000000000000000000e+00
-1.070991093961933771e+01,-2.014241294564429552e+01,0.000000000000000000e+00
-1.039289383037841219e+01,-2.039720261410032620e+01,0.000000000000000000e+00
-1.006725702412951406e+01,-2.064093575073887621e+01,0.000000000000000000e+00
-9.732069559190529517e+00,-2.087049052056447351e+01,0.000000000000000000e+00
-9.389090032732084978e+00,-2.108824148701381063e+01,0.000000000000000000e+00
-9.038945415964658281e+00,-2.129442094275210096e+01,0.000000000000000000e+00
-8.681727017381676959e+00,-2.148802840567044115e+01,0.000000000000000000e+00
-8.316992841905683775e+00,-2.166650710358509002e+01,0.000000000000000000e+00
-7.946820689874258825e+00,-2.183371040188428580e+01,0.000000000000000000e+00
-7.570684419484474681e+00,-2.198686404251768423e+01,0.000000000000000000e+00
-7.188936344068761031e+00,-2.212527103594127098e+01,0.000000000000000000e+00
-6.803280665398066418e+00,-2.225252837869976119e+01,0.000000000000000000e+00
-6.412231479686161251e+00,-2.236210867950891057e+01,0.000000000000000000e+00
-6.018346785983917258e+00,-2.246077598286085220e+01,0.000000000000000000e+00
-5.620504518241844494e+00,-2.254261235861645218e+01,0.000000000000000000e+00
-5.220406868417745372e+00,-2.261206640449873362e+01,0.000000000000000000e+00
-4.817690110545709281e+00,-2.266544995220987246e+01,0.000000000000000000e+00
-4.413509648578217259e+00,-2.270553878711670137e+01,0.000000000000000000e+00
-4.007892658554961685e+00,-2.272988876944204151e+01,0.000000000000000000e+00
-3.601744918082676605e+00,-2.274052243201761669e+01,0.000000000000000000e+00
-3.195267418497111489e+00,-2.273550904449518129e+01,0.000000000000000000e+00
-2.789248217771274074e+00,-2.271660375914003893e+01,0.000000000000000000e+00
-2.383991420651577542e+00,-2.268216323181900052e+01,0.000000000000000000e+00
-1.980185378780790373e+00,-2.263362244862769401e+01,0.000000000000000000e+00
-1.578245450864096622e+00,-2.256996146398119762e+01,0.000000000000000000e+00
-1.178744062606011056e+00,-2.249177657843315359e+01,0.000000000000000000e+00
-7.822263853931333832e-01,-2.240003289669688513e+01,0.000000000000000000e+00
-3.892391017746023585e-01,-2.229949320585825134e+01,0.000000000000000000e+00
-4.077009672383359044e-15,-2.219420693499509767e+01,0.000000000000000000e+00
3.854473976574649963e-01,-2.208226662247272287e+01,0.000000000000000000e+00
7.670826070730303314e-01,-2.196637182506232833e+01,0.000000000000000000e+00
1.144812096159944614e+00,-2.184431608859251028e+01,0.000000000000000000e+00
1.518635356497583855e+00,-2.171749739891471265e+01,0.000000000000000000e+00
1.888569390111498381e+00,-2.158644690636858599e+01,0.000000000000000000e+00
2.254401565981578148e+00,-2.144919812491896138e+01,0.000000000000000000e+00
2.616289001692060801e+00,-2.130796398547991544e+01,0.000000000000000000e+00
2.974196386697795624e+00,-2.116250691833400666e+01,0.000000000000000000e+00
3.327860217645117746e+00,-2.101128248978371005e+01,0.000000000000000000e+00
3.677504648691202860e+00,-2.085616525568207891e+01,0.000000000000000000e+00
4.023109054785933836e+00,-2.069710184448555523e+01,0.000000000000000000e+00
4.364465955937823161e+00,-2.053319794809882737e+01,0.000000000000000000e+00
4.701593499120003017e+00,-2.036483881212952340e+01,0.000000000000000000e+00
5.034607000298093382e+00,-2.019270576464170830e+01,0.000000000000000000e+00
5.363476898003004756e+00,-2.001676828856910362e+01,0.000000000000000000e+00
5.688152668511913923e+00,-1.983694577494063793e+01,0.000000000000000000e+00
6.008384405733997902e+00,-1.965253986635432426e+01,0.000000000000000000e+00
6.324426431728610076e+00,-1.946458311100718674e+01,0.000000000000000000e+00
6.636242495833059252e+00,-1.927304764329294784e+01,0.000000000000000000e+00
6.943826205583918387e+00,-1.907800570445912314e+01,0.000000000000000000e+00
7.247159318927819172e+00,-1.887949549183268516e+01,0.000000000000000000e+00
7.546226401770973702e+00,-1.867756575992629919e+01,0.000000000000000000e+00
7.841016409708070789e+00,-1.847227705927364028e+01,0.000000000000000000e+00
8.131453181885184733e+00,-1.826354287179455227e+01,0.000000000000000000e+00
8.417525949760413795e+00,-1.805144265282999072e+01,0.000000000000000000e+00
8.699319471391264713e+00,-1.783624813131908482e+01,0.000000000000000000e+00
8.976827307568747472e+00,-1.761801557993994649e+01,0.000000000000000000e+00
9.250050339336354455e+00,-1.739681447897571687e+01,0.000000000000000000e+00
9.518990240630019528e+00,-1.717271297605920211e+01,0.000000000000000000e+00
9.783650525519060892e+00,-1.694577979369695697e+01,0.000000000000000000e+00
1.004404210508226747e+01,-1.671609319535312466e+01,0.000000000000000000e+00
1.030016834046193885e+01,-1.648371505017670557e+01,0.000000000000000000e+00
1.055190660505978428e+01,-1.624851128257526156e+01,0.000000000000000000e+00
1.079931630269853038e+01,-1.601064483700418251e+01,0.000000000000000000e+00
1.104246197634702753e+01,-1.577027006104559881e+01,0.000000000000000000e+00
1.128136698272052207e+01,-1.552746955321696909e+01,0.000000000000000000e+00
1.151606058417074330e+01,-1.528232856369071335e+01,0.000000000000000000e+00
1.174655291902814902e+01,-1.503490211582325387e+01,0.000000000000000000e+00
1.197292630704079031e+01,-1.478533265196838364e+01,0.000000000000000000e+00
1.219513959821491156e+01,-1.453360142836053548e+01,0.000000000000000000e+00
1.241293139986990646e+01,-1.427944412341201108e+01,0.000000000000000000e+00
1.262785924684117056e+01,-1.402465851504336491e+01,0.000000000000000000e+00
1.284176350794792931e+01,-1.377110536746017999e+01,0.000000000000000000e+00
1.305476949898808670e+01,-1.351860955575071266e+01,0.000000000000000000e+00
1.326701453815509524e+01,-1.326701453815510057e+01,0.000000000000000000e+00
1.347863186858717555e+01,-1.301616349525154348e+01,0.000000000000000000e+00
1.368975273827703276e+01,-1.276590095393769175e+01,0.000000000000000000e+00
1.390050713111939906e+01,-1.251607283865086906e+01,0.000000000000000000e+00
1.411102412839812636e+01,-1.226652613182127460e+01,0.000000000000000000e+00
1.432143223154856670e+01,-1.201710850342282022e+01,0.000000000000000000e+00
1.453185968183219501e+01,-1.176766794297800089e+01,0.000000000000000000e+00
1.474243476525660768e+01,-1.151805238180793900e+01,0.000000000000000000e+00
1.495328612425244508e+01,-1.126810932127634501e+01,0.000000000000000000e+00
1.516454307904084864e+01,-1.101768546469254417e+01,0.000000000000000000e+00
1.537633594694690409e+01,-1.076662634009716868e+01,0.000000000000000000e+00
1.558879635912396111e+01,-1.051477591155133773e+01,0.000000000000000000e+00
1.580205759146682176e+01,-1.026197618804291700e+01,0.000000000000000000e+00
1.601625491044460148e+01,-1.000806682590412500e+01,0.000000000000000000e+00
1.623152592124539240e+01,-9.752884712801407119e+00,0.000000000000000000e+00
1.644801092528852138e+01,-9.496263535349244833e+00,0.000000000000000000e+00
1.666585329764614087e+01,-9.238033333069230579e+00,0.000000000000000000e+00
1.688519988370487113e+01,-8.978020033655182530e+00,0.000000000000000000e+00
1.710620141412286088e+01,-8.716044964673189455e+00,0.000000000000000000e+00
1.732901293498490602e+01,-8.451924336071476418e+00,0.000000000000000000e+00
1.755379426679740007e+01,-8.185468696284949885e+00,0.000000000000000000e+00
1.778071049155021655e+01,-7.916482356004596710e+00,0.000000000000000000e+00
1.800993247043940571e+01,-7.644762775337181182e+00,0.000000000000000000e+00
1.824163739596184541e+01,-7.370099910143928845e+00,0.000000000000000000e+00
1.847600938207965626e+01,-7.092275512757308498e+00,0.000000000000000000e+00
1.871324009593405080e+01,-6.811062381596805437e+00,0.000000000000000000e+00
1.895352943807679225e+01,-6.526223554828411544e+00,0.000000000000000000e+00
1.919708627582649996e+01,-6.237511441298447146e+00,0.000000000000000000e+00
1.944412923550253680e+01,-5.944666881540440428e+00,0.000000000000000000e+00
1.969488756021876696e+01,-5.647418130931292524e+00,0.000000000000000000e+00
1.994960204065136011e+01,-5.345479756114808190e+00,0.000000000000000000e+00
2.020852602703575229e+01,-5.038551434725263789e+00,0.000000000000000000e+00
2.047192653342864688e+01,-4.726316647628099332e+00,0.000000000000000000e+00
2.074008544446677860e+01,-4.408441250818342816e+00,0.000000000000000000e+00
2.101330083295169970e+01,-4.084571911913025488e+00,0.000000000000000000e+00
2.129188840229897295e+01,-3.754334395558980741e+00,0.000000000000000000e+00
2.157618307194044149e+01,-3.417331680189026777e+00,0.000000000000000000e+00
2.186654074447769247e+01,-3.073141888282756362e+00,0.000000000000000000e+00
2.216334021414305511e+01,-2.721315996335256227e+00,0.000000000000000000e+00
2.246698530168275454e+01,-2.361375308858558064e+00,0.000000000000000000e+00
2.277790723180918420e+01,-1.992808661628467704e+00,0.000000000000000000e+00
2.309656722863973499e+01,-1.615069313137723617e+00,0.000000000000000000e+00
2.342345944672051772e+01,-1.227571492729008007e+00,0.000000000000000000e+00
2.375911422374329263e+01,-8.296865511354408751e-01,0.000000000000000000e+00
2.410410159447365785e+01,-4.207386583679132985e-01,0.000000000000000000e+00
2.445899917954741198e+01,-5.990727011116095365e-15,0.000000000000000000e+00
