2.835756745623629271e+01,0.000000000000000000e+00,0.000000000000000000e+00
2.834233511361172120e+01,4.947172996253937360e-01,0.000000000000000000e+00
2.830811494006227136e+01,9.885411565678146051e-01,0.000000000000000000e+00
2.825675015362502762e+01,1.480873525307220939e+00,0.000000000000000000e+00
2.818853024728971235e+01,1.971134053566182986e+00,0.000000000000000000e+00
2.810101732417879461e+01,2.458520449411239817e+00,0.000000000000000000e+00
2.799808013104432547e+01,2.942716801080544453e+00,0.000000000000000000e+00
2.787574161900604963e+01,3.422710694532480336e+00,0.000000000000000000e+00
2.773721065632311067e+01,3.898210737955716709e+00,0.000000000000000000e+00
2.758145919405381363e+01,4.368473977784248952e+00,0.000000000000000000e+00
2.740955302339462207e+01,4.833043727183751415e+00,0.000000000000000000e+00
2.721867218394885413e+01,5.290773913434197340e+00,0.000000000000000000e+00
2.701196325564180611e+01,5.741570033576198107e+00,0.000000000000000000e+00
2.678907285679432704e+01,6.184744792379027523e+00,0.000000000000000000e+00
2.655065192233163174e+01,6.619821017979402811e+00,0.000000000000000000e+00
2.629470585460179777e+01,7.045645198954464838e+00,0.000000000000000000e+00
2.602410205057819681e+01,7.462291181519629113e+00,0.000000000000000000e+00
2.573806496999444704e+01,7.868916142703678673e+00,0.000000000000000000e+00
2.543687305681562805e+01,8.264941066735531194e+00,0.000000000000000000e+00
2.512164693893818779e+01,8.650076732390211021e+00,0.000000000000000000e+00
2.479105353493816111e+01,9.023205562817404157e+00,0.000000000000000000e+00
2.444712726103723099e+01,9.384372915446064667e+00,0.000000000000000000e+00
2.408953413758197826e+01,9.732803559734417576e+00,0.000000000000000000e+00
2.371863987592062628e+01,1.006796530207321005e+01,0.000000000000000000e+00
2.333539938772587163e+01,1.038958919054680941e+01,0.000000000000000000e+00
2.293934910686266448e+01,1.069679416162108865e+01,0.000000000000000000e+00
2.253211932276622065e+01,1.098964888316763400e+01,0.000000000000000000e+00
2.211281320550470397e+01,1.126704108812112715e+01,0.000000000000000000e+00
2.168278189249421573e+01,1.152893963689790269e+01,0.000000000000000000e+00
2.124184322177935869e+01,1.177454596737294601e+01,0.000000000000000000e+00
2.079525420870914232e+01,1.200614561526491819e+01,0.000000000000000000e+00
2.035736070745167225e+01,1.223193635644674337e+01,0.000000000000000000e+00
1.992930199906106026e+01,1.245321002415854927e+01,0.000000000000000000e+00
1.950974790645566870e+01,1.266977843182154650e+01,0.000000000000000000e+00
1.909857916624929786e+01,1.288215430722448396e+01,0.000000000000000000e+00
1.869514792576387308e+01,1.309048350556548357e+01,0.000000000000000000e+00
1.829905249139267198e+01,1.329503985719922987e+01,0.000000000000000000e+00
1.790984455511701512e+01,1.349603590121990315e+01,0.000000000000000000e+00
1.752711752145621205e+01,1.369368499360777847e+01,0.000000000000000000e+00
1.715048371347701917e+01,1.388818787274470168e+01,0.000000000000000000e+00
1.677957414950671833e+01,1.407973448016290519e+01,0.000000000000000000e+00
1.641403850530195285e+01,1.426850598666386460e+01,0.000000000000000000e+00
1.605354257713554844e+01,1.445467466176041427e+01,0.000000000000000000e+00
1.569776774932493701e+01,1.463840524493074824e+01,0.000000000000000000e+00
1.534640935385797533e+01,1.481985524661492803e+01,0.000000000000000000e+00
1.499917532535904030e+01,1.499917532535903675e+01,0.000000000000000000e+00
1.465578536944320476e+01,1.517651002246675240e+01,0.000000000000000000e+00
1.431597034506796362e+01,1.535199865169214029e+01,0.000000000000000000e+00
1.397947080905150408e+01,1.552577523122197611e+01,0.000000000000000000e+00
1.364603612479409733e+01,1.569796884175974228e+01,0.000000000000000000e+00
1.331542424749822473e+01,1.586870468387206046e+01,0.000000000000000000e+00
1.298740061763558984e+01,1.603810409349975430e+01,0.000000000000000000e+00
1.266173714585992016e+01,1.620628450887167915e+01,0.000000000000000000e+00
1.233821212336459539e+01,1.637336050636514884e+01,0.000000000000000000e+00
1.201660943957309868e+01,1.653944397799164889e+01,0.000000000000000000e+00
1.169671753173070172e+01,1.670464382836674488e+01,0.000000000000000000e+00
1.137832937851711179e+01,1.686906702347129183e+01,0.000000000000000000e+00
1.106124184199710925e+01,1.703281876877122158e+01,0.000000000000000000e+00
1.074525468406915252e+01,1.719600209425594883e+01,0.000000000000000000e+00
1.043017063553303814e+01,1.735871898613249087e+01,0.000000000000000000e+00
1.011579471126116481e+01,1.752107039884087669e+01,0.000000000000000000e+00
9.801933359282738678e+00,1.768315587413410839e+01,0.000000000000000000e+00
9.488394571355225793e+00,1.784507478399623892e+01,0.000000000000000000e+00
9.174987099174153116e+00,1.800692606871341539e+01,0.000000000000000000e+00
8.861519770351247161e+00,1.816880802738203826e+01,0.000000000000000000e+00
8.547801570551389005e+00,1.833081962318992808e+01,0.000000000000000000e+00
8.233640764543704194e+00,1.849305994028198796e+01,0.000000000000000000e+00
7.918844367932791783e+00,1.865562823878456200e+01,0.000000000000000000e+00
7.603218124610409134e+00,1.881862522387972803e+01,0.000000000000000000e+00
7.286565582757994264e+00,1.898215231881706089e+01,0.000000000000000000e+00
6.968687657956002646e+00,1.914631198346622654e+01,0.000000000000000000e+00
6.649382464620541278e+00,1.931120888357784438e+01,0.000000000000000000e+00
6.328444392217231318e+00,1.947694912185602334e+01,0.000000000000000000e+00
6.005663661274319054e+00,1.964364071221415387e+01,0.000000000000000000e+00
5.680826015474849555e+00,1.981139469931418873e+01,0.000000000000000000e+00
5.353711802302355771e+00,1.998032445527353929e+01,0.000000000000000000e+00
5.024095426426074873e+00,2.015054614457433146e+01,0.000000000000000000e+00
4.691744917943490911e+00,2.032217992036753174e+01,0.000000000000000000e+00
4.356420995347458636e+00,2.049534938427573749e+01,0.000000000000000000e+00
4.017876346422492695e+00,2.067018189365994019e+01,0.000000000000000000e+00
3.675855036250788910e+00,2.084680983863928816e+01,0.000000000000000000e+00
3.330091542330508858e+00,2.102537051939579626e+01,0.000000000000000000e+00
2.980309819235316571e+00,2.120600625111128679e+01,0.000000000000000000e+00
2.626222441063953639e+00,2.138886535694592794e+01,0.000000000000000000e+00
2.267529591976808145e+00,2.157410294880198975e+01,0.000000000000000000e+00
1.903917874787385056e+00,2.176188088898204498e+01,0.000000000000000000e+00
1.535059138853398508e+00,2.195236842905801566e+01,0.000000000000000000e+00
1.160609224555887664e+00,2.214574325478908179e+01,0.000000000000000000e+00
7.802065469879826409e-01,2.234219229253679373e+01,0.000000000000000000e+00
3.934705396145402601e-01,2.254191211735139433e+01,0.000000000000000000e+00
1.392736298632659802e-15,2.274510984885335318e+01,0.000000000000000000e+00
-4.006287228104927767e-01,2.295200415799333626e+01,0.000000000000000000e+00
-8.088637233632487433e-01,2.316282645359232717e+01,0.000000000000000000e+00
-1.225179734738128801e+00,2.337782198557292190e+01,0.000000000000000000e+00
-1.650080529030642174e+00,2.359725094236585718e+01,0.000000000000000000e+00
-2.084101560447876977e+00,2.382138984018574845e+01,0.000000000000000000e+00
-2.527812884293404228e+00,2.405053305324706514e+01,0.000000000000000000e+00
-2.981822385414964138e+00,2.428499449350906758e+01,0.000000000000000000e+00
-3.446779354972078213e+00,2.452510946210731291e+01,0.000000000000000000e+00
-3.923378460698185410e+00,2.477123669887657798e+01,0.000000000000000000e+00
-4.412364163258947869e+00,2.502376066062318571e+01,0.000000000000000000e+00
-4.914535639890400098e+00,2.528309406282737726e+01,0.000000000000000000e+00
-5.430752286248412553e+00,2.554968072300326298e+01,0.000000000000000000e+00
-5.961939878296609763e+00,2.582399874677440010e+01,0.000000000000000000e+00
-6.509097488050965552e+00,2.610656409960086322e+01,0.000000000000000000e+00
-7.073305260009047579e+00,2.639793460779794643e+01,0.000000000000000000e+00
-7.655733169014019346e+00,2.669871443181143533e+01,0.000000000000000000e+00
-8.257650929992868427e+00,2.700955916689518688e+01,0.000000000000000000e+00
-8.880439363315694834e+00,2.733118203135981261e+01,0.000000000000000000e+00
-9.525603114143521566e+00,2.766436018051832946e+01,0.000000000000000000e+00
-1.019478507386432753e+01,2.800994178663526668e+01,0.000000000000000000e+00
-1.088978338231977006e+01,2.836885560616551061e+01,0.000000000000000000e+00
-1.161257034166510849e+01,2.874212018702729310e+01,0.000000000000000000e+00
-1.236531446349222740e+01,2.913085533297284613e+01,0.000000000000000000e+00
-1.315040598325294674e+01,2.953629543015616221e+01,0.000000000000000000e+00
-1.397048637288976103e+01,2.995980470954658514e+01,0.000000000000000000e+00
-1.482848242687050977e+01,3.040289448460368504e+01,0.000000000000000000e+00
-1.572764660099507417e+01,3.086724444598531036e+01,0.000000000000000000e+00
-1.667160389883801841e+01,3.135472667231577759e+01,0.000000000000000000e+00
-1.766440720570886569e+01,3.186743416765945724e+01,0.000000000000000000e+00
-1.871060283709108774e+01,3.240771475408416080e+01,0.000000000000000000e+00
-1.981530842193080844e+01,3.297821124306687324e+01,0.000000000000000000e+00
-2.098430619544159015e+01,3.358190977253523357e+01,0.000000000000000000e+00
-2.222415485707776739e+01,3.422219741480374466e+01,0.000000000000000000e+00
-2.354232496580530309e+01,3.490293210234598575e+01,0.000000000000000000e+00
-2.494737256049074148e+01,3.562854039571780618e+01,0.000000000000000000e+00
-2.644364995077912894e+01,3.639656170352083819e+01,0.000000000000000000e+00
-2.796354973199928651e+01,3.710888386597444821e+01,0.000000000000000000e+00
-2.946487359883575508e+01,3.771331840645660094e+01,0.000000000000000000e+00
-3.095032856758172457e+01,3.822047274193226229e+01,0.000000000000000000e+00
-3.241632125661435992e+01,3.863226731625822197e+01,0.000000000000000000e+00
-3.385192388180644940e+01,3.894218375728051740e+01,0.000000000000000000e+00
-3.526321715305908100e+01,3.916377028332687615e+01,0.000000000000000000e+00
-3.663782854114393217e+01,3.928926093077202353e+01,0.000000000000000000e+00
-3.797613302642765376e+01,3.932543694940907386e+01,0.000000000000000000e+00
-3.927479309144479913e+01,3.927479309144480624e+01,0.000000000000000000e+00
-4.053036793550037231e+01,3.913972135411324871e+01,0.000000000000000000e+00
-4.173823384908077117e+01,3.892153273300942118e+01,0.000000000000000000e+00
-4.289334323495692303e+01,3.862133972221062095e+01,0.000000000000000000e+00
-4.399509363964609321e+01,3.824435142992737013e+01,0.000000000000000000e+00
-4.504006973822809101e+01,3.779310590554617022e+01,0.000000000000000000e+00
-4.602480833483783584e+01,3.727015492041218891e+01,0.000000000000000000e+00
-4.694862805134358297e+01,3.668028828072483094e+01,0.000000000000000000e+00
-4.780217499326545294e+01,3.602152256989767665e+01,0.000000000000000000e+00
-4.858792567470626977e+01,3.530119435023768659e+01,0.000000000000000000e+00
-4.930536202942831636e+01,3.452398616716452295e+01,0.000000000000000000e+00
-4.994023304448685963e+01,3.368511252160197955e+01,0.000000000000000000e+00
-5.050272720767864598e+01,3.279685452584901384e+01,0.000000000000000000e+00
-5.098521755421768376e+01,3.185909985006006551e+01,0.000000000000000000e+00
-5.139663860518866301e+01,3.088221608824948206e+01,0.000000000000000000e+00
-5.170914893965971970e+01,2.985429105987898524e+01,0.000000000000000000e+00
-5.194973631873391895e+01,2.879620906205886754e+01,0.000000000000000000e+00
-5.211501578026147286e+01,2.771004542155184680e+01,0.000000000000000000e+00
-5.216176612689826442e+01,2.657774733223111241e+01,0.000000000000000000e+00
-5.213119844162609695e+01,2.542608436097489033e+01,0.000000000000000000e+00
-5.202952856295700457e+01,2.426176761910109647e+01,0.000000000000000000e+00
-5.180347238533708065e+01,2.306439190454070243e+01,0.000000000000000000e+00
-5.147553588613450160e+01,2.185006863455788206e+01,0.000000000000000000e+00
-5.106729631320159513e+01,2.063252699302847049e+01,0.000000000000000000e+00
-5.057272710304973629e+01,1.941305108852160188e+01,0.000000000000000000e+00
-4.996965840409696114e+01,1.818746827554128842e+01,0.000000000000000000e+00
-4.927008794730155472e+01,1.696505178946626202e+01,0.000000000000000000e+00
-4.847696880392256702e+01,1.575112197806260284e+01,0.000000000000000000e+00
-4.758494451467327480e+01,1.454817751364361555e+01,0.000000000000000000e+00
-4.660094170954204174e+01,1.336260500722637978e+01,0.000000000000000000e+00
-4.551677091250680718e+01,1.219618200807862785e+01,0.000000000000000000e+00
-4.431683842535218787e+01,1.104942881691698808e+01,0.000000000000000000e+00
-4.304207444640119462e+01,9.937045869732456183e+00,0.000000000000000000e+00
-4.166348999868486658e+01,8.855848181293808352e+00,0.000000000000000000e+00
-4.017325522463804077e+01,7.808889769633613476e+00,0.000000000000000000e+00
-3.859451198922920412e+01,6.805253770977434336e+00,0.000000000000000000e+00
-3.692438010789774694e+01,5.848247277719830883e+00,0.000000000000000000e+00
-3.516649070194837634e+01,4.942327956805724121e+00,0.000000000000000000e+00
-3.334376988191488067e+01,4.094100143798416802e+00,0.000000000000000000e+00
-3.169999626266005421e+01,3.331803865111695906e+00,0.000000000000000000e+00
-3.021610421698119353e+01,2.643566574903735145e+00,0.000000000000000000e+00
-2.886888773744007963e+01,2.018709283834292822e+00,0.000000000000000000e+00
-2.763955571962208779e+01,1.448527735635272817e+00,0.000000000000000000e+00
-2.651267293232212197e+01,9.258429400797130171e-01,0.000000000000000000e+00
-2.547503188502107463e+01,4.446683356014541344e-01,0.000000000000000000e+00
-2.452084199150733212e+01,3.002937065729746407e-15,0.000000000000000000e+00
-2.451268370837450306e+01,-4.278704856945305113e-01,0.000000000000000000e+00
-2.361647272962656885e+01,-8.247054003994338522e-01,0.000000000000000000e+00
-2.278251036592768841e+01,-1.193980774771130404e+00,0.000000000000000000e+00
-2.200401962760524910e+01,-1.538670942500853789e+00,0.000000000000000000e+00
-2.127526521211649779e+01,-1.861344519567651457e+00,0.000000000000000000e+00
-2.059121670862865727e+01,-2.164224085350226368e+00,0.000000000000000000e+00
-1.994749689445014695e+01,-2.449244647297119659e+00,0.000000000000000000e+00
-1.934029158982713525e+01,-2.718100723421948306e+00,0.000000000000000000e+00
-1.876623509740108986e+01,-2.972279642900538921e+00,0.000000000000000000e+00
-1.822235582670202803e+01,-3.213092984317675427e+00,0.000000000000000000e+00
-1.770603913024366349e+01,-3.441705359741301429e+00,0.000000000000000000e+00
-1.721494648568747365e+01,-3.659149834331155038e+00,0.000000000000000000e+00
-1.674698827303700099e+01,-3.866346889397069830e+00,0.000000000000000000e+00
-1.630031637554764856e+01,-4.064125327627285955e+00,0.000000000000000000e+00
-1.587323684362810461e+01,-4.253220993518086246e+00,0.000000000000000000e+00
-1.546426616994301284e+01,-4.434306968377190294e+00,0.000000000000000000e+00
-1.507201973091550329e+01,-4.607978863291165794e+00,0.000000000000000000e+00
-1.469529068728361310e+01,-4.774789386166454541e+00,0.000000000000000000e+00
-1.433293672341838842e+01,-4.935225893406451014e+00,0.000000000000000000e+00
-1.398396158920016497e+01,-5.089745775590757582e+00,0.000000000000000000e+00
-1.364742418380925670e+01,-5.238755315036940807e+00,0.000000000000000000e+00
-1.332247782544343018e+01,-5.382630434586475943e+00,0.000000000000000000e+00
-1.300835784455200184e+01,-5.521720305254977035e+00,0.000000000000000000e+00
-1.270432783260421417e+01,-5.656331178639012691e+00,0.000000000000000000e+00
-1.240975294142345753e+01,-5.786762832397275069e+00,0.000000000000000000e+00
-1.212402237481422063e+01,-5.913280816698557096e+00,0.000000000000000000e+00
-1.184656396670349210e+01,-6.036125830099091871e+00,0.000000000000000000e+00
-1.157688126823373231e+01,-6.155536959544979148e+00,0.000000000000000000e+00
-1.131448694770831409e+01,-6.271722527658929458e+00,0.000000000000000000e+00
-1.105892394294113856e+01,-6.384872715404665833e+00,0.000000000000000000e+00
-1.080979625465045046e+01,-6.495180869131073287e+00,0.000000000000000000e+00
-1.056671579079498358e+01,-6.602816848004115613e+00,0.000000000000000000e+00
-1.032930660536977996e+01,-6.707930141992337170e+00,0.000000000000000000e+00
-1.009724468305555511e+01,-6.810677535362878565e+00,0.000000000000000000e+00
-9.870221368054446387e+00,-6.911203405710272918e+00,0.000000000000000000e+00
-9.647929673110159143e+00,-7.009631214719388659e+00,0.000000000000000000e+00
-9.430087656228444359e+00,-7.106080746175305052e+00,0.000000000000000000e+00
-9.216445363275447278e+00,-7.200676289811581476e+00,0.000000000000000000e+00
-9.006755667381570518e+00,-7.293526930334238045e+00,0.000000000000000000e+00
-8.800774139097304882e+00,-7.384726334191092256e+00,0.000000000000000000e+00
-8.598282606148297091e+00,-7.474373037520659402e+00,0.000000000000000000e+00
-8.399084765111446416e+00,-7.562569890906718051e+00,0.000000000000000000e+00
-8.202985368004057420e+00,-7.649407607030279443e+00,0.000000000000000000e+00
-8.009790327018631473e+00,-7.734964607360177880e+00,0.000000000000000000e+00
-7.819316117717108661e+00,-7.819316117717105108e+00,0.000000000000000000e+00
-7.631390906210124392e+00,-7.902536619766262760e+00,0.000000000000000000e+00
-7.445844325890452531e+00,-7.984690474799736926e+00,0.000000000000000000e+00
-7.262507288414687956e+00,-8.065831483551573200e+00,0.000000000000000000e+00
-7.081225320345393648e+00,-8.146017892938804295e+00,0.000000000000000000e+00
-6.901885839970141490e+00,-8.225347245459518675e+00,0.000000000000000000e+00
-6.724382312825185615e+00,-8.303920597562420625e+00,0.000000000000000000e+00
-6.548605748005922322e+00,-8.381833129691683482e+00,0.000000000000000000e+00
-6.374442995930477807e+00,-8.459171568464032731e+00,0.000000000000000000e+00
-6.201729406160469971e+00,-8.535948230293694650e+00,0.000000000000000000e+00
-6.030251167363434917e+00,-8.612091184824391732e+00,0.000000000000000000e+00
-5.859800714724427095e+00,-8.687511822913482007e+00,0.000000000000000000e+00
-5.690180045598685510e+00,-8.762108890014284057e+00,0.000000000000000000e+00
-5.521211161814519208e+00,-8.835784864378627645e+00,0.000000000000000000e+00
-5.352831020481390922e+00,-8.908606839876556549e+00,0.000000000000000000e+00
-5.185037226561739487e+00,-8.980747915540941761e+00,0.000000000000000000e+00
-5.017818275359246627e+00,-9.052383796021780782e+00,0.000000000000000000e+00
-4.851152467469503904e+00,-9.123690833000058120e+00,0.000000000000000000e+00
-4.685001637121054330e+00,-9.194833431322606998e+00,0.000000000000000000e+00
-4.519273465205515983e+00,-9.265883746858239789e+00,0.000000000000000000e+00
-4.353853119667867588e+00,-9.336868146009859259e+00,0.000000000000000000e+00
-4.188625681121081357e+00,-9.407807311917546045e+00,0.000000000000000000e+00
-4.023476434404797075e+00,-9.478716476828655146e+00,0.000000000000000000e+00
-3.858293262580137384e+00,-9.549610930836758271e+00,0.000000000000000000e+00
-3.692977717821346761e+00,-9.620535868854249273e+00,0.000000000000000000e+00
-3.527434307088798793e+00,-9.691546107336018068e+00,0.000000000000000000e+00
-3.361564610090647776e+00,-9.762692506635346490e+00,0.000000000000000000e+00
-3.195267385687806883e+00,-9.834021829804369119e+00,0.000000000000000000e+00
-3.028439245012312320e+00,-9.905578434468644389e+00,0.000000000000000000e+00
-2.860976892249635917e+00,-9.977412137526469493e+00,0.000000000000000000e+00
-2.692774660534076325e+00,-1.004957184644721480e+01,0.000000000000000000e+00
-2.523723529813227007e+00,-1.012210221489066697e+01,0.000000000000000000e+00
-2.353711251887655731e+00,-1.019504350258252501e+01,0.000000000000000000e+00
-2.182623640607573190e+00,-1.026843689726184472e+01,0.000000000000000000e+00
-2.010347005271614584e+00,-1.034233875946393511e+01,0.000000000000000000e+00
-1.836763852949482745e+00,-1.041680544616337833e+01,0.000000000000000000e+00
-1.661751918740000278e+00,-1.049188869395882229e+01,0.000000000000000000e+00
-1.485184323224283398e+00,-1.056763556562978579e+01,0.000000000000000000e+00
-1.306931060771522768e+00,-1.064409931640362394e+01,0.000000000000000000e+00
-1.126858930582003815e+00,-1.072134655405270465e+01,0.000000000000000000e+00
-9.448286027682890609e-01,-1.079944034678645615e+01,0.000000000000000000e+00
-7.606945035577512559e-01,-1.087843821869452121e+01,0.000000000000000000e+00
-5.743051505426096659e-01,-1.095839507796976342e+01,0.000000000000000000e+00
-3.855038051326750703e-01,-1.103938460530681276e+01,0.000000000000000000e+00
-1.941262554242719207e-01,-1.112148572477955177e+01,0.000000000000000000e+00
-2.058282989493180380e-15,-1.120477071934121227e+01,0.000000000000000000e+00
1.970555656308211889e-01,-1.128930579411759005e+01,0.000000000000000000e+00
3.972297991721294719e-01,-1.137517314061469698e+01,0.000000000000000000e+00
6.007226236458286239e-01,-1.146247049319674183e+01,0.000000000000000000e+00
8.077447523701906107e-01,-1.155128812425652995e+01,0.000000000000000000e+00
1.018517509292265366e+00,-1.164170840248884353e+01,0.000000000000000000e+00
1.233275473268570233e+00,-1.173383232513107188e+01,0.000000000000000000e+00
1.452268832889795247e+00,-1.182778048160481710e+01,0.000000000000000000e+00
1.675761664518403915e+00,-1.192366380964641692e+01,0.000000000000000000e+00
1.904032242634727368e+00,-1.202158645592514397e+01,0.000000000000000000e+00
2.137380323709160646e+00,-1.212168617146040361e+01,0.000000000000000000e+00
2.376126655303636426e+00,-1.222411192699646243e+01,0.000000000000000000e+00
2.620609496893464563e+00,-1.232899834427022512e+01,0.000000000000000000e+00
2.871190554254425376e+00,-1.243649261622560154e+01,0.000000000000000000e+00
3.128263076794632891e+00,-1.254677790349210831e+01,0.000000000000000000e+00
3.392243297143954450e+00,-1.266002433657618376e+01,0.000000000000000000e+00
3.663576205300207000e+00,-1.277640857447579670e+01,0.000000000000000000e+00
3.942755799047380272e+00,-1.289617312935765270e+01,0.000000000000000000e+00
4.230309497160651411e+00,-1.301955389656746931e+01,0.000000000000000000e+00
4.526796839649326110e+00,-1.314677262273812630e+01,0.000000000000000000e+00
4.832817451167096934e+00,-1.327805681942786364e+01,0.000000000000000000e+00
5.149004768675983001e+00,-1.341361601693406946e+01,0.000000000000000000e+00
5.476109742067246877e+00,-1.355384723045554907e+01,0.000000000000000000e+00
5.815039273781584583e+00,-1.369937403049639535e+01,0.000000000000000000e+00
6.166665851027431700e+00,-1.385055827378693394e+01,0.000000000000000000e+00
6.531411415759642125e+00,-1.400665698179167862e+01,0.000000000000000000e+00
6.909363467420210014e+00,-1.416629446011930327e+01,0.000000000000000000e+00
7.298759459387402337e+00,-1.432462199214881515e+01,0.000000000000000000e+00
7.696453363843542839e+00,-1.447492353068436621e+01,0.000000000000000000e+00
8.100408016909440789e+00,-1.461352289968814588e+01,0.000000000000000000e+00
8.509736771724746518e+00,-1.473929644766441882e+01,0.000000000000000000e+00
8.923881954089084800e+00,-1.485183363910851639e+01,0.000000000000000000e+00
9.342589680010146225e+00,-1.495126885558282481e+01,0.000000000000000000e+00
9.765533705395709418e+00,-1.503760320588926902e+01,0.000000000000000000e+00
1.019230742943561374e+01,-1.511071717396368541e+01,0.000000000000000000e+00
1.062251361336044297e+01,-1.517052164351169274e+01,0.000000000000000000e+00
1.105577160995147068e+01,-1.521696416079569225e+01,0.000000000000000000e+00
1.149176794957894998e+01,-1.525009114875215843e+01,0.000000000000000000e+00
1.193016760606064075e+01,-1.526991819803824413e+01,0.000000000000000000e+00
1.237023639170475775e+01,-1.527596974578261779e+01,0.000000000000000000e+00
1.281123945787022578e+01,-1.526784064950154374e+01,0.000000000000000000e+00
1.325314533618441892e+01,-1.524599969105503305e+01,0.000000000000000000e+00
1.369594450678350306e+01,-1.521088737163991311e+01,0.000000000000000000e+00
1.413918419689223605e+01,-1.516241871802272634e+01,0.000000000000000000e+00
1.458241009037055136e+01,-1.510052769670421391e+01,0.000000000000000000e+00
1.502528031837698386e+01,-1.502528031837699096e+01,0.000000000000000000e+00
1.546742019632191223e+01,-1.493671405881231351e+01,0.000000000000000000e+00
1.590841689271836223e+01,-1.483483874902708877e+01,0.000000000000000000e+00
1.634794073912546608e+01,-1.471975195744998466e+01,0.000000000000000000e+00
1.678567164123887423e+01,-1.459156174306689024e+01,0.000000000000000000e+00
1.722095275469840203e+01,-1.445009510498880445e+01,0.000000000000000000e+00
1.765310213802271022e+01,-1.429520024773145082e+01,0.000000000000000000e+00
1.808199140353075762e+01,-1.412719998219662365e+01,0.000000000000000000e+00
1.850755788943167701e+01,-1.394644520509316266e+01,0.000000000000000000e+00
1.892944404414319592e+01,-1.375304612956782258e+01,0.000000000000000000e+00
1.934725573868880844e+01,-1.354709431190097924e+01,0.000000000000000000e+00
1.976064190196740711e+01,-1.332872126115035982e+01,0.000000000000000000e+00
2.016926303740459403e+01,-1.309807256568842604e+01,0.000000000000000000e+00
2.057278760508539861e+01,-1.285530445775798825e+01,0.000000000000000000e+00
2.097087545635729455e+01,-1.260057320825672811e+01,0.000000000000000000e+00
2.136316714993830246e+01,-1.233403030475986384e+01,0.000000000000000000e+00
2.174937803422452021e+01,-1.205587710783867550e+01,0.000000000000000000e+00
2.212936808187177462e+01,-1.176639372583970911e+01,0.000000000000000000e+00
2.250282786988023531e+01,-1.146576348529649358e+01,0.000000000000000000e+00
2.286897921973474013e+01,-1.115394643270010633e+01,0.000000000000000000e+00
2.322715635196551176e+01,-1.083100088408505535e+01,0.000000000000000000e+00
2.357743789373567012e+01,-1.049735167637159172e+01,0.000000000000000000e+00
2.392004907535059033e+01,-1.015345843498419498e+01,0.000000000000000000e+00
2.425475178649811525e+01,-9.799555822867366928e+00,0.000000000000000000e+00
2.458106541284674762e+01,-9.435786954844868291e+00,0.000000000000000000e+00
2.489869439913097082e+01,-9.062383633374274439e+00,0.000000000000000000e+00
2.520761718891435876e+01,-8.679678663378448178e+00,0.000000000000000000e+00
2.550771625097559436e+01,-8.287959415862163226e+00,0.000000000000000000e+00
2.579800640896581498e+01,-7.887242079687991847e+00,0.000000000000000000e+00
2.607712922285848123e+01,-7.477496478490856191e+00,0.000000000000000000e+00
2.634370010843169041e+01,-7.058773169701948902e+00,0.000000000000000000e+00
2.659628830158991164e+01,-6.631199445276866555e+00,0.000000000000000000e+00
2.683344901710670172e+01,-6.194989836239453318e+00,0.000000000000000000e+00
2.705393871387664007e+01,-5.750492192653133827e+00,0.000000000000000000e+00
2.725745330647640685e+01,-5.298312200019807072e+00,0.000000000000000000e+00
2.744397484455879166e+01,-4.839113222980142126e+00,0.000000000000000000e+00
2.761350751605942833e+01,-4.373549933328455985e+00,0.000000000000000000e+00
2.776604699917279007e+01,-3.902263421649587727e+00,0.000000000000000000e+00
2.790146128643781864e+01,-3.425868672604677645e+00,0.000000000000000000e+00
2.801959191093149570e+01,-2.944977780254788069e+00,0.000000000000000000e+00
2.812029929185640853e+01,-2.460207402993508818e+00,0.000000000000000000e+00
2.820346287019660281e+01,-1.972178244280000881e+00,0.000000000000000000e+00
2.826898121906047834e+01,-1.481514528284973986e+00,0.000000000000000000e+00
2.831677214067104131e+01,-9.888434726747130643e-01,0.000000000000000000e+00
2.834677274993245177e+01,-4.947947588555264842e-01,0.000000000000000000e+00
2.835893954450889609e+01,-6.945936908079223073e-15,0.000000000000000000e+00
