3.666666716438656692e+01,0.000000000000000000e+00,0.000000000000000000e+00
3.680431775720604293e+01,6.424217560907828917e-01,0.000000000000000000e+00
3.692067587012485319e+01,1.289298411540162226e+00,0.000000000000000000e+00
3.701555295328623174e+01,1.939902929215548744e+00,0.000000000000000000e+00
3.708878260758964274e+01,2.593500326614660789e+00,0.000000000000000000e+00
3.714022087666370453e+01,3.249348287556928394e+00,0.000000000000000000e+00
3.716974652311913729e+01,3.906697783331473328e+00,0.000000000000000000e+00
3.717726128880359227e+01,4.564793702918302998e+00,0.000000000000000000e+00
3.716262783595893637e+01,5.222866735799995830e+00,0.000000000000000000e+00
3.712562087213150619e+01,5.880120683533471393e+00,0.000000000000000000e+00
3.706652339021508880e+01,6.535828154756321062e+00,0.000000000000000000e+00
3.698577434926888685e+01,7.189306251708783790e+00,0.000000000000000000e+00
3.688383031757393837e+01,7.839900153524036241e+00,0.000000000000000000e+00
3.676113382005885910e+01,8.486976468761749715e+00,0.000000000000000000e+00
3.661745367108775895e+01,9.129756593015006416e+00,0.000000000000000000e+00
3.645190936376438628e+01,9.767259676593146978e+00,0.000000000000000000e+00
3.626466636910900831e+01,1.039872574742463129e+01,0.000000000000000000e+00
3.605805973859838787e+01,1.102405517595877171e+01,0.000000000000000000e+00
3.583156113934354181e+01,1.164237996094631278e+01,0.000000000000000000e+00
3.558229921973023124e+01,1.225196816568842628e+01,0.000000000000000000e+00
3.531341811644216477e+01,1.285303306458180828e+01,0.000000000000000000e+00
3.502600972519420708e+01,1.344522542430276424e+01,0.000000000000000000e+00
3.471910799236504630e+01,1.402743016651847441e+01,0.000000000000000000e+00
3.439295091040472840e+01,1.459894151660000361e+01,0.000000000000000000e+00
3.404773144293984899e+01,1.515902670807821728e+01,0.000000000000000000e+00
3.368391902921379000e+01,1.570706939999527663e+01,0.000000000000000000e+00
3.330218316383979271e+01,1.624255999939403239e+01,0.000000000000000000e+00
3.290328000659930296e+01,1.676505853520356126e+01,0.000000000000000000e+00
3.248838517597138775e+01,1.727438081751495602e+01,0.000000000000000000e+00
3.205556782475246536e+01,1.776869139471844150e+01,0.000000000000000000e+00
3.160505906347447436e+01,1.824718935805100273e+01,0.000000000000000000e+00
3.114177337550617608e+01,1.871186522802263497e+01,0.000000000000000000e+00
3.066090749530099302e+01,1.915906139554057219e+01,0.000000000000000000e+00
3.016635238690112075e+01,1.959025829912543415e+01,0.000000000000000000e+00
2.965743722806342930e+01,2.000419399804843579e+01,0.000000000000000000e+00
2.913526152032751781e+01,2.040072974424461449e+01,0.000000000000000000e+00
2.859860548166051686e+01,2.077810312407360627e+01,0.000000000000000000e+00
2.805274815610994210e+01,2.113926198955034153e+01,0.000000000000000000e+00
2.749088005625679898e+01,2.147822944797361089e+01,0.000000000000000000e+00
2.691948338140176133e+01,2.179896782411748646e+01,0.000000000000000000e+00
2.633909818699767769e+01,2.210112757425191177e+01,0.000000000000000000e+00
2.574685619961854144e+01,2.238140063478989106e+01,0.000000000000000000e+00
2.514458702106144372e+01,2.264028784596269972e+01,0.000000000000000000e+00
2.453452927507249370e+01,2.287881868029120724e+01,0.000000000000000000e+00
2.391710752472380364e+01,2.309648226247957936e+01,0.000000000000000000e+00
2.329263170259657301e+01,2.329263170259656945e+01,0.000000000000000000e+00
2.266145800052062498e+01,2.346662671423093016e+01,0.000000000000000000e+00
2.202311667432291031e+01,2.361690121876673487e+01,0.000000000000000000e+00
2.137970558647920427e+01,2.374456858770741263e+01,0.000000000000000000e+00
2.073199196602035599e+01,2.384942857646960590e+01,0.000000000000000000e+00
2.008069967030033354e+01,2.393124597388578678e+01,0.000000000000000000e+00
1.942655093101343766e+01,2.398979250599184354e+01,0.000000000000000000e+00
1.877027865265173645e+01,2.402486109539396963e+01,0.000000000000000000e+00
1.811263051901184795e+01,2.403627253617847259e+01,0.000000000000000000e+00
1.745436934793674055e+01,2.402387840372635353e+01,0.000000000000000000e+00
1.679627210862308928e+01,2.398756253262824245e+01,0.000000000000000000e+00
1.613912863529609965e+01,2.392724218049628959e+01,0.000000000000000000e+00
1.548374009980077304e+01,2.384286888849411667e+01,0.000000000000000000e+00
1.483091646202100833e+01,2.373442771149555242e+01,0.000000000000000000e+00
1.418147130842829817e+01,2.360193172815976581e+01,0.000000000000000000e+00
1.353620961744669415e+01,2.344540279932014570e+01,0.000000000000000000e+00
1.289544544925056435e+01,2.326399941594557319e+01,0.000000000000000000e+00
1.225973147469747815e+01,2.305720144250296144e+01,0.000000000000000000e+00
1.163052591735634422e+01,2.282619234995348734e+01,0.000000000000000000e+00
1.100886580825822136e+01,2.257151985810279271e+01,0.000000000000000000e+00
1.039585801115463504e+01,2.229398944955585193e+01,0.000000000000000000e+00
9.792543545881017053e+00,2.199441291410714783e+01,0.000000000000000000e+00
9.199130965317081632e+00,2.167179444816477840e+01,0.000000000000000000e+00
8.620664137421275797e+00,2.133689247424873869e+01,0.000000000000000000e+00
8.060390908377613073e+00,2.099803621257185071e+01,0.000000000000000000e+00
7.517573243177679387e+00,2.065436273472692008e+01,0.000000000000000000e+00
6.990652901232864203e+00,2.030233019781652715e+01,0.000000000000000000e+00
6.482263429052297354e+00,1.995035543922745802e+01,0.000000000000000000e+00
5.989060667909186897e+00,1.958933476789113826e+01,0.000000000000000000e+00
5.513762575710807745e+00,1.922877524644332325e+01,0.000000000000000000e+00
5.054437979057306407e+00,1.886341934154762967e+01,0.000000000000000000e+00
4.611298372352350405e+00,1.849490759067566970e+01,0.000000000000000000e+00
4.184762754318827938e+00,1.812619890993492078e+01,0.000000000000000000e+00
3.774332058985681027e+00,1.775683624787383152e+01,0.000000000000000000e+00
3.379248769053953438e+00,1.738472782579923503e+01,0.000000000000000000e+00
2.999323685914213389e+00,1.701000989107404848e+01,0.000000000000000000e+00
2.635687489011887763e+00,1.664107587595885818e+01,0.000000000000000000e+00
2.289064293802505645e+00,1.628753876871311235e+01,0.000000000000000000e+00
1.958480572476682724e+00,1.595054425470810600e+01,0.000000000000000000e+00
1.642624688242336317e+00,1.562852994544133800e+01,0.000000000000000000e+00
1.340359239985282613e+00,1.532037621752123258e+01,0.000000000000000000e+00
1.050652065094582532e+00,1.502502453484276579e+01,0.000000000000000000e+00
7.725706015599955734e-01,1.474152524928664754e+01,0.000000000000000000e+00
5.052691676633749296e-01,1.446901586125630956e+01,0.000000000000000000e+00
2.479790959790073579e-01,1.420671289386785041e+01,0.000000000000000000e+00
8.544300916235867214e-16,1.395390233687744441e+01,0.000000000000000000e+00
-2.393077577997538008e-01,1.370993226229099271e+01,0.000000000000000000e+00
-4.705296340817085032e-01,1.347420577868149572e+01,0.000000000000000000e+00
-6.942026131984000425e-01,1.324617495141684032e+01,0.000000000000000000e+00
-9.108202627880693791e-01,1.302533659798282883e+01,0.000000000000000000e+00
-1.120837214062778031e+00,1.281122797961885595e+01,0.000000000000000000e+00
-1.324672958565768610e+00,1.260342131044803438e+01,0.000000000000000000e+00
-1.522715211688676407e+00,1.240152019513926085e+01,0.000000000000000000e+00
-1.715323303148111433e+00,1.220515949532014943e+01,0.000000000000000000e+00
-1.902830584064265640e+00,1.201399948230574033e+01,0.000000000000000000e+00
-2.085546682493492288e+00,1.182772298438937675e+01,0.000000000000000000e+00
-2.263760365055310864e+00,1.164603747723971594e+01,0.000000000000000000e+00
-2.437740560021405489e+00,1.146866763777358500e+01,0.000000000000000000e+00
-2.607738676301333935e+00,1.129535716283693603e+01,0.000000000000000000e+00
-2.773990220403243168e+00,1.112586708580821870e+01,0.000000000000000000e+00
-2.936715365358580687e+00,1.095997095088641693e+01,0.000000000000000000e+00
-3.096121705314423878e+00,1.079745955500287202e+01,0.000000000000000000e+00
-3.252403452495688629e+00,1.063813234896238669e+01,0.000000000000000000e+00
-3.405744637586413770e+00,1.048180420292260884e+01,0.000000000000000000e+00
-3.556317811594393863e+00,1.032829687290472442e+01,0.000000000000000000e+00
-3.704287119428278263e+00,1.017744521580580219e+01,0.000000000000000000e+00
-3.849806871827115451e+00,1.002908978297987197e+01,0.000000000000000000e+00
-3.993024491150625632e+00,9.883082423416208684e+00,0.000000000000000000e+00
-4.134078816443938820e+00,9.739279360221317461e+00,0.000000000000000000e+00
-4.273103228337048698e+00,9.597546989533839223e+00,0.000000000000000000e+00
-4.410223415310596806e+00,9.457754635126880416e+00,0.000000000000000000e+00
-4.545560927151981900e+00,9.319781031072452038e+00,0.000000000000000000e+00
-4.679230367656921352e+00,9.183506677242204930e+00,0.000000000000000000e+00
-4.811343177072254562e+00,9.048820446983297572e+00,0.000000000000000000e+00
-4.942004837660731731e+00,8.915612733922362310e+00,0.000000000000000000e+00
-5.071317960114491541e+00,8.783780368254859638e+00,0.000000000000000000e+00
-5.199380723174529706e+00,8.653222658508168408e+00,0.000000000000000000e+00
-5.326287980485961526e+00,8.523842566788012221e+00,0.000000000000000000e+00
-5.452132092719192968e+00,8.395547187667364852e+00,0.000000000000000000e+00
-5.577001339468256269e+00,8.268244507238909691e+00,0.000000000000000000e+00
-5.700983158074210522e+00,8.141847733674055121e+00,0.000000000000000000e+00
-5.824160878387759865e+00,8.016269734928423318e+00,0.000000000000000000e+00
-5.946617269712612064e+00,7.891427653930620956e+00,0.000000000000000000e+00
-6.068432458269547247e+00,7.767239345490983382e+00,0.000000000000000000e+00
-6.189684830476207544e+00,7.643624197003213716e+00,0.000000000000000000e+00
-6.310452402011863526e+00,7.520504320992399627e+00,0.000000000000000000e+00
-6.430810270690295205e+00,7.397800968234500729e+00,0.000000000000000000e+00
-6.550834429928285907e+00,7.275438700452315111e+00,0.000000000000000000e+00
-6.670598571367658991e+00,7.153341185070028807e+00,0.000000000000000000e+00
-6.790176328329260436e+00,7.031433423968102225e+00,0.000000000000000000e+00
-6.909641384600519132e+00,6.909641384600520020e+00,0.000000000000000000e+00
-7.029065651847666629e+00,6.787889797371256861e+00,0.000000000000000000e+00
-7.148522969674329097e+00,6.666105512822911194e+00,0.000000000000000000e+00
-7.268085405530992027e+00,6.544213493442216034e+00,0.000000000000000000e+00
-7.387826355852419979e+00,6.422139472431691587e+00,0.000000000000000000e+00
-7.507819720953794018e+00,6.299808758797840191e+00,0.000000000000000000e+00
-7.628138758022094734e+00,6.177144969242288397e+00,0.000000000000000000e+00
-7.748859611142619563e+00,6.054072636004161012e+00,0.000000000000000000e+00
-7.870057172337911133e+00,5.930513456755774904e+00,0.000000000000000000e+00
-7.991809256948916307e+00,5.806389300880312021e+00,0.000000000000000000e+00
-8.114194371029311625e+00,5.681620065093522243e+00,0.000000000000000000e+00
-8.237292012992112333e+00,5.556123618481278115e+00,0.000000000000000000e+00
-8.361185257482656397e+00,5.429817194340317954e+00,0.000000000000000000e+00
-8.485956691761575854e+00,5.302614258311677986e+00,0.000000000000000000e+00
-8.611693882088871987e+00,5.174427716867777249e+00,0.000000000000000000e+00
-8.738484691951519778e+00,5.045166489207632665e+00,0.000000000000000000e+00
-8.866421059060415999e+00,4.914737447028636019e+00,0.000000000000000000e+00
-8.995597877239758233e+00,4.783044234762360070e+00,0.000000000000000000e+00
-9.126112320330664218e+00,4.649986482153126488e+00,0.000000000000000000e+00
-9.258067396137128924e+00,4.515461176235164409e+00,0.000000000000000000e+00
-9.391567215474710295e+00,4.379359714653274338e+00,0.000000000000000000e+00
-9.526723674834974176e+00,4.241570657044483994e+00,0.000000000000000000e+00
-9.663649962868662513e+00,4.101976041902634762e+00,0.000000000000000000e+00
-9.802467850084143564e+00,3.960454089339962902e+00,0.000000000000000000e+00
-9.943301713001618580e+00,3.816875917127362960e+00,0.000000000000000000e+00
-1.008628483685106048e+01,3.671107454944326776e+00,0.000000000000000000e+00
-1.023155480330666300e+01,3.523006845664997666e+00,0.000000000000000000e+00
-1.037925871260264010e+01,3.372425588021597420e+00,0.000000000000000000e+00
-1.052954948650650202e+01,3.219206339962323860e+00,0.000000000000000000e+00
-1.068259091417020556e+01,3.063183652587277983e+00,0.000000000000000000e+00
-1.083855374376299707e+01,2.904181722762619433e+00,0.000000000000000000e+00
-1.099762185425870875e+01,2.742015092946841204e+00,0.000000000000000000e+00
-1.115998697521758132e+01,2.576486005953324998e+00,0.000000000000000000e+00
-1.132585678909947013e+01,2.407385177058059877e+00,0.000000000000000000e+00
-1.149544848105345984e+01,2.234488829423889822e+00,0.000000000000000000e+00
-1.166899727452459068e+01,2.057559057312226880e+00,0.000000000000000000e+00
-1.184675208860011431e+01,1.876341199216461808e+00,0.000000000000000000e+00
-1.202897956521330336e+01,1.690562828713091159e+00,0.000000000000000000e+00
-1.221596781904480800e+01,1.499932244665430847e+00,0.000000000000000000e+00
-1.240802267791818814e+01,1.304135734721765472e+00,0.000000000000000000e+00
-1.260547327891654135e+01,1.102836010284161228e+00,0.000000000000000000e+00
-1.280868303100585059e+01,8.956703695531820220e-01,0.000000000000000000e+00
-1.301803190122022258e+01,6.822461425787383904e-01,0.000000000000000000e+00
-1.323390752942106019e+01,4.621382343100138845e-01,0.000000000000000000e+00
-1.345688017856828544e+01,2.348907172481526917e-01,0.000000000000000000e+00
-1.368718903990497004e+01,1.676197224704435718e-15,0.000000000000000000e+00
-1.368589231795355232e+01,-2.388881390104691249e-01,0.000000000000000000e+00
-1.391932760108052314e+01,-4.860736306374538462e-01,0.000000000000000000e+00
-1.416188199470803255e+01,-7.421927858111300180e-01,0.000000000000000000e+00
-1.441358723143706122e+01,-1.007896203764075294e+00,0.000000000000000000e+00
-1.467501023852823927e+01,-1.283897032998083443e+00,0.000000000000000000e+00
-1.494695052228446208e+01,-1.570987804198605620e+00,0.000000000000000000e+00
-1.523021068822156643e+01,-1.870034731812013629e+00,0.000000000000000000e+00
-1.552571087663391047e+01,-2.181996365950128691e+00,0.000000000000000000e+00
-1.583441905868452437e+01,-2.507925600473916994e+00,0.000000000000000000e+00
-1.615756526358774536e+01,-2.849014698528401723e+00,0.000000000000000000e+00
-1.649602289080918638e+01,-3.206502029058368564e+00,0.000000000000000000e+00
-1.685144328641289846e+01,-3.581884844137298796e+00,0.000000000000000000e+00
-1.720923346258389586e+01,-3.973064600164255111e+00,0.000000000000000000e+00
-1.756743176191283595e+01,-4.380052676281582791e+00,0.000000000000000000e+00
-1.792509300479272483e+01,-4.803014194886968902e+00,0.000000000000000000e+00
-1.828121338431096277e+01,-5.242053584023325996e+00,0.000000000000000000e+00
-1.863183083426907416e+01,-5.696322337783556122e+00,0.000000000000000000e+00
-1.898057941898300172e+01,-6.167164099140516775e+00,0.000000000000000000e+00
-1.932657761585212342e+01,-6.654674343523832469e+00,0.000000000000000000e+00
-1.966939755647380750e+01,-7.159075236504838458e+00,0.000000000000000000e+00
-2.000710494547423224e+01,-7.680008033746765328e+00,0.000000000000000000e+00
-2.033781408222080955e+01,-8.217010265376776701e+00,0.000000000000000000e+00
-2.066357574630879768e+01,-8.771167517147668846e+00,0.000000000000000000e+00
-2.098351894510323135e+01,-9.342464553075062739e+00,0.000000000000000000e+00
-2.129702622475993579e+01,-9.930966424533393067e+00,0.000000000000000000e+00
-2.160337450266388970e+01,-1.053666976794197829e+01,0.000000000000000000e+00
-2.190187755764742050e+01,-1.115956400733222864e+01,0.000000000000000000e+00
-2.219186467539358176e+01,-1.179962375406196884e+01,0.000000000000000000e+00
-2.247270303958347171e+01,-1.245682270545126791e+01,0.000000000000000000e+00
-2.274381501074158862e+01,-1.313114771885071264e+01,0.000000000000000000e+00
-2.300467692401371878e+01,-1.382260441709191490e+01,0.000000000000000000e+00
-2.325489645892967872e+01,-1.453127207900989681e+01,0.000000000000000000e+00
-2.349399223720327612e+01,-1.525717695336317803e+01,0.000000000000000000e+00
-2.372209098296444196e+01,-1.600075240532044063e+01,0.000000000000000000e+00
-2.393785731168513919e+01,-1.676146813823033810e+01,0.000000000000000000e+00
-2.413745783654512422e+01,-1.753688963618630225e+01,0.000000000000000000e+00
-2.432506582048063137e+01,-1.833025186804021445e+01,0.000000000000000000e+00
-2.450006118486393447e+01,-1.914154565226930771e+01,0.000000000000000000e+00
-2.465771216930866672e+01,-1.996742160982438818e+01,0.000000000000000000e+00
-2.479907162050578151e+01,-2.080889185030535415e+01,0.000000000000000000e+00
-2.492554120768160786e+01,-2.166744240472948135e+01,0.000000000000000000e+00
-2.503700645830527449e+01,-2.254342187216920479e+01,0.000000000000000000e+00
-2.513151942943889239e+01,-2.343552100551351813e+01,0.000000000000000000e+00
-2.520291715529372212e+01,-2.433817418925978515e+01,0.000000000000000000e+00
-2.524472591505993435e+01,-2.524472591505992725e+01,0.000000000000000000e+00
-2.525091474176550932e+01,-2.614808766603933776e+01,0.000000000000000000e+00
-2.521761414824840486e+01,-2.704258035405729288e+01,0.000000000000000000e+00
-2.514722084103584976e+01,-2.792881817922789622e+01,0.000000000000000000e+00
-2.504069864967068781e+01,-2.880602862132292685e+01,0.000000000000000000e+00
-2.489828670144872191e+01,-2.967262262589214217e+01,0.000000000000000000e+00
-2.472028572580814298e+01,-3.052701055153452714e+01,0.000000000000000000e+00
-2.450705834281746931e+01,-3.136760425555682019e+01,0.000000000000000000e+00
-2.425919212627169586e+01,-3.219303528786348068e+01,0.000000000000000000e+00
-2.397795803530511094e+01,-3.300282792961044009e+01,0.000000000000000000e+00
-2.366476443292702569e+01,-3.379678615490638549e+01,0.000000000000000000e+00
-2.332092987975473264e+01,-3.457470038914684096e+01,0.000000000000000000e+00
-2.294754947405934686e+01,-3.533612744050576282e+01,0.000000000000000000e+00
-2.254362582440220564e+01,-3.607734281657236153e+01,0.000000000000000000e+00
-2.210804107205728997e+01,-3.679395915118747240e+01,0.000000000000000000e+00
-2.164533599219978299e+01,-3.749082168538927107e+01,0.000000000000000000e+00
-2.115683210860754926e+01,-3.816793547418786403e+01,0.000000000000000000e+00
-2.064050292726756908e+01,-3.881914011337056536e+01,0.000000000000000000e+00
-2.009818541763880262e+01,-3.944490984224831465e+01,0.000000000000000000e+00
-1.953184940195462360e+01,-4.004622586197579892e+01,0.000000000000000000e+00
-1.894247396367674696e+01,-4.062226650667685846e+01,0.000000000000000000e+00
-1.833083986968846091e+01,-4.117174044386987219e+01,0.000000000000000000e+00
-1.769796369526838120e+01,-4.169378964176088687e+01,0.000000000000000000e+00
-1.704491100839109663e+01,-4.218763515451946233e+01,0.000000000000000000e+00
-1.637282392015351462e+01,-4.265266455254895561e+01,0.000000000000000000e+00
-1.568288363821991283e+01,-4.308836866794347031e+01,0.000000000000000000e+00
-1.497632051238095485e+01,-4.349439293961632558e+01,0.000000000000000000e+00
-1.425432533993964945e+01,-4.387030243227228965e+01,0.000000000000000000e+00
-1.351823646890168007e+01,-4.421615915159480181e+01,0.000000000000000000e+00
-1.276803287474967341e+01,-4.452742226683762539e+01,0.000000000000000000e+00
-1.200568972505741350e+01,-4.480584403382191283e+01,0.000000000000000000e+00
-1.123301809330095935e+01,-4.505317479467464636e+01,0.000000000000000000e+00
-1.045118405617446200e+01,-4.526905159702284465e+01,0.000000000000000000e+00
-9.661556455157805701e+00,-4.545404940336123190e+01,0.000000000000000000e+00
-8.863649074089609670e+00,-4.559952144025905341e+01,0.000000000000000000e+00
-8.060496975947733844e+00,-4.571334995677591451e+01,0.000000000000000000e+00
-7.253289112155665741e+00,-4.579546511824877797e+01,0.000000000000000000e+00
-6.443067497543882638e+00,-4.584480739130169979e+01,0.000000000000000000e+00
-5.630205265391190039e+00,-4.585434214195260694e+01,0.000000000000000000e+00
-4.817199091044124692e+00,-4.583258780074361738e+01,0.000000000000000000e+00
-4.005182162791438572e+00,-4.577944160279290031e+01,0.000000000000000000e+00
-3.194866622761210362e+00,-4.568872130681625521e+01,0.000000000000000000e+00
-2.387823891701538859e+00,-4.556239406377977019e+01,0.000000000000000000e+00
-1.585560105746117054e+00,-4.540450078343137363e+01,0.000000000000000000e+00
-7.892368622379933862e-01,-4.521534955519564392e+01,0.000000000000000000e+00
-8.263865916046753599e-15,-4.498639075255754705e+01,0.000000000000000000e+00
7.806766849991571000e-01,-4.472493732963115320e+01,0.000000000000000000e+00
1.551594520251901033e+00,-4.443185367431696875e+01,0.000000000000000000e+00
2.311570109924732552e+00,-4.410738523074065398e+01,0.000000000000000000e+00
3.059214535914876798e+00,-4.374880608580057384e+01,0.000000000000000000e+00
3.793023436765585732e+00,-4.335445626783037198e+01,0.000000000000000000e+00
4.512060128695321914e+00,-4.292938450377395299e+01,0.000000000000000000e+00
5.215073525261904486e+00,-4.247336543709160139e+01,0.000000000000000000e+00
5.900836202432289568e+00,-4.198663125153532150e+01,0.000000000000000000e+00
6.568259675826729982e+00,-4.147035947703007253e+01,0.000000000000000000e+00
7.217592298133921780e+00,-4.093299998181981181e+01,0.000000000000000000e+00
7.851099059901221366e+00,-4.039040319839568127e+01,0.000000000000000000e+00
8.469888748578016546e+00,-3.984769363049308311e+01,0.000000000000000000e+00
9.074172928635132251e+00,-3.930456111946549669e+01,0.000000000000000000e+00
9.664332134118021500e+00,-3.876151905887839177e+01,0.000000000000000000e+00
1.024070475849514317e+01,-3.821883046401617889e+01,0.000000000000000000e+00
1.080366033112597357e+01,-3.767684108511974728e+01,0.000000000000000000e+00
1.135355295568188971e+01,-3.713579841419046090e+01,0.000000000000000000e+00
1.189079785419843205e+01,-3.659611279974537013e+01,0.000000000000000000e+00
1.241571560241707850e+01,-3.605785630666915864e+01,0.000000000000000000e+00
1.292829088657602554e+01,-3.552018728300867423e+01,0.000000000000000000e+00
1.342923259023439719e+01,-3.498434696804932997e+01,0.000000000000000000e+00
1.391903449971055373e+01,-3.445081930248147017e+01,0.000000000000000000e+00
1.439804336508006521e+01,-3.391966452485689132e+01,0.000000000000000000e+00
1.486651310392774938e+01,-3.339073513115059910e+01,0.000000000000000000e+00
1.532451185877405031e+01,-3.286352173457173365e+01,0.000000000000000000e+00
1.577284731014731101e+01,-3.233912943263869977e+01,0.000000000000000000e+00
1.621190908640068429e+01,-3.181766308726440684e+01,0.000000000000000000e+00
1.664169256610401959e+01,-3.129847163722917358e+01,0.000000000000000000e+00
1.706285256417021401e+01,-3.078220086691857915e+01,0.000000000000000000e+00
1.747572968948175642e+01,-3.026885172152227099e+01,0.000000000000000000e+00
1.788054784701724387e+01,-2.975822891497753631e+01,0.000000000000000000e+00
1.827788272972174966e+01,-2.925072685013682516e+01,0.000000000000000000e+00
1.866799624571326888e+01,-2.874619336339606690e+01,0.000000000000000000e+00
1.905103128947219560e+01,-2.824431539968645666e+01,0.000000000000000000e+00
1.942756985056767149e+01,-2.774544515793142097e+01,0.000000000000000000e+00
1.979806919178378521e+01,-2.724970449580855458e+01,0.000000000000000000e+00
2.016273499692818305e+01,-2.675685306737818792e+01,0.000000000000000000e+00
2.052183297771215820e+01,-2.626674839708663356e+01,0.000000000000000000e+00
2.087568824014197233e+01,-2.577932804846352610e+01,0.000000000000000000e+00
2.122470934307911250e+01,-2.529462361138243409e+01,0.000000000000000000e+00
2.156927026282903626e+01,-2.481260707717014569e+01,0.000000000000000000e+00
2.190965418445681934e+01,-2.433313613283756283e+01,0.000000000000000000e+00
2.224615071500506147e+01,-2.385607594526468134e+01,0.000000000000000000e+00
2.257906434228508630e+01,-2.338130558346397336e+01,0.000000000000000000e+00
2.290868874401788702e+01,-2.290868874401789768e+01,0.000000000000000000e+00
2.323530719395483146e+01,-2.243807533639625262e+01,0.000000000000000000e+00
2.355919750579405658e+01,-2.196930709144972127e+01,0.000000000000000000e+00
2.388063039658564790e+01,-2.150221618946764224e+01,0.000000000000000000e+00
2.419986835088646515e+01,-2.103662461432424990e+01,0.000000000000000000e+00
2.451716436129401444e+01,-2.057234357307457273e+01,0.000000000000000000e+00
2.483275926949563583e+01,-2.010917195661289725e+01,0.000000000000000000e+00
2.514688464559577952e+01,-1.964689952502648040e+01,0.000000000000000000e+00
2.545976759115917432e+01,-1.918531098299385462e+01,0.000000000000000000e+00
2.577162508252068562e+01,-1.872418163826095494e+01,0.000000000000000000e+00
2.608265835522626475e+01,-1.826327399687791697e+01,0.000000000000000000e+00
2.639305689079922246e+01,-1.780234165835080162e+01,0.000000000000000000e+00
2.670300055656574756e+01,-1.734113132259114209e+01,0.000000000000000000e+00
2.701265805387422958e+01,-1.687938213147270261e+01,0.000000000000000000e+00
2.732218605245275711e+01,-1.641682562466295181e+01,0.000000000000000000e+00
2.763172926000959961e+01,-1.595318632644142021e+01,0.000000000000000000e+00
2.794142034835014954e+01,-1.548818220953706337e+01,0.000000000000000000e+00
2.825137964841341542e+01,-1.502152501651056404e+01,0.000000000000000000e+00
2.856171485458840920e+01,-1.455292059961587015e+01,0.000000000000000000e+00
2.887252090501173285e+01,-1.408206935942330595e+01,0.000000000000000000e+00
2.918387979502275797e+01,-1.360866664309406637e+01,0.000000000000000000e+00
2.949586039488477240e+01,-1.313240314565866740e+01,0.000000000000000000e+00
2.980851818096248351e+01,-1.265296527634474977e+01,0.000000000000000000e+00
3.012189536436238058e+01,-1.217003569906485083e+01,0.000000000000000000e+00
3.043602109923879695e+01,-1.168329386957687532e+01,0.000000000000000000e+00
3.075091050378205892e+01,-1.119241609996057463e+01,0.000000000000000000e+00
3.106656346191154228e+01,-1.069707564995195348e+01,0.000000000000000000e+00
3.138296814652612809e+01,-1.019694447705625251e+01,0.000000000000000000e+00
3.170010510931635395e+01,-9.691694737382434255e+00,0.000000000000000000e+00
3.201793226074684640e+01,-9.180994337307257780e+00,0.000000000000000000e+00
3.233637146976812460e+01,-8.664504621477162161e+00,0.000000000000000000e+00
3.265536993293963519e+01,-8.141898167485095428e+00,0.000000000000000000e+00
3.297494141375226206e+01,-7.612865076664415476e+00,0.000000000000000000e+00
3.329491281897404775e+01,-7.077052189904287083e+00,0.000000000000000000e+00
3.361481687734864465e+01,-6.534058496226820445e+00,0.000000000000000000e+00
3.393492516701375905e+01,-5.983642895267270667e+00,0.000000000000000000e+00
3.425638891014292398e+01,-5.425678985072647009e+00,0.000000000000000000e+00
3.457598472600954409e+01,-4.859337754050534031e+00,0.000000000000000000e+00
3.488569147428546557e+01,-4.283424309464366253e+00,0.000000000000000000e+00
3.517983472530531941e+01,-3.697549625576102894e+00,0.000000000000000000e+00
3.545520700782540757e+01,-3.101928676149625197e+00,0.000000000000000000e+00
3.570984884329318731e+01,-2.497075884596126283e+00,0.000000000000000000e+00
3.594316786876198933e+01,-1.883701608399396266e+00,0.000000000000000000e+00
3.615478345916962155e+01,-1.262552859201710787e+00,0.000000000000000000e+00
3.634480704666327000e+01,-6.344009668030815563e-01,0.000000000000000000e+00
3.651349491322148566e+01,-8.943226934231971073e-15,0.000000000000000000e+00
