1.324898875118001662e+01,0.000000000000000000e+00,0.000000000000000000e+00
1.319096177890561172e+01,2.302490943164339499e-01,0.000000000000000000e+00
1.313340460877371285e+01,4.586285949848440957e-01,0.000000000000000000e+00
1.307629154596018672e+01,6.852994011813789976e-01,0.000000000000000000e+00
1.301959023092110357e+01,9.104184376591852867e-01,0.000000000000000000e+00
1.296326183546340438e+01,1.134138452921309659e+00,0.000000000000000000e+00
1.290726126408983454e+01,1.356607824536450346e+00,0.000000000000000000e+00
1.285153736039584871e+01,1.577970371723477649e+00,0.000000000000000000e+00
1.279603391762756459e+01,1.798365287663489909e+00,0.000000000000000000e+00
1.274071298618586390e+01,2.017930695652599304e+00,0.000000000000000000e+00
1.268555830429421860e+01,2.236806194397394254e+00,0.000000000000000000e+00
1.263054920907387668e+01,2.455130059838945833e+00,0.000000000000000000e+00
1.257565917906258868e+01,2.673038875835596517e+00,0.000000000000000000e+00
1.252085590500518641e+01,2.890667354132372857e+00,0.000000000000000000e+00
1.246610136542729563e+01,3.108148156682635666e+00,0.000000000000000000e+00
1.241135190692346946e+01,3.325611720438617969e+00,0.000000000000000000e+00
1.235655832908794238e+01,3.543186084725532758e+00,0.000000000000000000e+00
1.230167029849187088e+01,3.760998043437682181e+00,0.000000000000000000e+00
1.224666547070701839e+01,3.979182824608146873e+00,0.000000000000000000e+00
1.219153092521277770e+01,4.197880745825659510e+00,0.000000000000000000e+00
1.213624728243208928e+01,4.417232766499368246e+00,0.000000000000000000e+00
1.208078855989676370e+01,4.637380243011660852e+00,0.000000000000000000e+00
1.202512212529087599e+01,4.858464707488111323e+00,0.000000000000000000e+00
1.196920865588757721e+01,5.080627644382288643e+00,0.000000000000000000e+00
1.191300210445620067e+01,5.304010265044857952e+00,0.000000000000000000e+00
1.185644973931578150e+01,5.528753311972786300e+00,0.000000000000000000e+00
1.179950387098005748e+01,5.755002566786006746e+00,0.000000000000000000e+00
1.174213466858778077e+01,5.982916445036305042e+00,0.000000000000000000e+00
1.168430735202808179e+01,6.212656421504889614e+00,0.000000000000000000e+00
1.162597875959903959e+01,6.444385258443384501e+00,0.000000000000000000e+00
1.156709723569357706e+01,6.678266702770261354e+00,0.000000000000000000e+00
1.150760252779287462e+01,6.914465178372743104e+00,0.000000000000000000e+00
1.144742569293430812e+01,7.153145473774044305e+00,0.000000000000000000e+00
1.138648903464862805e+01,7.394472438961011029e+00,0.000000000000000000e+00
1.132473396240760088e+01,7.638629508618609343e+00,0.000000000000000000e+00
1.126217391168827930e+01,7.885859069592866533e+00,0.000000000000000000e+00
1.119882292151361014e+01,8.136421116080880367e+00,0.000000000000000000e+00
1.113467942728658322e+01,8.390582779028065374e+00,0.000000000000000000e+00
1.106972586082888199e+01,8.648617704435302755e+00,0.000000000000000000e+00
1.100392827094139747e+01,8.910805416231486475e+00,0.000000000000000000e+00
1.093723596498308837e+01,9.177430664316190700e+00,0.000000000000000000e+00
1.086957359919830068e+01,9.448776175500471552e+00,0.000000000000000000e+00
1.080076967293133094e+01,9.725056695036828458e+00,0.000000000000000000e+00
1.073059348968428495e+01,1.000644031234117293e+01,0.000000000000000000e+00
1.065880462378532556e+01,1.029308797805122566e+01,0.000000000000000000e+00
1.058515374730705538e+01,1.058515374730705361e+01,0.000000000000000000e+00
1.050938278737292819e+01,1.088278445555349805e+01,0.000000000000000000e+00
1.043122537076536993e+01,1.118611969482440216e+01,0.000000000000000000e+00
1.035064854875586882e+01,1.149555981484689227e+01,0.000000000000000000e+00
1.026826489102958107e+01,1.181228752761711220e+01,0.000000000000000000e+00
1.018472094096056502e+01,1.213767777095923428e+01,0.000000000000000000e+00
1.010056893213252494e+01,1.247316385367673242e+01,0.000000000000000000e+00
1.001626407095113080e+01,1.282023338345008412e+01,0.000000000000000000e+00
9.932102998017921180e+00,1.318034585132023118e+01,0.000000000000000000e+00
9.845805829236354612e+00,1.355158913583060887e+01,0.000000000000000000e+00
9.751946713427470215e+00,1.392722326063675808e+01,0.000000000000000000e+00
9.645347242369602725e+00,1.429981534928916709e+01,0.000000000000000000e+00
9.521344055948118168e+00,1.466158412017874291e+01,0.000000000000000000e+00
9.376102607957992774e+00,1.500490075134701762e+01,0.000000000000000000e+00
9.208759886386484794e+00,1.532595013680551155e+01,0.000000000000000000e+00
9.019891345387646808e+00,1.562291008896219502e+01,0.000000000000000000e+00
8.810397345941101577e+00,1.589437755499434957e+01,0.000000000000000000e+00
8.582210530019366956e+00,1.614079047498139019e+01,0.000000000000000000e+00
8.337271148490124517e+00,1.636281594327170907e+01,0.000000000000000000e+00
8.076103627452035028e+00,1.655846629235739442e+01,0.000000000000000000e+00
7.799088202652510127e+00,1.672519862425276571e+01,0.000000000000000000e+00
7.508184014448159971e+00,1.686365740169035021e+01,0.000000000000000000e+00
7.205310244169210954e+00,1.697464718522014948e+01,0.000000000000000000e+00
6.891604411244603767e+00,1.705731947721727337e+01,0.000000000000000000e+00
6.568096015059240678e+00,1.711047510468975830e+01,0.000000000000000000e+00
6.235847150620990931e+00,1.713284923750161326e+01,0.000000000000000000e+00
5.896174783742254455e+00,1.712373494362214288e+01,0.000000000000000000e+00
5.551681983909793061e+00,1.708632024551161877e+01,0.000000000000000000e+00
5.203305741530636297e+00,1.701924620945904110e+01,0.000000000000000000e+00
4.850395893148782278e+00,1.691534069611368807e+01,0.000000000000000000e+00
4.496305446638689141e+00,1.678044037320426796e+01,0.000000000000000000e+00
4.143276104824441752e+00,1.661777280360452380e+01,0.000000000000000000e+00
3.791609864882854453e+00,1.642326665443789935e+01,0.000000000000000000e+00
3.441892435547318385e+00,1.619283078586203217e+01,0.000000000000000000e+00
3.099527051222012108e+00,1.594568433897280713e+01,0.000000000000000000e+00
2.767427665404939674e+00,1.569486220591810977e+01,0.000000000000000000e+00
2.445849789976371369e+00,1.544248781613094934e+01,0.000000000000000000e+00
2.134779719882963445e+00,1.518974698281505376e+01,0.000000000000000000e+00
1.833951985578950339e+00,1.493634030282683689e+01,0.000000000000000000e+00
1.543118667251385023e+00,1.468179339634390956e+01,0.000000000000000000e+00
1.262242527903319589e+00,1.442749811270464377e+01,0.000000000000000000e+00
9.911265670566589137e-01,1.417377025363786203e+01,0.000000000000000000e+00
7.295047166513890513e-01,1.391977921276755481e+01,0.000000000000000000e+00
4.772971202646564270e-01,1.366800122710488985e+01,0.000000000000000000e+00
2.342887156867360654e-01,1.342239153221311732e+01,0.000000000000000000e+00
8.073246959343067544e-16,1.318461284504883579e+01,0.000000000000000000e+00
-2.261351321110489920e-01,1.295527304200873608e+01,0.000000000000000000e+00
-4.446784355613390693e-01,1.273392431018525883e+01,0.000000000000000000e+00
-6.561314705935621383e-01,1.251973427551593332e+01,0.000000000000000000e+00
-8.609510356179238544e-01,1.231217342374242740e+01,0.000000000000000000e+00
-1.059565323921122681e+00,1.211088707061068881e+01,0.000000000000000000e+00
-1.252370701950389797e+00,1.191551129014659338e+01,0.000000000000000000e+00
-1.439731583615681210e+00,1.172567278026259174e+01,0.000000000000000000e+00
-1.621981789110857886e+00,1.154100011249797397e+01,0.000000000000000000e+00
-1.799434994552073563e+00,1.136118542241242046e+01,0.000000000000000000e+00
-1.972382604291750718e+00,1.118593760505003765e+01,0.000000000000000000e+00
-2.141094536687994765e+00,1.101497649729031458e+01,0.000000000000000000e+00
-2.305825700081411078e+00,1.084805701581225357e+01,0.000000000000000000e+00
-2.466811155057968996e+00,1.068493300454863082e+01,0.000000000000000000e+00
-2.624270722114084187e+00,1.052537497669150923e+01,0.000000000000000000e+00
-2.778414259979666401e+00,1.036918318271799500e+01,0.000000000000000000e+00
-2.929435451736790874e+00,1.021615550668650840e+01,0.000000000000000000e+00
-3.077515916553294151e+00,1.006610099408496595e+01,0.000000000000000000e+00
-3.222831016972743434e+00,9.918853964034795467e+00,0.000000000000000000e+00
-3.365543322542595472e+00,9.774247526617443782e+00,0.000000000000000000e+00
-3.505804101181627885e+00,9.632117605027930907e+00,0.000000000000000000e+00
-3.643761601705131081e+00,9.492323502953206926e+00,0.000000000000000000e+00
-3.779555291952280793e+00,9.354727614871078956e+00,0.000000000000000000e+00
-3.913313927539830317e+00,9.219189874405754992e+00,0.000000000000000000e+00
-4.045162497473386409e+00,9.085583725743452632e+00,0.000000000000000000e+00
-4.175222951572538754e+00,8.953794514317658937e+00,0.000000000000000000e+00
-4.303608568796735590e+00,8.823705181257523122e+00,0.000000000000000000e+00
-4.430425276995236139e+00,8.695199192486418482e+00,0.000000000000000000e+00
-4.555779447139728155e+00,8.568174976516573338e+00,0.000000000000000000e+00
-4.679773210292242247e+00,8.442534355207065744e+00,0.000000000000000000e+00
-4.802501535181948888e+00,8.318176662362672502e+00,0.000000000000000000e+00
-4.924054842945553290e+00,8.195003445082987170e+00,0.000000000000000000e+00
-5.044525513115416082e+00,8.072928361267125652e+00,0.000000000000000000e+00
-5.164001833665213148e+00,7.951865496735321948e+00,0.000000000000000000e+00
-5.282566313986424511e+00,7.831726630696492109e+00,0.000000000000000000e+00
-5.400298462679039346e+00,7.712425485287582205e+00,0.000000000000000000e+00
-5.517280666038712589e+00,7.593885358900839933e+00,0.000000000000000000e+00
-5.633592099346331317e+00,7.476029222559200882e+00,0.000000000000000000e+00
-5.749307252611808750e+00,7.358777708887464186e+00,0.000000000000000000e+00
-5.864498108388090714e+00,7.242052038553643989e+00,0.000000000000000000e+00
-5.979240451617686247e+00,7.125781289200002533e+00,0.000000000000000000e+00
-6.093608112677149968e+00,7.009894258809431733e+00,0.000000000000000000e+00
-6.207671089821865884e+00,6.894317200299538761e+00,0.000000000000000000e+00
-6.321496864864475818e+00,6.778975438399794662e+00,0.000000000000000000e+00
-6.435157353386024681e+00,6.663800513443526086e+00,0.000000000000000000e+00
-6.548724237117297342e+00,6.548724237117298230e+00,0.000000000000000000e+00
-6.662266019198022526e+00,6.433675509518137936e+00,0.000000000000000000e+00
-6.775848631017648671e+00,6.318581069809181550e+00,0.000000000000000000e+00
-6.889542494320630261e+00,6.203371925248128527e+00,0.000000000000000000e+00
-7.003420028498302585e+00,6.087980150130113621e+00,0.000000000000000000e+00
-7.117551011921205095e+00,5.972334428988562038e+00,0.000000000000000000e+00
-7.232002703652297804e+00,5.856360317440757690e+00,0.000000000000000000e+00
-7.346846542948807013e+00,5.739985604156471410e+00,0.000000000000000000e+00
-7.462158467631784475e+00,5.623139735792789473e+00,0.000000000000000000e+00
-7.578012308985433876e+00,5.505748220226021061e+00,0.000000000000000000e+00
-7.694479491161038354e+00,5.387732542310974537e+00,0.000000000000000000e+00
-7.811635514020787596e+00,5.269014684675790150e+00,0.000000000000000000e+00
-7.929562807968195237e+00,5.149518298231118507e+00,0.000000000000000000e+00
-8.048342213577274862e+00,5.029162382942515386e+00,0.000000000000000000e+00
-8.168052247040415992e+00,4.907860929406162143e+00,0.000000000000000000e+00
-8.288776390700247632e+00,4.785527280423401919e+00,0.000000000000000000e+00
-8.410607128318108749e+00,4.662075659439908648e+00,0.000000000000000000e+00
-8.533635562879659631e+00,4.537414515144930327e+00,0.000000000000000000e+00
-8.657950583087297147e+00,4.411446162548108063e+00,0.000000000000000000e+00
-8.783649078959321344e+00,4.284071902334972926e+00,0.000000000000000000e+00
-8.910837872397655346e+00,4.155191940476621326e+00,0.000000000000000000e+00
-9.039621891662457998e+00,4.024698970511142448e+00,0.000000000000000000e+00
-9.170104840430022719e+00,3.892478566764345338e+00,0.000000000000000000e+00
-9.302404919298618680e+00,3.758415550734619970e+00,0.000000000000000000e+00
-9.436647825038114945e+00,3.622389711327310469e+00,0.000000000000000000e+00
-9.572956232585447367e+00,3.484271122594229109e+00,0.000000000000000000e+00
-9.711457991899703046e+00,3.343923151913673397e+00,0.000000000000000000e+00
-9.852301019704553298e+00,3.201206654517557482e+00,0.000000000000000000e+00
-9.995633515155843085e+00,3.055971846199624142e+00,0.000000000000000000e+00
-1.014160280810888892e+01,2.908057809423798545e+00,0.000000000000000000e+00
-1.029037991823289033e+01,2.757298988899948178e+00,0.000000000000000000e+00
-1.044214557539834054e+01,2.603519301711823886e+00,0.000000000000000000e+00
-1.059707720982198431e+01,2.446528046649528942e+00,0.000000000000000000e+00
-1.075537370709175278e+01,2.286125254655582584e+00,0.000000000000000000e+00
-1.091725013351397955e+01,2.122098455886247681e+00,0.000000000000000000e+00
-1.108291867773090189e+01,1.954217587881742269e+00,0.000000000000000000e+00
-1.125262859604470655e+01,1.782241282364414925e+00,0.000000000000000000e+00
-1.142665574039118148e+01,1.605911735611452951e+00,0.000000000000000000e+00
-1.160527015596168887e+01,1.424948000259339986e+00,0.000000000000000000e+00
-1.178874368575212017e+01,1.239046889834051868e+00,0.000000000000000000e+00
-1.197734328692238570e+01,1.047881756764042827e+00,0.000000000000000000e+00
-1.217143154211959555e+01,8.511094045291106580e-01,0.000000000000000000e+00
-1.237158438801797189e+01,6.483672639887639866e-01,0.000000000000000000e+00
-1.257830749687746597e+01,4.392441766947769444e-01,0.000000000000000000e+00
-1.279146622535724553e+01,2.232758734907121234e-01,0.000000000000000000e+00
-1.301063254173221395e+01,1.593342949711474946e-15,0.000000000000000000e+00
-1.301231880972071764e+01,-2.271308696903379110e-01,0.000000000000000000e+00
-1.322819908676946277e+01,-4.619388911000232856e-01,0.000000000000000000e+00
-1.345327419659371770e+01,-7.050562247293133966e-01,0.000000000000000000e+00
-1.368745158074724344e+01,-9.571198526728103007e-01,0.000000000000000000e+00
-1.393063085272579116e+01,-1.218772275377979275e+00,0.000000000000000000e+00
-1.418318621676325719e+01,-1.490712940943578868e+00,0.000000000000000000e+00
-1.444604150824874722e+01,-1.773750863375459952e+00,0.000000000000000000e+00
-1.472006543842579873e+01,-2.068770283590186665e+00,0.000000000000000000e+00
-1.500609023280317977e+01,-2.376731202982020008e+00,0.000000000000000000e+00
-1.530516499770359928e+01,-2.698713533289958111e+00,0.000000000000000000e+00
-1.561835312576817891e+01,-3.035900308808868964e+00,0.000000000000000000e+00
-1.594673632114996664e+01,-3.389583442282090520e+00,0.000000000000000000e+00
-1.629235050206954938e+01,-3.761385489596456022e+00,0.000000000000000000e+00
-1.665546971397209219e+01,-4.152675000199740118e+00,0.000000000000000000e+00
-1.703304075615296043e+01,-4.563989515257577345e+00,0.000000000000000000e+00
-1.742144359316760927e+01,-4.995518563598156270e+00,0.000000000000000000e+00
-1.782001525632396621e+01,-5.448125407919643948e+00,0.000000000000000000e+00
-1.822832021243207024e+01,-5.922740266259580721e+00,0.000000000000000000e+00
-1.864542565429906062e+01,-6.420134914314692409e+00,0.000000000000000000e+00
-1.907052945773511965e+01,-6.941105074312362788e+00,0.000000000000000000e+00
-1.950274205374235947e+01,-7.486401259004439090e+00,0.000000000000000000e+00
-1.994116155694505110e+01,-8.056752242621627147e+00,0.000000000000000000e+00
-2.038486170116960139e+01,-8.652860424062172484e+00,0.000000000000000000e+00
-2.083289894238471618e+01,-9.275404207283528990e+00,0.000000000000000000e+00
-2.128418365569706339e+01,-9.924977836228990213e+00,0.000000000000000000e+00
-2.173742648979972358e+01,-1.060205129063013629e+01,0.000000000000000000e+00
-2.219213601620769438e+01,-1.130745807889970855e+01,0.000000000000000000e+00
-2.264727447462870558e+01,-1.204176943958634638e+01,0.000000000000000000e+00
-2.310176198521238078e+01,-1.280551577291070942e+01,0.000000000000000000e+00
-2.355450222289763218e+01,-1.359919819901759119e+01,0.000000000000000000e+00
-2.400437456546412562e+01,-1.442328336077419948e+01,0.000000000000000000e+00
-2.445024304980629637e+01,-1.527820752855799391e+01,0.000000000000000000e+00
-2.489096234467346846e+01,-1.616437994862426208e+01,0.000000000000000000e+00
-2.532538589954251051e+01,-1.708218848156251468e+01,0.000000000000000000e+00
-2.575238425713086698e+01,-1.803201358371607910e+01,0.000000000000000000e+00
-2.617083095981253749e+01,-1.901422168554316272e+01,0.000000000000000000e+00
-2.657972403353158342e+01,-2.002925869608228737e+01,0.000000000000000000e+00
-2.697783483466642096e+01,-2.107739459059707698e+01,0.000000000000000000e+00
-2.736482414439108979e+01,-2.215959766331713610e+01,0.000000000000000000e+00
-2.773877099123329515e+01,-2.327559250805489199e+01,0.000000000000000000e+00
-2.809428097618485864e+01,-2.442198586108021630e+01,0.000000000000000000e+00
-2.843294619748352758e+01,-2.560113974751705612e+01,0.000000000000000000e+00
-2.875829815681610668e+01,-2.681754688287592359e+01,0.000000000000000000e+00
-2.906572929395937166e+01,-2.806844851075771174e+01,0.000000000000000000e+00
-2.934071573226691854e+01,-2.934071573226690788e+01,0.000000000000000000e+00
-2.956739435386235826e+01,-3.061793315322458398e+01,0.000000000000000000e+00
-2.973571999923801101e+01,-3.188765569723798521e+01,0.000000000000000000e+00
-2.984476051028785193e+01,-3.314596452480575550e+01,0.000000000000000000e+00
-2.989453744098637600e+01,-3.438973142059629851e+01,0.000000000000000000e+00
-2.988520718240544483e+01,-3.561580302505396389e+01,0.000000000000000000e+00
-2.981765783602661912e+01,-3.682174087624440517e+01,0.000000000000000000e+00
-2.969457116174821820e+01,-3.800731788004156897e+01,0.000000000000000000e+00
-2.951669770021641526e+01,-3.916998083440725509e+01,0.000000000000000000e+00
-2.928429394892693338e+01,-4.030637274506640466e+01,0.000000000000000000e+00
-2.899860183646024581e+01,-4.141429541104889012e+01,0.000000000000000000e+00
-2.866459376348239019e+01,-4.249700789201266105e+01,0.000000000000000000e+00
-2.828373590510408775e+01,-4.355313396605433240e+01,0.000000000000000000e+00
-2.785193878359004671e+01,-4.457241933611673801e+01,0.000000000000000000e+00
-2.737478414374087876e+01,-4.555929158420221370e+01,0.000000000000000000e+00
-2.685419988532425961e+01,-4.651283859799188036e+01,0.000000000000000000e+00
-2.629188366341598737e+01,-4.743181370484306569e+01,0.000000000000000000e+00
-2.568634800320538503e+01,-4.830899448772428428e+01,0.000000000000000000e+00
-2.503993983899807674e+01,-4.914364898523454173e+01,0.000000000000000000e+00
-2.435962348035351965e+01,-4.994462960119400208e+01,0.000000000000000000e+00
-2.364097912515386568e+01,-5.069824334151440581e+01,0.000000000000000000e+00
-2.288996313512847891e+01,-5.141169895481042573e+01,0.000000000000000000e+00
-2.210485459957839538e+01,-5.207577400460680650e+01,0.000000000000000000e+00
-2.129303421011432462e+01,-5.270210904279736042e+01,0.000000000000000000e+00
-2.044991849960672781e+01,-5.327385905720488779e+01,0.000000000000000000e+00
-1.958082479353603489e+01,-5.379787397453736020e+01,0.000000000000000000e+00
-1.868855697041927044e+01,-5.427551044155597282e+01,0.000000000000000000e+00
-1.777448768450238248e+01,-5.470424812831724637e+01,0.000000000000000000e+00
-1.684033523395143561e+01,-5.508225459612070551e+01,0.000000000000000000e+00
-1.588811294611801017e+01,-5.540843457366774771e+01,0.000000000000000000e+00
-1.491997341524268350e+01,-5.568209883326266407e+01,0.000000000000000000e+00
-1.393811575421209170e+01,-5.590272891640942277e+01,0.000000000000000000e+00
-1.294475768000047466e+01,-5.606990558937651770e+01,0.000000000000000000e+00
-1.194213413236012045e+01,-5.618332381053165392e+01,0.000000000000000000e+00
-1.093249416198629653e+01,-5.624280674561837401e+01,0.000000000000000000e+00
-9.918088493370861514e+00,-5.624827495781377706e+01,0.000000000000000000e+00
-8.901154115763510788e+00,-5.619967528075780194e+01,0.000000000000000000e+00
-7.883905781949725800e+00,-5.609690449501508880e+01,0.000000000000000000e+00
-6.868540025507420488e+00,-5.593976942214202808e+01,0.000000000000000000e+00
-5.857249824575094799e+00,-5.572800953043881833e+01,0.000000000000000000e+00
-4.852242364989202805e+00,-5.546138401750093294e+01,0.000000000000000000e+00
-3.855652758620737863e+00,-5.513840330280562085e+01,0.000000000000000000e+00
-2.869874490433030445e+00,-5.476046742857650429e+01,0.000000000000000000e+00
-1.897197289457367653e+00,-5.432862210856107055e+01,0.000000000000000000e+00
-9.398388459203721457e-01,-5.384333142187539067e+01,0.000000000000000000e+00
-9.792000132678359218e-15,-5.330516597109703980e+01,0.000000000000000000e+00
9.201400300191894255e-01,-5.271478701472635464e+01,0.000000000000000000e+00
1.818283305508476166e+00,-5.206882127663727999e+01,0.000000000000000000e+00
2.692146739340121719e+00,-5.136921991677055388e+01,0.000000000000000000e+00
3.539705732431203344e+00,-5.062015032646875312e+01,0.000000000000000000e+00
4.359664191269945199e+00,-4.983118972869137053e+01,0.000000000000000000e+00
5.152753384453549579e+00,-4.902517364242020648e+01,0.000000000000000000e+00
5.919067874546607655e+00,-4.820693930100276248e+01,0.000000000000000000e+00
6.659999459733207949e+00,-4.738835850688084861e+01,0.000000000000000000e+00
7.374022788986087207e+00,-4.655774755320925351e+01,0.000000000000000000e+00
8.063143548784276859e+00,-4.572835941718819441e+01,0.000000000000000000e+00
8.725270917093958190e+00,-4.488762753696482122e+01,0.000000000000000000e+00
9.362667667554422479e+00,-4.404788821381712438e+01,0.000000000000000000e+00
9.974529395864022874e+00,-4.320443343552313564e+01,0.000000000000000000e+00
1.056024334578049206e+01,-4.235482266475522550e+01,0.000000000000000000e+00
1.112125157883660620e+01,-4.150507593597374267e+01,0.000000000000000000e+00
1.165746561717993401e+01,-4.065441397193204409e+01,0.000000000000000000e+00
1.216899254401606534e+01,-3.980298112690893220e+01,0.000000000000000000e+00
1.265592390850967064e+01,-3.895092866096292283e+01,0.000000000000000000e+00
1.311842955676235256e+01,-3.809868581677329757e+01,0.000000000000000000e+00
1.355674810757264659e+01,-3.724685930679009971e+01,0.000000000000000000e+00
1.397124082431030523e+01,-3.639632669161447609e+01,0.000000000000000000e+00
1.436224453838724813e+01,-3.554780264251228061e+01,0.000000000000000000e+00
1.473060844019792270e+01,-3.470313874386364716e+01,0.000000000000000000e+00
1.507628779030175359e+01,-3.386189679098083616e+01,0.000000000000000000e+00
1.539761068951180967e+01,-3.302028268297001290e+01,0.000000000000000000e+00
1.569696717581233258e+01,-3.218355210171214509e+01,0.000000000000000000e+00
1.597555604233241766e+01,-3.135379411996790111e+01,0.000000000000000000e+00
1.623216619395352112e+01,-3.052826455086846025e+01,0.000000000000000000e+00
1.646677767284730720e+01,-2.970685329725382928e+01,0.000000000000000000e+00
1.667991655925306560e+01,-2.889046294663575409e+01,0.000000000000000000e+00
1.687229052768867277e+01,-2.808020694548925178e+01,0.000000000000000000e+00
1.704463724061395880e+01,-2.727712151113350458e+01,0.000000000000000000e+00
1.719726898614455379e+01,-2.648147198505915867e+01,0.000000000000000000e+00
1.733026247540051656e+01,-2.569317072010982628e+01,0.000000000000000000e+00
1.744371100292647725e+01,-2.491220109901493984e+01,0.000000000000000000e+00
1.753802358316623966e+01,-2.413901858066709849e+01,0.000000000000000000e+00
1.761377527075217486e+01,-2.337426926223733403e+01,0.000000000000000000e+00
1.767156687679494098e+01,-2.261857415169405172e+01,0.000000000000000000e+00
1.771202334064932060e+01,-2.187252725985030821e+01,0.000000000000000000e+00
1.773579275242313003e+01,-2.113669473020662082e+01,0.000000000000000000e+00
1.774354534739317657e+01,-2.041161399973445612e+01,0.000000000000000000e+00
1.773597247322141257e+01,-1.969779299142579276e+01,0.000000000000000000e+00
1.771028081081403016e+01,-1.899195098726755049e+01,0.000000000000000000e+00
1.766867019638353753e+01,-1.829644359272316123e+01,0.000000000000000000e+00
1.761247256212296719e+01,-1.761247256212297430e+01,0.000000000000000000e+00
1.754147554259239072e+01,-1.693960602503431545e+01,0.000000000000000000e+00
1.745637283175474508e+01,-1.627833101485490630e+01,0.000000000000000000e+00
1.735735139510042302e+01,-1.562862939444717014e+01,0.000000000000000000e+00
1.724707587981795243e+01,-1.499265432843587931e+01,0.000000000000000000e+00
1.712738773376274537e+01,-1.437158473043059992e+01,0.000000000000000000e+00
1.699884310378416785e+01,-1.376539172823149038e+01,0.000000000000000000e+00
1.686190510168493617e+01,-1.317396409146674863e+01,0.000000000000000000e+00
1.671586064862150778e+01,-1.259630449272265551e+01,0.000000000000000000e+00
1.656758277216885844e+01,-1.203705347022963146e+01,0.000000000000000000e+00
1.642081393593353411e+01,-1.149797770147972642e+01,0.000000000000000000e+00
1.627931400621454827e+01,-1.098053594554393264e+01,0.000000000000000000e+00
1.614461275790215211e+01,-1.048443411421506077e+01,0.000000000000000000e+00
1.601599337308906357e+01,-1.000790339922626870e+01,0.000000000000000000e+00
1.589254908220820361e+01,-9.549206879461516806e+00,0.000000000000000000e+00
1.577330991998418597e+01,-9.106724728314274486e+00,0.000000000000000000e+00
1.565779276644824591e+01,-8.679256256213950138e+00,0.000000000000000000e+00
1.554591143620575444e+01,-8.265907734404644103e+00,0.000000000000000000e+00
1.543754533560910147e+01,-7.865822226216853785e+00,0.000000000000000000e+00
1.533252874729943827e+01,-7.478173935180832288e+00,0.000000000000000000e+00
1.523067522914974248e+01,-7.102180498224174521e+00,0.000000000000000000e+00
1.513184480119057973e+01,-6.737131367126889536e+00,0.000000000000000000e+00
1.503588187161104450e+01,-6.382353194001444407e+00,0.000000000000000000e+00
1.494259630089024604e+01,-6.037200787627067022e+00,0.000000000000000000e+00
1.485176486233660142e+01,-5.701058387453743492e+00,0.000000000000000000e+00
1.476314663472740385e+01,-5.373345939148027384e+00,0.000000000000000000e+00
1.467661422892695100e+01,-5.053563548619572465e+00,0.000000000000000000e+00
1.459209994755994622e+01,-4.741260682361390089e+00,0.000000000000000000e+00
1.450951534843067314e+01,-4.436004015110593279e+00,0.000000000000000000e+00
1.442875108284128061e+01,-4.137377795267149772e+00,0.000000000000000000e+00
1.434967781088184680e+01,-3.844984581072589780e+00,0.000000000000000000e+00
1.427215139044551506e+01,-3.558447002455306762e+00,0.000000000000000000e+00
1.419608181420971071e+01,-3.277423729517103812e+00,0.000000000000000000e+00
1.412142347838770640e+01,-3.001601220452422947e+00,0.000000000000000000e+00
1.404811830996758104e+01,-2.730677579894739360e+00,0.000000000000000000e+00
1.397609453759448250e+01,-2.464362551910118437e+00,0.000000000000000000e+00
1.390526729490001046e+01,-2.202377978065820585e+00,0.000000000000000000e+00
1.383553923701852639e+01,-1.944458232928278241e+00,0.000000000000000000e+00
1.376680466405669634e+01,-1.690351065712269341e+00,0.000000000000000000e+00
1.369900147792084866e+01,-1.439823074240241807e+00,0.000000000000000000e+00
1.363210091141563751e+01,-1.192654289790286537e+00,0.000000000000000000e+00
1.356606594532546239e+01,-9.486317421720269483e-01,0.000000000000000000e+00
1.350085047815205286e+01,-7.075495919923413535e-01,0.000000000000000000e+00
1.343639969119499078e+01,-4.692094164152086355e-01,0.000000000000000000e+00
1.337265042140145255e+01,-2.334204813679311152e-01,0.000000000000000000e+00
1.330953154155804086e+01,-3.259895040103958540e-15,0.000000000000000000e+00
