3.704077814654404932e+01,0.000000000000000000e+00,0.000000000000000000e+00
3.708981363480930327e+01,6.474051051710861815e-01,0.000000000000000000e+00
3.711930153365194940e+01,1.296234572551337783e+00,0.000000000000000000e+00
3.712922497622545137e+01,1.945860227504403905e+00,0.000000000000000000e+00
3.711959366479562306e+01,2.595654845617684003e+00,0.000000000000000000e+00
3.709041696573059710e+01,3.244991009951026406e+00,0.000000000000000000e+00
3.704171715678145205e+01,3.893241354691001632e+00,0.000000000000000000e+00
3.697353496747513191e+01,4.539779256009623509e+00,0.000000000000000000e+00
3.688592955916758598e+01,5.183979329019025251e+00,0.000000000000000000e+00
3.677897849259844065e+01,5.825217924258360824e+00,0.000000000000000000e+00
3.665277768295685945e+01,6.462873623414389535e+00,0.000000000000000000e+00
3.650744134247555195e+01,7.096327733977521035e+00,0.000000000000000000e+00
3.634311483511478258e+01,7.724967529730770721e+00,0.000000000000000000e+00
3.616004938919389389e+01,8.348205193494218079e+00,0.000000000000000000e+00
3.595854916360868003e+01,8.965473248100877868e+00,0.000000000000000000e+00
3.573892848252889110e+01,9.576217025247263592e+00,0.000000000000000000e+00
3.550132413174782187e+01,1.017984088310650570e+01,0.000000000000000000e+00
3.524564806747314094e+01,1.077567600212067944e+01,0.000000000000000000e+00
3.497187434734309619e+01,1.136305078963408732e+01,0.000000000000000000e+00
3.468045289603463033e+01,1.194143757349626078e+01,0.000000000000000000e+00
3.437205303900544351e+01,1.251040419681714333e+01,0.000000000000000000e+00
3.404694972397166453e+01,1.306939950169169862e+01,0.000000000000000000e+00
3.370508609549102630e+01,1.361773872661026097e+01,0.000000000000000000e+00
3.334723262809811928e+01,1.415506044091088356e+01,0.000000000000000000e+00
3.297468660345898428e+01,1.468127636491904475e+01,0.000000000000000000e+00
3.258606700040275683e+01,1.519513259143969108e+01,0.000000000000000000e+00
3.217984616034416234e+01,1.569515966743585622e+01,0.000000000000000000e+00
3.176001267179775311e+01,1.618253473254650388e+01,0.000000000000000000e+00
3.132736001497447731e+01,1.665705278901661401e+01,0.000000000000000000e+00
3.087852716012448795e+01,1.711624710038717012e+01,0.000000000000000000e+00
3.041707824288983275e+01,1.756130831149434712e+01,0.000000000000000000e+00
2.994384636719187753e+01,1.799207806425707190e+01,0.000000000000000000e+00
2.945612603014239284e+01,1.840623038221454877e+01,0.000000000000000000e+00
2.895617750263530610e+01,1.880436154018629225e+01,0.000000000000000000e+00
2.844528105247072958e+01,1.918658433386801221e+01,0.000000000000000000e+00
2.792421235122631984e+01,1.955274398689735094e+01,0.000000000000000000e+00
2.739270123327615991e+01,1.990196240292003083e+01,0.000000000000000000e+00
2.684881106019533092e+01,2.023203031485488523e+01,0.000000000000000000e+00
2.629561851123939320e+01,2.054438878293530024e+01,0.000000000000000000e+00
2.573399525673113430e+01,2.083897846921691865e+01,0.000000000000000000e+00
2.516410821374449114e+01,2.111519392105816451e+01,0.000000000000000000e+00
2.458656065436834837e+01,2.137277110535664804e+01,0.000000000000000000e+00
2.400182512920048339e+01,2.161134041686163698e+01,0.000000000000000000e+00
2.341045554822745345e+01,2.183060297207722300e+01,0.000000000000000000e+00
2.281299109298188199e+01,2.203024941826636507e+01,0.000000000000000000e+00
2.220970097961315304e+01,2.220970097961314949e+01,0.000000000000000000e+00
2.160078839938907436e+01,2.236827118934305858e+01,0.000000000000000000e+00
2.098766308442065309e+01,2.250651318827282665e+01,0.000000000000000000e+00
2.037098246264362444e+01,2.262426806237801813e+01,0.000000000000000000e+00
1.975133783139592580e+01,2.272131504158700110e+01,0.000000000000000000e+00
1.912937044413263266e+01,2.279749595086056146e+01,0.000000000000000000e+00
1.850571668857420349e+01,2.285265691836352531e+01,0.000000000000000000e+00
1.788102680885220508e+01,2.288667063901049303e+01,0.000000000000000000e+00
1.725595748575640442e+01,2.289942902357498156e+01,0.000000000000000000e+00
1.663117317538239703e+01,2.289084607482148925e+01,0.000000000000000000e+00
1.600734491275375149e+01,2.286085773038279711e+01,0.000000000000000000e+00
1.538515016426926785e+01,2.280942312825299467e+01,0.000000000000000000e+00
1.476527221855759109e+01,2.273652537054164924e+01,0.000000000000000000e+00
1.414840105102245715e+01,2.264217473267192560e+01,0.000000000000000000e+00
1.353522999492415479e+01,2.252640556944757222e+01,0.000000000000000000e+00
1.292646633436376824e+01,2.238929645344666142e+01,0.000000000000000000e+00
1.232279980189973045e+01,2.223091932127634962e+01,0.000000000000000000e+00
1.172498844908080251e+01,2.205149608206630418e+01,0.000000000000000000e+00
1.113366710719260588e+01,2.185105202937334212e+01,0.000000000000000000e+00
1.054880708147605972e+01,2.162825968322924552e+01,0.000000000000000000e+00
9.971220312973967381e+00,2.138335096709815630e+01,0.000000000000000000e+00
9.402225834725427944e+00,2.111774498134557021e+01,0.000000000000000000e+00
8.842566547298668311e+00,2.083178132040752928e+01,0.000000000000000000e+00
8.294503221050366193e+00,2.052961587804088239e+01,0.000000000000000000e+00
7.761269710601704119e+00,2.021879885122772080e+01,0.000000000000000000e+00
7.244093704622646790e+00,1.990298387786409506e+01,0.000000000000000000e+00
6.741879209928924865e+00,1.957983893745205961e+01,0.000000000000000000e+00
6.255402669443153485e+00,1.925214981414732662e+01,0.000000000000000000e+00
5.785149370366063692e+00,1.892237096638371341e+01,0.000000000000000000e+00
5.330462790029232956e+00,1.858953292630446086e+01,0.000000000000000000e+00
4.890304601096961967e+00,1.825086523578171338e+01,0.000000000000000000e+00
4.465576110544974497e+00,1.791044752142692431e+01,0.000000000000000000e+00
4.056274533660837456e+00,1.756965528202513482e+01,0.000000000000000000e+00
3.661436131885762002e+00,1.722570267000207167e+01,0.000000000000000000e+00
3.281111857166998380e+00,1.687985718163627880e+01,0.000000000000000000e+00
2.915339301201041344e+00,1.653371077691845770e+01,0.000000000000000000e+00
2.563735229471291621e+00,1.618678718830013352e+01,0.000000000000000000e+00
2.226572697953815627e+00,1.584288795970787156e+01,0.000000000000000000e+00
1.904478944843697619e+00,1.551073629159059131e+01,0.000000000000000000e+00
1.596947230788688943e+00,1.519393796788509476e+01,0.000000000000000000e+00
1.302794744830898743e+00,1.489101207317979636e+01,0.000000000000000000e+00
1.020976929123836863e+00,1.460065031920258782e+01,0.000000000000000000e+00
7.505854582255688801e-01,1.432202372422315406e+01,0.000000000000000000e+00
4.907879228367022506e-01,1.405432726654780140e+01,0.000000000000000000e+00
2.408241175123157773e-01,1.379680445204217776e+01,0.000000000000000000e+00
8.296181242683867321e-16,1.354869215917600300e+01,0.000000000000000000e+00
-2.323151977173975313e-01,1.330932876347202232e+01,0.000000000000000000e+00
-4.566990541885102006e-01,1.307814978981026677e+01,0.000000000000000000e+00
-6.736802428531698528e-01,1.285458479770332296e+01,0.000000000000000000e+00
-8.837452270239619656e-01,1.263814554763178855e+01,0.000000000000000000e+00
-1.087343066273130932e+00,1.242838811854677239e+01,0.000000000000000000e+00
-1.284884480350958036e+00,1.222485922763342892e+01,0.000000000000000000e+00
-1.476750478708206193e+00,1.202716748627696397e+01,0.000000000000000000e+00
-1.663296915136029286e+00,1.183497250929396749e+01,0.000000000000000000e+00
-1.844850089453846875e+00,1.164792504663760120e+01,0.000000000000000000e+00
-2.021710908790046446e+00,1.146569232154379314e+01,0.000000000000000000e+00
-2.194165961321283831e+00,1.128800530802076629e+01,0.000000000000000000e+00
-2.362480990274141046e+00,1.111459919991421152e+01,0.000000000000000000e+00
-2.526899073850308763e+00,1.094520237513359717e+01,0.000000000000000000e+00
-2.687648378768822788e+00,1.077956887361451521e+01,0.000000000000000000e+00
-2.844949474349086849e+00,1.061749598323715915e+01,0.000000000000000000e+00
-2.999006695604895079e+00,1.045877926742811148e+01,0.000000000000000000e+00
-3.150007157965330151e+00,1.030320916087469030e+01,0.000000000000000000e+00
-3.298126559471880270e+00,1.015058981560706997e+01,0.000000000000000000e+00
-3.443538719541280546e+00,1.000076260698967090e+01,0.000000000000000000e+00
-3.586406268557580379e+00,9.853570239852462720e+00,0.000000000000000000e+00
-3.726878900414236639e+00,9.708851468907186089e+00,0.000000000000000000e+00
-3.865094398838322398e+00,9.566444333777694098e+00,0.000000000000000000e+00
-4.001189921895688784e+00,9.426212743608118672e+00,0.000000000000000000e+00
-4.135299581469413788e+00,9.288034931091020852e+00,0.000000000000000000e+00
-4.267547947441986622e+00,9.151786106895706041e+00,0.000000000000000000e+00
-4.398049906333592496e+00,9.017338618413226925e+00,0.000000000000000000e+00
-4.526912459028075375e+00,8.884565949590655265e+00,0.000000000000000000e+00
-4.654245733703425536e+00,8.753363127601295091e+00,0.000000000000000000e+00
-4.780157356440945193e+00,8.623632148731472213e+00,0.000000000000000000e+00
-4.904747775436651303e+00,8.495272345366711164e+00,0.000000000000000000e+00
-5.028110210638672584e+00,8.368180658563083796e+00,0.000000000000000000e+00
-5.150331503592022742e+00,8.242253341206227546e+00,0.000000000000000000e+00
-5.271501799823293588e+00,8.117400928233402979e+00,0.000000000000000000e+00
-5.391712131427863319e+00,7.993541959511586192e+00,0.000000000000000000e+00
-5.511048272843854789e+00,7.870592605921529206e+00,0.000000000000000000e+00
-5.629590588949509034e+00,7.748466706284772521e+00,0.000000000000000000e+00
-5.747414040202379226e+00,7.627076039759002946e+00,0.000000000000000000e+00
-5.864593536612692226e+00,7.506337423401030051e+00,0.000000000000000000e+00
-5.981209790897299428e+00,7.386178963418688070e+00,0.000000000000000000e+00
-6.097340667956504312e+00,7.266527646307943122e+00,0.000000000000000000e+00
-6.213059951714232199e+00,7.147307880622141063e+00,0.000000000000000000e+00
-6.328437284477115732e+00,7.028441647451957763e+00,0.000000000000000000e+00
-6.443538941886627569e+00,6.909849543104772174e+00,0.000000000000000000e+00
-6.558437039755867559e+00,6.791460365754091733e+00,0.000000000000000000e+00
-6.673206853627677404e+00,6.673206853627679180e+00,0.000000000000000000e+00
-6.787920645194214231e+00,6.555018771345242357e+00,0.000000000000000000e+00
-6.902647459736006574e+00,6.436822890493635541e+00,0.000000000000000000e+00
-7.017453035722746257e+00,6.318543094034919427e+00,0.000000000000000000e+00
-7.132402922488426888e+00,6.200103269280885954e+00,0.000000000000000000e+00
-7.247572121402126477e+00,6.081435093999263408e+00,0.000000000000000000e+00
-7.363036157061827680e+00,5.962469115826197097e+00,0.000000000000000000e+00
-7.478867963708222710e+00,5.843132042586797859e+00,0.000000000000000000e+00
-7.595137749244387670e+00,5.723346812031726571e+00,0.000000000000000000e+00
-7.711913085001069312e+00,5.603032828534301402e+00,0.000000000000000000e+00
-7.829267704368763958e+00,5.482112265260840722e+00,0.000000000000000000e+00
-7.947284881957028979e+00,5.360511338653076940e+00,0.000000000000000000e+00
-8.066046475408299443e+00,5.238151828214165917e+00,0.000000000000000000e+00
-8.185631923604457683e+00,5.114950515071019943e+00,0.000000000000000000e+00
-8.306118050636980499e+00,4.990819233621730966e+00,0.000000000000000000e+00
-8.427582514292017990e+00,4.865667033244278628e+00,0.000000000000000000e+00
-8.550118490768685575e+00,4.739408070426772035e+00,0.000000000000000000e+00
-8.673822572496794336e+00,4.611953270354779200e+00,0.000000000000000000e+00
-8.798788941167318356e+00,4.483206890254887611e+00,0.000000000000000000e+00
-8.925109088755831976e+00,4.353066559091576693e+00,0.000000000000000000e+00
-9.052873556719948311e+00,4.221424267807392994e+00,0.000000000000000000e+00
-9.182191252583239205e+00,4.088174939639180216e+00,0.000000000000000000e+00
-9.313181350840061157e+00,3.953210942224558266e+00,0.000000000000000000e+00
-9.445960435313425663e+00,3.816415744067900739e+00,0.000000000000000000e+00
-9.580641936683841564e+00,3.677663872044979243e+00,0.000000000000000000e+00
-9.717339007644522297e+00,3.536822155056484895e+00,0.000000000000000000e+00
-9.856188719351751004e+00,3.393757937866914265e+00,0.000000000000000000e+00
-9.997338594770058151e+00,3.248332219350198891e+00,0.000000000000000000e+00
-1.014093250295720061e+01,3.100394204755386518e+00,0.000000000000000000e+00
-1.028711008813931116e+01,2.949781350566836657e+00,0.000000000000000000e+00
-1.043602537562229848e+01,2.796324571588701957e+00,0.000000000000000000e+00
-1.058787473554700043e+01,2.639853662167703785e+00,0.000000000000000000e+00
-1.074285694313133810e+01,2.480183949981426217e+00,0.000000000000000000e+00
-1.090116540774390508e+01,2.317114237266228560e+00,0.000000000000000000e+00
-1.106299218503368564e+01,2.150427840915013267e+00,0.000000000000000000e+00
-1.122854586160666379e+01,1.979895589523631427e+00,0.000000000000000000e+00
-1.139803489868299913e+01,1.805271378227441215e+00,0.000000000000000000e+00
-1.157165976599298141e+01,1.626290722404736711e+00,0.000000000000000000e+00
-1.174967344461738605e+01,1.442678494649865195e+00,0.000000000000000000e+00
-1.193252505078259595e+01,1.254158920251035036e+00,0.000000000000000000e+00
-1.212069777226076539e+01,1.060423649096744469e+00,0.000000000000000000e+00
-1.231464561435437055e+01,8.611239080259360801e-01,0.000000000000000000e+00
-1.251443690690619093e+01,6.558538472686842313e-01,0.000000000000000000e+00
-1.271978325894263762e+01,4.441846191705240976e-01,0.000000000000000000e+00
-1.293036764232625480e+01,2.257004067425275595e-01,0.000000000000000000e+00
-1.314585747127879323e+01,1.609903227424889200e-15,0.000000000000000000e+00
-1.315256377919433461e+01,-2.295788547383557920e-01,0.000000000000000000e+00
-1.337163422943854307e+01,-4.669477566541861413e-01,0.000000000000000000e+00
-1.360068186086078867e+01,-7.127815330628507473e-01,0.000000000000000000e+00
-1.383957569112428132e+01,-9.677574067312192385e-01,0.000000000000000000e+00
-1.408815945220217891e+01,-1.232554242013279122e+00,0.000000000000000000e+00
-1.434636742052606628e+01,-1.507863976574801645e+00,0.000000000000000000e+00
-1.461494793013932281e+01,-1.794489964220975287e+00,0.000000000000000000e+00
-1.489498433604301830e+01,-2.093353531466532580e+00,0.000000000000000000e+00
-1.518751131736877014e+01,-2.405465479924011607e+00,0.000000000000000000e+00
-1.549350874635603859e+01,-2.731923617825156914e+00,0.000000000000000000e+00
-1.581406055376211306e+01,-3.073941979162877480e+00,0.000000000000000000e+00
-1.615048681045372447e+01,-3.432891945727080785e+00,0.000000000000000000e+00
-1.650420928038466073e+01,-3.810296942520138508e+00,0.000000000000000000e+00
-1.687682062923992632e+01,-4.207863981830978872e+00,0.000000000000000000e+00
-1.727015029543838764e+01,-4.627522824826823644e+00,0.000000000000000000e+00
-1.768444521474958009e+01,-5.070933065033869980e+00,0.000000000000000000e+00
-1.810930127901131925e+01,-5.536569020772312832e+00,0.000000000000000000e+00
-1.853407210088357004e+01,-6.022085076977880647e+00,0.000000000000000000e+00
-1.895436251836250818e+01,-6.526510407374853884e+00,0.000000000000000000e+00
-1.937118637357130879e+01,-7.050535242403014102e+00,0.000000000000000000e+00
-1.978531512892825717e+01,-7.594870899837662392e+00,0.000000000000000000e+00
-2.019437255305091838e+01,-8.159056125718240793e+00,0.000000000000000000e+00
-2.059719186340864638e+01,-8.742989230654346855e+00,0.000000000000000000e+00
-2.099406684419233926e+01,-9.347160780319272888e+00,0.000000000000000000e+00
-2.138652272239351149e+01,-9.972699326757977545e+00,0.000000000000000000e+00
-2.177191340278731246e+01,-1.061887168197321785e+01,0.000000000000000000e+00
-2.214628370586533990e+01,-1.128409515986216682e+01,0.000000000000000000e+00
-2.251164932451445821e+01,-1.196965626810009731e+01,0.000000000000000000e+00
-2.286938168645490776e+01,-1.267670526993014235e+01,0.000000000000000000e+00
-2.321768961280590204e+01,-1.340473934791467059e+01,0.000000000000000000e+00
-2.355526470421526852e+01,-1.415343093153282972e+01,0.000000000000000000e+00
-2.388141555590411613e+01,-1.492276466109513322e+01,0.000000000000000000e+00
-2.419531293299549546e+01,-1.571261993847720539e+01,0.000000000000000000e+00
-2.449608807102935160e+01,-1.652282003323146142e+01,0.000000000000000000e+00
-2.478324942962150956e+01,-1.735341807195246133e+01,0.000000000000000000e+00
-2.505646425948681966e+01,-1.820458688596352204e+01,0.000000000000000000e+00
-2.531514317312278450e+01,-1.907632866703876573e+01,0.000000000000000000e+00
-2.555851256767232726e+01,-1.996849850401366666e+01,0.000000000000000000e+00
-2.578546146529638250e+01,-2.088065498316215240e+01,0.000000000000000000e+00
-2.599423497467497413e+01,-2.181175297998532159e+01,0.000000000000000000e+00
-2.618300599501674242e+01,-2.276053986763081483e+01,0.000000000000000000e+00
-2.634817969776949553e+01,-2.372400755975789011e+01,0.000000000000000000e+00
-2.648411673722985427e+01,-2.469683840049777501e+01,0.000000000000000000e+00
-2.658539053927399820e+01,-2.567321321763909125e+01,0.000000000000000000e+00
-2.664694856412835477e+01,-2.664694856412834767e+01,0.000000000000000000e+00
-2.666412794816554310e+01,-2.761151278111574214e+01,0.000000000000000000e+00
-2.663477238670131086e+01,-2.856229650612788618e+01,0.000000000000000000e+00
-2.656392961110353923e+01,-2.950223266913334541e+01,0.000000000000000000e+00
-2.645327618463128871e+01,-3.043101319029173268e+01,0.000000000000000000e+00
-2.630319770371099253e+01,-3.134693036011333689e+01,0.000000000000000000e+00
-2.611414391563045712e+01,-3.224828206675918807e+01,0.000000000000000000e+00
-2.588662891404968747e+01,-3.313337406422532894e+01,0.000000000000000000e+00
-2.562147450753952427e+01,-3.400084506750967250e+01,0.000000000000000000e+00
-2.532028465964668129e+01,-3.485038202672128449e+01,0.000000000000000000e+00
-2.498464522578148106e+01,-3.568177127835868134e+01,0.000000000000000000e+00
-2.461481421131638214e+01,-3.649296279689033895e+01,0.000000000000000000e+00
-2.421066504831844313e+01,-3.728115485855587963e+01,0.000000000000000000e+00
-2.377396978844000941e+01,-3.804630474481930236e+01,0.000000000000000000e+00
-2.330615465567279898e+01,-3.878795500592421774e+01,0.000000000000000000e+00
-2.280698433396084468e+01,-3.950285563384755960e+01,0.000000000000000000e+00
-2.227888996618095518e+01,-4.019218143342782668e+01,0.000000000000000000e+00
-2.172353173958182992e+01,-4.085602106342260242e+01,0.000000000000000000e+00
-2.114114241811445183e+01,-4.149182820817195960e+01,0.000000000000000000e+00
-2.053273576565957015e+01,-4.209834701846438065e+01,0.000000000000000000e+00
-1.989932876565968911e+01,-4.267424825145207024e+01,0.000000000000000000e+00
-1.924219033034369275e+01,-4.321866709241606230e+01,0.000000000000000000e+00
-1.856273812031001214e+01,-4.373107051689908786e+01,0.000000000000000000e+00
-1.786217393618359850e+01,-4.421043188288319925e+01,0.000000000000000000e+00
-1.714202046970009263e+01,-4.465649007237295365e+01,0.000000000000000000e+00
-1.640373822833601025e+01,-4.506890037699766793e+01,0.000000000000000000e+00
-1.564880929737395832e+01,-4.544744218410800585e+01,0.000000000000000000e+00
-1.487869913637504737e+01,-4.579192738660511708e+01,0.000000000000000000e+00
-1.409490639479999174e+01,-4.610236148872034789e+01,0.000000000000000000e+00
-1.329815518028577692e+01,-4.637617845216647794e+01,0.000000000000000000e+00
-1.248891071747571857e+01,-4.660924932881088978e+01,0.000000000000000000e+00
-1.167050374069492769e+01,-4.680783388793796007e+01,0.000000000000000000e+00
-1.084429789210917683e+01,-4.697181469322136849e+01,0.000000000000000000e+00
-1.001075667741804942e+01,-4.709690728324333975e+01,0.000000000000000000e+00
-9.170953329171156909e+00,-4.718046477986359122e+01,0.000000000000000000e+00
-8.327800652228837919e+00,-4.722930443638591669e+01,0.000000000000000000e+00
-7.482641828161105124e+00,-4.724354117632295669e+01,0.000000000000000000e+00
-6.635081887999287886e+00,-4.721106077141016044e+01,0.000000000000000000e+00
-5.788551789182239560e+00,-4.714397108737244224e+01,0.000000000000000000e+00
-4.944343778447074733e+00,-4.704228869511348421e+01,0.000000000000000000e+00
-4.102912778925364989e+00,-4.689650765678477740e+01,0.000000000000000000e+00
-3.266473818205372304e+00,-4.671275191044234276e+01,0.000000000000000000e+00
-2.436658602561450060e+00,-4.649421585680341451e+01,0.000000000000000000e+00
-1.614659140711397045e+00,-4.623778811898552732e+01,0.000000000000000000e+00
-8.018460461620444679e-01,-4.593772921839971701e+01,0.000000000000000000e+00
-8.377176313421554854e-15,-4.560322382613539816e+01,0.000000000000000000e+00
7.895504551000847027e-01,-4.523331527823349063e+01,0.000000000000000000e+00
1.565432780644095523e+00,-4.482812960390278079e+01,0.000000000000000000e+00
2.326203124422503876e+00,-4.438659978052612587e+01,0.000000000000000000e+00
3.072499058977126385e+00,-4.393878361649339581e+01,0.000000000000000000e+00
3.804507995031837009e+00,-4.348572536948773148e+01,0.000000000000000000e+00
4.522491521182894658e+00,-4.302863257366576022e+01,0.000000000000000000e+00
5.226632985999299486e+00,-4.256750968985750916e+01,0.000000000000000000e+00
5.917142215638378389e+00,-4.210265456419472230e+01,0.000000000000000000e+00
6.594227436968215450e+00,-4.163431346826985191e+01,0.000000000000000000e+00
7.258104642421917774e+00,-4.116275690345041482e+01,0.000000000000000000e+00
7.908996461462701077e+00,-4.068825950811303471e+01,0.000000000000000000e+00
8.547133228527330928e+00,-4.021110033665362948e+01,0.000000000000000000e+00
9.172753207394368502e+00,-3.973155921859132178e+01,0.000000000000000000e+00
9.786102723183455865e+00,-3.924991421576745410e+01,0.000000000000000000e+00
1.038743596702471805e+01,-3.876643878930453724e+01,0.000000000000000000e+00
1.097701501466674223e+01,-3.828140071240728304e+01,0.000000000000000000e+00
1.155510791860611342e+01,-3.779505499243963129e+01,0.000000000000000000e+00
1.212199402713563146e+01,-3.730766145505210574e+01,0.000000000000000000e+00
1.267794175618435837e+01,-3.681941635485118525e+01,0.000000000000000000e+00
1.322327414285487457e+01,-3.633064711875201169e+01,0.000000000000000000e+00
1.375821550142207528e+01,-3.584137675245548138e+01,0.000000000000000000e+00
1.428272783002107005e+01,-3.535099188300821282e+01,0.000000000000000000e+00
1.479732385269822359e+01,-3.486031040623938537e+01,0.000000000000000000e+00
1.530238524054543525e+01,-3.436971997871413009e+01,0.000000000000000000e+00
1.579829990638214099e+01,-3.387956348152199126e+01,0.000000000000000000e+00
1.628521906003669883e+01,-3.338964719975361817e+01,0.000000000000000000e+00
1.676290876124019391e+01,-3.289906083763434452e+01,0.000000000000000000e+00
1.723216005909035076e+01,-3.240897947821527225e+01,0.000000000000000000e+00
1.769343265921992270e+01,-3.191979747191184913e+01,0.000000000000000000e+00
1.814670500896954763e+01,-3.143101506549988144e+01,0.000000000000000000e+00
1.859202154467340762e+01,-3.094231999221874219e+01,0.000000000000000000e+00
1.903009461555791404e+01,-3.045451750419552539e+01,0.000000000000000000e+00
1.946119946535457146e+01,-2.996761921050663346e+01,0.000000000000000000e+00
1.988499610423675179e+01,-2.948071908316935108e+01,0.000000000000000000e+00
2.030227271216154605e+01,-2.899465030620833161e+01,0.000000000000000000e+00
2.071344982842194327e+01,-2.850961785442670759e+01,0.000000000000000000e+00
2.111824280777980789e+01,-2.802485475978668816e+01,0.000000000000000000e+00
2.151710023192961785e+01,-2.754063239091805571e+01,0.000000000000000000e+00
2.191052421865743938e+01,-2.705724405581244696e+01,0.000000000000000000e+00
2.229866861442426185e+01,-2.657451843130787239e+01,0.000000000000000000e+00
2.268161412798191989e+01,-2.609221231760812643e+01,0.000000000000000000e+00
2.305949623910241186e+01,-2.561016510880386932e+01,0.000000000000000000e+00
2.343272334756954578e+01,-2.512851930859844884e+01,0.000000000000000000e+00
2.380163848525829806e+01,-2.464731816936926379e+01,0.000000000000000000e+00
2.416640692709956539e+01,-2.416640692709957605e+01,0.000000000000000000e+00
2.452715817410850718e+01,-2.368560132665417228e+01,0.000000000000000000e+00
2.488402179737385111e+01,-2.320472572982951576e+01,0.000000000000000000e+00
2.523722237633478471e+01,-2.272369709449577613e+01,0.000000000000000000e+00
2.558700358668180996e+01,-2.224244287835872669e+01,0.000000000000000000e+00
2.593357645064972417e+01,-2.176085443484799598e+01,0.000000000000000000e+00
2.627712824595517915e+01,-2.127879889179205009e+01,0.000000000000000000e+00
2.661781792105228917e+01,-2.079611855069109794e+01,0.000000000000000000e+00
2.695579989105261021e+01,-2.031265218166315023e+01,0.000000000000000000e+00
2.729122654681831150e+01,-1.982823672769240275e+01,0.000000000000000000e+00
2.762424142730921872e+01,-1.934270208472688779e+01,0.000000000000000000e+00
2.795497890321454193e+01,-1.885587135836859574e+01,0.000000000000000000e+00
2.828356540476959680e+01,-1.836756213655579373e+01,0.000000000000000000e+00
2.861011890368939703e+01,-1.787758645739723207e+01,0.000000000000000000e+00
2.893474835168641235e+01,-1.738575080600099199e+01,0.000000000000000000e+00
2.925755340333387977e+01,-1.689185633324468583e+01,0.000000000000000000e+00
2.957862426947621159e+01,-1.639569916209120137e+01,0.000000000000000000e+00
2.989804152335006293e+01,-1.589707066617175180e+01,0.000000000000000000e+00
3.021587617979836438e+01,-1.539575789237977155e+01,0.000000000000000000e+00
3.053218917609590477e+01,-1.489154366143981711e+01,0.000000000000000000e+00
3.084703034360293117e+01,-1.438420648056168716e+01,0.000000000000000000e+00
3.116043948877621972e+01,-1.387352150722403010e+01,0.000000000000000000e+00
3.147244973332571050e+01,-1.335926231621949611e+01,0.000000000000000000e+00
3.178308286424847040e+01,-1.284119901504836569e+01,0.000000000000000000e+00
3.209233650475486854e+01,-1.231909378442959557e+01,0.000000000000000000e+00
3.240019950721853093e+01,-1.179270820491401572e+01,0.000000000000000000e+00
3.270670032368621349e+01,-1.126182006103522859e+01,0.000000000000000000e+00
3.301185618447442494e+01,-1.072620228354382910e+01,0.000000000000000000e+00
3.331549219412249840e+01,-1.018556813163973374e+01,0.000000000000000000e+00
3.361739395867599711e+01,-9.639632598886390014e+00,0.000000000000000000e+00
3.391797891716189639e+01,-9.088295059749372129e+00,0.000000000000000000e+00
3.421788225275553685e+01,-8.531476243602659437e+00,0.000000000000000000e+00
3.451543808297974891e+01,-7.968516756123921851e+00,0.000000000000000000e+00
3.480717542125393749e+01,-7.398493528987060586e+00,0.000000000000000000e+00
3.508859006031889294e+01,-6.820530983131456892e+00,0.000000000000000000e+00
3.535419358527558131e+01,-6.233898210274258389e+00,0.000000000000000000e+00
3.560044017052666021e+01,-5.638555791716013843e+00,0.000000000000000000e+00
3.582772113346420895e+01,-5.035257833581586517e+00,0.000000000000000000e+00
3.603685627661408830e+01,-4.424769574245164705e+00,0.000000000000000000e+00
3.622797039880710201e+01,-3.807713123994182602e+00,0.000000000000000000e+00
3.640067070470068700e+01,-3.184646031401523025e+00,0.000000000000000000e+00
3.655456784097908240e+01,-2.556144391092417756e+00,0.000000000000000000e+00
3.668935804638450549e+01,-1.922807778531410605e+00,0.000000000000000000e+00
3.680490244950668455e+01,-1.285255514605478711e+00,0.000000000000000000e+00
3.690109941620981715e+01,-6.441110862325889475e-01,0.000000000000000000e+00
3.697786573644188479e+01,-9.056964982686828928e-15,0.000000000000000000e+00
