3.486679299922030140e+01,0.000000000000000000e+00,0.000000000000000000e+00
3.410728146815251449e+01,5.953448125515945488e-01,0.000000000000000000e+00
3.337337838812301527e+01,1.165424053852519126e+00,0.000000000000000000e+00
3.266791739089115509e+01,1.712053004258446975e+00,0.000000000000000000e+00
3.199111949798620103e+01,2.237036996998050142e+00,0.000000000000000000e+00
3.134015031362677561e+01,2.741907865640774489e+00,0.000000000000000000e+00
3.071319612396541032e+01,3.228086991174122566e+00,0.000000000000000000e+00
3.010871442375296070e+01,3.696885279871457541e+00,0.000000000000000000e+00
2.952511250884015581e+01,4.149483956674414387e+00,0.000000000000000000e+00
2.896099230555076076e+01,4.586970557557858541e+00,0.000000000000000000e+00
2.841506854535611382e+01,5.010343243226716758e+00,0.000000000000000000e+00
2.788616580138281265e+01,5.420521529138464523e+00,0.000000000000000000e+00
2.737318260180451190e+01,5.818349575805236817e+00,0.000000000000000000e+00
2.687511838444738999e+01,6.204609967702734430e+00,0.000000000000000000e+00
2.639103680819938802e+01,6.580024500349224148e+00,0.000000000000000000e+00
2.592007873451020927e+01,6.945264164663127460e+00,0.000000000000000000e+00
2.546143620586613565e+01,7.300949346824364028e+00,0.000000000000000000e+00
2.501437111339198793e+01,7.647660726757163019e+00,0.000000000000000000e+00
2.457817830477633692e+01,7.985934228746135233e+00,0.000000000000000000e+00
2.415222158888839132e+01,8.316276815345064577e+00,0.000000000000000000e+00
2.373588096474528442e+01,8.639154155253033096e+00,0.000000000000000000e+00
2.332860103490564185e+01,8.955010924990256527e+00,0.000000000000000000e+00
2.292984118082343414e+01,9.264257191287649462e+00,0.000000000000000000e+00
2.253910283543634918e+01,9.567281533601224908e+00,0.000000000000000000e+00
2.215592061172166183e+01,9.864451405757131752e+00,0.000000000000000000e+00
2.177983988702916918e+01,1.015610613271140039e+01,0.000000000000000000e+00
2.141045294020238643e+01,1.044257563489246898e+01,0.000000000000000000e+00
2.104735802103951414e+01,1.072416455634032850e+01,0.000000000000000000e+00
2.069017748181929761e+01,1.100116250983326260e+01,0.000000000000000000e+00
2.033856385968139691e+01,1.127385004097156340e+01,0.000000000000000000e+00
1.999216994807668613e+01,1.154248470120681880e+01,0.000000000000000000e+00
1.965067690257324529e+01,1.180731788799074167e+01,0.000000000000000000e+00
1.931378242130891465e+01,1.206859070452106408e+01,0.000000000000000000e+00
1.898118452099550524e+01,1.232652535581753384e+01,0.000000000000000000e+00
1.865260738959183939e+01,1.258134254559768017e+01,0.000000000000000000e+00
1.832778492144805682e+01,1.283325316068418154e+01,0.000000000000000000e+00
1.800645096582080384e+01,1.308245240511202034e+01,0.000000000000000000e+00
1.768836126060705638e+01,1.332913626761181369e+01,0.000000000000000000e+00
1.737327885354412516e+01,1.357349305356712499e+01,0.000000000000000000e+00
1.706096541258638410e+01,1.381569738200471775e+01,0.000000000000000000e+00
1.675119955689262952e+01,1.405592536996562103e+01,0.000000000000000000e+00
1.644376730650419915e+01,1.429434883928015232e+01,0.000000000000000000e+00
1.613845187459669361e+01,1.453112733659292033e+01,0.000000000000000000e+00
1.583504778821006376e+01,1.476642095221669493e+01,0.000000000000000000e+00
1.553335838488296083e+01,1.500038982733681436e+01,0.000000000000000000e+00
1.523318341577568624e+01,1.523318341577568447e+01,0.000000000000000000e+00
1.493432781449607560e+01,1.546494916799634645e+01,0.000000000000000000e+00
1.463660679311828616e+01,1.569583914587476059e+01,0.000000000000000000e+00
1.433983217822782663e+01,1.592599707769018558e+01,0.000000000000000000e+00
1.404381542477551470e+01,1.615556158150484833e+01,0.000000000000000000e+00
1.374837807329738126e+01,1.638467896119561118e+01,0.000000000000000000e+00
1.345333962147081586e+01,1.661349084445464896e+01,0.000000000000000000e+00
1.315851554838814863e+01,1.684213186824192832e+01,0.000000000000000000e+00
1.286372810911408848e+01,1.707074377393275810e+01,0.000000000000000000e+00
1.256880017481073075e+01,1.729946932262440740e+01,0.000000000000000000e+00
1.227354860016470717e+01,1.752844396897769386e+01,0.000000000000000000e+00
1.197779183964486016e+01,1.775780667042788252e+01,0.000000000000000000e+00
1.168135148498225107e+01,1.798770388172761159e+01,0.000000000000000000e+00
1.138404231398456545e+01,1.821827599513387952e+01,0.000000000000000000e+00
1.108567566985989394e+01,1.844966256534014803e+01,0.000000000000000000e+00
1.078606673268558325e+01,1.868201559483986074e+01,0.000000000000000000e+00
1.048502401596631728e+01,1.891548403997099825e+01,0.000000000000000000e+00
1.018234885310457294e+01,1.915021296742263601e+01,0.000000000000000000e+00
9.877844464619371934e+00,1.938636131800788220e+01,0.000000000000000000e+00
9.571308217185189093e+00,1.962409000663427605e+01,0.000000000000000000e+00
9.262527602283313399e+00,1.986355454450737312e+01,0.000000000000000000e+00
8.951288886812038825e+00,2.010492401361997494e+01,0.000000000000000000e+00
8.637373052175554733e+00,2.034837573947010014e+01,0.000000000000000000e+00
8.320548832821581087e+00,2.059408102932500384e+01,0.000000000000000000e+00
8.000579685255305051e+00,2.084222264926996004e+01,0.000000000000000000e+00
7.677222526314213980e+00,2.109299553517666226e+01,0.000000000000000000e+00
7.350219916203620585e+00,2.134658863394802353e+01,0.000000000000000000e+00
7.019308057839424464e+00,2.160320885197399221e+01,0.000000000000000000e+00
6.684215914754917165e+00,2.186308512728948372e+01,0.000000000000000000e+00
6.344654570251545778e+00,2.212643998947647361e+01,0.000000000000000000e+00
6.000319286037351318e+00,2.239349643712681015e+01,0.000000000000000000e+00
5.650888821035021437e+00,2.266447714093809651e+01,0.000000000000000000e+00
5.296025385663653218e+00,2.293960618759856374e+01,0.000000000000000000e+00
4.935398572464905875e+00,2.321922472629536216e+01,0.000000000000000000e+00
4.568664867626038628e+00,2.350374319236799181e+01,0.000000000000000000e+00
4.195432423025906132e+00,2.379347962614148670e+01,0.000000000000000000e+00
3.815224865855615821e+00,2.408838177562177663e+01,0.000000000000000000e+00
3.427540497232047123e+00,2.438821787625057524e+01,0.000000000000000000e+00
3.031562099316380543e+00,2.469009195475052110e+01,0.000000000000000000e+00
2.626299073607170520e+00,2.498756655208577371e+01,0.000000000000000000e+00
2.211282178124180930e+00,2.527507095212342492e+01,0.000000000000000000e+00
1.786809163305780324e+00,2.555256150887058553e+01,0.000000000000000000e+00
1.353250722584685040e+00,2.582156201040528032e+01,0.000000000000000000e+00
9.108114570621238526e-01,2.608222757741230424e+01,0.000000000000000000e+00
4.596567645483220499e-01,2.633371840429259336e+01,0.000000000000000000e+00
1.627279814324130917e-15,2.657549614235070123e+01,0.000000000000000000e+00
-4.679255375358752356e-01,2.680743609148283113e+01,0.000000000000000000e+00
-9.438869055872007863e-01,2.702938449882271499e+01,0.000000000000000000e+00
-1.427644760400318846e+00,2.724108481471758836e+01,0.000000000000000000e+00
-1.918952558428013599e+00,2.744230010054249647e+01,0.000000000000000000e+00
-2.417561085903212170e+00,2.763284965699420326e+01,0.000000000000000000e+00
-2.923218128382101710e+00,2.781256265261778182e+01,0.000000000000000000e+00
-3.435667982733924042e+00,2.798127026288574015e+01,0.000000000000000000e+00
-3.954653790888210452e+00,2.813882384619792631e+01,0.000000000000000000e+00
-4.479920194141471690e+00,2.828510291138399779e+01,0.000000000000000000e+00
-5.011205085418974470e+00,2.841995629531244916e+01,0.000000000000000000e+00
-5.548237268824272483e+00,2.854320632288606063e+01,0.000000000000000000e+00
-6.090781506247785693e+00,2.865487406454789721e+01,0.000000000000000000e+00
-6.638618552720484622e+00,2.875501609968400274e+01,0.000000000000000000e+00
-7.191309795588479936e+00,2.884276821529581980e+01,0.000000000000000000e+00
-7.748354875573347122e+00,2.891725407071374931e+01,0.000000000000000000e+00
-8.309642255332144956e+00,2.897916642439608381e+01,0.000000000000000000e+00
-8.875098341879501973e+00,2.902913865084083511e+01,0.000000000000000000e+00
-9.444433690913736967e+00,2.906697808846853093e+01,0.000000000000000000e+00
-1.001730270509540155e+01,2.909235948110952918e+01,0.000000000000000000e+00
-1.059331955627335553e+01,2.910490627792810869e+01,0.000000000000000000e+00
-1.117203045423376473e+01,2.910413436675050392e+01,0.000000000000000000e+00
-1.175306779182905359e+01,2.908986357886658780e+01,0.000000000000000000e+00
-1.233644462974836742e+01,2.906284226684643812e+01,0.000000000000000000e+00
-1.292202565732420894e+01,2.902334481968398450e+01,0.000000000000000000e+00
-1.350934801894747750e+01,2.897089031820497240e+01,0.000000000000000000e+00
-1.409779141187538087e+01,2.890475588955169783e+01,0.000000000000000000e+00
-1.468686890302847736e+01,2.882460320206060089e+01,0.000000000000000000e+00
-1.527678139587289863e+01,2.873144707652866359e+01,0.000000000000000000e+00
-1.586745351211746247e+01,2.862564389040918655e+01,0.000000000000000000e+00
-1.645825668830848443e+01,2.850653678816060577e+01,0.000000000000000000e+00
-1.704855779261383830e+01,2.837356493791425294e+01,0.000000000000000000e+00
-1.763795622184094114e+01,2.822663036352649613e+01,0.000000000000000000e+00
-1.822669485761782227e+01,2.806664881738511141e+01,0.000000000000000000e+00
-1.881464881020229285e+01,2.789386396228060150e+01,0.000000000000000000e+00
-1.940111222435662341e+01,2.770765975179499918e+01,0.000000000000000000e+00
-1.998548140112628602e+01,2.750765527242311848e+01,0.000000000000000000e+00
-2.056738819481409664e+01,2.729384599818479629e+01,0.000000000000000000e+00
-2.114696568850453318e+01,2.706688177927553340e+01,0.000000000000000000e+00
-2.172423139132353498e+01,2.682719157305495372e+01,0.000000000000000000e+00
-2.229885270063292424e+01,2.657473781670838875e+01,0.000000000000000000e+00
-2.286972574159338834e+01,2.630860997493809705e+01,0.000000000000000000e+00
-2.343601881193778169e+01,2.602833579031049283e+01,0.000000000000000000e+00
-2.399953800608712484e+01,2.573635361277599642e+01,0.000000000000000000e+00
-2.456226105807671090e+01,2.543496590087608311e+01,0.000000000000000000e+00
-2.512525051116940489e+01,2.512525051116940844e+01,0.000000000000000000e+00
-2.568880337149473903e+01,2.480738905407857331e+01,0.000000000000000000e+00
-2.625261111189748675e+01,2.448095591234961788e+01,0.000000000000000000e+00
-2.681641485595852359e+01,2.414560838987373970e+01,0.000000000000000000e+00
-2.738008148628512828e+01,2.380114171635526077e+01,0.000000000000000000e+00
-2.794379045015832475e+01,2.344762426042305847e+01,0.000000000000000000e+00
-2.850766181678093858e+01,2.308504936295219068e+01,0.000000000000000000e+00
-2.907161407933368125e+01,2.271323421953372801e+01,0.000000000000000000e+00
-2.963537386473761259e+01,2.233185600208351573e+01,0.000000000000000000e+00
-3.019856868419782003e+01,2.194054443396061771e+01,0.000000000000000000e+00
-3.076105114172489863e+01,2.153911989269018790e+01,0.000000000000000000e+00
-3.132279177160805617e+01,2.112748982123151720e+01,0.000000000000000000e+00
-3.188385527548540210e+01,2.070561771631071579e+01,0.000000000000000000e+00
-3.244425187670219657e+01,2.027341864337788380e+01,0.000000000000000000e+00
-3.300387487817616972e+01,1.983072868960909219e+01,0.000000000000000000e+00
-3.356234679811820598e+01,1.937722995852911367e+01,0.000000000000000000e+00
-3.411916714096403069e+01,1.891256317426626055e+01,0.000000000000000000e+00
-3.467417972961772676e+01,1.843658839736302468e+01,0.000000000000000000e+00
-3.522736358667658152e+01,1.794923826600506445e+01,0.000000000000000000e+00
-3.577873961145203907e+01,1.745045728631741966e+01,0.000000000000000000e+00
-3.632820457903340383e+01,1.694012000222476644e+01,0.000000000000000000e+00
-3.687547403904014232e+01,1.641801882653091127e+01,0.000000000000000000e+00
-3.742038787821098111e+01,1.588401226709574843e+01,0.000000000000000000e+00
-3.796283100271278244e+01,1.533797933204393615e+01,0.000000000000000000e+00
-3.850217445524084070e+01,1.477960004402625849e+01,0.000000000000000000e+00
-3.903772925234928692e+01,1.420857146119815795e+01,0.000000000000000000e+00
-3.956960593459011477e+01,1.362490797027000156e+01,0.000000000000000000e+00
-4.009795678232270433e+01,1.302861593727250344e+01,0.000000000000000000e+00
-4.062247834680042047e+01,1.241953798750697757e+01,0.000000000000000000e+00
-4.114283260212916105e+01,1.179751740570760887e+01,0.000000000000000000e+00
-4.165875388081127539e+01,1.116242946005029246e+01,0.000000000000000000e+00
-4.216996277000977500e+01,1.051415259741782293e+01,0.000000000000000000e+00
-4.267615418576976083e+01,9.852566521064282767e+00,0.000000000000000000e+00
-4.317702044682458506e+01,9.177559009333274176e+00,0.000000000000000000e+00
-4.367225318518190846e+01,8.489026074876376171e+00,0.000000000000000000e+00
-4.416154413355892672e+01,7.786871740494064831e+00,0.000000000000000000e+00
-4.464458431142215034e+01,7.071007499686176700e+00,0.000000000000000000e+00
-4.512105595967275207e+01,6.341350867225736820e+00,0.000000000000000000e+00
-4.559063467651095181e+01,5.597826060040135943e+00,0.000000000000000000e+00
-4.605303916483899229e+01,4.840369463080661738e+00,0.000000000000000000e+00
-4.650803174796096329e+01,4.068925540850369060e+00,0.000000000000000000e+00
-4.695527501888634703e+01,3.283432686001488854e+00,0.000000000000000000e+00
-4.739428807460663506e+01,2.483829388690855122e+00,0.000000000000000000e+00
-4.782457630610010568e+01,1.670071005225808980e+00,0.000000000000000000e+00
-4.824564682069127031e+01,8.421308977590166167e-01,0.000000000000000000e+00
-4.865704972809929529e+01,5.958770020547039921e-15,0.000000000000000000e+00
-4.905861006740642694e+01,-8.563212240146724774e-01,0.000000000000000000e+00
-4.945025137584624275e+01,-1.726840829604904037e+00,0.000000000000000000e+00
-4.983189771366432552e+01,-2.611579096632791863e+00,0.000000000000000000e+00
-5.020347371773215173e+01,-3.510568865570800057e+00,0.000000000000000000e+00
-5.056465160204383835e+01,-4.423833790316775705e+00,0.000000000000000000e+00
-5.091355353118753868e+01,-5.351230108553526321e+00,0.000000000000000000e+00
-5.124771058156891002e+01,-6.292427641037090069e+00,0.000000000000000000e+00
-5.156435808765633055e+01,-7.246897926532234635e+00,0.000000000000000000e+00
-5.185963499411116118e+01,-8.213759263977026492e+00,0.000000000000000000e+00
-5.212947404913213489e+01,-9.191832765003754346e+00,0.000000000000000000e+00
-5.237005397220524827e+01,-1.017970728067625430e+01,0.000000000000000000e+00
-5.257985065465955898e+01,-1.117619226827768308e+01,0.000000000000000000e+00
-5.275885916616673654e+01,-1.218034238154124793e+01,0.000000000000000000e+00
-5.290712674041193253e+01,-1.319122824635793556e+01,0.000000000000000000e+00
-5.302472543232349977e+01,-1.420793235847306946e+01,0.000000000000000000e+00
-5.311175151985997189e+01,-1.522954967788819047e+01,0.000000000000000000e+00
-5.316832489279497054e+01,-1.625518820148964139e+01,0.000000000000000000e+00
-5.319458842917449459e+01,-1.728396951364186762e+01,0.000000000000000000e+00
-5.319060841374103887e+01,-1.831499524452865302e+01,0.000000000000000000e+00
-5.315614705280341212e+01,-1.934725529549755407e+01,0.000000000000000000e+00
-5.309115998083016308e+01,-2.037978689495226803e+01,0.000000000000000000e+00
-5.299569562434251679e+01,-2.141165088861184174e+01,0.000000000000000000e+00
-5.286982920337266734e+01,-2.244191103413479027e+01,0.000000000000000000e+00
-5.271366262562738569e+01,-2.346963470860577061e+01,0.000000000000000000e+00
-5.252732436308963315e+01,-2.449389361290031886e+01,0.000000000000000000e+00
-5.231096931114002047e+01,-2.551376447251163526e+01,0.000000000000000000e+00
-5.206477896703731290e+01,-2.652832990600773044e+01,0.000000000000000000e+00
-5.178904372623589580e+01,-2.753672300596836564e+01,0.000000000000000000e+00
-5.148426604003978468e+01,-2.853819467339645399e+01,0.000000000000000000e+00
-5.115098956772349936e+01,-2.953203759624091163e+01,0.000000000000000000e+00
-5.078970983964419617e+01,-3.051753649447878303e+01,0.000000000000000000e+00
-5.040025348921069792e+01,-3.149357373386889947e+01,0.000000000000000000e+00
-4.998206261447056420e+01,-3.245873098551059854e+01,0.000000000000000000e+00
-4.953492616309064545e+01,-3.341172957816537803e+01,0.000000000000000000e+00
-4.906002961029570031e+01,-3.435220255792059874e+01,0.000000000000000000e+00
-4.855885267530515392e+01,-3.528007157975608266e+01,0.000000000000000000e+00
-4.803178227161841818e+01,-3.619454406443362160e+01,0.000000000000000000e+00
-4.747856289209537550e+01,-3.709431875478927765e+01,0.000000000000000000e+00
-4.690001089849412352e+01,-3.797887998227238171e+01,0.000000000000000000e+00
-4.629751415025624084e+01,-3.884822704790491343e+01,0.000000000000000000e+00
-4.567001860991422291e+01,-3.970034149341871910e+01,0.000000000000000000e+00
-4.501624385766677960e+01,-4.053280802854096976e+01,0.000000000000000000e+00
-4.433948842815494373e+01,-4.134724187088075098e+01,0.000000000000000000e+00
-4.364137523667628216e+01,-4.214398618320170442e+01,0.000000000000000000e+00
-4.291995654221722845e+01,-4.291995654221721423e+01,0.000000000000000000e+00
-4.217739368128057009e+01,-4.367596971364481107e+01,0.000000000000000000e+00
-4.141474772403792315e+01,-4.441187959282414965e+01,0.000000000000000000e+00
-4.062961552921522213e+01,-4.512375947944491372e+01,0.000000000000000000e+00
-3.982529054437620175e+01,-4.581375605064793177e+01,0.000000000000000000e+00
-3.900364036798551837e+01,-4.648272853279926409e+01,0.000000000000000000e+00
-3.816340869788766810e+01,-4.712788488470656745e+01,0.000000000000000000e+00
-3.730377582274568482e+01,-4.774665571352984728e+01,0.000000000000000000e+00
-3.642770865084487752e+01,-4.834120212860069898e+01,0.000000000000000000e+00
-3.553646306061593663e+01,-4.891174527412346862e+01,0.000000000000000000e+00
-3.463033314686904873e+01,-4.945724125651637593e+01,0.000000000000000000e+00
-3.370996108639995725e+01,-4.997707255677984506e+01,0.000000000000000000e+00
-3.277532393313399695e+01,-5.046957300230663179e+01,0.000000000000000000e+00
-3.182688913041383572e+01,-5.093366962736254777e+01,0.000000000000000000e+00
-3.086659095416359833e+01,-5.137063401512053673e+01,0.000000000000000000e+00
-2.989536956662922407e+01,-5.178029900045012113e+01,0.000000000000000000e+00
-2.891391996814660459e+01,-5.216209241463251089e+01,0.000000000000000000e+00
-2.792308655466633027e+01,-5.251568787751730127e+01,0.000000000000000000e+00
-2.692368932915786672e+01,-5.284071552436213182e+01,0.000000000000000000e+00
-2.591658050296296878e+01,-5.313686456582401263e+01,0.000000000000000000e+00
-2.490262441333416987e+01,-5.340385039324533523e+01,0.000000000000000000e+00
-2.388270011791263059e+01,-5.364142272495835329e+01,0.000000000000000000e+00
-2.285769922062174331e+01,-5.384936478618946154e+01,0.000000000000000000e+00
-2.182852162620701719e+01,-5.402748690653825037e+01,0.000000000000000000e+00
-2.079608093986236383e+01,-5.417564304492255900e+01,0.000000000000000000e+00
-1.976128743122940179e+01,-5.429369099665510845e+01,0.000000000000000000e+00
-1.872501643892605827e+01,-5.438139642658766348e+01,0.000000000000000000e+00
-1.768972235398744886e+01,-5.444336726606821486e+01,0.000000000000000000e+00
-1.666100937009456473e+01,-5.449570612476254183e+01,0.000000000000000000e+00
-1.563916082393512141e+01,-5.454023534694229625e+01,0.000000000000000000e+00
-1.462387678507764299e+01,-5.457705116553680824e+01,0.000000000000000000e+00
-1.361494287227384525e+01,-5.460655328329566061e+01,0.000000000000000000e+00
-1.261209459012657952e+01,-5.462898344132292294e+01,0.000000000000000000e+00
-1.161507360602542249e+01,-5.464462501071556488e+01,0.000000000000000000e+00
-1.062360801932066501e+01,-5.465372529989032557e+01,0.000000000000000000e+00
-9.637419533520674264e+00,-5.465652218848440214e+01,0.000000000000000000e+00
-8.656222614006924942e+00,-5.465323864055051217e+01,0.000000000000000000e+00
-7.679723564308979178e+00,-5.464407252576484808e+01,0.000000000000000000e+00
-6.707626216335545344e+00,-5.462923161520128446e+01,0.000000000000000000e+00
-5.739621726154842563e+00,-5.460885293201138069e+01,0.000000000000000000e+00
-4.775377965318587492e+00,-5.458281990904545466e+01,0.000000000000000000e+00
-3.814600112875549343e+00,-5.455132311704865344e+01,0.000000000000000000e+00
-2.856995302855556140e+00,-5.451471788998382095e+01,0.000000000000000000e+00
-1.902244071805115677e+00,-5.447314304613493618e+01,0.000000000000000000e+00
-9.500210832052058407e-01,-5.442667140523880676e+01,0.000000000000000000e+00
-9.988597097284731662e-15,-5.437538999946314533e+01,0.000000000000000000e+00
9.481475536045441688e-01,-5.431933696630394337e+01,0.000000000000000000e+00
1.894751944709391234e+00,-5.425859659699455051e+01,0.000000000000000000e+00
2.840141590124108273e+00,-5.419312989365974431e+01,0.000000000000000000e+00
3.784612171082400334e+00,-5.412247556973942153e+01,0.000000000000000000e+00
4.728504649225001799e+00,-5.404705545449212423e+01,0.000000000000000000e+00
5.672153702497736205e+00,-5.396693756593172964e+01,0.000000000000000000e+00
6.615884592647722329e+00,-5.388205605002254117e+01,0.000000000000000000e+00
7.560024490089134019e+00,-5.379236935726334679e+01,0.000000000000000000e+00
8.504893633873077619e+00,-5.369778506301634025e+01,0.000000000000000000e+00
9.450817990830230997e+00,-5.359825225191157472e+01,0.000000000000000000e+00
1.039810322340948012e+01,-5.349360369646525015e+01,0.000000000000000000e+00
1.134697456244910008e+01,-5.338331817798434997e+01,0.000000000000000000e+00
1.229778167555775781e+01,-5.326754463489223212e+01,0.000000000000000000e+00
1.325085312897046741e+01,-5.314626908275861439e+01,0.000000000000000000e+00
1.420648574618680016e+01,-5.301932660177210010e+01,0.000000000000000000e+00
1.516496836882810051e+01,-5.288652972984158396e+01,0.000000000000000000e+00
1.612658469713815634e+01,-5.274768178384059780e+01,0.000000000000000000e+00
1.709160766203295623e+01,-5.260255952529728773e+01,0.000000000000000000e+00
1.806031081793971538e+01,-5.245095113166692613e+01,0.000000000000000000e+00
1.903294156767550405e+01,-5.229257718298779878e+01,0.000000000000000000e+00
2.000964355776355674e+01,-5.212690362075073836e+01,0.000000000000000000e+00
2.099065604607270785e+01,-5.195369682421785740e+01,0.000000000000000000e+00
2.197629432758167312e+01,-5.177290498367244709e+01,0.000000000000000000e+00
2.296678835395116280e+01,-5.158425122144933539e+01,0.000000000000000000e+00
2.396234181470180857e+01,-5.138740785324356608e+01,0.000000000000000000e+00
2.496315429771985350e+01,-5.118205115455172916e+01,0.000000000000000000e+00
2.596941057852535195e+01,-5.096783802319046686e+01,0.000000000000000000e+00
2.698128401024020206e+01,-5.074441490708461089e+01,0.000000000000000000e+00
2.799893477036601297e+01,-5.051141542246990213e+01,0.000000000000000000e+00
2.902250985878159284e+01,-5.026846163857835847e+01,0.000000000000000000e+00
3.005214256956523400e+01,-5.001516427920000751e+01,0.000000000000000000e+00
3.108795221059493130e+01,-4.975112335979316214e+01,0.000000000000000000e+00
3.213004362242596557e+01,-4.947592846000799227e+01,0.000000000000000000e+00
3.317850735613575353e+01,-4.918915999971977726e+01,0.000000000000000000e+00
3.423341789968379345e+01,-4.889038753740324239e+01,0.000000000000000000e+00
3.529483846816141579e+01,-4.857917755352788447e+01,0.000000000000000000e+00
3.636280385207724208e+01,-4.825507055149785174e+01,0.000000000000000000e+00
3.743738005157119630e+01,-4.791766132824061941e+01,0.000000000000000000e+00
3.851842915553562108e+01,-4.756629863836774064e+01,0.000000000000000000e+00
3.959715836333649719e+01,-4.719005573602814962e+01,0.000000000000000000e+00
4.065215256118642628e+01,-4.676495199191754892e+01,0.000000000000000000e+00
4.167880233133775647e+01,-4.628899947227590417e+01,0.000000000000000000e+00
4.267452299856858389e+01,-4.576282317889370432e+01,0.000000000000000000e+00
4.363433095378485405e+01,-4.518467242461448308e+01,0.000000000000000000e+00
4.455919297698544312e+01,-4.455919297698547155e+01,0.000000000000000000e+00
4.544791857844890615e+01,-4.388854480955401272e+01,0.000000000000000000e+00
4.630036000845065303e+01,-4.317578420148507945e+01,0.000000000000000000e+00
4.711334914870971602e+01,-4.242105011391441138e+01,0.000000000000000000e+00
4.788143091787897276e+01,-4.162269288457603267e+01,0.000000000000000000e+00
4.860700802143409049e+01,-4.078612250341645762e+01,0.000000000000000000e+00
4.928799410517412838e+01,-3.991263065457967940e+01,0.000000000000000000e+00
4.992077916102670088e+01,-3.900238722252627355e+01,0.000000000000000000e+00
5.050556931450392995e+01,-3.805867630969184034e+01,0.000000000000000000e+00
5.104204691199993249e+01,-3.708421779801266638e+01,0.000000000000000000e+00
5.152874333957274189e+01,-3.608081452084223173e+01,0.000000000000000000e+00
5.196406853534973180e+01,-3.505020679687699925e+01,0.000000000000000000e+00
5.234635431302180564e+01,-3.399411996708361272e+01,0.000000000000000000e+00
5.267403919713198235e+01,-3.291439273555845091e+01,0.000000000000000000e+00
5.294598987580732796e+01,-3.181316025180456464e+01,0.000000000000000000e+00
5.316126889685622103e+01,-3.069267290806205750e+01,0.000000000000000000e+00
5.331901221365513521e+01,-2.955521108454976442e+01,0.000000000000000000e+00
5.341842989419279064e+01,-2.840308299928979707e+01,0.000000000000000000e+00
5.345880686918550850e+01,-2.723862259945761721e+01,0.000000000000000000e+00
5.344000068210639398e+01,-2.606442986564512054e+01,0.000000000000000000e+00
5.335973805766119682e+01,-2.488205449343218589e+01,0.000000000000000000e+00
5.321571523596095687e+01,-2.369316293226032855e+01,0.000000000000000000e+00
5.301852444888713478e+01,-2.250502842114586599e+01,0.000000000000000000e+00
5.275672559272103257e+01,-2.131510072864812244e+01,0.000000000000000000e+00
5.243150688502073820e+01,-2.012656979587127992e+01,0.000000000000000000e+00
5.204774081497411231e+01,-1.894382841745269630e+01,0.000000000000000000e+00
5.159983243199906866e+01,-1.776724714745695266e+01,0.000000000000000000e+00
5.108862052671147325e+01,-1.659969906249732574e+01,0.000000000000000000e+00
5.051445053806834551e+01,-1.544381738651340008e+01,0.000000000000000000e+00
4.987970261928476390e+01,-1.430277456910146761e+01,0.000000000000000000e+00
4.918241710311936998e+01,-1.317838894459146815e+01,0.000000000000000000e+00
4.842337844274835135e+01,-1.207330423804997999e+01,0.000000000000000000e+00
4.760295160016690375e+01,-1.099000732816828041e+01,0.000000000000000000e+00
4.672150008717657954e+01,-9.930961414595918413e+00,0.000000000000000000e+00
4.577847536378449433e+01,-8.898434193065853037e+00,0.000000000000000000e+00
4.477756022794887514e+01,-7.895491998485713481e+00,0.000000000000000000e+00
4.371553942358704603e+01,-6.923861245090047412e+00,0.000000000000000000e+00
4.258708940719524350e+01,-5.985225092832611615e+00,0.000000000000000000e+00
4.143578466824389750e+01,-5.087674626157660640e+00,0.000000000000000000e+00
4.034337137425087150e+01,-4.240259196329818181e+00,0.000000000000000000e+00
3.931037009292795403e+01,-3.439211742139725470e+00,0.000000000000000000e+00
3.833198821485911623e+01,-2.680433731321290036e+00,0.000000000000000000e+00
3.740328857592781731e+01,-1.960223292147141638e+00,0.000000000000000000e+00
3.652017578677939014e+01,-1.275312640448224233e+00,0.000000000000000000e+00
3.567863486181638422e+01,-6.227728880632057429e-01,0.000000000000000000e+00
3.487572651926051748e+01,-8.542089369950170856e-15,0.000000000000000000e+00
