3.323146418263137036e+01,0.000000000000000000e+00,0.000000000000000000e+00
3.258418582756192450e+01,5.687590792532006834e-01,0.000000000000000000e+00
3.195955374722672815e+01,1.116052209466026790e+00,0.000000000000000000e+00
3.135822940924660429e+01,1.643415165586767257e+00,0.000000000000000000e+00
3.077818368481572620e+01,2.152220262490929681e+00,0.000000000000000000e+00
3.021772241623990496e+01,2.643708148994183826e+00,0.000000000000000000e+00
2.967569702784901509e+01,3.119041442087978400e+00,0.000000000000000000e+00
2.915092029774093518e+01,3.579282948673689457e+00,0.000000000000000000e+00
2.864222690658651160e+01,4.025402477186963424e+00,0.000000000000000000e+00
2.814860911265514787e+01,4.458301700222027542e+00,0.000000000000000000e+00
2.766911459597550405e+01,4.878811435584879064e+00,0.000000000000000000e+00
2.720287668985836760e+01,5.287703580409905513e+00,0.000000000000000000e+00
2.674906544157784793e+01,5.685689378148198081e+00,0.000000000000000000e+00
2.630693884272317007e+01,6.073435384670313297e+00,0.000000000000000000e+00
2.587577817553059845e+01,6.451556094518206663e+00,0.000000000000000000e+00
2.545494126683973235e+01,6.820630955831364695e+00,0.000000000000000000e+00
2.504380216146595828e+01,7.181194711656823770e+00,0.000000000000000000e+00
2.464179504228501116e+01,7.533752790642435748e+00,0.000000000000000000e+00
2.424838062080877066e+01,7.878776465453078082e+00,0.000000000000000000e+00
2.386304856120279538e+01,8.216706556894337155e+00,0.000000000000000000e+00
2.348533533643168880e+01,8.547963004221360350e+00,0.000000000000000000e+00
2.311478125540497430e+01,8.872933201660748281e+00,0.000000000000000000e+00
2.275097380938998626e+01,9.191990082282336161e+00,0.000000000000000000e+00
2.239351434308211353e+01,9.505482885066927068e+00,0.000000000000000000e+00
2.204201784671001363e+01,9.813738627437988526e+00,0.000000000000000000e+00
2.169613821757512540e+01,1.011707540324462329e+01,0.000000000000000000e+00
2.135552967482850306e+01,1.041578776849917709e+01,0.000000000000000000e+00
2.101986765063023910e+01,1.071015751300077490e+01,0.000000000000000000e+00
2.068885330620207341e+01,1.100045843316841143e+01,0.000000000000000000e+00
2.036218546727342371e+01,1.128694371186968937e+01,0.000000000000000000e+00
2.003958450324400786e+01,1.156985950739617941e+01,0.000000000000000000e+00
1.972078843179370367e+01,1.184944514483911604e+01,0.000000000000000000e+00
1.940553230996286160e+01,1.212592239798200566e+01,0.000000000000000000e+00
1.909356921908095828e+01,1.239950883211343502e+01,0.000000000000000000e+00
1.878466656752691222e+01,1.267041758584209710e+01,0.000000000000000000e+00
1.847858826696645806e+01,1.293884680000340737e+01,0.000000000000000000e+00
1.817511087569478434e+01,1.320499100240501811e+01,0.000000000000000000e+00
1.787402480107583003e+01,1.346904378048848372e+01,0.000000000000000000e+00
1.757511676259487743e+01,1.373118611079264717e+01,0.000000000000000000e+00
1.727817983717287476e+01,1.399159415481449997e+01,0.000000000000000000e+00
1.698302144399344726e+01,1.425044702993073642e+01,0.000000000000000000e+00
1.668944596957258142e+01,1.450791404284991870e+01,0.000000000000000000e+00
1.639725818758323328e+01,1.476415758749581464e+01,0.000000000000000000e+00
1.610627651736439603e+01,1.501934583394705669e+01,0.000000000000000000e+00
1.581631821586045739e+01,1.527364095983309156e+01,0.000000000000000000e+00
1.552719690985763989e+01,1.552719690985763812e+01,0.000000000000000000e+00
1.523873589862889943e+01,1.578017296687879778e+01,0.000000000000000000e+00
1.495076078580734524e+01,1.603272805776382981e+01,0.000000000000000000e+00
1.466309152902086410e+01,1.628501295821649464e+01,0.000000000000000000e+00
1.437555149423422662e+01,1.653718027534582902e+01,0.000000000000000000e+00
1.408796986819807628e+01,1.678938870278403428e+01,0.000000000000000000e+00
1.380016979240581954e+01,1.704179043634284696e+01,0.000000000000000000e+00
1.351197170713510864e+01,1.729453512097721202e+01,0.000000000000000000e+00
1.322320288366117325e+01,1.754778291199863105e+01,0.000000000000000000e+00
1.293368564181358238e+01,1.780169108244981402e+01,0.000000000000000000e+00
1.264323563543222484e+01,1.805641177151340315e+01,0.000000000000000000e+00
1.235167271877637418e+01,1.831210786870149221e+01,0.000000000000000000e+00
1.205881443043028689e+01,1.856894584656129510e+01,0.000000000000000000e+00
1.176446916836290768e+01,1.882708622597001380e+01,0.000000000000000000e+00
1.146844412387180867e+01,1.908669624984320379e+01,0.000000000000000000e+00
1.117054592210978115e+01,1.934795308537547243e+01,0.000000000000000000e+00
1.087057066974818298e+01,1.961102861527858465e+01,0.000000000000000000e+00
1.056830983858094442e+01,1.987610000739920224e+01,0.000000000000000000e+00
1.026355720299111063e+01,2.014336519044341500e+01,0.000000000000000000e+00
9.956094921866053937e+00,2.041301966543009527e+01,0.000000000000000000e+00
9.645693196247115964e+00,2.068525581246390388e+01,0.000000000000000000e+00
9.332114214439112487e+00,2.096027170390450323e+01,0.000000000000000000e+00
9.015106928615910675e+00,2.123826098593389133e+01,0.000000000000000000e+00
8.694414761890380206e+00,2.151943167530345846e+01,0.000000000000000000e+00
8.369802585230447178e+00,2.180408118842974119e+01,0.000000000000000000e+00
8.041022431418516803e+00,2.209252755965047754e+01,0.000000000000000000e+00
7.707782755087133175e+00,2.238502652008616778e+01,0.000000000000000000e+00
7.369701004408120149e+00,2.268160745517079491e+01,0.000000000000000000e+00
7.026373982712001087e+00,2.298223373980238549e+01,0.000000000000000000e+00
6.677518620123628068e+00,2.328727488483575669e+01,0.000000000000000000e+00
6.323101605268214520e+00,2.359813645228130952e+01,0.000000000000000000e+00
5.963002346930291964e+00,2.391629611969749192e+01,0.000000000000000000e+00
5.596297260738698931e+00,2.424022657021219018e+01,0.000000000000000000e+00
5.221412880464792572e+00,2.456481625145327286e+01,0.000000000000000000e+00
4.837147314259050646e+00,2.488496564141138734e+01,0.000000000000000000e+00
4.442997409066823167e+00,2.519749043064925331e+01,0.000000000000000000e+00
4.038802023743484959e+00,2.549999239488304781e+01,0.000000000000000000e+00
3.624689862070880508e+00,2.579100849761208636e+01,0.000000000000000000e+00
3.201034183744504880e+00,2.607033132020412936e+01,0.000000000000000000e+00
2.768217856927458254e+00,2.633783357949483417e+01,0.000000000000000000e+00
2.326616268720076430e+00,2.659334563992592493e+01,0.000000000000000000e+00
1.876605365022956162e+00,2.683670702074829961e+01,0.000000000000000000e+00
1.418564111401525718e+00,2.706781570995815045e+01,0.000000000000000000e+00
9.528684315316919839e-01,2.728658175063597113e+01,0.000000000000000000e+00
4.798886329051249566e-01,2.749280136617241510e+01,0.000000000000000000e+00
1.695292432472114692e-15,2.768622648836290523e+01,0.000000000000000000e+00
-4.864144300027428702e-01,2.786666403150491789e+01,0.000000000000000000e+00
-9.789673974356029040e-01,2.803395834868281966e+01,0.000000000000000000e+00
-1.477269836933313707e+00,2.818798768318263726e+01,0.000000000000000000e+00
-1.980931381621425791e+00,2.832863856601524333e+01,0.000000000000000000e+00
-2.489551957685589123e+00,2.845570908678815414e+01,0.000000000000000000e+00
-3.002717881381427922e+00,2.856895227667404669e+01,0.000000000000000000e+00
-3.519995326820595238e+00,2.866806136647860370e+01,0.000000000000000000e+00
-4.040948253132512491e+00,2.875284085006045487e+01,0.000000000000000000e+00
-4.565196639889625096e+00,2.882351719989250682e+01,0.000000000000000000e+00
-5.092372622163210849e+00,2.888028027079318605e+01,0.000000000000000000e+00
-5.622070466765463514e+00,2.892304519786634387e+01,0.000000000000000000e+00
-6.153876379758625781e+00,2.895171210622073232e+01,0.000000000000000000e+00
-6.687378098976755503e+00,2.896621689793408549e+01,0.000000000000000000e+00
-7.222202763878288856e+00,2.896667314349291544e+01,0.000000000000000000e+00
-7.757994241774732735e+00,2.895322867513008447e+01,0.000000000000000000e+00
-8.294172690895006639e+00,2.892521764193807954e+01,0.000000000000000000e+00
-8.830096783256895066e+00,2.888194518498421104e+01,0.000000000000000000e+00
-9.365515348239961568e+00,2.882409240444029663e+01,0.000000000000000000e+00
-9.900224294452874219e+00,2.875233908738050559e+01,0.000000000000000000e+00
-1.043378624324521731e+01,2.866659210273251190e+01,0.000000000000000000e+00
-1.096575708041645747e+01,2.856677385628153942e+01,0.000000000000000000e+00
-1.149574179163397325e+01,2.845295937874154291e+01,0.000000000000000000e+00
-1.202335357180775510e+01,2.832524595727877781e+01,0.000000000000000000e+00
-1.254820059405501631e+01,2.818371998057430616e+01,0.000000000000000000e+00
-1.306980774696788572e+01,2.802829316310208441e+01,0.000000000000000000e+00
-1.358766873880237469e+01,2.785884941327341124e+01,0.000000000000000000e+00
-1.410137757190190477e+01,2.767551176470939112e+01,0.000000000000000000e+00
-1.461057932301133988e+01,2.747850320682934111e+01,0.000000000000000000e+00
-1.511496771932628036e+01,2.726812358505061695e+01,0.000000000000000000e+00
-1.561422376655176869e+01,2.704462888441716473e+01,0.000000000000000000e+00
-1.610795060971199533e+01,2.680813170245919252e+01,0.000000000000000000e+00
-1.659575730962761142e+01,2.655876345818248296e+01,0.000000000000000000e+00
-1.707729215277029411e+01,2.629672386287669283e+01,0.000000000000000000e+00
-1.755219492134611770e+01,2.602219910211530873e+01,0.000000000000000000e+00
-1.802007326052362046e+01,2.573533170836370587e+01,0.000000000000000000e+00
-1.848060483560970368e+01,2.543637037510534427e+01,0.000000000000000000e+00
-1.893362772665897253e+01,2.512577262915140253e+01,0.000000000000000000e+00
-1.937876908661719710e+01,2.480369333461759851e+01,0.000000000000000000e+00
-1.981495760480797230e+01,2.446943480303997021e+01,0.000000000000000000e+00
-2.024148648777346082e+01,2.412286424125117890e+01,0.000000000000000000e+00
-2.066018769203103034e+01,2.376682720816883077e+01,0.000000000000000000e+00
-2.107379662162691858e+01,2.340482226294401968e+01,0.000000000000000000e+00
-2.148486756678360976e+01,2.303969971764288616e+01,0.000000000000000000e+00
-2.189585976469112438e+01,2.267382653284492378e+01,0.000000000000000000e+00
-2.230826361917156575e+01,2.230826361917156930e+01,0.000000000000000000e+00
-2.272186964554487076e+01,2.194225445933226482e+01,0.000000000000000000e+00
-2.313641790074094473e+01,2.157505873162638110e+01,0.000000000000000000e+00
-2.355220250544762095e+01,2.120649838802676257e+01,0.000000000000000000e+00
-2.396965054457973210e+01,2.083649932849265340e+01,0.000000000000000000e+00
-2.438906588802655406e+01,2.046485619140146639e+01,0.000000000000000000e+00
-2.481067039257824192e+01,2.009128473677397153e+01,0.000000000000000000e+00
-2.523471493313803649e+01,1.971552006625517350e+01,0.000000000000000000e+00
-2.566149545633443196e+01,1.933732383281525458e+01,0.000000000000000000e+00
-2.609130839504772581e+01,1.895644516030547422e+01,0.000000000000000000e+00
-2.652445248919826781e+01,1.857262157982194140e+01,0.000000000000000000e+00
-2.696122621948676468e+01,1.818557670955916450e+01,0.000000000000000000e+00
-2.740194932682535978e+01,1.779503396125379311e+01,0.000000000000000000e+00
-2.784694635038840715e+01,1.740070331862101582e+01,0.000000000000000000e+00
-2.829655592942849651e+01,1.700228611210440022e+01,0.000000000000000000e+00
-2.875112351545906009e+01,1.659946890115446294e+01,0.000000000000000000e+00
-2.921102010778330182e+01,1.619193284791312948e+01,0.000000000000000000e+00
-2.967663640108674628e+01,1.577934747444620101e+01,0.000000000000000000e+00
-3.014835060495483887e+01,1.536135189350525287e+01,0.000000000000000000e+00
-3.062650687610365097e+01,1.493754547741218275e+01,0.000000000000000000e+00
-3.111086581844799781e+01,1.450723498297488234e+01,0.000000000000000000e+00
-3.160051650683087843e+01,1.406945641940701641e+01,0.000000000000000000e+00
-3.209497061467829582e+01,1.362350675291824942e+01,0.000000000000000000e+00
-3.259426498322882537e+01,1.316893786504495978e+01,0.000000000000000000e+00
-3.309836896286345365e+01,1.270527346317573425e+01,0.000000000000000000e+00
-3.360716024226049825e+01,1.223200598639736114e+01,0.000000000000000000e+00
-3.412053495733832165e+01,1.174864236602690504e+01,0.000000000000000000e+00
-3.463839536840758626e+01,1.125469690109830623e+01,0.000000000000000000e+00
-3.516057134047785127e+01,1.074966543640014471e+01,0.000000000000000000e+00
-3.568682716130483357e+01,1.023303302087627742e+01,0.000000000000000000e+00
-3.621681431350417313e+01,9.704266147731381409e+00,0.000000000000000000e+00
-3.675022703119642387e+01,9.162860709721678987e+00,0.000000000000000000e+00
-3.728705332407050577e+01,8.608394553330564136e+00,0.000000000000000000e+00
-3.782720210234060687e+01,8.040420016470550379e+00,0.000000000000000000e+00
-3.837033957060295819e+01,7.458438467453041731e+00,0.000000000000000000e+00
-3.891630646892853207e+01,6.861994819991467764e+00,0.000000000000000000e+00
-3.946505749746140879e+01,6.250651044111075194e+00,0.000000000000000000e+00
-4.001567343981452041e+01,5.623836146409860959e+00,0.000000000000000000e+00
-4.056706116878124391e+01,4.981008792730079016e+00,0.000000000000000000e+00
-4.111945943590264818e+01,4.321829338548563548e+00,0.000000000000000000e+00
-4.167309698522830530e+01,3.645923560223856441e+00,0.000000000000000000e+00
-4.222748501311748015e+01,2.952833403359679920e+00,0.000000000000000000e+00
-4.278224199619734236e+01,2.242122295770365259e+00,0.000000000000000000e+00
-4.333706388213057892e+01,1.513363618277016043e+00,0.000000000000000000e+00
-4.389071787178781392e+01,7.661153301981328267e-01,0.000000000000000000e+00
-4.444196730817074581e+01,5.442571301176261195e-15,0.000000000000000000e+00
-4.499120891670149547e+01,-7.853244728400121666e-01,0.000000000000000000e+00
-4.553869763200260934e+01,-1.590246362961557747e+00,0.000000000000000000e+00
-4.608379703771722546e+01,-2.415149463677139785e+00,0.000000000000000000e+00
-4.662561643834265368e+01,-3.260380712434212569e+00,0.000000000000000000e+00
-4.716329073561453100e+01,-4.126253273943498279e+00,0.000000000000000000e+00
-4.769743634924601849e+01,-5.013202571620761105e+00,0.000000000000000000e+00
-4.822743312794728610e+01,-5.921584200089214711e+00,0.000000000000000000e+00
-4.874394182704774181e+01,-6.850514271058106175e+00,0.000000000000000000e+00
-4.923655508679572534e+01,-7.798304220930335262e+00,0.000000000000000000e+00
-4.969843606152043947e+01,-8.763175176660601196e+00,0.000000000000000000e+00
-5.012511816154321309e+01,-9.743335963805433764e+00,0.000000000000000000e+00
-5.051677496471312168e+01,-1.073767199315765986e+01,0.000000000000000000e+00
-5.087425884014815125e+01,-1.174524811327868967e+01,0.000000000000000000e+00
-5.119756645144200036e+01,-1.276498699376905144e+01,0.000000000000000000e+00
-5.148630488810933770e+01,-1.379571381603143898e+01,0.000000000000000000e+00
-5.174012068877808446e+01,-1.483624086611094128e+01,0.000000000000000000e+00
-5.195875302885315250e+01,-1.588538497125348670e+01,0.000000000000000000e+00
-5.214200845956943908e+01,-1.694196554965695256e+01,0.000000000000000000e+00
-5.228972938196110221e+01,-1.800479771765315817e+01,0.000000000000000000e+00
-5.240179379989588426e+01,-1.907269316531733239e+01,0.000000000000000000e+00
-5.247811540888864812e+01,-2.014446113191023713e+01,0.000000000000000000e+00
-5.251864365996269868e+01,-2.121890938391621617e+01,0.000000000000000000e+00
-5.252336379848259895e+01,-2.229484519507109397e+01,0.000000000000000000e+00
-5.249228005104755113e+01,-2.337106883597537532e+01,0.000000000000000000e+00
-5.242540933273544113e+01,-2.444636985376506289e+01,0.000000000000000000e+00
-5.232296023206454549e+01,-2.551961283541344017e+01,0.000000000000000000e+00
-5.218521557371132502e+01,-2.658969542215889348e+01,0.000000000000000000e+00
-5.201248804552642468e+01,-2.765553045798631970e+01,0.000000000000000000e+00
-5.180511961716094760e+01,-2.871604671538571552e+01,0.000000000000000000e+00
-5.156348094248429703e+01,-2.977018960249745305e+01,0.000000000000000000e+00
-5.128796812046041964e+01,-3.081692027352562846e+01,0.000000000000000000e+00
-5.097895489488847431e+01,-3.185518650618379155e+01,0.000000000000000000e+00
-5.063679964813390200e+01,-3.288392218671918954e+01,0.000000000000000000e+00
-5.026188706839645448e+01,-3.390207090020562219e+01,0.000000000000000000e+00
-4.985446359723134435e+01,-3.490847122418292514e+01,0.000000000000000000e+00
-4.941455398076276140e+01,-3.590177496944073710e+01,0.000000000000000000e+00
-4.894232385975395516e+01,-3.688068636596018735e+01,0.000000000000000000e+00
-4.843871701075853053e+01,-3.784447336693202857e+01,0.000000000000000000e+00
-4.790494085863121398e+01,-3.879265621847068957e+01,0.000000000000000000e+00
-4.734181727855959565e+01,-3.972450141770153209e+01,0.000000000000000000e+00
-4.674975182070334512e+01,-4.063893925393742990e+01,0.000000000000000000e+00
-4.612770860490148550e+01,-4.153357538204556931e+01,0.000000000000000000e+00
-4.547581076370515518e+01,-4.240687959149650510e+01,0.000000000000000000e+00
-4.479898113384126646e+01,-4.326187320374440759e+01,0.000000000000000000e+00
-4.409665532183846892e+01,-4.409665532183844761e+01,0.000000000000000000e+00
-4.336453435357229580e+01,-4.490528986653660581e+01,0.000000000000000000e+00
-4.260820617508825592e+01,-4.569170709244505701e+01,0.000000000000000000e+00
-4.182958491773499077e+01,-4.645646049974690328e+01,0.000000000000000000e+00
-4.102634962245145545e+01,-4.719541646927169154e+01,0.000000000000000000e+00
-4.019884079541743205e+01,-4.790711293606138099e+01,0.000000000000000000e+00
-3.934990187875475698e+01,-4.859308194000755776e+01,0.000000000000000000e+00
-3.848082925066725579e+01,-4.925321539924224368e+01,0.000000000000000000e+00
-3.759208438885942627e+01,-4.988638092215336428e+01,0.000000000000000000e+00
-3.668419724579096197e+01,-5.049146585610507287e+01,0.000000000000000000e+00
-3.575655605059857578e+01,-5.106565425162501271e+01,0.000000000000000000e+00
-3.481124219759990979e+01,-5.160978894760522451e+01,0.000000000000000000e+00
-3.384979369909252966e+01,-5.212411134958423276e+01,0.000000000000000000e+00
-3.287314207910397101e+01,-5.260802434726237919e+01,0.000000000000000000e+00
-3.188220881383631422e+01,-5.306090598088257337e+01,0.000000000000000000e+00
-3.087797054565645638e+01,-5.348221381969220545e+01,0.000000000000000000e+00
-2.986142776251227460e+01,-5.387144172416007137e+01,0.000000000000000000e+00
-2.883360937482800068e+01,-5.422813224269713572e+01,0.000000000000000000e+00
-2.779556624437015344e+01,-5.455187031766519112e+01,0.000000000000000000e+00
-2.674836869288577645e+01,-5.484228308700303245e+01,0.000000000000000000e+00
-2.569310237440659250e+01,-5.509903585127543124e+01,0.000000000000000000e+00
-2.463086865946845805e+01,-5.532183678237102242e+01,0.000000000000000000e+00
-2.356277132892568105e+01,-5.551041058061364453e+01,0.000000000000000000e+00
-2.248995410964830555e+01,-5.566458975072627169e+01,0.000000000000000000e+00
-2.141353467501542696e+01,-5.578416501832415975e+01,0.000000000000000000e+00
-2.033665890876348570e+01,-5.587451113897824939e+01,0.000000000000000000e+00
-1.926462833921492646e+01,-5.594854317712991332e+01,0.000000000000000000e+00
-1.819970094133828198e+01,-5.601291996866975609e+01,0.000000000000000000e+00
-1.714168254421029403e+01,-5.606791723495405932e+01,0.000000000000000000e+00
-1.609040172405082103e+01,-5.611389937965756047e+01,0.000000000000000000e+00
-1.504565657641287935e+01,-5.615115477640570418e+01,0.000000000000000000e+00
-1.400724143197671623e+01,-5.617997686680551794e+01,0.000000000000000000e+00
-1.297494051670168780e+01,-5.620064181836528405e+01,0.000000000000000000e+00
-1.194853001439544116e+01,-5.621341406973169086e+01,0.000000000000000000e+00
-1.092777802220497207e+01,-5.621854430976647876e+01,0.000000000000000000e+00
-9.912445085196905481e+00,-5.621626959963614212e+01,0.000000000000000000e+00
-8.902284608624963624e+00,-5.620681293177410964e+01,0.000000000000000000e+00
-7.897043333778608343e+00,-5.619038303352456154e+01,0.000000000000000000e+00
-6.896461797747856615e+00,-5.616717400815115013e+01,0.000000000000000000e+00
-5.900274874309619833e+00,-5.613736553427414577e+01,0.000000000000000000e+00
-4.908212134765610024e+00,-5.610112141341878100e+01,0.000000000000000000e+00
-3.919998716883598355e+00,-5.605859337689110333e+01,0.000000000000000000e+00
-2.935354989413488269e+00,-5.600990978000326237e+01,0.000000000000000000e+00
-1.953998756657250091e+00,-5.595520331013810278e+01,0.000000000000000000e+00
-9.756429054256984257e-01,-5.589454461716096034e+01,0.000000000000000000e+00
-1.025537085665020696e-14,-5.582763870524626526e+01,0.000000000000000000e+00
9.732062555919228641e-01,-5.575494904167753418e+01,0.000000000000000000e+00
1.944268260663859715e+00,-5.567655836230356670e+01,0.000000000000000000e+00
2.913479010906408373e+00,-5.559249124393224406e+01,0.000000000000000000e+00
3.881132614695796956e+00,-5.550278222080439150e+01,0.000000000000000000e+00
4.847522808026551999e+00,-5.540743923457220177e+01,0.000000000000000000e+00
5.812943082178152920e+00,-5.530645903549515197e+01,0.000000000000000000e+00
6.777685770559801703e+00,-5.519982089539286818e+01,0.000000000000000000e+00
7.742041999916502881e+00,-5.508749123563278260e+01,0.000000000000000000e+00
8.706300034023955803e+00,-5.496941502703419502e+01,0.000000000000000000e+00
9.670748014168928819e+00,-5.484553739486043611e+01,0.000000000000000000e+00
1.063566570295684244e+01,-5.471575670466449992e+01,0.000000000000000000e+00
1.160128695476096006e+01,-5.457976391606823086e+01,0.000000000000000000e+00
1.256787357702383368e+01,-5.443744118993207337e+01,0.000000000000000000e+00
1.353573808826262770e+01,-5.428888024573874560e+01,0.000000000000000000e+00
1.450515108078958093e+01,-5.413396080496924156e+01,0.000000000000000000e+00
1.547637007931418118e+01,-5.397251655282749994e+01,0.000000000000000000e+00
1.644965034861542819e+01,-5.380438191591732533e+01,0.000000000000000000e+00
1.742523900825103311e+01,-5.362937122703828408e+01,0.000000000000000000e+00
1.840337668123881087e+01,-5.344728674361940790e+01,0.000000000000000000e+00
1.938429622387904416e+01,-5.325791616712725585e+01,0.000000000000000000e+00
2.036822251743447865e+01,-5.306103374741874035e+01,0.000000000000000000e+00
2.135537180373794897e+01,-5.285640000124885773e+01,0.000000000000000000e+00
2.234595152496214965e+01,-5.264376276666502008e+01,0.000000000000000000e+00
2.334015898426161684e+01,-5.242285538742240192e+01,0.000000000000000000e+00
2.433818313424709245e+01,-5.219340216402187593e+01,0.000000000000000000e+00
2.534019908252917475e+01,-5.195510752529372667e+01,0.000000000000000000e+00
2.634631448662924313e+01,-5.170755359280111207e+01,0.000000000000000000e+00
2.735664659002642196e+01,-5.145036924498922559e+01,0.000000000000000000e+00
2.837143303763988911e+01,-5.118342008538783716e+01,0.000000000000000000e+00
2.939081181259769338e+01,-5.090637933511472824e+01,0.000000000000000000e+00
3.041490276068745402e+01,-5.061889862229826775e+01,0.000000000000000000e+00
3.144381626963704690e+01,-5.032062490112296160e+01,0.000000000000000000e+00
3.247764880395229170e+01,-5.001119350028078259e+01,0.000000000000000000e+00
3.351648444176350239e+01,-4.969023163512316188e+01,0.000000000000000000e+00
3.456039297163744806e+01,-4.935735633466821071e+01,0.000000000000000000e+00
3.560943419954648448e+01,-4.901218143046369846e+01,0.000000000000000000e+00
3.666317554626093767e+01,-4.865367725282566624e+01,0.000000000000000000e+00
3.771582145749242443e+01,-4.827405007580556173e+01,0.000000000000000000e+00
3.874805920112969915e+01,-4.784986812872688944e+01,0.000000000000000000e+00
3.975239686993588606e+01,-4.737506178397692480e+01,0.000000000000000000e+00
4.072747621363314607e+01,-4.685160194200874884e+01,0.000000000000000000e+00
4.167155665526698982e+01,-4.628095233375331929e+01,0.000000000000000000e+00
4.258296320110193989e+01,-4.566463731699428763e+01,0.000000000000000000e+00
4.346121639509598111e+01,-4.500540705133367680e+01,0.000000000000000000e+00
4.430366851317904064e+01,-4.430366851317906196e+01,0.000000000000000000e+00
4.510425242052275507e+01,-4.355667025856365626e+01,0.000000000000000000e+00
4.586523203893158041e+01,-4.277002080550809637e+01,0.000000000000000000e+00
4.658650583417966828e+01,-4.194667826280027612e+01,0.000000000000000000e+00
4.726576597053139750e+01,-4.108750351090846920e+01,0.000000000000000000e+00
4.790074812840956042e+01,-4.019350008766426896e+01,0.000000000000000000e+00
4.848977688968582811e+01,-3.926624709845587802e+01,0.000000000000000000e+00
4.903135319676859893e+01,-3.830749150080955445e+01,0.000000000000000000e+00
4.952363050392413868e+01,-3.731873234202631551e+01,0.000000000000000000e+00
4.996503295663914912e+01,-3.630172135618779095e+01,0.000000000000000000e+00
5.035509558369413696e+01,-3.525901751497312375e+01,0.000000000000000000e+00
5.069366028698535587e+01,-3.419330561348835573e+01,0.000000000000000000e+00
5.098017400105300823e+01,-3.310691209881413499e+01,0.000000000000000000e+00
5.121359642817522229e+01,-3.200180680901977581e+01,0.000000000000000000e+00
5.139291701364395237e+01,-3.087997993045016898e+01,0.000000000000000000e+00
5.151718558046999163e+01,-2.974346096277629314e+01,0.000000000000000000e+00
5.158551359903626121e+01,-2.859431711178569202e+01,0.000000000000000000e+00
5.159707541747948767e+01,-2.743465164562247693e+01,0.000000000000000000e+00
5.154818119526273534e+01,-2.626511019413652193e+01,0.000000000000000000e+00
5.143407142552050715e+01,-2.508607279685048752e+01,0.000000000000000000e+00
5.127011426326583177e+01,-2.390764691544271869e+01,0.000000000000000000e+00
5.104618221604188477e+01,-2.272722459806830386e+01,0.000000000000000000e+00
5.076256334002271586e+01,-2.154742974408462075e+01,0.000000000000000000e+00
5.041698065493426384e+01,-2.036978241201721929e+01,0.000000000000000000e+00
5.001117532428810364e+01,-1.919749155684488429e+01,0.000000000000000000e+00
4.954643202181237172e+01,-1.803342647003351118e+01,0.000000000000000000e+00
4.901954582362304791e+01,-1.687878321799155046e+01,0.000000000000000000e+00
4.843401846551459045e+01,-1.573716656715398443e+01,0.000000000000000000e+00
4.778658452485580455e+01,-1.460982505136601262e+01,0.000000000000000000e+00
4.708034036715118731e+01,-1.350007036023477802e+01,0.000000000000000000e+00
4.631248981677489951e+01,-1.240939424587942241e+01,0.000000000000000000e+00
4.548719935360801259e+01,-1.134123256976471161e+01,0.000000000000000000e+00
4.460112004645591099e+01,-1.029697990729938262e+01,0.000000000000000000e+00
4.365762968049946124e+01,-9.279715655550095477e+00,0.000000000000000000e+00
4.265524015496907850e+01,-8.291338767666506016e+00,0.000000000000000000e+00
4.159280892121416429e+01,-7.333934416261839395e+00,0.000000000000000000e+00
4.055670221437237899e+01,-6.423550581632262002e+00,0.000000000000000000e+00
3.957411266785845072e+01,-5.561778826947326948e+00,0.000000000000000000e+00
3.864240337538254977e+01,-4.744690530679290141e+00,0.000000000000000000e+00
3.775729501465342963e+01,-3.968451618215684817e+00,0.000000000000000000e+00
3.691484714553807578e+01,-3.229630641026902449e+00,0.000000000000000000e+00
3.611156285602658755e+01,-2.525166464819607270e+00,0.000000000000000000e+00
3.534441141325014257e+01,-1.852322112234634721e+00,0.000000000000000000e+00
3.461019461177152579e+01,-1.208614628102197441e+00,0.000000000000000000e+00
3.390726692061389969e+01,-5.918535456377517212e-01,0.000000000000000000e+00
3.323575026861688286e+01,-8.140411036744488474e-15,0.000000000000000000e+00
