3.406577126567336222e+01,0.000000000000000000e+00,0.000000000000000000e+00
3.337254505178754727e+01,5.825199406988180728e-01,0.000000000000000000e+00
3.270309244563070195e+01,1.142017152961186000e+00,0.000000000000000000e+00
3.205917895600430967e+01,1.680150374721793183e+00,0.000000000000000000e+00
3.143940493644326750e+01,2.198457356606541069e+00,0.000000000000000000e+00
3.084154630896370719e+01,2.698285667644128694e+00,0.000000000000000000e+00
3.026426031749749512e+01,3.180901936551932874e+00,0.000000000000000000e+00
2.970622364430123952e+01,3.647465626249009940e+00,0.000000000000000000e+00
2.916611111931402078e+01,4.099029601731092320e+00,0.000000000000000000e+00
2.864277205495016076e+01,4.536569421266548829e+00,0.000000000000000000e+00
2.813513111787258225e+01,4.960982721851251220e+00,0.000000000000000000e+00
2.764220414218362620e+01,5.373100186405575407e+00,0.000000000000000000e+00
2.716306242094434253e+01,5.773687152624115804e+00,0.000000000000000000e+00
2.669686430780316044e+01,6.163456771467124007e+00,0.000000000000000000e+00
2.624281115473967674e+01,6.543067694201988971e+00,0.000000000000000000e+00
2.580017817232412369e+01,6.913136905853327185e+00,0.000000000000000000e+00
2.536826825653992046e+01,7.274233867254460861e+00,0.000000000000000000e+00
2.494645536981599321e+01,7.626896800191902415e+00,0.000000000000000000e+00
2.453412836287907339e+01,7.971621535005800396e+00,0.000000000000000000e+00
2.413073879367983210e+01,8.308879695744112226e+00,0.000000000000000000e+00
2.373575466018785818e+01,8.639108184153677428e+00,0.000000000000000000e+00
2.334868303496018527e+01,8.962719682562774182e+00,0.000000000000000000e+00
2.296906556521799558e+01,9.280104871275288048e+00,0.000000000000000000e+00
2.259645336368648927e+01,9.591625388539725350e+00,0.000000000000000000e+00
2.223044418231777897e+01,9.897631437118139530e+00,0.000000000000000000e+00
2.187064126217168081e+01,1.019844750931135913e+01,0.000000000000000000e+00
2.151667216745133615e+01,1.049438221355406320e+01,0.000000000000000000e+00
2.116819365462617242e+01,1.078573338685851368e+01,0.000000000000000000e+00
2.082486233437124667e+01,1.107277571623707146e+01,0.000000000000000000e+00
2.048636437972179891e+01,1.135577720703938454e+01,0.000000000000000000e+00
2.015240027347416785e+01,1.163499372270739585e+01,0.000000000000000000e+00
1.982267138782503579e+01,1.191066260086845929e+01,0.000000000000000000e+00
1.949690652568693139e+01,1.218301934494273198e+01,0.000000000000000000e+00
1.917484130546319676e+01,1.245228754212506672e+01,0.000000000000000000e+00
1.885621254701426963e+01,1.271867595835215070e+01,0.000000000000000000e+00
1.854078031008339877e+01,1.298239413741055515e+01,0.000000000000000000e+00
1.822830866981446007e+01,1.324364146222903393e+01,0.000000000000000000e+00
1.791856160558222655e+01,1.350260466990291164e+01,0.000000000000000000e+00
1.761132209567955798e+01,1.375947281713459525e+01,0.000000000000000000e+00
1.730637677607994007e+01,1.401442758572641800e+01,0.000000000000000000e+00
1.700351023875456846e+01,1.426763917005806093e+01,0.000000000000000000e+00
1.670252158114057295e+01,1.451928049857481007e+01,0.000000000000000000e+00
1.640321466281914553e+01,1.476952082188798698e+01,0.000000000000000000e+00
1.610538963601645079e+01,1.501851880371048331e+01,0.000000000000000000e+00
1.580885595634303975e+01,1.526643473958242225e+01,0.000000000000000000e+00
1.551342972590250291e+01,1.551342972590250113e+01,0.000000000000000000e+00
1.521892244670473637e+01,1.575965553679049158e+01,0.000000000000000000e+00
1.492514927602561414e+01,1.600526307605741394e+01,0.000000000000000000e+00
1.463193364716330791e+01,1.625040862468991776e+01,0.000000000000000000e+00
1.433909441984578415e+01,1.649524120874965760e+01,0.000000000000000000e+00
1.404644900295417997e+01,1.673990606246200130e+01,0.000000000000000000e+00
1.375382313513344634e+01,1.698455708106229167e+01,0.000000000000000000e+00
1.346103896655824173e+01,1.722934418587118799e+01,0.000000000000000000e+00
1.316791361567085694e+01,1.747441157522089838e+01,0.000000000000000000e+00
1.287426989528712440e+01,1.771991232313949993e+01,0.000000000000000000e+00
1.257992900607963627e+01,1.796600053498994143e+01,0.000000000000000000e+00
1.228470485551620328e+01,1.821282392848726062e+01,0.000000000000000000e+00
1.198841301532522863e+01,1.846053717403805550e+01,0.000000000000000000e+00
1.169086954250092170e+01,1.870930220337857364e+01,0.000000000000000000e+00
1.139188172555859602e+01,1.895927502121097419e+01,0.000000000000000000e+00
1.109125366528993872e+01,1.921061486791670347e+01,0.000000000000000000e+00
1.078879016896158127e+01,1.946349268640954122e+01,0.000000000000000000e+00
1.048428636547197712e+01,1.971807483781284986e+01,0.000000000000000000e+00
1.017753147417623971e+01,1.997453019132760943e+01,0.000000000000000000e+00
9.868317241450196065e+00,2.023304875006853720e+01,0.000000000000000000e+00
9.556424846443889010e+00,2.049381921852841870e+01,0.000000000000000000e+00
9.241623513273051316e+00,2.075702626138915363e+01,0.000000000000000000e+00
8.923674116854302341e+00,2.102285878003138819e+01,0.000000000000000000e+00
8.602324805652395767e+00,2.129150103528714055e+01,0.000000000000000000e+00
8.277318609759399592e+00,2.156315219527070326e+01,0.000000000000000000e+00
7.948418861451387762e+00,2.183810134220489729e+01,0.000000000000000000e+00
7.615375828969561667e+00,2.211665732008292906e+01,0.000000000000000000e+00
7.277894124656789643e+00,2.239905493276069848e+01,0.000000000000000000e+00
6.935590931408203375e+00,2.268529575873137816e+01,0.000000000000000000e+00
6.588068363131047711e+00,2.297532476659455014e+01,0.000000000000000000e+00
6.235069555293504706e+00,2.326959636908124907e+01,0.000000000000000000e+00
5.876553585718731654e+00,2.356956907650237198e+01,0.000000000000000000e+00
5.512341671171659740e+00,2.387657495949125419e+01,0.000000000000000000e+00
5.141224115065389455e+00,2.418755777131333318e+01,0.000000000000000000e+00
4.761471752275300062e+00,2.449564862509707197e+01,0.000000000000000000e+00
4.372012743515017341e+00,2.479491638743365201e+01,0.000000000000000000e+00
3.972936983332984173e+00,2.508413689622711829e+01,0.000000000000000000e+00
3.564578827922238791e+00,2.536329626524964098e+01,0.000000000000000000e+00
3.147232000357486736e+00,2.563214770011883559e+01,0.000000000000000000e+00
2.721174926768242575e+00,2.589024999696551887e+01,0.000000000000000000e+00
2.286708180856580341e+00,2.613719410834297108e+01,0.000000000000000000e+00
1.844154338103277668e+00,2.637263571508240645e+01,0.000000000000000000e+00
1.393851309813070927e+00,2.659626736491214061e+01,0.000000000000000000e+00
9.361511151167645206e-01,2.680786044356746700e+01,0.000000000000000000e+00
4.714130946027163538e-01,2.700723810202739372e+01,0.000000000000000000e+00
1.665174202591878068e-15,2.719435846729419737e+01,0.000000000000000000e+00
-4.777311829524902298e-01,2.736920114116554004e+01,0.000000000000000000e+00
-9.614259212174536273e-01,2.753163619274365104e+01,0.000000000000000000e+00
-1.450725008191380727e+00,2.768148217760547425e+01,0.000000000000000000e+00
-1.945255592550738211e+00,2.781845101307049006e+01,0.000000000000000000e+00
-2.444631410112277692e+00,2.794226487855652508e+01,0.000000000000000000e+00
-2.948469436689958201e+00,2.805281280280466305e+01,0.000000000000000000e+00
-3.456391260066356885e+00,2.815004781260406830e+01,0.000000000000000000e+00
-3.968025848721815851e+00,2.823397098163313146e+01,0.000000000000000000e+00
-4.483003695151763779e+00,2.830457137055823225e+01,0.000000000000000000e+00
-5.000946646169833976e+00,2.836177779530114051e+01,0.000000000000000000e+00
-5.521476511205725579e+00,2.840553415980915375e+01,0.000000000000000000e+00
-6.044219551457955752e+00,2.843581729008748837e+01,0.000000000000000000e+00
-6.568795234871108057e+00,2.845257808295695412e+01,0.000000000000000000e+00
-7.094814957904967301e+00,2.845574856013015363e+01,0.000000000000000000e+00
-7.621924861122232997e+00,2.844541083318052088e+01,0.000000000000000000e+00
-8.149778260407400055e+00,2.842165441944541371e+01,0.000000000000000000e+00
-8.677834039738890226e+00,2.838391619165076207e+01,0.000000000000000000e+00
-9.205515565827125712e+00,2.833166370815668955e+01,0.000000000000000000e+00
-9.732591911544250962e+00,2.826549929748656353e+01,0.000000000000000000e+00
-1.025886515701917467e+01,2.818600036813998244e+01,0.000000000000000000e+00
-1.078391771438708524e+01,2.809306611230756801e+01,0.000000000000000000e+00
-1.130732881167998904e+01,2.798662088904444545e+01,0.000000000000000000e+00
-1.182873459803255400e+01,2.786675238747628569e+01,0.000000000000000000e+00
-1.234776429248266183e+01,2.773353267641743969e+01,0.000000000000000000e+00
-1.286403409498529093e+01,2.758701014236688209e+01,0.000000000000000000e+00
-1.337716005728917246e+01,2.742724265488110191e+01,0.000000000000000000e+00
-1.388676143239186445e+01,2.725430387465602777e+01,0.000000000000000000e+00
-1.439247719016809057e+01,2.706831275344255872e+01,0.000000000000000000e+00
-1.489394312161146416e+01,2.686938465568343304e+01,0.000000000000000000e+00
-1.539071817427895894e+01,2.665750584282488589e+01,0.000000000000000000e+00
-1.588237143043362565e+01,2.643270490274073126e+01,0.000000000000000000e+00
-1.636864240575074092e+01,2.619530363544848939e+01,0.000000000000000000e+00
-1.684929489275446457e+01,2.594563887033259419e+01,0.000000000000000000e+00
-1.732397480383369981e+01,2.568384886366200703e+01,0.000000000000000000e+00
-1.779228734948010526e+01,2.541001971354296884e+01,0.000000000000000000e+00
-1.825378877746698691e+01,2.512418485340517194e+01,0.000000000000000000e+00
-1.870808190593823284e+01,2.482646321572581982e+01,0.000000000000000000e+00
-1.915505565494223461e+01,2.451735319973603211e+01,0.000000000000000000e+00
-1.959460246736209754e+01,2.419731887038016538e+01,0.000000000000000000e+00
-2.002593497494160957e+01,2.386597995144470374e+01,0.000000000000000000e+00
-2.044809500975627614e+01,2.352284248707718817e+01,0.000000000000000000e+00
-2.086232390171083750e+01,2.316995801366024921e+01,0.000000000000000000e+00
-2.127166762676449352e+01,2.281107077298724661e+01,0.000000000000000000e+00
-2.167884098914521829e+01,2.244909701210542607e+01,0.000000000000000000e+00
-2.208569368146149969e+01,2.208569368146150325e+01,0.000000000000000000e+00
-2.249379256971978336e+01,2.172200298741715230e+01,0.000000000000000000e+00
-2.290337738096987508e+01,2.135774493125849460e+01,0.000000000000000000e+00
-2.331427783565252554e+01,2.099227005310503102e+01,0.000000000000000000e+00
-2.372662510590524221e+01,2.062524053770095023e+01,0.000000000000000000e+00
-2.414079772341067454e+01,2.025653446603922703e+01,0.000000000000000000e+00
-2.455713494990522960e+01,1.988597578344833749e+01,0.000000000000000000e+00
-2.497588860064147198e+01,1.951330277291415882e+01,0.000000000000000000e+00
-2.539730457862605206e+01,1.913824172691789016e+01,0.000000000000000000e+00
-2.582167105476545288e+01,1.876054216545215070e+01,0.000000000000000000e+00
-2.624928511812806065e+01,1.837994731232923229e+01,0.000000000000000000e+00
-2.668045708713476927e+01,1.799619553852128462e+01,0.000000000000000000e+00
-2.711550221911145186e+01,1.760901303445491450e+01,0.000000000000000000e+00
-2.755472775101889127e+01,1.721810487181713256e+01,0.000000000000000000e+00
-2.799843282682672552e+01,1.682315568012868212e+01,0.000000000000000000e+00
-2.844698589364213603e+01,1.642387496332776919e+01,0.000000000000000000e+00
-2.890088182168699760e+01,1.602002038872789669e+01,0.000000000000000000e+00
-2.936045163377501765e+01,1.561122905151886364e+01,0.000000000000000000e+00
-2.982558741696612614e+01,1.519689583506504782e+01,0.000000000000000000e+00
-3.029604098719778804e+01,1.477636649398340651e+01,0.000000000000000000e+00
-3.077138145812834580e+01,1.434893082593397651e+01,0.000000000000000000e+00
-3.125123231558469428e+01,1.391394507813942205e+01,0.000000000000000000e+00
-3.173558328775503412e+01,1.347095588337443672e+01,0.000000000000000000e+00
-3.222445925611514639e+01,1.301952665282699684e+01,0.000000000000000000e+00
-3.271776715369602329e+01,1.255917411696694508e+01,0.000000000000000000e+00
-3.321538516967938648e+01,1.208941152145035680e+01,0.000000000000000000e+00
-3.371720429470873626e+01,1.160976448159712326e+01,0.000000000000000000e+00
-3.422310026324085896e+01,1.111975934168051872e+01,0.000000000000000000e+00
-3.473292461280772159e+01,1.061892071092599110e+01,0.000000000000000000e+00
-3.524651744005291221e+01,1.010677624000254227e+01,0.000000000000000000e+00
-3.576371350069442201e+01,9.582858150849119738e+00,0.000000000000000000e+00
-3.628431231393057743e+01,9.046695123770540192e+00,0.000000000000000000e+00
-3.680807923873916820e+01,8.497814672654094181e+00,0.000000000000000000e+00
-3.733486166393411310e+01,7.935769825711752823e+00,0.000000000000000000e+00
-3.786451905622105585e+01,7.360116919499286148e+00,0.000000000000000000e+00
-3.839646210451085295e+01,6.770332232775388093e+00,0.000000000000000000e+00
-3.892999440329255378e+01,6.165905375402827460e+00,0.000000000000000000e+00
-3.946499062512921085e+01,5.546442723977725642e+00,0.000000000000000000e+00
-4.000139994440642965e+01,4.911554327675418108e+00,0.000000000000000000e+00
-4.053895858698568588e+01,4.260816240752069994e+00,0.000000000000000000e+00
-4.107732608278677588e+01,3.593800360201612865e+00,0.000000000000000000e+00
-4.161610926656850751e+01,2.910081846503926428e+00,0.000000000000000000e+00
-4.215498322162571299e+01,2.209249056359264607e+00,0.000000000000000000e+00
-4.269358130960141295e+01,1.490892711689768557e+00,0.000000000000000000e+00
-4.323084661175437304e+01,7.545972345099843936e-01,0.000000000000000000e+00
-4.376574396154254032e+01,5.359757825480568289e-15,0.000000000000000000e+00
-4.429844708428902322e+01,-7.732322700754618028e-01,0.000000000000000000e+00
-4.482905603614115364e+01,-1.565465132370723822e+00,0.000000000000000000e+00
-4.535695563558662968e+01,-2.377057319900503618e+00,0.000000000000000000e+00
-4.588142292469321859e+01,-3.208341632555668621e+00,0.000000000000000000e+00
-4.640174804130096931e+01,-4.059626921400072419e+00,0.000000000000000000e+00
-4.691776040632524314e+01,-4.931255327885027739e+00,0.000000000000000000e+00
-4.742941705168553312e+01,-5.823600146571957126e+00,0.000000000000000000e+00
-4.793400526884216362e+01,-6.736685111111911262e+00,0.000000000000000000e+00
-4.842650752956016902e+01,-7.670005291941323300e+00,0.000000000000000000e+00
-4.889620075310813263e+01,-8.621719446910534046e+00,0.000000000000000000e+00
-4.933161968275786080e+01,-9.589095484198827180e+00,0.000000000000000000e+00
-4.973098082045589052e+01,-1.057064629167390635e+01,0.000000000000000000e+00
-5.009642563482048416e+01,-1.156567116816729168e+01,0.000000000000000000e+00
-5.042875387363859119e+01,-1.257330048918461252e+01,0.000000000000000000e+00
-5.072728191939044962e+01,-1.359233422452654061e+01,0.000000000000000000e+00
-5.099129286172378528e+01,-1.462151794197532517e+01,0.000000000000000000e+00
-5.122030365365073123e+01,-1.565961834055013036e+01,0.000000000000000000e+00
-5.141412428462911777e+01,-1.670546164464260031e+01,0.000000000000000000e+00
-5.157261734919120499e+01,-1.775787624294819977e+01,0.000000000000000000e+00
-5.169568027709978253e+01,-1.881568886100670213e+01,0.000000000000000000e+00
-5.178324534164544701e+01,-1.987772550407293082e+01,0.000000000000000000e+00
-5.183527964413316624e+01,-2.094281239972905340e+01,0.000000000000000000e+00
-5.185178507456863173e+01,-2.200977693966743587e+01,0.000000000000000000e+00
-5.183275307532262133e+01,-2.307742850764784848e+01,0.000000000000000000e+00
-5.177811149176567795e+01,-2.414452991341366328e+01,0.000000000000000000e+00
-5.168809886377185592e+01,-2.520997025687558590e+01,0.000000000000000000e+00
-5.156306228180807949e+01,-2.627269248644745048e+01,0.000000000000000000e+00
-5.140337575641513723e+01,-2.733165970892493490e+01,0.000000000000000000e+00
-5.120943941606268623e+01,-2.838585578814573651e+01,0.000000000000000000e+00
-5.098167869324763046e+01,-2.943428591728553201e+01,0.000000000000000000e+00
-5.072054203621885904e+01,-3.047597628529585734e+01,0.000000000000000000e+00
-5.042624476874082262e+01,-3.150981488786418083e+01,0.000000000000000000e+00
-5.009849234703645493e+01,-3.253434133791284211e+01,0.000000000000000000e+00
-4.973697994239446274e+01,-3.354801657316600227e+01,0.000000000000000000e+00
-4.934175583689866329e+01,-3.454946938549936419e+01,0.000000000000000000e+00
-4.891416590000668663e+01,-3.553822174826447622e+01,0.000000000000000000e+00
-4.845584317798296325e+01,-3.651409687791488068e+01,0.000000000000000000e+00
-4.796740627558628489e+01,-3.747624506392363486e+01,0.000000000000000000e+00
-4.744843701133298453e+01,-3.842298669183649196e+01,0.000000000000000000e+00
-4.689900719776819926e+01,-3.935293964222789498e+01,0.000000000000000000e+00
-4.631998642657893583e+01,-4.026534989645271878e+01,0.000000000000000000e+00
-4.571269054729399528e+01,-4.115989144451914683e+01,0.000000000000000000e+00
-4.507860303232559573e+01,-4.203647738965455005e+01,0.000000000000000000e+00
-4.441630044964341550e+01,-4.289232276267905775e+01,0.000000000000000000e+00
-4.372469019366791798e+01,-4.372469019366789666e+01,0.000000000000000000e+00
-4.300882667076430721e+01,-4.453694377814073135e+01,0.000000000000000000e+00
-4.226898293229477588e+01,-4.532793470116021695e+01,0.000000000000000000e+00
-4.150247031038413326e+01,-4.609316292303959983e+01,0.000000000000000000e+00
-4.071211748757664850e+01,-4.683393374877810800e+01,0.000000000000000000e+00
-3.990009374229156691e+01,-4.755108006222170047e+01,0.000000000000000000e+00
-3.906676285041747576e+01,-4.824343435900975408e+01,0.000000000000000000e+00
-3.821148793296313073e+01,-4.890847423344299472e+01,0.000000000000000000e+00
-3.733445297739542923e+01,-4.954449249168330738e+01,0.000000000000000000e+00
-3.643831981093128292e+01,-5.015304460011239485e+01,0.000000000000000000e+00
-3.552429991536654086e+01,-5.073395811503975494e+01,0.000000000000000000e+00
-3.459293366423142402e+01,-5.128613323693985393e+01,0.000000000000000000e+00
-3.364513616312772371e+01,-5.180896638037140889e+01,0.000000000000000000e+00
-3.268176839582920934e+01,-5.230176243396800828e+01,0.000000000000000000e+00
-3.170374971761691540e+01,-5.276390016860581511e+01,0.000000000000000000e+00
-3.071205635814900248e+01,-5.319484201723278716e+01,0.000000000000000000e+00
-2.970765650502325883e+01,-5.359403103226174636e+01,0.000000000000000000e+00
-2.869107918215796005e+01,-5.396007193723167461e+01,0.000000000000000000e+00
-2.766399686306972328e+01,-5.429365086772214966e+01,0.000000000000000000e+00
-2.662751543973043766e+01,-5.459449719779128429e+01,0.000000000000000000e+00
-2.558268282847770081e+01,-5.486224037087139749e+01,0.000000000000000000e+00
-2.453057023062933339e+01,-5.509656282283352624e+01,0.000000000000000000e+00
-2.347225948300274823e+01,-5.529717803426103018e+01,0.000000000000000000e+00
-2.240884355588023169e+01,-5.546383408542159543e+01,0.000000000000000000e+00
-2.134142680480705323e+01,-5.559631759416595997e+01,0.000000000000000000e+00
-2.027111464336527291e+01,-5.569442974982192140e+01,0.000000000000000000e+00
-1.919906004133051525e+01,-5.575811901318332531e+01,0.000000000000000000e+00
-1.812751737225642401e+01,-5.579076178645197359e+01,0.000000000000000000e+00
-1.706325637184761135e+01,-5.581139678372388602e+01,0.000000000000000000e+00
-1.600708065112567979e+01,-5.582332426646210166e+01,0.000000000000000000e+00
-1.495877588723290863e+01,-5.582691163018945701e+01,0.000000000000000000e+00
-1.391809355455456831e+01,-5.582242425977557332e+01,0.000000000000000000e+00
-1.288478644421570252e+01,-5.581014162842377146e+01,0.000000000000000000e+00
-1.185861706607842692e+01,-5.579040690584748319e+01,0.000000000000000000e+00
-1.083932831109147443e+01,-5.576350999324611735e+01,0.000000000000000000e+00
-9.826654133954216164e+00,-5.572972493756576284e+01,0.000000000000000000e+00
-8.820320369977356023e+00,-5.568931109586358730e+01,0.000000000000000000e+00
-7.820045080969121543e+00,-5.564251199680746396e+01,0.000000000000000000e+00
-6.825539152920838681e+00,-5.558955541909170961e+01,0.000000000000000000e+00
-5.836506818157631393e+00,-5.553065300750679967e+01,0.000000000000000000e+00
-4.852646226366804427e+00,-5.546600017416997730e+01,0.000000000000000000e+00
-3.873649997404740475e+00,-5.539577580819800318e+01,0.000000000000000000e+00
-2.899205825056936803e+00,-5.532014263376874652e+01,0.000000000000000000e+00
-1.928996961092940277e+00,-5.523924555983087004e+01,0.000000000000000000e+00
-9.627029787481967693e-01,-5.515321671430204731e+01,0.000000000000000000e+00
-1.011475476565359222e-14,-5.506216035892078509e+01,0.000000000000000000e+00
9.594384571966418918e-01,-5.496619239987184358e+01,0.000000000000000000e+00
1.915940512320178923e+00,-5.486535778579924028e+01,0.000000000000000000e+00
2.869818655358781889e+00,-5.475940203189317401e+01,0.000000000000000000e+00
3.821401314400402427e+00,-5.464858483020050528e+01,0.000000000000000000e+00
4.771024224896395438e+00,-5.453305642830737554e+01,0.000000000000000000e+00
5.719019296048251988e+00,-5.441283390333480696e+01,0.000000000000000000e+00
6.665717245002791280e+00,-5.428791043422703666e+01,0.000000000000000000e+00
7.611447712864405801e+00,-5.415826459962593020e+01,0.000000000000000000e+00
8.556539253057698247e+00,-5.402386266936957071e+01,0.000000000000000000e+00
9.501315798040293359e+00,-5.388463954787257393e+01,0.000000000000000000e+00
1.044610513007662966e+01,-5.374055209818395440e+01,0.000000000000000000e+00
1.139121878391443232e+01,-5.359147087446058322e+01,0.000000000000000000e+00
1.233688751341202305e+01,-5.343693062810165628e+01,0.000000000000000000e+00
1.328347202447209874e+01,-5.327709632690955033e+01,0.000000000000000000e+00
1.423130003626093654e+01,-5.311193479308252563e+01,0.000000000000000000e+00
1.518067142893056420e+01,-5.294129280845541530e+01,0.000000000000000000e+00
1.613188102835229287e+01,-5.276500530266072531e+01,0.000000000000000000e+00
1.708521677147837536e+01,-5.258289038664955939e+01,0.000000000000000000e+00
1.804095950838365781e+01,-5.239475084795694215e+01,0.000000000000000000e+00
1.899938312758186498e+01,-5.220037612659839965e+01,0.000000000000000000e+00
1.996075155691869796e+01,-5.199953560399879393e+01,0.000000000000000000e+00
2.092532438510092518e+01,-5.179199528903473748e+01,0.000000000000000000e+00
2.189331711352946641e+01,-5.157742291763809561e+01,0.000000000000000000e+00
2.286481974942458351e+01,-5.135522598589893306e+01,0.000000000000000000e+00
2.384021100397638193e+01,-5.112549748443544928e+01,0.000000000000000000e+00
2.481972085506693304e+01,-5.088796901606951195e+01,0.000000000000000000e+00
2.580354689747444752e+01,-5.064231222027820678e+01,0.000000000000000000e+00
2.679188716964202399e+01,-5.038821125651863042e+01,0.000000000000000000e+00
2.778492268592833625e+01,-5.012532740193915259e+01,0.000000000000000000e+00
2.878282381104413190e+01,-4.985331322603169468e+01,0.000000000000000000e+00
2.978574743643077483e+01,-4.957180832492628753e+01,0.000000000000000000e+00
3.079383725202957933e+01,-4.928044103609354920e+01,0.000000000000000000e+00
3.180722355286148684e+01,-4.897882914526945797e+01,0.000000000000000000e+00
3.282602141071606638e+01,-4.866657809509123922e+01,0.000000000000000000e+00
3.385033579835947393e+01,-4.834328959797832681e+01,0.000000000000000000e+00
3.488024197139215943e+01,-4.800853443108400143e+01,0.000000000000000000e+00
3.591585388274188517e+01,-4.766194790916795654e+01,0.000000000000000000e+00
3.695707750539772007e+01,-4.730290210334484868e+01,0.000000000000000000e+00
3.800450736405050378e+01,-4.693165807938137846e+01,0.000000000000000000e+00
3.905585107943502265e+01,-4.654495083574115455e+01,0.000000000000000000e+00
4.009619849419706128e+01,-4.612539999738694263e+01,0.000000000000000000e+00
4.110946765905519840e+01,-4.565668926011270656e+01,0.000000000000000000e+00
4.209153085104424719e+01,-4.513764064169851054e+01,0.000000000000000000e+00
4.304057166027019576e+01,-4.456981667708517847e+01,0.000000000000000000e+00
4.395249163922866131e+01,-4.395249163922868263e+01,0.000000000000000000e+00
4.482489908506952503e+01,-4.328690187831156067e+01,0.000000000000000000e+00
4.565832602998191447e+01,-4.257707783074999242e+01,0.000000000000000000e+00
4.645477170682392654e+01,-4.182806432175711819e+01,0.000000000000000000e+00
4.720975293865980404e+01,-4.103881212515760524e+01,0.000000000000000000e+00
4.791402441617151453e+01,-4.020464021582873215e+01,0.000000000000000000e+00
4.857370906426013590e+01,-3.933421403329749211e+01,0.000000000000000000e+00
4.919017308492900753e+01,-3.843157519663268573e+01,0.000000000000000000e+00
4.975681080067794682e+01,-3.749444629904932214e+01,0.000000000000000000e+00
5.027149761414234774e+01,-3.652438096319446004e+01,0.000000000000000000e+00
5.073415517855556800e+01,-3.552443790072582175e+01,0.000000000000000000e+00
5.114401804232466020e+01,-3.449707575509075497e+01,0.000000000000000000e+00
5.150008267496483683e+01,-3.344454473942171546e+01,0.000000000000000000e+00
5.180136431596762492e+01,-3.236908494813772563e+01,0.000000000000000000e+00
5.204685425925588760e+01,-3.127290506865373132e+01,0.000000000000000000e+00
5.223560571646734729e+01,-3.015824102168561538e+01,0.000000000000000000e+00
5.236674409743434211e+01,-2.902736024831870409e+01,0.000000000000000000e+00
5.243946789276089504e+01,-2.788255966989025936e+01,0.000000000000000000e+00
5.245304950356342744e+01,-2.672616362565669590e+01,0.000000000000000000e+00
5.240396705272590339e+01,-2.555912250174608857e+01,0.000000000000000000e+00
5.228675585787989633e+01,-2.438171467661016578e+01,0.000000000000000000e+00
5.211748685547311766e+01,-2.320420015424720717e+01,0.000000000000000000e+00
5.188591006174289788e+01,-2.202426213732645977e+01,0.000000000000000000e+00
5.159057235654495344e+01,-2.084394423789044737e+01,0.000000000000000000e+00
5.123252842863814749e+01,-1.966632508768372034e+01,0.000000000000000000e+00
5.081022083261289879e+01,-1.849340797956358173e+01,0.000000000000000000e+00
5.032654968260636963e+01,-1.732882073731566663e+01,0.000000000000000000e+00
4.977677957447612300e+01,-1.617345609879113155e+01,0.000000000000000000e+00
4.916725086978617298e+01,-1.503193711386861331e+01,0.000000000000000000e+00
4.849238910438616301e+01,-1.390496882010345736e+01,0.000000000000000000e+00
4.775571251596177547e+01,-1.279610460262481197e+01,0.000000000000000000e+00
4.695439783295698533e+01,-1.170704623639534248e+01,0.000000000000000000e+00
4.609373975301969750e+01,-1.064157831899213491e+01,0.000000000000000000e+00
4.516899564225307273e+01,-9.600966407805552549e+00,0.000000000000000000e+00
4.418421016143466318e+01,-8.588540430185584995e+00,0.000000000000000000e+00
4.313792375629434162e+01,-7.606379849979385988e+00,0.000000000000000000e+00
4.202819127259159870e+01,-6.656611552561992440e+00,0.000000000000000000e+00
4.095330628882449986e+01,-5.755611849654110657e+00,0.000000000000000000e+00
3.993360473145553158e+01,-4.903230122221946985e+00,0.000000000000000000e+00
3.896774787125017525e+01,-4.095675340033439582e+00,0.000000000000000000e+00
3.805072827359136056e+01,-3.329007362844603968e+00,0.000000000000000000e+00
3.717849539730428887e+01,-2.599773655989944476e+00,0.000000000000000000e+00
3.634735454213297601e+01,-1.904884134366569892e+00,0.000000000000000000e+00
3.555399159984426660e+01,-1.241572745169691183e+00,0.000000000000000000e+00
3.479516376511678288e+01,-6.073518427081100457e-01,0.000000000000000000e+00
3.407014744296274245e+01,-8.344779402500540757e-15,0.000000000000000000e+00
