3.090474838187768114e+01,0.000000000000000000e+00,0.000000000000000000e+00
3.029114556568552885e+01,5.287339125991311617e-01,0.000000000000000000e+00
2.969941422513888440e+01,1.037126398196008381e+00,0.000000000000000000e+00
2.913005626889053801e+01,1.526641559442585949e+00,0.000000000000000000e+00
2.858134243614338388e+01,1.998602157625272158e+00,0.000000000000000000e+00
2.805150973533510239e+01,2.454189096628914157e+00,0.000000000000000000e+00
2.753941042040528586e+01,2.894508671904298946e+00,0.000000000000000000e+00
2.704392866418163877e+01,3.320576906121017746e+00,0.000000000000000000e+00
2.656394327373841335e+01,3.733318760678173032e+00,0.000000000000000000e+00
2.609845346901475338e+01,4.133588946025854582e+00,0.000000000000000000e+00
2.564654525933738327e+01,4.522177891181956788e+00,0.000000000000000000e+00
2.520737451853647926e+01,4.899817251463367995e+00,0.000000000000000000e+00
2.478015294104433508e+01,5.267184106805669508e+00,0.000000000000000000e+00
2.436414193492337077e+01,5.624905376842235682e+00,0.000000000000000000e+00
2.395867408271503862e+01,5.973568359814015238e+00,0.000000000000000000e+00
2.356310038516097904e+01,6.313713719377360256e+00,0.000000000000000000e+00
2.317684663133363543e+01,6.645853827974491423e+00,0.000000000000000000e+00
2.279934844218255918e+01,6.970460336041922389e+00,0.000000000000000000e+00
2.243009198007511174e+01,7.287978672642153377e+00,0.000000000000000000e+00
2.206859950429254269e+01,7.598828195958540199e+00,0.000000000000000000e+00
2.171440103836599178e+01,7.903395632884337552e+00,0.000000000000000000e+00
2.136708145293595251e+01,8.202054103454388567e+00,0.000000000000000000e+00
2.102623348539950499e+01,8.495149758634756409e+00,0.000000000000000000e+00
2.069146771632945914e+01,8.783006955995915632e+00,0.000000000000000000e+00
2.036243657678387819e+01,9.065940866759936156e+00,0.000000000000000000e+00
2.003879208060815742e+01,9.344242207363322450e+00,0.000000000000000000e+00
1.972020583262422733e+01,9.618187037797413907e+00,0.000000000000000000e+00
1.940638116373264666e+01,9.888045085511093291e+00,0.000000000000000000e+00
1.909701925533036260e+01,1.015406525468002386e+01,0.000000000000000000e+00
1.879183612959739236e+01,1.041648486005300533e+01,0.000000000000000000e+00
1.849057509964722357e+01,1.067553851125231290e+01,0.000000000000000000e+00
1.819297766911976311e+01,1.093144382422187988e+01,0.000000000000000000e+00
1.789879235412996294e+01,1.118440677828481356e+01,0.000000000000000000e+00
1.760779306116231879e+01,1.143463451336924841e+01,0.000000000000000000e+00
1.731975404027441456e+01,1.168232160978112333e+01,0.000000000000000000e+00
1.703444940155165455e+01,1.192764988021834505e+01,0.000000000000000000e+00
1.675167402056768395e+01,1.217080359122497235e+01,0.000000000000000000e+00
1.647122808760135371e+01,1.241196063557890206e+01,0.000000000000000000e+00
1.619290817630930590e+01,1.265128640949355976e+01,0.000000000000000000e+00
1.591652144992592177e+01,1.288894493415585352e+01,0.000000000000000000e+00
1.564188730366823243e+01,1.312510186742459162e+01,0.000000000000000000e+00
1.536882159309983820e+01,1.335991278674533866e+01,0.000000000000000000e+00
1.509714019943557162e+01,1.359352609290328751e+01,0.000000000000000000e+00
1.482667322573720980e+01,1.382609646023329475e+01,0.000000000000000000e+00
1.455725110214630291e+01,1.405777398139058931e+01,0.000000000000000000e+00
1.428869985731865810e+01,1.428869985731865633e+01,0.000000000000000000e+00
1.402085135803396732e+01,1.451901660639584257e+01,0.000000000000000000e+00
1.375354529619279198e+01,1.474887162754430392e+01,0.000000000000000000e+00
1.348661671752523716e+01,1.497840530918813329e+01,0.000000000000000000e+00
1.321989753200404394e+01,1.520775246751644616e+01,0.000000000000000000e+00
1.295322837554028439e+01,1.543705645224339484e+01,0.000000000000000000e+00
1.268644948467587952e+01,1.566646039515180711e+01,0.000000000000000000e+00
1.241939488146477899e+01,1.589610055543239397e+01,0.000000000000000000e+00
1.215189873928976283e+01,1.612611429483006731e+01,0.000000000000000000e+00
1.188380111704686293e+01,1.635664900397843269e+01,0.000000000000000000e+00
1.161493612327347513e+01,1.658784787288999496e+01,0.000000000000000000e+00
1.134513145485897212e+01,1.681984907762006642e+01,0.000000000000000000e+00
1.107421862837856708e+01,1.705280126746293590e+01,0.000000000000000000e+00
1.080202795128951010e+01,1.728685831411516460e+01,0.000000000000000000e+00
1.052838092351757560e+01,1.752216835338088785e+01,0.000000000000000000e+00
1.025309479287069081e+01,1.775888111607192243e+01,0.000000000000000000e+00
9.975989533841987722e+00,1.799716152513884992e+01,0.000000000000000000e+00
9.696876512093624001e+00,1.823717228748970953e+01,0.000000000000000000e+00
9.415557508218823202e+00,1.847907208081815966e+01,0.000000000000000000e+00
9.131835272440529394e+00,1.872303693975413452e+01,0.000000000000000000e+00
8.845507423268026415e+00,1.896925188461695910e+01,0.000000000000000000e+00
8.556358659124631671e+00,1.921789619910769531e+01,0.000000000000000000e+00
8.264165964043325374e+00,1.946915493795159691e+01,0.000000000000000000e+00
7.968700872674833846e+00,1.972322676876444802e+01,0.000000000000000000e+00
7.669720641822020291e+00,1.998030537326686584e+01,0.000000000000000000e+00
7.366974428872479663e+00,2.024059589302674311e+01,0.000000000000000000e+00
7.060216956886380402e+00,2.050435888494071435e+01,0.000000000000000000e+00
6.749186806386235027e+00,2.077186112333533430e+01,0.000000000000000000e+00
6.433596965379141608e+00,2.104334748048198378e+01,0.000000000000000000e+00
6.113120453648862807e+00,2.131898456699433453e+01,0.000000000000000000e+00
5.787409713063575545e+00,2.159890709337088310e+01,0.000000000000000000e+00
5.456131078904321363e+00,2.188334650214179433e+01,0.000000000000000000e+00
5.119046991791413426e+00,2.217302854427139636e+01,0.000000000000000000e+00
4.775895164389320158e+00,2.246882019009853337e+01,0.000000000000000000e+00
4.426042381917202562e+00,2.277001411074693138e+01,0.000000000000000000e+00
4.068090625977366592e+00,2.307128840766265299e+01,0.000000000000000000e+00
3.700886670317474980e+00,2.336647882035762791e+01,0.000000000000000000e+00
3.324051047847620843e+00,2.365185218151442115e+01,0.000000000000000000e+00
2.937839504753482434e+00,2.392678267650167356e+01,0.000000000000000000e+00
2.542569428740861337e+00,2.419093219520508242e+01,0.000000000000000000e+00
2.138610997879859976e+00,2.444443556102743997e+01,0.000000000000000000e+00
1.726323969724067542e+00,2.468758294198590164e+01,0.000000000000000000e+00
1.306017982956695800e+00,2.492030764942774468e+01,0.000000000000000000e+00
8.779846587016683079e-01,2.514219106509510837e+01,0.000000000000000000e+00
4.425348601354694433e-01,2.535280515743473018e+01,0.000000000000000000e+00
1.564591970814102964e-15,2.555172596545278196e+01,0.000000000000000000e+00
-4.492693306180400303e-01,2.573862271298454374e+01,0.000000000000000000e+00
-9.049183143666428286e-01,2.591347005055240871e+01,0.000000000000000000e+00
-1.366600566292635488e+00,2.607629220295666173e+01,0.000000000000000000e+00
-1.833970401081778334e+00,2.622699863055861158e+01,0.000000000000000000e+00
-2.306679348837814114e+00,2.636546560291567332e+01,0.000000000000000000e+00
-2.784374633449418379e+00,2.649155503973022263e+01,0.000000000000000000e+00
-3.266699153460209892e+00,2.660512958175131715e+01,0.000000000000000000e+00
-3.753292078415274347e+00,2.670606081402056020e+01,0.000000000000000000e+00
-4.243790740833425446e+00,2.679424021790093846e+01,0.000000000000000000e+00
-4.737840570779435545e+00,2.686962909330861393e+01,0.000000000000000000e+00
-5.235082450820096156e+00,2.693216444630222028e+01,0.000000000000000000e+00
-5.735099004608978923e+00,2.698151945792334061e+01,0.000000000000000000e+00
-6.237460608650495786e+00,2.701741014316740674e+01,0.000000000000000000e+00
-6.741831904322608260e+00,2.704001085896076617e+01,0.000000000000000000e+00
-7.247897421812209195e+00,2.704952142625062805e+01,0.000000000000000000e+00
-7.755281870625136520e+00,2.704588201167565487e+01,0.000000000000000000e+00
-8.263602034383884742e+00,2.702902435227541034e+01,0.000000000000000000e+00
-8.772492442000624280e+00,2.699895556873967095e+01,0.000000000000000000e+00
-9.281587983170194178e+00,2.695568878282809777e+01,0.000000000000000000e+00
-9.790518191306238904e+00,2.689922765537360405e+01,0.000000000000000000e+00
-1.029891299593720255e+01,2.682958562394888347e+01,0.000000000000000000e+00
-1.080640366962577481e+01,2.674678765540037162e+01,0.000000000000000000e+00
-1.131262138141997653e+01,2.665086584508663847e+01,0.000000000000000000e+00
-1.181719728951382109e+01,2.654185967672927760e+01,0.000000000000000000e+00
-1.231976319903204065e+01,2.641981743936319660e+01,0.000000000000000000e+00
-1.281995189867825147e+01,2.628479662672180339e+01,0.000000000000000000e+00
-1.331739732375167051e+01,2.613686389358120721e+01,0.000000000000000000e+00
-1.381173505840821925e+01,2.597609565670012444e+01,0.000000000000000000e+00
-1.430260328551975668e+01,2.580257935177961670e+01,0.000000000000000000e+00
-1.478964285108575005e+01,2.561641284387836492e+01,0.000000000000000000e+00
-1.527249755511402896e+01,2.541770432522472944e+01,0.000000000000000000e+00
-1.575081542034064874e+01,2.520657377772337426e+01,0.000000000000000000e+00
-1.622425417838576323e+01,2.498316057331858886e+01,0.000000000000000000e+00
-1.669247627053184502e+01,2.474761378651563248e+01,0.000000000000000000e+00
-1.715513861042033383e+01,2.450007701185650433e+01,0.000000000000000000e+00
-1.761190665065809924e+01,2.424070989899183814e+01,0.000000000000000000e+00
-1.806250899251919151e+01,2.396975902399467628e+01,0.000000000000000000e+00
-1.850669277696988857e+01,2.368748655945070780e+01,0.000000000000000000e+00
-1.894404215383767109e+01,2.339394378905430116e+01,0.000000000000000000e+00
-1.937405935893306363e+01,2.308910484414195707e+01,0.000000000000000000e+00
-1.979679763067170128e+01,2.277361055847244842e+01,0.000000000000000000e+00
-2.021290284482570598e+01,2.244870286049002672e+01,0.000000000000000000e+00
-2.062397091680148975e+01,2.211650108763698697e+01,0.000000000000000000e+00
-2.103344634084913878e+01,2.178077128943662899e+01,0.000000000000000000e+00
-2.144465885461758603e+01,2.144465885461758958e+01,0.000000000000000000e+00
-2.185808291559790106e+01,2.110810531039516391e+01,0.000000000000000000e+00
-2.227321079164663686e+01,2.077010507993465538e+01,0.000000000000000000e+00
-2.269006644495629033e+01,2.043022759242536068e+01,0.000000000000000000e+00
-2.310913022557733498e+01,2.008846042756248451e+01,0.000000000000000000e+00
-2.353080879737876074e+01,1.974469298318362220e+01,0.000000000000000000e+00
-2.395534279109979181e+01,1.939865410194574125e+01,0.000000000000000000e+00
-2.438296769896688332e+01,1.905006219478039853e+01,0.000000000000000000e+00
-2.481398964896521164e+01,1.869868239918654140e+01,0.000000000000000000e+00
-2.524872886527957405e+01,1.834427529870215778e+01,0.000000000000000000e+00
-2.568750585239087414e+01,1.798658523565013567e+01,0.000000000000000000e+00
-2.613063978255921427e+01,1.762533908387772641e+01,0.000000000000000000e+00
-2.657847286135909215e+01,1.726026209176054849e+01,0.000000000000000000e+00
-2.703136435851013886e+01,1.689107112792712329e+01,0.000000000000000000e+00
-2.748967318106764779e+01,1.651746204444163624e+01,0.000000000000000000e+00
-2.795375860272095991e+01,1.613911005414275834e+01,0.000000000000000000e+00
-2.842404228103086794e+01,1.575570391525162428e+01,0.000000000000000000e+00
-2.890102981693208051e+01,1.536695013839242030e+01,0.000000000000000000e+00
-2.938470859338172758e+01,1.497225685430563225e+01,0.000000000000000000e+00
-2.987424160206530743e+01,1.457064118801725350e+01,0.000000000000000000e+00
-3.036907806885013983e+01,1.416133367461183745e+01,0.000000000000000000e+00
-3.086922270771976073e+01,1.374386344265449011e+01,0.000000000000000000e+00
-3.137466424420708933e+01,1.331775483869787813e+01,0.000000000000000000e+00
-3.188531835645859402e+01,1.288250483511241917e+01,0.000000000000000000e+00
-3.240109281650968853e+01,1.243761422810243111e+01,0.000000000000000000e+00
-3.292189278754246118e+01,1.198258903036863465e+01,0.000000000000000000e+00
-3.344763472124966341e+01,1.151694423375244369e+01,0.000000000000000000e+00
-3.397819244970889230e+01,1.104018396930264778e+01,0.000000000000000000e+00
-3.451313442978364776e+01,1.055172410849211850e+01,0.000000000000000000e+00
-3.505203678804834055e+01,1.005100981042086872e+01,0.000000000000000000e+00
-3.559497974867897341e+01,9.537646078260706872e+00,0.000000000000000000e+00
-3.614200014694243634e+01,9.011212715395101824e+00,0.000000000000000000e+00
-3.669284646495434998e+01,8.471211090612014161e+00,0.000000000000000000e+00
-3.724727544412969849e+01,7.917152799980453182e+00,0.000000000000000000e+00
-3.780501609123159312e+01,7.348550714770025749e+00,0.000000000000000000e+00
-3.836527498227682997e+01,6.764833101674876836e+00,0.000000000000000000e+00
-3.892731248171278935e+01,6.165480600754420060e+00,0.000000000000000000e+00
-3.949139257444239348e+01,5.550153275971970501e+00,0.000000000000000000e+00
-4.005779225043958292e+01,4.918478432210001472e+00,0.000000000000000000e+00
-4.062640316628944959e+01,4.270007036387920785e+00,0.000000000000000000e+00
-4.119584242668256735e+01,3.604169196735035108e+00,0.000000000000000000e+00
-4.176446846674863878e+01,2.920456132395012006e+00,0.000000000000000000e+00
-4.233288257929828546e+01,2.218572366630763959e+00,0.000000000000000000e+00
-4.290172579214646476e+01,1.498161277185702911e+00,0.000000000000000000e+00
-4.347065335637117300e+01,7.587830768074951271e-01,0.000000000000000000e+00
-4.403833405103354437e+01,5.393140483538011795e-15,0.000000000000000000e+00
-4.460311739721027635e+01,-7.785503101692023975e-01,0.000000000000000000e+00
-4.516503244029436104e+01,-1.577197686934824317e+00,0.000000000000000000e+00
-4.572436498802632343e+01,-2.396312428149687701e+00,0.000000000000000000e+00
-4.628083955527004179e+01,-3.236271564169124204e+00,0.000000000000000000e+00
-4.683366448038521668e+01,-4.097414713410429066e+00,0.000000000000000000e+00
-4.738179115004959385e+01,-4.980026924343939676e+00,0.000000000000000000e+00
-4.792552269714564517e+01,-5.884514260411228825e+00,0.000000000000000000e+00
-4.846347212128538473e+01,-6.811096824501529312e+00,0.000000000000000000e+00
-4.898564816831625990e+01,-7.758564469073410130e+00,0.000000000000000000e+00
-4.948210626756218744e+01,-8.725030397254657899e+00,0.000000000000000000e+00
-4.994711176674219644e+01,-9.708735025755521164e+00,0.000000000000000000e+00
-5.037698546004522626e+01,-1.070795881668789562e+01,0.000000000000000000e+00
-5.077086639293977299e+01,-1.172137808601564757e+01,0.000000000000000000e+00
-5.112832461519558791e+01,-1.274772306502453922e+01,0.000000000000000000e+00
-5.144934735436373785e+01,-1.378581107471005929e+01,0.000000000000000000e+00
-5.173406280450672767e+01,-1.483450379574866851e+01,0.000000000000000000e+00
-5.198257231036853199e+01,-1.589266725642304223e+01,0.000000000000000000e+00
-5.219474564558701246e+01,-1.695910090011796001e+01,0.000000000000000000e+00
-5.237041232709094629e+01,-1.803257908358290251e+01,0.000000000000000000e+00
-5.250943874937513556e+01,-1.911187272279686766e+01,0.000000000000000000e+00
-5.261172827367779092e+01,-2.019575030532083915e+01,0.000000000000000000e+00
-5.267722128325350184e+01,-2.128297890255630520e+01,0.000000000000000000e+00
-5.270589521278245115e+01,-2.237232518360850619e+01,0.000000000000000000e+00
-5.269777576072150538e+01,-2.346256142063005612e+01,0.000000000000000000e+00
-5.265297277278783383e+01,-2.455248442857758562e+01,0.000000000000000000e+00
-5.257165400336031524e+01,-2.564090889224773306e+01,0.000000000000000000e+00
-5.245402412254293267e+01,-2.672666021883026488e+01,0.000000000000000000e+00
-5.230032132739079032e+01,-2.780857412869967860e+01,0.000000000000000000e+00
-5.211081696850198597e+01,-2.888549752423918804e+01,0.000000000000000000e+00
-5.188581515564737856e+01,-2.995628934723618997e+01,0.000000000000000000e+00
-5.162565232675649440e+01,-3.101982141475651744e+01,0.000000000000000000e+00
-5.133064050253465638e+01,-3.207494406390949848e+01,0.000000000000000000e+00
-5.100094488630501388e+01,-3.312040086941421890e+01,0.000000000000000000e+00
-5.063673644492238424e+01,-3.415490999720543641e+01,0.000000000000000000e+00
-5.023833421295526591e+01,-3.517726032301001737e+01,0.000000000000000000e+00
-4.980668071184695833e+01,-3.618667171594113086e+01,0.000000000000000000e+00
-4.934291308070115889e+01,-3.718255199583247617e+01,0.000000000000000000e+00
-4.884754226727397963e+01,-3.816388266360046799e+01,0.000000000000000000e+00
-4.832034899525794458e+01,-3.912904709477029996e+01,0.000000000000000000e+00
-4.776166206436583650e+01,-4.007679302262325649e+01,0.000000000000000000e+00
-4.717269999617853671e+01,-4.100660249366158894e+01,0.000000000000000000e+00
-4.655448221773753659e+01,-4.191784406904275073e+01,0.000000000000000000e+00
-4.590760639198055060e+01,-4.280953552899159575e+01,0.000000000000000000e+00
-4.523166392091981436e+01,-4.367971011427840011e+01,0.000000000000000000e+00
-4.452680020674803529e+01,-4.452680020674801398e+01,0.000000000000000000e+00
-4.379568821219059771e+01,-4.535176275704363746e+01,0.000000000000000000e+00
-4.303963034017521494e+01,-4.615435286783282720e+01,0.000000000000000000e+00
-4.225811646334278748e+01,-4.693239299729801672e+01,0.000000000000000000e+00
-4.145018404397400502e+01,-4.768298219768402646e+01,0.000000000000000000e+00
-4.061910741394005697e+01,-4.840796718853314218e+01,0.000000000000000000e+00
-3.976663693131371957e+01,-4.910770687144111690e+01,0.000000000000000000e+00
-3.889272438834051115e+01,-4.978041713404814317e+01,0.000000000000000000e+00
-3.799748342438039117e+01,-5.042436361293135860e+01,0.000000000000000000e+00
-3.708063329699874089e+01,-5.103711326961045103e+01,0.000000000000000000e+00
-3.614505031654877598e+01,-5.162048156317253245e+01,0.000000000000000000e+00
-3.519189824705093628e+01,-5.217413474894956948e+01,0.000000000000000000e+00
-3.422189600505044638e+01,-5.269709865348343669e+01,0.000000000000000000e+00
-3.323604863491025441e+01,-5.318879623933453615e+01,0.000000000000000000e+00
-3.223531796412448358e+01,-5.364857829473741191e+01,0.000000000000000000e+00
-3.122072808201629357e+01,-5.407588728734458527e+01,0.000000000000000000e+00
-3.019332708392860454e+01,-5.447020394993732140e+01,0.000000000000000000e+00
-2.915419185104068589e+01,-5.483106019003658815e+01,0.000000000000000000e+00
-2.810442128479235180e+01,-5.515803246467601184e+01,0.000000000000000000e+00
-2.704513371141233691e+01,-5.545074154453439519e+01,0.000000000000000000e+00
-2.597746169326955723e+01,-5.570884637848843113e+01,0.000000000000000000e+00
-2.490255556217899624e+01,-5.593205555684702546e+01,0.000000000000000000e+00
-2.382155732884881871e+01,-5.612007219077463560e+01,0.000000000000000000e+00
-2.273568695129650763e+01,-5.627279987654237203e+01,0.000000000000000000e+00
-2.164592279496632798e+01,-5.638955676837299080e+01,0.000000000000000000e+00
-2.055489239092895914e+01,-5.647410270339683080e+01,0.000000000000000000e+00
-1.946792307497153018e+01,-5.653895396008847740e+01,0.000000000000000000e+00
-1.838828513377082530e+01,-5.659332243309089705e+01,0.000000000000000000e+00
-1.731619115747432858e+01,-5.663870918959677425e+01,0.000000000000000000e+00
-1.625136816231843540e+01,-5.667525606144566552e+01,0.000000000000000000e+00
-1.519361173695327771e+01,-5.670333095278447644e+01,0.000000000000000000e+00
-1.414268887431984290e+01,-5.672322688605152052e+01,0.000000000000000000e+00
-1.309836228718857676e+01,-5.673524023959068074e+01,0.000000000000000000e+00
-1.206038477754836080e+01,-5.673964935634950280e+01,0.000000000000000000e+00
-1.102850111972035485e+01,-5.673671972559021270e+01,0.000000000000000000e+00
-1.000244809763921872e+01,-5.672670204781105241e+01,0.000000000000000000e+00
-8.981955050490716630e+00,-5.670983230477884263e+01,0.000000000000000000e+00
-7.966744321280702756e+00,-5.668633132961725352e+01,0.000000000000000000e+00
-6.956531757253136661e+00,-5.665640456827656379e+01,0.000000000000000000e+00
-5.951027219967683912e+00,-5.662024184777165203e+01,0.000000000000000000e+00
-4.949935106102220317e+00,-5.657801715802284548e+01,0.000000000000000000e+00
-3.952954888272137257e+00,-5.652988858501759495e+01,0.000000000000000000e+00
-2.959781631932997037e+00,-5.647599788474027349e+01,0.000000000000000000e+00
-1.970106589431172894e+00,-5.641647128929100319e+01,0.000000000000000000e+00
-9.836176408904598878e-01,-5.635141690595259689e+01,0.000000000000000000e+00
-1.033863925510799155e-14,-5.628093075383669230e+01,0.000000000000000000e+00
9.810623095830015572e-01,-5.620502207339561807e+01,0.000000000000000000e+00
1.959876016907077911e+00,-5.612350602326236526e+01,0.000000000000000000e+00
2.936760202779899576e+00,-5.603672284832356354e+01,0.000000000000000000e+00
3.912035981327838030e+00,-5.594472095321800964e+01,0.000000000000000000e+00
4.886022934463257528e+00,-5.584749769340667314e+01,0.000000000000000000e+00
5.859041194362513139e+00,-5.574505327546878419e+01,0.000000000000000000e+00
6.831409237775093679e+00,-5.563736342370613386e+01,0.000000000000000000e+00
7.803444175103229519e+00,-5.552439041384494089e+01,0.000000000000000000e+00
8.775460900544750587e+00,-5.540607955278611030e+01,0.000000000000000000e+00
9.747771511447334447e+00,-5.528235935465883699e+01,0.000000000000000000e+00
1.072068535537721701e+01,-5.515314489896013583e+01,0.000000000000000000e+00
1.169450655027391583e+01,-5.501832763191188747e+01,0.000000000000000000e+00
1.266953878547420054e+01,-5.487780158758891247e+01,0.000000000000000000e+00
1.364607322781032472e+01,-5.473141031973567294e+01,0.000000000000000000e+00
1.462432780820008915e+01,-5.457873440674503485e+01,0.000000000000000000e+00
1.560462157906871106e+01,-5.441978268551570608e+01,0.000000000000000000e+00
1.658725854712709946e+01,-5.425447805234411902e+01,0.000000000000000000e+00
1.757251093096804695e+01,-5.408262759907258044e+01,0.000000000000000000e+00
1.856064200845171186e+01,-5.390401841759235424e+01,0.000000000000000000e+00
1.955190778397789941e+01,-5.371842514373843613e+01,0.000000000000000000e+00
2.054655550867606806e+01,-5.352560707277634577e+01,0.000000000000000000e+00
2.154482354705147173e+01,-5.332530952048095685e+01,0.000000000000000000e+00
2.254694075116069385e+01,-5.311726371070995611e+01,0.000000000000000000e+00
2.355312601737906775e+01,-5.290118717543348481e+01,0.000000000000000000e+00
2.456358780024108412e+01,-5.267678403016113720e+01,0.000000000000000000e+00
2.557852365818131446e+01,-5.244374531829605957e+01,0.000000000000000000e+00
2.659811981502485523e+01,-5.220174937565251128e+01,0.000000000000000000e+00
2.762255073322214116e+01,-5.195046220434265649e+01,0.000000000000000000e+00
2.865197874655088484e+01,-5.168953794179974892e+01,0.000000000000000000e+00
2.968655358930740462e+01,-5.141861911829663967e+01,0.000000000000000000e+00
3.072641241371208665e+01,-5.113733774638129859e+01,0.000000000000000000e+00
3.177167817584802734e+01,-5.084531363038961160e+01,0.000000000000000000e+00
3.282246415718120147e+01,-5.054216258170332310e+01,0.000000000000000000e+00
3.387885560762934745e+01,-5.022746898175033436e+01,0.000000000000000000e+00
3.494097939575281231e+01,-4.990089007766167128e+01,0.000000000000000000e+00
3.600872819623572951e+01,-4.956176246845946309e+01,0.000000000000000000e+00
3.708285390560342165e+01,-4.921060924633726330e+01,0.000000000000000000e+00
3.815858136423796054e+01,-4.884075691351510784e+01,0.000000000000000000e+00
3.921710708978770299e+01,-4.842909403270942903e+01,0.000000000000000000e+00
4.024666384253733042e+01,-4.796410622427537618e+01,0.000000000000000000e+00
4.124383424548935295e+01,-4.744560390867094668e+01,0.000000000000000000e+00
4.220713935961019558e+01,-4.687577718792294235e+01,0.000000000000000000e+00
4.313430822310569823e+01,-4.625588246701898498e+01,0.000000000000000000e+00
4.401908506972331736e+01,-4.558309697502444635e+01,0.000000000000000000e+00
4.486229477630261897e+01,-4.486229477630264739e+01,0.000000000000000000e+00
4.566553272616867787e+01,-4.409869234924619974e+01,0.000000000000000000e+00
4.642530376384352309e+01,-4.329229613830762702e+01,0.000000000000000000e+00
4.713712599258603575e+01,-4.244245888030129521e+01,0.000000000000000000e+00
4.780255002498942929e+01,-4.155412277052005265e+01,0.000000000000000000e+00
4.841909473178854739e+01,-4.062844453138157519e+01,0.000000000000000000e+00
4.898258511471582466e+01,-3.966531533051234248e+01,0.000000000000000000e+00
4.949208531739144235e+01,-3.866745488432214017e+01,0.000000000000000000e+00
4.994725133147419882e+01,-3.763795353233456353e+01,0.000000000000000000e+00
5.034743666536998319e+01,-3.657955391344771101e+01,0.000000000000000000e+00
5.069197153150145141e+01,-3.549490059306934597e+01,0.000000000000000000e+00
5.097953159844693971e+01,-3.438612824779011135e+01,0.000000000000000000e+00
5.120834955140273337e+01,-3.325509103379327058e+01,0.000000000000000000e+00
5.137669289025833308e+01,-3.210372078958035758e+01,0.000000000000000000e+00
5.148287589192214142e+01,-3.093403267773943099e+01,0.000000000000000000e+00
5.152526271186801665e+01,-2.974812429676322267e+01,0.000000000000000000e+00
5.150489224236532948e+01,-2.854962796404259251e+01,0.000000000000000000e+00
5.141981146597166941e+01,-2.734039873071218452e+01,0.000000000000000000e+00
5.126920473532129563e+01,-2.612296458798649468e+01,0.000000000000000000e+00
5.105325209690879262e+01,-2.490033479993078913e+01,0.000000000000000000e+00
5.077516401109240007e+01,-2.367684782244850084e+01,0.000000000000000000e+00
5.043025542348090795e+01,-2.245299632197007611e+01,0.000000000000000000e+00
5.001707552547598112e+01,-2.123098894101839562e+01,0.000000000000000000e+00
4.953589197877069950e+01,-2.001379947956075966e+01,0.000000000000000000e+00
4.898888419249865223e+01,-1.880507075801526184e+01,0.000000000000000000e+00
4.837454093763786744e+01,-1.760689299759204118e+01,0.000000000000000000e+00
4.769385724056429865e+01,-1.642231203222156921e+01,0.000000000000000000e+00
4.694502684683784111e+01,-1.525336386272019418e+01,0.000000000000000000e+00
4.612821942277364684e+01,-1.410281195859917602e+01,0.000000000000000000e+00
4.524502508827724512e+01,-1.297380217260503166e+01,0.000000000000000000e+00
4.429607348762892371e+01,-1.186909711887983043e+01,0.000000000000000000e+00
4.328143667274498796e+01,-1.079127416579911625e+01,0.000000000000000000e+00
4.220007188871225168e+01,-9.742654262315738833e+00,0.000000000000000000e+00
4.104867731180581103e+01,-8.725165710499712901e+00,0.000000000000000000e+00
3.993266676165681872e+01,-7.762124109824342533e+00,0.000000000000000000e+00
3.887761600231429782e+01,-6.855172646831219296e+00,0.000000000000000000e+00
3.788335354998456950e+01,-6.000133749630850666e+00,0.000000000000000000e+00
3.694361863513056932e+01,-5.192086999908090306e+00,0.000000000000000000e+00
3.605368785818284039e+01,-4.426836232597385568e+00,0.000000000000000000e+00
3.520915822815670282e+01,-3.700631649918608712e+00,0.000000000000000000e+00
3.440616755960048323e+01,-3.010149616838453834e+00,0.000000000000000000e+00
3.364127570317651816e+01,-2.352427159635791742e+00,0.000000000000000000e+00
3.291146984315276569e+01,-1.724817047420434735e+00,0.000000000000000000e+00
3.221355695742401082e+01,-1.124922197019485148e+00,0.000000000000000000e+00
3.154614229006253723e+01,-5.506399619078616858e-01,0.000000000000000000e+00
3.090936961819128115e+01,-7.570612113316079153e-15,0.000000000000000000e+00
