3.083923924762100199e+01,0.000000000000000000e+00,0.000000000000000000e+00
3.022639364367299919e+01,5.276036635961754984e-01,0.000000000000000000e+00
2.963538122839351985e+01,1.034890316676797761e+00,0.000000000000000000e+00
2.906673667181991405e+01,1.523323119975017681e+00,0.000000000000000000e+00
2.851873441695936862e+01,1.994224178441636131e+00,0.000000000000000000e+00
2.798960461104104880e+01,2.448773100039020711e+00,0.000000000000000000e+00
2.747820046874732824e+01,2.888075246744640445e+00,0.000000000000000000e+00
2.698340715713575477e+01,3.313145799453206752e+00,0.000000000000000000e+00
2.650410332800831981e+01,3.724908804756720038e+00,0.000000000000000000e+00
2.603928784761955129e+01,4.124218032194722383e+00,0.000000000000000000e+00
2.558804711752097560e+01,4.511863090458413161e+00,0.000000000000000000e+00
2.514953706022081548e+01,4.888574788436229390e+00,0.000000000000000000e+00
2.472296969738274086e+01,5.255029433147822004e+00,0.000000000000000000e+00
2.430760646475513909e+01,5.611853135110062674e+00,0.000000000000000000e+00
2.390278028716177161e+01,5.959632471397394937e+00,0.000000000000000000e+00
2.350784234937369632e+01,6.298907373312826685e+00,0.000000000000000000e+00
2.312221866461027275e+01,6.630189510583180734e+00,0.000000000000000000e+00
2.274534521713177426e+01,6.953949893246179847e+00,0.000000000000000000e+00
2.237670827139582741e+01,7.270633254234295073e+00,0.000000000000000000e+00
2.201583048529861486e+01,7.580658365592721992e+00,0.000000000000000000e+00
2.166224211058715809e+01,7.884411335721600800e+00,0.000000000000000000e+00
2.131552822543607562e+01,8.182264673527189558e+00,0.000000000000000000e+00
2.097528198571972879e+01,8.474564016518495890e+00,0.000000000000000000e+00
2.064111411617069791e+01,8.761633120823033138e+00,0.000000000000000000e+00
2.031267734313069440e+01,9.043786628578569520e+00,0.000000000000000000e+00
1.998962408074479669e+01,9.321314792490872136e+00,0.000000000000000000e+00
1.967162605534095121e+01,9.594493097271088899e+00,0.000000000000000000e+00
1.935838691678283752e+01,9.863590795260845923e+00,0.000000000000000000e+00
1.904960824461361568e+01,1.012885637311732623e+01,0.000000000000000000e+00
1.874500618427669707e+01,1.039052659748270457e+01,0.000000000000000000e+00
1.844432435130325487e+01,1.064883562924570093e+01,0.000000000000000000e+00
1.814730465568001705e+01,1.090400070909362285e+01,0.000000000000000000e+00
1.785369577522897089e+01,1.115622730825362297e+01,0.000000000000000000e+00
1.756327186125292883e+01,1.140572210808982589e+01,0.000000000000000000e+00
1.727580756811395801e+01,1.165267934002371675e+01,0.000000000000000000e+00
1.699107727518572375e+01,1.189728039038874030e+01,0.000000000000000000e+00
1.670887600095316472e+01,1.213970900986061530e+01,0.000000000000000000e+00
1.642900433245905134e+01,1.238014275388086816e+01,0.000000000000000000e+00
1.615125921723964808e+01,1.261874667641346726e+01,0.000000000000000000e+00
1.587544792646682801e+01,1.285568425067162046e+01,0.000000000000000000e+00
1.560139019696568141e+01,1.309112076012673320e+01,0.000000000000000000e+00
1.532890230091815731e+01,1.332521147546879270e+01,0.000000000000000000e+00
1.505780035882275492e+01,1.355810434131347364e+01,0.000000000000000000e+00
1.478791466989569514e+01,1.378995352219417470e+01,0.000000000000000000e+00
1.451907609038948621e+01,1.402090880105890314e+01,0.000000000000000000e+00
1.425111105463401806e+01,1.425111105463401628e+01,0.000000000000000000e+00
1.398385156409327301e+01,1.448070219816624871e+01,0.000000000000000000e+00
1.371713768151956714e+01,1.470982924076210274e+01,0.000000000000000000e+00
1.345080491194386418e+01,1.493863226973082980e+01,0.000000000000000000e+00
1.318468549355878494e+01,1.516724565093517008e+01,0.000000000000000000e+00
1.291862026011518694e+01,1.539581210635262032e+01,0.000000000000000000e+00
1.265244993182768418e+01,1.562447444401610852e+01,0.000000000000000000e+00
1.238600902750855681e+01,1.585336861102750916e+01,0.000000000000000000e+00
1.211913193435869118e+01,1.608263127602523923e+01,0.000000000000000000e+00
1.185165910305171799e+01,1.631240931702798491e+01,0.000000000000000000e+00
1.158342519053556785e+01,1.654284559710976765e+01,0.000000000000000000e+00
1.131425835996641815e+01,1.677407783215517867e+01,0.000000000000000000e+00
1.104399036907485154e+01,1.700625383004404156e+01,0.000000000000000000e+00
1.077245212238002381e+01,1.723952709388629856e+01,0.000000000000000000e+00
1.049946576576385304e+01,1.747404544960243911e+01,0.000000000000000000e+00
1.022484888991925445e+01,1.770995777705438101e+01,0.000000000000000000e+00
9.948421913461485744e+00,1.794742822147323480e+01,0.000000000000000000e+00
9.669996874561375577e+00,1.818661904180389044e+01,0.000000000000000000e+00
9.389376136015055607e+00,1.842768824468250344e+01,0.000000000000000000e+00
9.106362890574770219e+00,1.867081081736059645e+01,0.000000000000000000e+00
8.820755720787785137e+00,1.891617168735368182e+01,0.000000000000000000e+00
8.532340307662591883e+00,1.916395009847539654e+01,0.000000000000000000e+00
8.240894046198716794e+00,1.941432973524011985e+01,0.000000000000000000e+00
7.946188726965371707e+00,1.966750725287676715e+01,0.000000000000000000e+00
7.647982069032251751e+00,1.992367445501018963e+01,0.000000000000000000e+00
7.346023689939037205e+00,2.018303421088621974e+01,0.000000000000000000e+00
7.040070717449960824e+00,2.044584995722520304e+01,0.000000000000000000e+00
6.729864779208764247e+00,2.071239403838638182e+01,0.000000000000000000e+00
6.415120881908980444e+00,2.098291493448427758e+01,0.000000000000000000e+00
6.095508302946568868e+00,2.125756369824805248e+01,0.000000000000000000e+00
5.770674511884837266e+00,2.153645047229694498e+01,0.000000000000000000e+00
5.440283435497449638e+00,2.181978507612403462e+01,0.000000000000000000e+00
5.104114382646620207e+00,2.210834830802060935e+01,0.000000000000000000e+00
4.761927181953707233e+00,2.240310599936328373e+01,0.000000000000000000e+00
4.413122746846661393e+00,2.270354835025990425e+01,0.000000000000000000e+00
4.056283079796018320e+00,2.300432448567008237e+01,0.000000000000000000e+00
3.690210998513394181e+00,2.329907528133443861e+01,0.000000000000000000e+00
3.314492607013392433e+00,2.358384034100935267e+01,0.000000000000000000e+00
2.929402644703309022e+00,2.385806996548872760e+01,0.000000000000000000e+00
2.535274240994481509e+00,2.412152312022404388e+01,0.000000000000000000e+00
2.132472033327458050e+00,2.437426687510868817e+01,0.000000000000000000e+00
1.721352384317399897e+00,2.461648595831840680e+01,0.000000000000000000e+00
1.302234458749570445e+00,2.484811370687025445e+01,0.000000000000000000e+00
8.754219739973059244e-01,2.506880537681673005e+01,0.000000000000000000e+00
4.412314817406622902e-01,2.527813465920586822e+01,0.000000000000000000e+00
1.559925145750160153e-15,2.547551092831404063e+01,0.000000000000000000e+00
-4.479054417037087732e-01,2.566048556941388625e+01,0.000000000000000000e+00
-9.021168533964822878e-01,2.583324670464868689e+01,0.000000000000000000e+00
-1.362291525833394967e+00,2.599407081296094191e+01,0.000000000000000000e+00
-1.828082273927315260e+00,2.614279448924554927e+01,0.000000000000000000e+00
-2.299125352869992867e+00,2.627912303390862903e+01,0.000000000000000000e+00
-2.775057158359991227e+00,2.640290518593627667e+01,0.000000000000000000e+00
-3.255516290761056641e+00,2.651405247387293329e+01,0.000000000000000000e+00
-3.740136620148129420e+00,2.661245486458242837e+01,0.000000000000000000e+00
-4.228547974666611253e+00,2.669800117992737043e+01,0.000000000000000000e+00
-4.720380965369545656e+00,2.677061075056980144e+01,0.000000000000000000e+00
-5.215265601120526284e+00,2.683021559259641720e+01,0.000000000000000000e+00
-5.712823587948490989e+00,2.687672186200123292e+01,0.000000000000000000e+00
-6.212666335308623111e+00,2.691001434636667966e+01,0.000000000000000000e+00
-6.714378071531204917e+00,2.692989954984852474e+01,0.000000000000000000e+00
-7.217545432242498116e+00,2.693624625906567260e+01,0.000000000000000000e+00
-7.721827622664283020e+00,2.692921318412913934e+01,0.000000000000000000e+00
-8.226893920000920346e+00,2.690895752022627363e+01,0.000000000000000000e+00
-8.732362164821729777e+00,2.687544727532390709e+01,0.000000000000000000e+00
-9.237845354847003421e+00,2.682865096583375930e+01,0.000000000000000000e+00
-9.742971474244226826e+00,2.676859412387652526e+01,0.000000000000000000e+00
-1.024736881610699690e+01,2.669530844472460984e+01,0.000000000000000000e+00
-1.075066172174088486e+01,2.660882149300666555e+01,0.000000000000000000e+00
-1.125247548393937613e+01,2.650917099021236822e+01,0.000000000000000000e+00
-1.175243716306961872e+01,2.639640605125291728e+01,0.000000000000000000e+00
-1.225017474988887756e+01,2.627058452858815940e+01,0.000000000000000000e+00
-1.274531732347801594e+01,2.613177307047412512e+01,0.000000000000000000e+00
-1.323749574631760773e+01,2.598004821830268796e+01,0.000000000000000000e+00
-1.372634309131541563e+01,2.581549672426070430e+01,0.000000000000000000e+00
-1.421149639203663106e+01,2.563821816510163032e+01,0.000000000000000000e+00
-1.469259642403523003e+01,2.544832350153383516e+01,0.000000000000000000e+00
-1.516928547604541500e+01,2.524593057970009369e+01,0.000000000000000000e+00
-1.564120956382322802e+01,2.503116774095342834e+01,0.000000000000000000e+00
-1.610803446786867354e+01,2.480419791298865206e+01,0.000000000000000000e+00
-1.656943811438140557e+01,2.456520221856921538e+01,0.000000000000000000e+00
-1.702506138822509030e+01,2.431430748625582083e+01,0.000000000000000000e+00
-1.747452602019251700e+01,2.405162168299607828e+01,0.000000000000000000e+00
-1.791762230010485979e+01,2.377748788910453115e+01,0.000000000000000000e+00
-1.835429758297247815e+01,2.349242960610727948e+01,0.000000000000000000e+00
-1.878405616806705680e+01,2.319637755014071345e+01,0.000000000000000000e+00
-1.920573851311332447e+01,2.288850787142779097e+01,0.000000000000000000e+00
-1.961909914051424053e+01,2.256919182938443669e+01,0.000000000000000000e+00
-2.002659599039079197e+01,2.224178813635614560e+01,0.000000000000000000e+00
-2.043119020293802990e+01,2.190976908219359132e+01,0.000000000000000000e+00
-2.083499426406591581e+01,2.157526814809290983e+01,0.000000000000000000e+00
-2.123976808582376208e+01,2.123976808582376563e+01,0.000000000000000000e+00
-2.164644217353470168e+01,2.090372622149289583e+01,0.000000000000000000e+00
-2.205490516464601569e+01,2.056653178936783632e+01,0.000000000000000000e+00
-2.246508875727414534e+01,2.022765677255958394e+01,0.000000000000000000e+00
-2.287730901643231007e+01,1.988694132490818944e+01,0.000000000000000000e+00
-2.329194616895352965e+01,1.954426343976997416e+01,0.000000000000000000e+00
-2.370929435766942461e+01,1.919940800916118206e+01,0.000000000000000000e+00
-2.412960126406875006e+01,1.885211064095523881e+01,0.000000000000000000e+00
-2.455314292046461588e+01,1.850212029046885220e+01,0.000000000000000000e+00
-2.498022817165654885e+01,1.814919812598609283e+01,0.000000000000000000e+00
-2.541116923897601509e+01,1.779309225585371124e+01,0.000000000000000000e+00
-2.584628749452539509e+01,1.743354104381528558e+01,0.000000000000000000e+00
-2.628590681439736443e+01,1.707026747935182343e+01,0.000000000000000000e+00
-2.673037086753232927e+01,1.670298952029089534e+01,0.000000000000000000e+00
-2.718002998821197380e+01,1.633140964390470984e+01,0.000000000000000000e+00
-2.763526979377734349e+01,1.595523045456527811e+01,0.000000000000000000e+00
-2.809648472352231252e+01,1.557413579625287170e+01,0.000000000000000000e+00
-2.856404519892744887e+01,1.518777223867451553e+01,0.000000000000000000e+00
-2.903832356030197559e+01,1.479576486462753060e+01,0.000000000000000000e+00
-2.951990311076335871e+01,1.439781875842603398e+01,0.000000000000000000e+00
-3.000939607435676848e+01,1.399361120607911602e+01,0.000000000000000000e+00
-3.050626778750623558e+01,1.358226550070155625e+01,0.000000000000000000e+00
-3.100933756411546938e+01,1.316268286330952364e+01,0.000000000000000000e+00
-3.151818719537749658e+01,1.273417421771434199e+01,0.000000000000000000e+00
-3.203275733814429316e+01,1.229622348513039221e+01,0.000000000000000000e+00
-3.255277086743065951e+01,1.184823963863274976e+01,0.000000000000000000e+00
-3.307793761109088138e+01,1.138964731017138554e+01,0.000000000000000000e+00
-3.360827136373858792e+01,1.091998932241903120e+01,0.000000000000000000e+00
-3.414376003277875071e+01,1.043879502238242907e+01,0.000000000000000000e+00
-3.468418387785040125e+01,9.945529685783659701e+00,0.000000000000000000e+00
-3.522942237537912291e+01,9.439695275297770749e+00,0.000000000000000000e+00
-3.577947124178739813e+01,8.920824107499871758e+00,0.000000000000000000e+00
-3.633376683196176060e+01,8.388311025272983557e+00,0.000000000000000000e+00
-3.689150891797731902e+01,7.841532290424216178e+00,0.000000000000000000e+00
-3.745260881572716016e+01,7.280049679615092195e+00,0.000000000000000000e+00
-3.801717336904218314e+01,6.703453395233465173e+00,0.000000000000000000e+00
-3.858523380045146212e+01,6.111300660275889918e+00,0.000000000000000000e+00
-3.915628177544115829e+01,5.503056524562550678e+00,0.000000000000000000e+00
-3.972936545277124054e+01,4.878152692069546603e+00,0.000000000000000000e+00
-4.030389507888902756e+01,4.236110070494703450e+00,0.000000000000000000e+00
-4.087971940387924974e+01,3.576512015960197743e+00,0.000000000000000000e+00
-4.145732392450053538e+01,2.898978493749753582e+00,0.000000000000000000e+00
-4.203610600938134212e+01,2.203018965658178008e+00,0.000000000000000000e+00
-4.261450643932585081e+01,1.488131356372285552e+00,0.000000000000000000e+00
-4.319200166233110849e+01,7.539191933956681524e-01,0.000000000000000000e+00
-4.376867078734913008e+01,5.360116258266138062e-15,0.000000000000000000e+00
-4.434495439783039927e+01,-7.740440582529634073e-01,0.000000000000000000e+00
-4.491988582565448951e+01,-1.568636978513303193e+00,0.000000000000000000e+00
-4.549152678463124033e+01,-2.384109894977498367e+00,0.000000000000000000e+00
-4.605968362125607740e+01,-3.220806834761138937e+00,0.000000000000000000e+00
-4.662437612480391635e+01,-4.079104354889084405e+00,0.000000000000000000e+00
-4.718479935451329510e+01,-4.959322252320483848e+00,0.000000000000000000e+00
-4.774163226686590633e+01,-5.861935354675083865e+00,0.000000000000000000e+00
-4.829531599013137111e+01,-6.787464021468819553e+00,0.000000000000000000e+00
-4.883284918687569842e+01,-7.734363487915789648e+00,0.000000000000000000e+00
-4.933858131807522085e+01,-8.699723076255287069e+00,0.000000000000000000e+00
-4.980915509513591388e+01,-9.681918965281081313e+00,0.000000000000000000e+00
-5.024413977979087065e+01,-1.067972159566031642e+01,0.000000000000000000e+00
-5.064357298595646029e+01,-1.169199008740319812e+01,0.000000000000000000e+00
-5.100755846875037491e+01,-1.271761268292028824e+01,0.000000000000000000e+00
-5.133584598903741636e+01,-1.375539847553104345e+01,0.000000000000000000e+00
-5.162803740470112501e+01,-1.480410150158117943e+01,0.000000000000000000e+00
-5.188378103115967832e+01,-1.586246373130834364e+01,0.000000000000000000e+00
-5.210283095562464695e+01,-1.692923600697604414e+01,0.000000000000000000e+00
-5.228501019827266560e+01,-1.800317277239704339e+01,0.000000000000000000e+00
-5.243017958882116858e+01,-1.908302474756229472e+01,0.000000000000000000e+00
-5.253823768804176808e+01,-2.016753991258148204e+01,0.000000000000000000e+00
-5.260912085649664505e+01,-2.125546454415597353e+01,0.000000000000000000e+00
-5.264280329672090630e+01,-2.234554425413396928e+01,0.000000000000000000e+00
-5.263936550122470948e+01,-2.343655549758576484e+01,0.000000000000000000e+00
-5.259912798711812343e+01,-2.452737619266808622e+01,0.000000000000000000e+00
-5.252224062742399013e+01,-2.561680837849252867e+01,0.000000000000000000e+00
-5.240882189438515582e+01,-2.670362853321002206e+01,0.000000000000000000e+00
-5.225902703388792503e+01,-2.778661756337040956e+01,0.000000000000000000e+00
-5.207304794677927617e+01,-2.886456181363377027e+01,0.000000000000000000e+00
-5.185111304427678647e+01,-2.993625407389492565e+01,0.000000000000000000e+00
-5.159348707751865959e+01,-3.100049458318829210e+01,0.000000000000000000e+00
-5.130049007935221539e+01,-3.205610398851569443e+01,0.000000000000000000e+00
-5.097255613247503447e+01,-3.310196499711561557e+01,0.000000000000000000e+00
-5.061017082044543969e+01,-3.413699125724049566e+01,0.000000000000000000e+00
-5.021386715940928269e+01,-3.516012830767933650e+01,0.000000000000000000e+00
-4.978432983206838003e+01,-3.617043285124366037e+01,0.000000000000000000e+00
-4.932230993451537415e+01,-3.716702641157931453e+01,0.000000000000000000e+00
-4.882822767968293931e+01,-3.814879245393368024e+01,0.000000000000000000e+00
-4.830203936661669673e+01,-3.911422024984289436e+01,0.000000000000000000e+00
-4.774410009535309030e+01,-4.006205678090191213e+01,0.000000000000000000e+00
-4.715551404284369141e+01,-4.099166297235087342e+01,0.000000000000000000e+00
-4.653751005249463901e+01,-4.190256226281755403e+01,0.000000000000000000e+00
-4.589117878515528304e+01,-4.279421653779790091e+01,0.000000000000000000e+00
-4.521563508905996542e+01,-4.366423125127807481e+01,0.000000000000000000e+00
-4.451040786883544342e+01,-4.451040786883542211e+01,0.000000000000000000e+00
-4.377904780457492251e+01,-4.533453111052377693e+01,0.000000000000000000e+00
-4.302275129477956739e+01,-4.613625230769545738e+01,0.000000000000000000e+00
-4.224056164139435054e+01,-4.691289639234648945e+01,0.000000000000000000e+00
-4.143206031479866880e+01,-4.766213323221968778e+01,0.000000000000000000e+00
-4.060033348658910768e+01,-4.838559329316554170e+01,0.000000000000000000e+00
-3.974702866607963614e+01,-4.908349268045895997e+01,0.000000000000000000e+00
-3.887220906874080129e+01,-4.975415872239473458e+01,0.000000000000000000e+00
-3.797603466412621032e+01,-5.039590014670586982e+01,0.000000000000000000e+00
-3.705812119716392772e+01,-5.100612802240597432e+01,0.000000000000000000e+00
-3.612141634629111309e+01,-5.158672875565764571e+01,0.000000000000000000e+00
-3.516708603700468672e+01,-5.213734913479245137e+01,0.000000000000000000e+00
-3.419586760114216872e+01,-5.265701842624106632e+01,0.000000000000000000e+00
-3.320877989636331762e+01,-5.314515713547447717e+01,0.000000000000000000e+00
-3.220679965693812363e+01,-5.360111586121577432e+01,0.000000000000000000e+00
-3.119096557088871435e+01,-5.402433710591078864e+01,0.000000000000000000e+00
-3.016234015145276004e+01,-5.441430204396151993e+01,0.000000000000000000e+00
-2.912201444320824706e+01,-5.477054328753987988e+01,0.000000000000000000e+00
-2.807110128815753214e+01,-5.509263828923712225e+01,0.000000000000000000e+00
-2.701073240854319124e+01,-5.538020842110644537e+01,0.000000000000000000e+00
-2.594205432060944361e+01,-5.563291502278176637e+01,0.000000000000000000e+00
-2.486622779218649981e+01,-5.585046204952993776e+01,0.000000000000000000e+00
-2.378441697312588587e+01,-5.603257499587721924e+01,0.000000000000000000e+00
-2.269781854123881004e+01,-5.617907227264877434e+01,0.000000000000000000e+00
-2.160762873349049329e+01,-5.628979732757959198e+01,0.000000000000000000e+00
-2.051712192982632033e+01,-5.637032921439494970e+01,0.000000000000000000e+00
-1.943189377193257528e+01,-5.643431726628767109e+01,0.000000000000000000e+00
-1.835427889076293084e+01,-5.648866197882431095e+01,0.000000000000000000e+00
-1.728407241430090480e+01,-5.653365351438554143e+01,0.000000000000000000e+00
-1.622109041851521383e+01,-5.656966502037938938e+01,0.000000000000000000e+00
-1.516512054549240851e+01,-5.659700037868434208e+01,0.000000000000000000e+00
-1.411594575062678913e+01,-5.661596607544023385e+01,0.000000000000000000e+00
-1.307333889727048160e+01,-5.662685202986764210e+01,0.000000000000000000e+00
-1.203706448208171231e+01,-5.662993599213516660e+01,0.000000000000000000e+00
-1.100687865694913015e+01,-5.662548179790534419e+01,0.000000000000000000e+00
-9.982529721594975314e+00,-5.661373932387502350e+01,0.000000000000000000e+00
-8.963758535743760802e+00,-5.659494403223344960e+01,0.000000000000000000e+00
-7.950298985137197683e+00,-5.656931668274733482e+01,0.000000000000000000e+00
-6.941878461694830804e+00,-5.653706305293821544e+01,0.000000000000000000e+00
-5.938218360985923816e+00,-5.649837369517643992e+01,0.000000000000000000e+00
-4.939034597245542280e+00,-5.645342377166430481e+01,0.000000000000000000e+00
-3.944038113767485587e+00,-5.640237276874020722e+01,0.000000000000000000e+00
-2.952935440695087177e+00,-5.634536477393938725e+01,0.000000000000000000e+00
-1.965429152978207306e+00,-5.628252703430914039e+01,0.000000000000000000e+00
-9.812185660065437798e-01,-5.621397399790373584e+01,0.000000000000000000e+00
-1.031271312868898863e-14,-5.613979549515339329e+01,0.000000000000000000e+00
9.785324469935943181e-01,-5.606008634271737634e+01,0.000000000000000000e+00
1.954686173341694477e+00,-5.597488834842534544e+01,0.000000000000000000e+00
2.928751287228791078e+00,-5.588390363597238775e+01,0.000000000000000000e+00
3.901040471224127781e+00,-5.578747783290254603e+01,0.000000000000000000e+00
4.871865293427262600e+00,-5.568567511588152996e+01,0.000000000000000000e+00
5.841534255869250458e+00,-5.557848588216622687e+01,0.000000000000000000e+00
6.810355945244326747e+00,-5.546589811588607688e+01,0.000000000000000000e+00
7.778636953233080575e+00,-5.534787785845361441e+01,0.000000000000000000e+00
8.746682109760559598e+00,-5.522437741888191454e+01,0.000000000000000000e+00
9.714793687426594104e+00,-5.509533282083945949e+01,0.000000000000000000e+00
1.068327078984462908e+01,-5.496066364559366946e+01,0.000000000000000000e+00
1.165240950881157111e+01,-5.482027662312817995e+01,0.000000000000000000e+00
1.262250018323407375e+01,-5.467405501682574709e+01,0.000000000000000000e+00
1.359383292847817515e+01,-5.452188592321206784e+01,0.000000000000000000e+00
1.456668401247769751e+01,-5.436360483236794749e+01,0.000000000000000000e+00
1.554124983936620374e+01,-5.419877916514585792e+01,0.000000000000000000e+00
1.651783669315123504e+01,-5.402740939948712651e+01,0.000000000000000000e+00
1.749673796420750449e+01,-5.384942238671072801e+01,0.000000000000000000e+00
1.847821099263592970e+01,-5.366462136480229361e+01,0.000000000000000000e+00
1.946250339443659882e+01,-5.347278860227359587e+01,0.000000000000000000e+00
2.044985557436126200e+01,-5.327369513133623258e+01,0.000000000000000000e+00
2.144049889240553952e+01,-5.306709693927962235e+01,0.000000000000000000e+00
2.243465568721851966e+01,-5.285273667717510193e+01,0.000000000000000000e+00
2.343253861778569558e+01,-5.263034344147728660e+01,0.000000000000000000e+00
2.443435025269219807e+01,-5.239963321505287297e+01,0.000000000000000000e+00
2.544028259473036613e+01,-5.216030913483857034e+01,0.000000000000000000e+00
2.645051664616228493e+01,-5.191206184579697691e+01,0.000000000000000000e+00
2.746522197746271132e+01,-5.165456984962589360e+01,0.000000000000000000e+00
2.848455634104401568e+01,-5.138749992696293845e+01,0.000000000000000000e+00
2.950866522549206650e+01,-5.111050743409317931e+01,0.000000000000000000e+00
3.053768171409764420e+01,-5.082323711532332311e+01,0.000000000000000000e+00
3.157172538951823881e+01,-5.052532228224808364e+01,0.000000000000000000e+00
3.261090473174880344e+01,-5.021638963471523454e+01,0.000000000000000000e+00
3.365530706243859527e+01,-4.989604463408271329e+01,0.000000000000000000e+00
3.470503446660019620e+01,-4.956392579739146242e+01,0.000000000000000000e+00
3.576006631972260408e+01,-4.921950875731634767e+01,0.000000000000000000e+00
3.682079360695365722e+01,-4.886284348406179845e+01,0.000000000000000000e+00
3.788575237320249300e+01,-4.849155172941958369e+01,0.000000000000000000e+00
3.894080682577304486e+01,-4.808789162232784520e+01,0.000000000000000000e+00
3.996844977085925166e+01,-4.763254360484275196e+01,0.000000000000000000e+00
4.096426398982755046e+01,-4.712399511895890214e+01,0.000000000000000000e+00
4.192639104998882260e+01,-4.656397460174030556e+01,0.000000000000000000e+00
4.285166668721806360e+01,-4.595278652777976447e+01,0.000000000000000000e+00
4.373533735687118451e+01,-4.528926761689732672e+01,0.000000000000000000e+00
4.457866220612873320e+01,-4.457866220612875452e+01,0.000000000000000000e+00
4.538319620508314500e+01,-4.382604314011583568e+01,0.000000000000000000e+00
4.614418385593729255e+01,-4.303014758317144128e+01,0.000000000000000000e+00
4.685557347855434784e+01,-4.218894785798492819e+01,0.000000000000000000e+00
4.752258177172101483e+01,-4.131075008094424561e+01,0.000000000000000000e+00
4.814290303228126078e+01,-4.039669217819078995e+01,0.000000000000000000e+00
4.870922979345150594e+01,-3.944395655596360228e+01,0.000000000000000000e+00
4.922070344647865880e+01,-3.845542812928348297e+01,0.000000000000000000e+00
4.967793395061401895e+01,-3.743500832922429566e+01,0.000000000000000000e+00
5.008060760614220897e+01,-3.638569125421108197e+01,0.000000000000000000e+00
5.042825880269512595e+01,-3.531024695243731060e+01,0.000000000000000000e+00
5.071969469361668814e+01,-3.421086604249212826e+01,0.000000000000000000e+00
5.095308460775449078e+01,-3.308932004111095893e+01,0.000000000000000000e+00
5.112661548005456069e+01,-3.194745508033915726e+01,0.000000000000000000e+00
5.123851619128225821e+01,-3.078720655674755946e+01,0.000000000000000000e+00
5.128706093513175546e+01,-2.961059843684309456e+01,0.000000000000000000e+00
5.127278461028724621e+01,-2.842096860267043823e+01,0.000000000000000000e+00
5.119439945986495388e+01,-2.722054504105550876e+01,0.000000000000000000e+00
5.104897622326250683e+01,-2.601075255638825112e+01,0.000000000000000000e+00
5.084265465838724651e+01,-2.479761956609533513e+01,0.000000000000000000e+00
5.056999097235394203e+01,-2.358117406323782461e+01,0.000000000000000000e+00
5.023263386888974225e+01,-2.236500953703082573e+01,0.000000000000000000e+00
4.982791253015436439e+01,-2.115069401334559274e+01,0.000000000000000000e+00
4.935640280163735838e+01,-1.994128114474531799e+01,0.000000000000000000e+00
4.882051667184111210e+01,-1.874044052216674672e+01,0.000000000000000000e+00
4.821359894730228035e+01,-1.754831490366632707e+01,0.000000000000000000e+00
4.754194717872604770e+01,-1.637000520319412189e+01,0.000000000000000000e+00
4.680324759068391671e+01,-1.520729698987853418e+01,0.000000000000000000e+00
4.599728375137709691e+01,-1.406278090655585977e+01,0.000000000000000000e+00
4.512559217458606042e+01,-1.293955533569635463e+01,0.000000000000000000e+00
4.418697079265788119e+01,-1.183986313987028360e+01,0.000000000000000000e+00
4.318384805739865584e+01,-1.076694259123458153e+01,0.000000000000000000e+00
4.211406164627281612e+01,-9.722797233225476177e+00,0.000000000000000000e+00
4.097389352098314674e+01,-8.709269925053797934e+00,0.000000000000000000e+00
3.985908557084535175e+01,-7.747821375207688099e+00,0.000000000000000000e+00
3.880481130062317163e+01,-6.842335213600644117e+00,0.000000000000000000e+00
3.781122274590140364e+01,-5.988709352595980029e+00,0.000000000000000000e+00
3.687221459926630729e+01,-5.182051817106607672e+00,0.000000000000000000e+00
3.598301259547228170e+01,-4.418158401498772925e+00,0.000000000000000000e+00
3.513922265145177448e+01,-3.693281124611173194e+00,0.000000000000000000e+00
3.433697546503555742e+01,-3.004096092958409070e+00,0.000000000000000000e+00
3.357282830429477372e+01,-2.347640851246165727e+00,0.000000000000000000e+00
3.284376761431676073e+01,-1.721268923954627494e+00,0.000000000000000000e+00
3.214659904143627500e+01,-1.122583975069629814e+00,0.000000000000000000e+00
3.147991370228880825e+01,-5.494839376081670501e-01,0.000000000000000000e+00
3.084385337252579973e+01,-7.554565261206802641e-15,0.000000000000000000e+00
