2.929248370991908246e+01,0.000000000000000000e+00,0.000000000000000000e+00
2.873456981241682939e+01,5.015637817601367177e-01,0.000000000000000000e+00
2.819418357294834365e+01,9.845625855589494879e-01,0.000000000000000000e+00
2.767164987556684252e+01,1.450209719076301695e+00,0.000000000000000000e+00
2.716716709565156052e+01,1.899713384535550942e+00,0.000000000000000000e+00
2.667990456932840715e+01,2.334189193769735660e+00,0.000000000000000000e+00
2.620838615386669801e+01,2.754612384249702561e+00,0.000000000000000000e+00
2.575152258513586290e+01,3.161889393197137466e+00,0.000000000000000000e+00
2.530844684172699388e+01,3.556870244157414263e+00,0.000000000000000000e+00
2.487831598582343773e+01,3.940338153631609774e+00,0.000000000000000000e+00
2.446029992153394872e+01,4.313010832387583093e+00,0.000000000000000000e+00
2.405363325932963647e+01,4.675552668833801384e+00,0.000000000000000000e+00
2.365763893544381347e+01,5.028586389348778773e+00,0.000000000000000000e+00
2.327165613934785071e+01,5.372685157387343757e+00,0.000000000000000000e+00
2.289510102733571628e+01,5.708389814038469012e+00,0.000000000000000000e+00
2.252739905850523172e+01,6.036198385300109770e+00,0.000000000000000000e+00
2.216802442635945880e+01,6.356578715647119182e+00,0.000000000000000000e+00
2.181649730729094472e+01,6.669972588799090829e+00,0.000000000000000000e+00
2.147233985983348603e+01,6.976786144666821343e+00,0.000000000000000000e+00
2.113513035706020560e+01,7.277408992412490285e+00,0.000000000000000000e+00
2.080446380579381227e+01,7.572205565177500652e+00,0.000000000000000000e+00
2.047994172775036859e+01,7.861513068904441681e+00,0.000000000000000000e+00
2.016121482035181955e+01,8.145659532118573409e+00,0.000000000000000000e+00
1.984794027537026295e+01,8.424950800527001959e+00,0.000000000000000000e+00
1.953978098286194864e+01,8.699670998216360474e+00,0.000000000000000000e+00
1.923644058105017862e+01,8.970099558587287802e+00,0.000000000000000000e+00
1.893762792128343975e+01,9.236498287344705460e+00,0.000000000000000000e+00
1.864305263293679005e+01,9.499109772745411462e+00,0.000000000000000000e+00
1.835245691136397994e+01,9.758174433933120895e+00,0.000000000000000000e+00
1.806559192860696328e+01,1.001392112587892491e+01,0.000000000000000000e+00
1.778220551925188175e+01,1.026656114332532077e+01,0.000000000000000000e+00
1.750206586439297851e+01,1.051630212954029631e+01,0.000000000000000000e+00
1.722495761093846056e+01,1.076334809901275591e+01,0.000000000000000000e+00
1.695066157297580034e+01,1.100788833521174404e+01,0.000000000000000000e+00
1.667896391065718475e+01,1.125010320984573831e+01,0.000000000000000000e+00
1.640967253460782516e+01,1.149017640828522957e+01,0.000000000000000000e+00
1.614259530092451200e+01,1.172828199850115283e+01,0.000000000000000000e+00
1.587753698973181571e+01,1.196458230426933511e+01,0.000000000000000000e+00
1.561431591404596375e+01,1.219924059137920658e+01,0.000000000000000000e+00
1.535276039668406689e+01,1.243242023470340030e+01,0.000000000000000000e+00
1.509269471100458837e+01,1.266427456547523356e+01,0.000000000000000000e+00
1.483394275885473235e+01,1.289494970979746569e+01,0.000000000000000000e+00
1.457634302339518229e+01,1.312459820933762522e+01,0.000000000000000000e+00
1.431973500575738356e+01,1.335336892236233552e+01,0.000000000000000000e+00
1.406395349238274761e+01,1.358140201700276251e+01,0.000000000000000000e+00
1.380883597182413780e+01,1.380883597182413425e+01,0.000000000000000000e+00
1.355423062544502422e+01,1.403581669275682664e+01,0.000000000000000000e+00
1.329998217868219079e+01,1.426248473230468861e+01,0.000000000000000000e+00
1.304593037913193498e+01,1.448897354665427883e+01,0.000000000000000000e+00
1.279191992505054642e+01,1.471542054947909151e+01,0.000000000000000000e+00
1.253780094827596514e+01,1.494196932333897188e+01,0.000000000000000000e+00
1.228341779166926706e+01,1.516875770346443275e+01,0.000000000000000000e+00
1.202860976717289176e+01,1.539591841840888087e+01,0.000000000000000000e+00
1.177322228034236318e+01,1.562359366091436641e+01,0.000000000000000000e+00
1.151710082054789730e+01,1.585192934564583922e+01,0.000000000000000000e+00
1.126008340090380422e+01,1.608106566475073507e+01,0.000000000000000000e+00
1.100200362739107440e+01,1.631114115340559323e+01,0.000000000000000000e+00
1.074270073579536344e+01,1.654230847979641439e+01,0.000000000000000000e+00
1.048200874970939900e+01,1.677472053587036527e+01,0.000000000000000000e+00
1.021975268503070744e+01,1.700852470839321384e+01,0.000000000000000000e+00
9.955755396004500213e+00,1.724387417360779651e+01,0.000000000000000000e+00
9.689841774474061253e+00,1.748093730217519592e+01,0.000000000000000000e+00
9.421826898881157319e+00,1.771987920063775235e+01,0.000000000000000000e+00
9.151515943939786624e+00,1.796086133287411002e+01,0.000000000000000000e+00
8.878714384840822760e+00,1.820406221152449433e+01,0.000000000000000000e+00
8.603221775455983433e+00,1.844966863614388686e+01,0.000000000000000000e+00
8.324824407617898103e+00,1.869786175580518162e+01,0.000000000000000000e+00
8.043301628297379935e+00,1.894883117005841910e+01,0.000000000000000000e+00
7.758431851670936297e+00,1.920279267919698540e+01,0.000000000000000000e+00
7.469978817406006222e+00,1.945996013071871644e+01,0.000000000000000000e+00
7.177691291369002968e+00,1.972054474685241487e+01,0.000000000000000000e+00
6.881310604127429009e+00,1.998477710917286032e+01,0.000000000000000000e+00
6.580563064953886432e+00,2.025289061035210025e+01,0.000000000000000000e+00
6.275157811919471307e+00,2.052511636051801247e+01,0.000000000000000000e+00
5.964806383386194177e+00,2.080175193613546725e+01,0.000000000000000000e+00
5.649210033845120549e+00,2.108313886893788691e+01,0.000000000000000000e+00
5.328040998049375254e+00,2.136960524807371087e+01,0.000000000000000000e+00
5.000921731227792932e+00,2.166137182799654681e+01,0.000000000000000000e+00
4.667437715555826649e+00,2.195856801071926157e+01,0.000000000000000000e+00
4.327171916947208707e+00,2.226136966312469312e+01,0.000000000000000000e+00
3.979811723734195450e+00,2.257063387431515267e+01,0.000000000000000000e+00
3.625046311659228415e+00,2.288764164100562226e+01,0.000000000000000000e+00
3.262320045136414048e+00,2.321261327389068541e+01,0.000000000000000000e+00
2.890434353551775359e+00,2.354069870264445541e+01,0.000000000000000000e+00
2.508368419644236624e+00,2.386553132995760862e+01,0.000000000000000000e+00
2.115724802644739277e+00,2.418284515247880151e+01,0.000000000000000000e+00
1.712607537716998252e+00,2.449142882561991996e+01,0.000000000000000000e+00
1.299215864323278513e+00,2.479051549401736310e+01,0.000000000000000000e+00
8.758235103627591833e-01,2.508030387388015470e+01,0.000000000000000000e+00
4.426817834947714414e-01,2.536122239105180398e+01,0.000000000000000000e+00
1.569574190064593329e-15,2.563309178054263526e+01,0.000000000000000000e+00
-4.520052243254739643e-01,2.589536195850926603e+01,0.000000000000000000e+00
-9.130963502964146716e-01,2.614765835879414269e+01,0.000000000000000000e+00
-1.383029796441588966e+00,2.638978058910299040e+01,0.000000000000000000e+00
-1.861557574170185969e+00,2.662151358586207195e+01,0.000000000000000000e+00
-2.348424728419965302e+00,2.684261747493829020e+01,0.000000000000000000e+00
-2.843372781452551568e+00,2.705288492195619199e+01,0.000000000000000000e+00
-3.346142778926420647e+00,2.725214598904239693e+01,0.000000000000000000e+00
-3.856471347868930089e+00,2.744021946386882504e+01,0.000000000000000000e+00
-4.374090624925559112e+00,2.761692130844962279e+01,0.000000000000000000e+00
-4.898749542265870893e+00,2.778218921791301455e+01,0.000000000000000000e+00
-5.430196390919014959e+00,2.793593865040990210e+01,0.000000000000000000e+00
-5.968023273940537443e+00,2.807734198864886110e+01,0.000000000000000000e+00
-6.511784838601984760e+00,2.820563892693386521e+01,0.000000000000000000e+00
-7.061327498991602170e+00,2.832143769840786263e+01,0.000000000000000000e+00
-7.616538177550337352e+00,2.842530745640591405e+01,0.000000000000000000e+00
-8.177167468304677556e+00,2.851717193867174061e+01,0.000000000000000000e+00
-8.742814183653116800e+00,2.859645666552209065e+01,0.000000000000000000e+00
-9.312957513561229916e+00,2.866233602189998919e+01,0.000000000000000000e+00
-9.887244829850814654e+00,2.871464398509679583e+01,0.000000000000000000e+00
-1.046550074386530582e+01,2.875372697705547864e+01,0.000000000000000000e+00
-1.104777547281237382e+01,2.878043907341590568e+01,0.000000000000000000e+00
-1.163359816235777799e+01,2.879416586957971091e+01,0.000000000000000000e+00
-1.222206001973569833e+01,2.879336901273426008e+01,0.000000000000000000e+00
-1.281307812753238906e+01,2.877864466134553467e+01,0.000000000000000000e+00
-1.340675865484338836e+01,2.875088671691307596e+01,0.000000000000000000e+00
-1.400289720094971457e+01,2.871019392434716266e+01,0.000000000000000000e+00
-1.460065165507163520e+01,2.865539232546476001e+01,0.000000000000000000e+00
-1.519920308291257705e+01,2.858554349020726448e+01,0.000000000000000000e+00
-1.579923278275046883e+01,2.850257043673168411e+01,0.000000000000000000e+00
-1.640051973917323735e+01,2.840653345878433811e+01,0.000000000000000000e+00
-1.700166649396743779e+01,2.829552471167627559e+01,0.000000000000000000e+00
-1.760269692888994442e+01,2.817020369954745007e+01,0.000000000000000000e+00
-1.820386899340446263e+01,2.803150006881417156e+01,0.000000000000000000e+00
-1.880479724640049710e+01,2.787925841830924156e+01,0.000000000000000000e+00
-1.940457858615260989e+01,2.771261022948458930e+01,0.000000000000000000e+00
-2.000254760167459267e+01,2.753114488230894352e+01,0.000000000000000000e+00
-2.059951630356500729e+01,2.733648143853115187e+01,0.000000000000000000e+00
-2.119506762463626259e+01,2.712844944991962848e+01,0.000000000000000000e+00
-2.178759259393422099e+01,2.690543614199353328e+01,0.000000000000000000e+00
-2.237727721204813136e+01,2.666820050993490909e+01,0.000000000000000000e+00
-2.296453845583766196e+01,2.641767952600758207e+01,0.000000000000000000e+00
-2.354904708688466641e+01,2.615386640699605891e+01,0.000000000000000000e+00
-2.413014785766676340e+01,2.587641553083096824e+01,0.000000000000000000e+00
-2.470775889583926599e+01,2.558563332247019417e+01,0.000000000000000000e+00
-2.528455351886083946e+01,2.528455351886084301e+01,0.000000000000000000e+00
-2.586222714110547827e+01,2.497486244167639668e+01,0.000000000000000000e+00
-2.644007814934470701e+01,2.465577175292268208e+01,0.000000000000000000e+00
-2.701741609794689936e+01,2.432659072106896403e+01,0.000000000000000000e+00
-2.759390530360293070e+01,2.398701592497886637e+01,0.000000000000000000e+00
-2.817003604595732469e+01,2.363746685641348222e+01,0.000000000000000000e+00
-2.874602989255781083e+01,2.327807602473971826e+01,0.000000000000000000e+00
-2.932149645941845151e+01,2.290846373141124559e+01,0.000000000000000000e+00
-2.989583559947590530e+01,2.252812799719235670e+01,0.000000000000000000e+00
-3.046863470891866399e+01,2.213675888628965893e+01,0.000000000000000000e+00
-3.104036348708302029e+01,2.173469650242497764e+01,0.000000000000000000e+00
-3.161123742021323935e+01,2.132204886786185227e+01,0.000000000000000000e+00
-3.218088306349783778e+01,2.089850981723665058e+01,0.000000000000000000e+00
-3.274858753190418525e+01,2.046358866700684942e+01,0.000000000000000000e+00
-3.331377459053027223e+01,2.001693522261064118e+01,0.000000000000000000e+00
-3.387689067338092030e+01,1.955883194958399329e+01,0.000000000000000000e+00
-3.443826930572438272e+01,1.908944439253109593e+01,0.000000000000000000e+00
-3.499771611391697945e+01,1.860861574438058597e+01,0.000000000000000000e+00
-3.555444994384596669e+01,1.811589708916528707e+01,0.000000000000000000e+00
-3.610757252140103901e+01,1.761083981269248966e+01,0.000000000000000000e+00
-3.665733789777275575e+01,1.709359738930689332e+01,0.000000000000000000e+00
-3.720406124015710247e+01,1.656431527409342408e+01,0.000000000000000000e+00
-3.774746452466896329e+01,1.602284806648745530e+01,0.000000000000000000e+00
-3.828729014799378660e+01,1.546906933594952172e+01,0.000000000000000000e+00
-3.882335794974098064e+01,1.490289083621185640e+01,0.000000000000000000e+00
-3.935520313093999079e+01,1.432412250316221858e+01,0.000000000000000000e+00
-3.988224508662990786e+01,1.373255826331276985e+01,0.000000000000000000e+00
-4.040421402088080782e+01,1.312812494619393000e+01,0.000000000000000000e+00
-4.092096487021983364e+01,1.251079447571822278e+01,0.000000000000000000e+00
-4.143242265217950404e+01,1.188055601632120606e+01,0.000000000000000000e+00
-4.193843436251376033e+01,1.123736961926121936e+01,0.000000000000000000e+00
-4.243866051966936226e+01,1.058114647070890157e+01,0.000000000000000000e+00
-4.293276263261707015e+01,9.911809249015462342e+00,0.000000000000000000e+00
-4.342044139789968682e+01,9.229299729732245439e+00,0.000000000000000000e+00
-4.390140367083850492e+01,8.533568417117363580e+00,0.000000000000000000e+00
-4.437536037964287061e+01,7.824573313592463997e+00,0.000000000000000000e+00
-4.484199082213398668e+01,7.102273619401689331e+00,0.000000000000000000e+00
-4.530093778754943656e+01,6.366631609463318853e+00,0.000000000000000000e+00
-4.575197581705105421e+01,5.617636261136926379e+00,0.000000000000000000e+00
-4.619507231902836253e+01,4.855297749134107832e+00,0.000000000000000000e+00
-4.662986792480408127e+01,4.079584825131481907e+00,0.000000000000000000e+00
-4.705531456371553389e+01,3.290428132439673803e+00,0.000000000000000000e+00
-4.747057771843788743e+01,2.487827559506345043e+00,0.000000000000000000e+00
-4.787595580463933231e+01,1.671865216850898506e+00,0.000000000000000000e+00
-4.827193579966531445e+01,8.425897735939050781e-01,0.000000000000000000e+00
-4.865815891798124682e+01,5.958905857130897491e-15,0.000000000000000000e+00
-4.903374424259348530e+01,-8.558871894280687398e-01,0.000000000000000000e+00
-4.939797752964902600e+01,-1.725015386671403972e+00,0.000000000000000000e+00
-4.975053247755785435e+01,-2.607314925297611552e+00,0.000000000000000000e+00
-5.009114708590811205e+01,-3.502714222310992387e+00,0.000000000000000000e+00
-5.041985574102596246e+01,-4.411165793952235958e+00,0.000000000000000000e+00
-5.073696660389389024e+01,-5.332670074602411603e+00,0.000000000000000000e+00
-5.104261524446682330e+01,-6.267245100127776247e+00,0.000000000000000000e+00
-5.133400665502755800e+01,-7.214524143915695298e+00,0.000000000000000000e+00
-5.160595741029342776e+01,-8.173580681841173146e+00,0.000000000000000000e+00
-5.185327017308632236e+01,-9.143130569480620196e+00,0.000000000000000000e+00
-5.207197999167441793e+01,-1.012176756819476253e+01,0.000000000000000000e+00
-5.226141552163664272e+01,-1.110850679128739316e+01,0.000000000000000000e+00
-5.242149311354219776e+01,-1.210245529122464880e+01,0.000000000000000000e+00
-5.255215389862046038e+01,-1.310272357665049903e+01,0.000000000000000000e+00
-5.265336354684370690e+01,-1.410842624115906041e+01,0.000000000000000000e+00
-5.272511201014769000e+01,-1.511868258252614616e+01,0.000000000000000000e+00
-5.276741325109610159e+01,-1.613261721206833599e+01,0.000000000000000000e+00
-5.278030495729999672e+01,-1.714936065380609165e+01,0.000000000000000000e+00
-5.276372086163089392e+01,-1.816800607256749345e+01,0.000000000000000000e+00
-5.271725437816878923e+01,-1.918751142589307079e+01,0.000000000000000000e+00
-5.264096460365978913e+01,-2.020697308091735422e+01,0.000000000000000000e+00
-5.253507380356935386e+01,-2.122554759282753878e+01,0.000000000000000000e+00
-5.239982530445379894e+01,-2.224240621552340968e+01,0.000000000000000000e+00
-5.223548287816434765e+01,-2.325673536830163357e+01,0.000000000000000000e+00
-5.204233011682408261e+01,-2.426773708170557953e+01,0.000000000000000000e+00
-5.182066979919839156e+01,-2.527462942237977117e+01,0.000000000000000000e+00
-5.157080045756632813e+01,-2.627663528392894321e+01,0.000000000000000000e+00
-5.129266499132099000e+01,-2.727279375093791813e+01,0.000000000000000000e+00
-5.098593344793050619e+01,-2.826196440695635914e+01,0.000000000000000000e+00
-5.065031174075536313e+01,-2.924297111806357918e+01,0.000000000000000000e+00
-5.028587494632523658e+01,-3.021480194859146451e+01,0.000000000000000000e+00
-4.989379347210198290e+01,-3.117710239121018390e+01,0.000000000000000000e+00
-4.947542739226620512e+01,-3.212971822522978727e+01,0.000000000000000000e+00
-4.903129365516465299e+01,-3.307202516221058630e+01,0.000000000000000000e+00
-4.856073052525210443e+01,-3.400258957475185895e+01,0.000000000000000000e+00
-4.806331392023350446e+01,-3.492004159992169576e+01,0.000000000000000000e+00
-4.753960215365346187e+01,-3.582365974316105905e+01,0.000000000000000000e+00
-4.699029508739848637e+01,-3.671284213709360955e+01,0.000000000000000000e+00
-4.641579328969371687e+01,-3.758676829407394848e+01,0.000000000000000000e+00
-4.581674350802867934e+01,-3.844481257933090745e+01,0.000000000000000000e+00
-4.519459588408770401e+01,-3.928706282300128549e+01,0.000000000000000000e+00
-4.454988334766972713e+01,-4.011289513923881600e+01,0.000000000000000000e+00
-4.388199852403941037e+01,-4.092062563353734106e+01,0.000000000000000000e+00
-4.319167738087581654e+01,-4.170971801180038341e+01,0.000000000000000000e+00
-4.247970187642276585e+01,-4.247970187642275164e+01,0.000000000000000000e+00
-4.174596679196361748e+01,-4.322921409157273587e+01,0.000000000000000000e+00
-4.099308065867195694e+01,-4.395969702587776595e+01,0.000000000000000000e+00
-4.022121913488013689e+01,-4.467018933288525062e+01,0.000000000000000000e+00
-3.942715540126999230e+01,-4.535575396021413752e+01,0.000000000000000000e+00
-3.861502273990004142e+01,-4.601959207838296351e+01,0.000000000000000000e+00
-3.778646971278465827e+01,-4.666240400381565223e+01,0.000000000000000000e+00
-3.694112085237512844e+01,-4.728247851883082831e+01,0.000000000000000000e+00
-3.607898119625838262e+01,-4.787842516583482677e+01,0.000000000000000000e+00
-3.519965415795385155e+01,-4.844816758984563165e+01,0.000000000000000000e+00
-3.430557305204499841e+01,-4.899343577442402875e+01,0.000000000000000000e+00
-3.339776127693213681e+01,-4.951421730488573303e+01,0.000000000000000000e+00
-3.247665665983825534e+01,-5.000966573232047807e+01,0.000000000000000000e+00
-3.154302984181673608e+01,-5.047939980643156588e+01,0.000000000000000000e+00
-3.059756437176413968e+01,-5.092289859382623973e+01,0.000000000000000000e+00
-2.964103559965050749e+01,-5.133977964755244017e+01,0.000000000000000000e+00
-2.867416887571103601e+01,-5.172956999450024540e+01,0.000000000000000000e+00
-2.769732916679043555e+01,-5.209109998339165060e+01,0.000000000000000000e+00
-2.671149284301732152e+01,-5.242425647143141987e+01,0.000000000000000000e+00
-2.571789944592540067e+01,-5.272950803133085174e+01,0.000000000000000000e+00
-2.471739397722013365e+01,-5.300662244110978349e+01,0.000000000000000000e+00
-2.371079788100003327e+01,-5.325532397933625361e+01,0.000000000000000000e+00
-2.269896609638827556e+01,-5.347541297992946596e+01,0.000000000000000000e+00
-2.168273232920709503e+01,-5.366664573416493766e+01,0.000000000000000000e+00
-2.066333097699870436e+01,-5.382981756832793963e+01,0.000000000000000000e+00
-1.964419268063880963e+01,-5.397197581347079165e+01,0.000000000000000000e+00
-1.862911004405117410e+01,-5.410286403135334865e+01,0.000000000000000000e+00
-1.761883359176767172e+01,-5.422519408961367304e+01,0.000000000000000000e+00
-1.661299463705187307e+01,-5.433865700946402910e+01,0.000000000000000000e+00
-1.561147018740056858e+01,-5.444366662113254307e+01,0.000000000000000000e+00
-1.461405816779674183e+01,-5.454040758698440783e+01,0.000000000000000000e+00
-1.362056830397667540e+01,-5.462911565751228693e+01,0.000000000000000000e+00
-1.263079772622893771e+01,-5.470999562412373507e+01,0.000000000000000000e+00
-1.164453814610899229e+01,-5.478324477315465657e+01,0.000000000000000000e+00
-1.066157447492986421e+01,-5.484904578156678667e+01,0.000000000000000000e+00
-9.681685861248164215e+00,-5.490756900814654529e+01,0.000000000000000000e+00
-8.704645733749295289e+00,-5.495897018616918928e+01,0.000000000000000000e+00
-7.730222954594697882e+00,-5.500339435840271562e+01,0.000000000000000000e+00
-6.758169918032047363e+00,-5.504087703156980638e+01,0.000000000000000000e+00
-5.788221434322601944e+00,-5.507124826788830063e+01,0.000000000000000000e+00
-4.820185266927849099e+00,-5.509496970998491605e+01,0.000000000000000000e+00
-3.853817456248501916e+00,-5.511215725610012584e+01,0.000000000000000000e+00
-2.888867109869523997e+00,-5.512286819610223887e+01,0.000000000000000000e+00
-1.925083211835558972e+00,-5.512717044481068029e+01,0.000000000000000000e+00
-9.622123295831702672e-01,-5.512510744246351635e+01,0.000000000000000000e+00
-1.012477581642800506e-14,-5.511671241850994818e+01,0.000000000000000000e+00
9.618090355400532587e-01,-5.510200274220858319e+01,0.000000000000000000e+00
1.923470328311075450e+00,-5.508098350368830154e+01,0.000000000000000000e+00
2.885239081884217960e+00,-5.505364129820809893e+01,0.000000000000000000e+00
3.847370368436088928e+00,-5.501995960496738292e+01,0.000000000000000000e+00
4.810116621492808164e+00,-5.497988456604466023e+01,0.000000000000000000e+00
5.773709456348752767e+00,-5.493317602049363302e+01,0.000000000000000000e+00
6.738376451528274913e+00,-5.487967218335233355e+01,0.000000000000000000e+00
7.704388118630801863e+00,-5.481956994880225409e+01,0.000000000000000000e+00
8.671991631722868021e+00,-5.475280030003962395e+01,0.000000000000000000e+00
9.641425479212811567e+00,-5.467924103545870906e+01,0.000000000000000000e+00
1.061292693123113295e+01,-5.459877586526474857e+01,0.000000000000000000e+00
1.158672753284090540e+01,-5.451126722132654123e+01,0.000000000000000000e+00
1.256305432968023084e+01,-5.441656673633104901e+01,0.000000000000000000e+00
1.354212876119609277e+01,-5.431451183489274825e+01,0.000000000000000000e+00
1.452416641917740492e+01,-5.420492701395571089e+01,0.000000000000000000e+00
1.550937649376488814e+01,-5.408762359932229913e+01,0.000000000000000000e+00
1.649796139626542413e+01,-5.396240023262502916e+01,0.000000000000000000e+00
1.749011610979516718e+01,-5.382904241440030546e+01,0.000000000000000000e+00
1.848602830343974546e+01,-5.368732448387291356e+01,0.000000000000000000e+00
1.948587635856390676e+01,-5.353700529343908698e+01,0.000000000000000000e+00
2.048983269375851535e+01,-5.337783908791597298e+01,0.000000000000000000e+00
2.149805615349056964e+01,-5.320955615950982320e+01,0.000000000000000000e+00
2.251060070178838046e+01,-5.303165191942203194e+01,0.000000000000000000e+00
2.352769932256175522e+01,-5.284407788383495586e+01,0.000000000000000000e+00
2.454949809176667230e+01,-5.264656855282979819e+01,0.000000000000000000e+00
2.557612079072448097e+01,-5.243881870991850747e+01,0.000000000000000000e+00
2.660768217170552319e+01,-5.222051655733137920e+01,0.000000000000000000e+00
2.764428560881477637e+01,-5.199133956009073643e+01,0.000000000000000000e+00
2.868602365066057303e+01,-5.175095657463726440e+01,0.000000000000000000e+00
2.973297747725919749e+01,-5.149902765091403722e+01,0.000000000000000000e+00
3.078521683802431497e+01,-5.123520474323557039e+01,0.000000000000000000e+00
3.184279956632950359e+01,-5.095913164733052980e+01,0.000000000000000000e+00
3.290577232197634316e+01,-5.067044590587105546e+01,0.000000000000000000e+00
3.397416740948113301e+01,-5.036877453901441015e+01,0.000000000000000000e+00
3.504801167009728147e+01,-5.005374800692380433e+01,0.000000000000000000e+00
3.612730488245982485e+01,-4.972496927556768753e+01,0.000000000000000000e+00
3.721181529400592325e+01,-4.938174678900578130e+01,0.000000000000000000e+00
3.829199271140372218e+01,-4.901151565095953799e+01,0.000000000000000000e+00
3.934355888293212899e+01,-4.858524899250224394e+01,0.000000000000000000e+00
4.036294635720813062e+01,-4.810268632889017937e+01,0.000000000000000000e+00
4.134696421312829528e+01,-4.756424136528050894e+01,0.000000000000000000e+00
4.229127772466782886e+01,-4.696922230913320817e+01,0.000000000000000000e+00
4.319577287316307235e+01,-4.632179523451313230e+01,0.000000000000000000e+00
4.405887244162347116e+01,-4.562429800473312014e+01,0.000000000000000000e+00
4.488080049112600989e+01,-4.488080049112602410e+01,0.000000000000000000e+00
4.565761567659439635e+01,-4.409104694334273233e+01,0.000000000000000000e+00
4.638291319312106253e+01,-4.325276629159895236e+01,0.000000000000000000e+00
4.706121350341027920e+01,-4.237410696803471666e+01,0.000000000000000000e+00
4.768981849118586780e+01,-4.145612674325092684e+01,0.000000000000000000e+00
4.826222653627135628e+01,-4.049681648637965736e+01,0.000000000000000000e+00
4.877857098003682523e+01,-3.950010794170318462e+01,0.000000000000000000e+00
4.923947639451532154e+01,-3.847009516375167237e+01,0.000000000000000000e+00
4.964319522836001397e+01,-3.740883082437439100e+01,0.000000000000000000e+00
4.998772515773420366e+01,-3.631820820533739891e+01,0.000000000000000000e+00
5.027162271684863981e+01,-3.520056918437193616e+01,0.000000000000000000e+00
5.049378394983290264e+01,-3.405848732176375648e+01,0.000000000000000000e+00
5.065319440693733810e+01,-3.289456906757477128e+01,0.000000000000000000e+00
5.074892778041798636e+01,-3.171144961224312553e+01,0.000000000000000000e+00
5.078014654908452030e+01,-3.051179028979318275e+01,0.000000000000000000e+00
5.074266374255279288e+01,-2.929629057116155266e+01,0.000000000000000000e+00
5.063046880460748866e+01,-2.806492713769096881e+01,0.000000000000000000e+00
5.046047184279197495e+01,-2.683030880490097303e+01,0.000000000000000000e+00
5.022037450304825512e+01,-2.558855889244422599e+01,0.000000000000000000e+00
4.990998662813385778e+01,-2.434272697342722580e+01,0.000000000000000000e+00
4.953007100899779402e+01,-2.309625142045658563e+01,0.000000000000000000e+00
4.908140668669983597e+01,-2.185245017221296138e+01,0.000000000000000000e+00
4.855807386700024608e+01,-2.061167948018739793e+01,0.000000000000000000e+00
4.796672688251817362e+01,-1.937981562800959168e+01,0.000000000000000000e+00
4.730207128725382404e+01,-1.815756394985816868e+01,0.000000000000000000e+00
4.656836435018487919e+01,-1.694949848193065023e+01,0.000000000000000000e+00
4.576327220801257312e+01,-1.575755829571028421e+01,0.000000000000000000e+00
4.488576346675579032e+01,-1.458426863080038594e+01,0.000000000000000000e+00
4.393799234130661802e+01,-1.343319234043304888e+01,0.000000000000000000e+00
4.292023530028964018e+01,-1.230717942804038678e+01,0.000000000000000000e+00
4.183165714132688606e+01,-1.120875874907414449e+01,0.000000000000000000e+00
4.066750898386375468e+01,-1.013954879555386412e+01,0.000000000000000000e+00
3.953725429098938093e+01,-9.127894380232140392e+00,0.000000000000000000e+00
3.847039867602426000e+01,-8.177135668650709732e+00,0.000000000000000000e+00
3.746749149431567361e+01,-7.282942579279912287e+00,0.000000000000000000e+00
3.652165568953404318e+01,-6.439753278209703780e+00,0.000000000000000000e+00
3.562782831674117290e+01,-5.642893647925726341e+00,0.000000000000000000e+00
3.478127436223208235e+01,-4.888189330881000494e+00,0.000000000000000000e+00
3.397788099883526058e+01,-4.171959198853154582e+00,0.000000000000000000e+00
3.321397166149680658e+01,-3.490929091617469560e+00,0.000000000000000000e+00
3.248627298769903149e+01,-2.842180606632119133e+00,0.000000000000000000e+00
3.179183134269565514e+01,-2.223101411640461933e+00,0.000000000000000000e+00
3.112811487801003452e+01,-1.631355374023917948e+00,0.000000000000000000e+00
3.049266089049190498e+01,-1.064827182146894202e+00,0.000000000000000000e+00
2.988300066455054704e+01,-5.216097168497270120e-01,0.000000000000000000e+00
2.929846711443145324e+01,-7.176054794322493366e-15,0.000000000000000000e+00
