3.178659480525188741e+01,0.000000000000000000e+00,0.000000000000000000e+00
3.113768993369955851e+01,5.435103995074328509e-01,0.000000000000000000e+00
3.051040747640160333e+01,1.065446906582716791e+00,0.000000000000000000e+00
2.990617545585855908e+01,1.567316242490539357e+00,0.000000000000000000e+00
2.932490575371964425e+01,2.050597169901520189e+00,0.000000000000000000e+00
2.876447641569786740e+01,2.516565598632366729e+00,0.000000000000000000e+00
2.822333314105076951e+01,2.966391846438563462e+00,0.000000000000000000e+00
2.770031211395165016e+01,3.401170659784962691e+00,0.000000000000000000e+00
2.719422825298790869e+01,3.821899537762276644e+00,0.000000000000000000e+00
2.670393189862824457e+01,4.229487308228765841e+00,0.000000000000000000e+00
2.622842865048705008e+01,4.624779632667779694e+00,0.000000000000000000e+00
2.576677479310504637e+01,5.008553649765731031e+00,0.000000000000000000e+00
2.531811882621180132e+01,5.381532285652635750e+00,0.000000000000000000e+00
2.488163924384957326e+01,5.744379044466374928e+00,0.000000000000000000e+00
2.445660745362390642e+01,6.097717092731696376e+00,0.000000000000000000e+00
2.404231623869234369e+01,6.442119220331280260e+00,0.000000000000000000e+00
2.363813076659485901e+01,6.778124925284387814e+00,0.000000000000000000e+00
2.324344421439276687e+01,7.106234039112657719e+00,0.000000000000000000e+00
2.285768946165342186e+01,7.426913516466534304e+00,0.000000000000000000e+00
2.248035011061344335e+01,7.740605299503587666e+00,0.000000000000000000e+00
2.211091689464333854e+01,8.047715601983867373e+00,0.000000000000000000e+00
2.174893723929541878e+01,8.348634806407956077e+00,0.000000000000000000e+00
2.139397110327858442e+01,8.643725400484051136e+00,0.000000000000000000e+00
2.104559909976370591e+01,8.933326809893221920e+00,0.000000000000000000e+00
2.070344466681558870e+01,9.217767450364329207e+00,0.000000000000000000e+00
2.036713133329792313e+01,9.497349315365449129e+00,0.000000000000000000e+00
2.003631011633116188e+01,9.772361398346554040e+00,0.000000000000000000e+00
1.971065969369492876e+01,1.004308274026162984e+01,0.000000000000000000e+00
1.938985679102264470e+01,1.030976973435211441e+01,0.000000000000000000e+00
1.907360390774868364e+01,1.057267128989000149e+01,0.000000000000000000e+00
1.876162351571617748e+01,1.083202838723314620e+01,0.000000000000000000e+00
1.845363544134415434e+01,1.108806281459497534e+01,0.000000000000000000e+00
1.814937938944887463e+01,1.134099093664142366e+01,0.000000000000000000e+00
1.784861302251806592e+01,1.159102482486720298e+01,0.000000000000000000e+00
1.755109096180258632e+01,1.183836033361198226e+01,0.000000000000000000e+00
1.725657962699346015e+01,1.208318713853692294e+01,0.000000000000000000e+00
1.696486415112611823e+01,1.232569528762669009e+01,0.000000000000000000e+00
1.667572735544833051e+01,1.256606188710804695e+01,0.000000000000000000e+00
1.638895538842877286e+01,1.280445527843921028e+01,0.000000000000000000e+00
1.610435305382254256e+01,1.304104796792074694e+01,0.000000000000000000e+00
1.582172541630521856e+01,1.327600396140990391e+01,0.000000000000000000e+00
1.554087528875814250e+01,1.350947678257337436e+01,0.000000000000000000e+00
1.526161879541824540e+01,1.374162328592651861e+01,0.000000000000000000e+00
1.498377770913085172e+01,1.397259876109772847e+01,0.000000000000000000e+00
1.470716960427323272e+01,1.420254859603045716e+01,0.000000000000000000e+00
1.443161600266186362e+01,1.443161600266186007e+01,0.000000000000000000e+00
1.415694918662789981e+01,1.465995003354593074e+01,0.000000000000000000e+00
1.388299813698128382e+01,1.488769280342969203e+01,0.000000000000000000e+00
1.360958873838876393e+01,1.511497957453300245e+01,0.000000000000000000e+00
1.333655591637896798e+01,1.534195258733880074e+01,0.000000000000000000e+00
1.306373580352878250e+01,1.556875407655703292e+01,0.000000000000000000e+00
1.279095894217076967e+01,1.579551882704326538e+01,0.000000000000000000e+00
1.251805685422437975e+01,1.602238212188170863e+01,0.000000000000000000e+00
1.224486746406296156e+01,1.624948795961299197e+01,0.000000000000000000e+00
1.197122338110355599e+01,1.647697542767272338e+01,0.000000000000000000e+00
1.169695194179115916e+01,1.670497860062734929e+01,0.000000000000000000e+00
1.142188561032207872e+01,1.693364179268083092e+01,0.000000000000000000e+00
1.114585531466852864e+01,1.716311209080462419e+01,0.000000000000000000e+00
1.086868408884470227e+01,1.739353043261724352e+01,0.000000000000000000e+00
1.059019292162577308e+01,1.762504079359545273e+01,0.000000000000000000e+00
1.031020509080016367e+01,1.785779905372116971e+01,0.000000000000000000e+00
1.002853556295556636e+01,1.809195707100962736e+01,0.000000000000000000e+00
9.744991850798903954e+00,1.832766407838182943e+01,0.000000000000000000e+00
9.459384697264717090e+00,1.856508778246639579e+01,0.000000000000000000e+00
9.171518721980554290e+00,1.880440006879316428e+01,0.000000000000000000e+00
8.881187056067656016e+00,1.904576710407699736e+01,0.000000000000000000e+00
8.588176469249496847e+00,1.928936017071324116e+01,0.000000000000000000e+00
8.292266687335699160e+00,1.953535609340129042e+01,0.000000000000000000e+00
7.993224766067072551e+00,1.978392553489416272e+01,0.000000000000000000e+00
7.690817622374528817e+00,2.003526488660225979e+01,0.000000000000000000e+00
7.384821896847429734e+00,2.028963140828235368e+01,0.000000000000000000e+00
7.074997436564999909e+00,2.054728451480062645e+01,0.000000000000000000e+00
6.761070303490586575e+00,2.080843476673747361e+01,0.000000000000000000e+00
6.442710308388230445e+00,2.107315588232641090e+01,0.000000000000000000e+00
6.119572437751023664e+00,2.134148530954364276e+01,0.000000000000000000e+00
5.791365863255292012e+00,2.161367164688873999e+01,0.000000000000000000e+00
5.457956756283410371e+00,2.189066889416463368e+01,0.000000000000000000e+00
5.119172045762297785e+00,2.217357021252926685e+01,0.000000000000000000e+00
4.774519055700473302e+00,2.246234610772707185e+01,0.000000000000000000e+00
4.423006171061459213e+00,2.275439415999568027e+01,0.000000000000000000e+00
4.063752943279300922e+00,2.304668818663784791e+01,0.000000000000000000e+00
3.695993697779198062e+00,2.333558580758281664e+01,0.000000000000000000e+00
3.319117751948007733e+00,2.361674995723875270e+01,0.000000000000000000e+00
2.932881636865965369e+00,2.388640408288160444e+01,0.000000000000000000e+00
2.537700256419026079e+00,2.414460511514472785e+01,0.000000000000000000e+00
2.134096361758460958e+00,2.439283303403191994e+01,0.000000000000000000e+00
1.722397778106259159e+00,2.463143578599972372e+01,0.000000000000000000e+00
1.302824709891960753e+00,2.485937636959828723e+01,0.000000000000000000e+00
8.756665107008503313e-01,2.507580799179639897e+01,0.000000000000000000e+00
4.412757707720323941e-01,2.528067197611372663e+01,0.000000000000000000e+00
1.559835069634584266e-15,2.547403987371056289e+01,0.000000000000000000e+00
-4.478249602539956520e-01,2.565587479024783590e+01,0.000000000000000000e+00
-9.018671696657011294e-01,2.582609669809341213e+01,0.000000000000000000e+00
-1.361791901807014371e+00,2.598453741862110533e+01,0.000000000000000000e+00
-1.827256690093608471e+00,2.613098809037277448e+01,0.000000000000000000e+00
-2.297914701416478245e+00,2.626528522447453895e+01,0.000000000000000000e+00
-2.773416982526453189e+00,2.638729995528698424e+01,0.000000000000000000e+00
-3.253411591149546478e+00,2.649691107110997024e+01,0.000000000000000000e+00
-3.737543719286995358e+00,2.659400541630196813e+01,0.000000000000000000e+00
-4.225456689795931808e+00,2.667848357539283199e+01,0.000000000000000000e+00
-4.716792445015182800e+00,2.675025924032478031e+01,0.000000000000000000e+00
-5.211192050043592872e+00,2.680925898904431648e+01,0.000000000000000000e+00
-5.708295800288917476e+00,2.685542029584867763e+01,0.000000000000000000e+00
-6.207740845167832866e+00,2.688867970465282298e+01,0.000000000000000000e+00
-6.709162751595459717e+00,2.690898204408794570e+01,0.000000000000000000e+00
-7.212206796560101552e+00,2.691632219945586257e+01,0.000000000000000000e+00
-7.716518259914336930e+00,2.691069723578738859e+01,0.000000000000000000e+00
-8.221693887130069101e+00,2.689194897909445103e+01,0.000000000000000000e+00
-8.727313107111724477e+00,2.685990787353156861e+01,0.000000000000000000e+00
-9.233004424810104638e+00,2.681459188416253525e+01,0.000000000000000000e+00
-9.738419556690155687e+00,2.675608783318149619e+01,0.000000000000000000e+00
-1.024322871587303752e+01,2.668452311487838102e+01,0.000000000000000000e+00
-1.074709829660256766e+01,2.660000170629368199e+01,0.000000000000000000e+00
-1.124966209387082472e+01,2.650254305856338632e+01,0.000000000000000000e+00
-1.175055283646021209e+01,2.639217378439414219e+01,0.000000000000000000e+00
-1.224941332341233746e+01,2.626895164423975970e+01,0.000000000000000000e+00
-1.274588756226387254e+01,2.613294223324738041e+01,0.000000000000000000e+00
-1.323961861374411697e+01,2.598421458021574537e+01,0.000000000000000000e+00
-1.373025212051337718e+01,2.582284853892712562e+01,0.000000000000000000e+00
-1.421743718904925480e+01,2.564893564661677772e+01,0.000000000000000000e+00
-1.470082569832323216e+01,2.546257702271007517e+01,0.000000000000000000e+00
-1.518007261135613639e+01,2.526388338767106845e+01,0.000000000000000000e+00
-1.565484008763582580e+01,2.505298113885964639e+01,0.000000000000000000e+00
-1.612479848223262735e+01,2.483001223136058755e+01,0.000000000000000000e+00
-1.658961669041561393e+01,2.459511818779770209e+01,0.000000000000000000e+00
-1.704896100930290004e+01,2.434843968245998624e+01,0.000000000000000000e+00
-1.750253429140256145e+01,2.409017176111323622e+01,0.000000000000000000e+00
-1.795009286125101511e+01,2.382057777912864438e+01,0.000000000000000000e+00
-1.839132221047061932e+01,2.353981896825859366e+01,0.000000000000000000e+00
-1.882574439295113322e+01,2.324785822051105200e+01,0.000000000000000000e+00
-1.925289577050644496e+01,2.294470770234292800e+01,0.000000000000000000e+00
-1.967244941115317047e+01,2.263056429524415591e+01,0.000000000000000000e+00
-2.008446916861176490e+01,2.230606281236129718e+01,0.000000000000000000e+00
-2.049171785660102429e+01,2.197467704407300459e+01,0.000000000000000000e+00
-2.089832572381242670e+01,2.164084979447702750e+01,0.000000000000000000e+00
-2.130658044680737717e+01,2.130658044680738072e+01,0.000000000000000000e+00
-2.171644030408889847e+01,2.097132263042656675e+01,0.000000000000000000e+00
-2.212783789035307791e+01,2.063454265636281448e+01,0.000000000000000000e+00
-2.254108860011354309e+01,2.029608733841817525e+01,0.000000000000000000e+00
-2.295657000447252116e+01,1.995584185063775706e+01,0.000000000000000000e+00
-2.337457244710834559e+01,1.961359511929522981e+01,0.000000000000000000e+00
-2.379534005773362182e+01,1.926908644319826180e+01,0.000000000000000000e+00
-2.421914550724805082e+01,1.892207027108764805e+01,0.000000000000000000e+00
-2.464629392442794753e+01,1.857231460677656187e+01,0.000000000000000000e+00
-2.507709212004133192e+01,1.821957390391815323e+01,0.000000000000000000e+00
-2.551185236303318149e+01,1.786359133828904078e+01,0.000000000000000000e+00
-2.595089147280882713e+01,1.750409731806305658e+01,0.000000000000000000e+00
-2.639455683233785876e+01,1.714082562600342641e+01,0.000000000000000000e+00
-2.684319874370467218e+01,1.677349220215200987e+01,0.000000000000000000e+00
-2.729715683256972270e+01,1.640178655211025216e+01,0.000000000000000000e+00
-2.775677624771267915e+01,1.602538223845312260e+01,0.000000000000000000e+00
-2.822254127537921775e+01,1.564401008394207970e+01,0.000000000000000000e+00
-2.869497032498697919e+01,1.525738636304183693e+01,0.000000000000000000e+00
-2.917399002404506803e+01,1.486489038054754808e+01,0.000000000000000000e+00
-2.965910860868944710e+01,1.446571381627212283e+01,0.000000000000000000e+00
-3.014990697381011842e+01,1.405913251454845891e+01,0.000000000000000000e+00
-3.064603861977091270e+01,1.364449548459523776e+01,0.000000000000000000e+00
-3.114738989704204997e+01,1.322128260195584026e+01,0.000000000000000000e+00
-3.165398029123761603e+01,1.278903818972917961e+01,0.000000000000000000e+00
-3.216575163027123807e+01,1.234727521074291801e+01,0.000000000000000000e+00
-3.268257181042286419e+01,1.189548331826159711e+01,0.000000000000000000e+00
-3.320415186718877010e+01,1.143310636373670341e+01,0.000000000000000000e+00
-3.373021438986912557e+01,1.095961101342708588e+01,0.000000000000000000e+00
-3.426075619637850167e+01,1.047456433920782892e+01,0.000000000000000000e+00
-3.479573675423655743e+01,9.977516958355511889e+00,0.000000000000000000e+00
-3.533491661578259624e+01,9.467962371820016543e+00,0.000000000000000000e+00
-3.587814557288837136e+01,8.945426381405162886e+00,0.000000000000000000e+00
-3.642537379506912032e+01,8.409460159140087043e+00,0.000000000000000000e+00
-3.697605460225080520e+01,7.859503030377426924e+00,0.000000000000000000e+00
-3.752942048245605378e+01,7.294980355139238704e+00,0.000000000000000000e+00
-3.808529890937457196e+01,6.715465766069407927e+00,0.000000000000000000e+00
-3.864367470818251604e+01,6.120556790738930886e+00,0.000000000000000000e+00
-3.920445415263821332e+01,5.509826710663423555e+00,0.000000000000000000e+00
-3.976740989910955193e+01,4.882823962707990795e+00,0.000000000000000000e+00
-4.033210506835018805e+01,4.239075059863870898e+00,0.000000000000000000e+00
-4.089746607144765989e+01,3.578064648187796681e+00,0.000000000000000000e+00
-4.146252918627752138e+01,2.899342481111149450e+00,0.000000000000000000e+00
-4.202770519387759407e+01,2.202578697573460698e+00,0.000000000000000000e+00
-4.259332855819921093e+01,1.487391808467138477e+00,0.000000000000000000e+00
-4.315912286478450000e+01,7.533452918497302031e-01,0.000000000000000000e+00
-4.372351691528003670e+01,5.354586503776284985e-15,0.000000000000000000e+00
-4.428470052749869268e+01,-7.729923230341471108e-01,0.000000000000000000e+00
-4.484320521364520573e+01,-1.565959232536840773e+00,0.000000000000000000e+00
-4.539957429462064908e+01,-2.379290869176497569e+00,0.000000000000000000e+00
-4.595320107847066993e+01,-3.213360850016516057e+00,0.000000000000000000e+00
-4.650310200185150933e+01,-4.068494243951699119e+00,0.000000000000000000e+00
-4.704826543240773162e+01,-4.944971958849755822e+00,0.000000000000000000e+00
-4.758913774240250660e+01,-5.843211381448748298e+00,0.000000000000000000e+00
-4.812448623581218499e+01,-6.763455465204796013e+00,0.000000000000000000e+00
-4.864466408444204859e+01,-7.704557895789419852e+00,0.000000000000000000e+00
-4.913987401403787203e+01,-8.664685617289661579e+00,0.000000000000000000e+00
-4.960395312320174099e+01,-9.642031742540847716e+00,0.000000000000000000e+00
-5.003292170494174229e+01,-1.063482580790782528e+01,0.000000000000000000e+00
-5.042605552587071571e+01,-1.164177222485497687e+01,0.000000000000000000e+00
-5.078308215959847871e+01,-1.266164445307383879e+01,0.000000000000000000e+00
-5.110399467948808905e+01,-1.369327410437320047e+01,0.000000000000000000e+00
-5.138888727752661367e+01,-1.473552630611025549e+01,0.000000000000000000e+00
-5.163783457088646145e+01,-1.578727035240666865e+01,0.000000000000000000e+00
-5.185069281721805368e+01,-1.684731135963624382e+01,0.000000000000000000e+00
-5.202727581146173463e+01,-1.791442770612376023e+01,0.000000000000000000e+00
-5.216743428139553629e+01,-1.898739327646624275e+01,0.000000000000000000e+00
-5.227105604183530829e+01,-2.006497848778126425e+01,0.000000000000000000e+00
-5.233806609434632406e+01,-2.114595131160972841e+01,0.000000000000000000e+00
-5.236842670067696304e+01,-2.222907829895599718e+01,0.000000000000000000e+00
-5.236220053329883228e+01,-2.331315370330254311e+01,0.000000000000000000e+00
-5.231967423825564367e+01,-2.439706476947338842e+01,0.000000000000000000e+00
-5.224098039551785888e+01,-2.547962859752431797e+01,0.000000000000000000e+00
-5.212622528528454779e+01,-2.655963836893243624e+01,0.000000000000000000e+00
-5.197555155993958920e+01,-2.763589098022737289e+01,0.000000000000000000e+00
-5.178913815393516273e+01,-2.870718804566419990e+01,0.000000000000000000e+00
-5.156720016783502558e+01,-2.977233689825487417e+01,0.000000000000000000e+00
-5.130998872653943010e+01,-3.083015158852562010e+01,0.000000000000000000e+00
-5.101781629509056160e+01,-3.187946980414235654e+01,0.000000000000000000e+00
-5.069112925948686410e+01,-3.291920424886727403e+01,0.000000000000000000e+00
-5.033042789453187282e+01,-3.394830227118538346e+01,0.000000000000000000e+00
-4.993625377847686764e+01,-3.496574132564257553e+01,0.000000000000000000e+00
-4.950926798757495817e+01,-3.597058872338758562e+01,0.000000000000000000e+00
-4.905018635270606353e+01,-3.696196658437843041e+01,0.000000000000000000e+00
-4.855942685332184539e+01,-3.793878223190463927e+01,0.000000000000000000e+00
-4.803696779478058687e+01,-3.889956952331611006e+01,0.000000000000000000e+00
-4.748305997417075019e+01,-3.984301811149533989e+01,0.000000000000000000e+00
-4.689852538126896775e+01,-4.076826613707481783e+01,0.000000000000000000e+00
-4.628482090417850259e+01,-4.167503993172353205e+01,0.000000000000000000e+00
-4.564390310352354163e+01,-4.256362823424132813e+01,0.000000000000000000e+00
-4.497415211736153395e+01,-4.343103385620183587e+01,0.000000000000000000e+00
-4.427382685514889715e+01,-4.427382685514887584e+01,0.000000000000000000e+00
-4.354834197327886613e+01,-4.509562822864845089e+01,0.000000000000000000e+00
-4.279841000612089630e+01,-4.589567572937128404e+01,0.000000000000000000e+00
-4.202148941078514355e+01,-4.666959203138036116e+01,0.000000000000000000e+00
-4.121970000864326522e+01,-4.741784064507072571e+01,0.000000000000000000e+00
-4.039510194083673156e+01,-4.814100786120149422e+01,0.000000000000000000e+00
-3.954916419179835430e+01,-4.883915040378969508e+01,0.000000000000000000e+00
-3.868163811205074865e+01,-4.951023902104026320e+01,0.000000000000000000e+00
-3.779093128378413979e+01,-5.015025966435850080e+01,0.000000000000000000e+00
-3.688042330011992220e+01,-5.076154784960885991e+01,0.000000000000000000e+00
-3.595150017093523331e+01,-5.134406330850990940e+01,0.000000000000000000e+00
-3.500485626664051608e+01,-5.189683360931975642e+01,0.000000000000000000e+00
-3.404143288646568521e+01,-5.241920981991403750e+01,0.000000000000000000e+00
-3.306214447431557346e+01,-5.291049140639097459e+01,0.000000000000000000e+00
-3.206797079581318854e+01,-5.337006583608745558e+01,0.000000000000000000e+00
-3.105992175780504283e+01,-5.379736256363230495e+01,0.000000000000000000e+00
-3.003904073474275904e+01,-5.419186400801956438e+01,0.000000000000000000e+00
-2.900639786838007694e+01,-5.455310013542784020e+01,0.000000000000000000e+00
-2.796308628889170933e+01,-5.488064691692589037e+01,0.000000000000000000e+00
-2.691021869333790661e+01,-5.517412476468965110e+01,0.000000000000000000e+00
-2.584892237165043483e+01,-5.543319291371862789e+01,0.000000000000000000e+00
-2.478034250203198852e+01,-5.565756052950547428e+01,0.000000000000000000e+00
-2.370561592288864361e+01,-5.584693135524642571e+01,0.000000000000000000e+00
-2.262596128674414331e+01,-5.600121932672643510e+01,0.000000000000000000e+00
-2.154232067446408294e+01,-5.611966401717350550e+01,0.000000000000000000e+00
-2.045725294597358612e+01,-5.620584053313387329e+01,0.000000000000000000e+00
-1.937637368102787150e+01,-5.627307521435267290e+01,0.000000000000000000e+00
-1.830263256949486461e+01,-5.632971094610191898e+01,0.000000000000000000e+00
-1.723624736103560906e+01,-5.637722481368360405e+01,0.000000000000000000e+00
-1.617697822773826033e+01,-5.641582752911438803e+01,0.000000000000000000e+00
-1.512462307418815932e+01,-5.644586175819882357e+01,0.000000000000000000e+00
-1.407895865021601445e+01,-5.646761891832591829e+01,0.000000000000000000e+00
-1.303975592105519787e+01,-5.648138817860447602e+01,0.000000000000000000e+00
-1.200677657220794003e+01,-5.648744257938984958e+01,0.000000000000000000e+00
-1.097977435546522784e+01,-5.648604225485625818e+01,0.000000000000000000e+00
-9.958495252664668840e+00,-5.647743307718640438e+01,0.000000000000000000e+00
-8.942677962908577527e+00,-5.646184653356508676e+01,0.000000000000000000e+00
-7.932054376218454550e+00,-5.643949954485017173e+01,0.000000000000000000e+00
-6.926349964990766495e+00,-5.641059359627465142e+01,0.000000000000000000e+00
-5.925284528219215474e+00,-5.637531649644401455e+01,0.000000000000000000e+00
-4.928572051039159518e+00,-5.633383632130529861e+01,0.000000000000000000e+00
-3.935922693773927783e+00,-5.628631685587929212e+01,0.000000000000000000e+00
-2.947040553195574564e+00,-5.623288361980241490e+01,0.000000000000000000e+00
-1.961619503489603344e+00,-5.617343294663433539e+01,0.000000000000000000e+00
-9.793719002770722160e-01,-5.610817858911746470e+01,0.000000000000000000e+00
-1.029389156807480333e-14,-5.603733569135641090e+01,0.000000000000000000e+00
9.768026788196764176e-01,-5.596098799040350968e+01,0.000000000000000000e+00
1.951344417015901556e+00,-5.587919296787015355e+01,0.000000000000000000e+00
2.923934649600207436e+00,-5.579199671500612823e+01,0.000000000000000000e+00
3.894883377580702355e+00,-5.569942729159660644e+01,0.000000000000000000e+00
4.864500693214212745e+00,-5.560149735025743922e+01,0.000000000000000000e+00
5.833096203616195297e+00,-5.549820317774688760e+01,0.000000000000000000e+00
6.800978556088540294e+00,-5.538952541001141583e+01,0.000000000000000000e+00
7.768454772768036420e+00,-5.527542787986478601e+01,0.000000000000000000e+00
8.735830135551303499e+00,-5.515586075028099344e+01,0.000000000000000000e+00
9.703406606707360993e+00,-5.503075347697794939e+01,0.000000000000000000e+00
1.067146231066227458e+01,-5.489991428659359229e+01,0.000000000000000000e+00
1.164024401478284609e+01,-5.476304247362395472e+01,0.000000000000000000e+00
1.261009435348018748e+01,-5.462031946454631282e+01,0.000000000000000000e+00
1.358130542876082103e+01,-5.447164086620083623e+01,0.000000000000000000e+00
1.455415508593010898e+01,-5.431684624192804733e+01,0.000000000000000000e+00
1.552892046737816756e+01,-5.415578153519128790e+01,0.000000000000000000e+00
1.650587029749835111e+01,-5.398826908293207794e+01,0.000000000000000000e+00
1.748526734652780945e+01,-5.381411945551670328e+01,0.000000000000000000e+00
1.846736681920420509e+01,-5.363312759836247068e+01,0.000000000000000000e+00
1.945241621488982275e+01,-5.344507430424283001e+01,0.000000000000000000e+00
2.044065469631659937e+01,-5.324972602455650872e+01,0.000000000000000000e+00
2.143231263005529996e+01,-5.304683522895792436e+01,0.000000000000000000e+00
2.242761104983509313e+01,-5.283614055152898459e+01,0.000000000000000000e+00
2.342676125145898069e+01,-5.261736726425115762e+01,0.000000000000000000e+00
2.442996409800141677e+01,-5.239022707596406292e+01,0.000000000000000000e+00
2.543741005402387501e+01,-5.215441955359296600e+01,0.000000000000000000e+00
2.644925325848425146e+01,-5.190958230786754513e+01,0.000000000000000000e+00
2.746558030107441084e+01,-5.165524375832557524e+01,0.000000000000000000e+00
2.848665235940317331e+01,-5.139128124417878496e+01,0.000000000000000000e+00
2.951261865498521431e+01,-5.111735497483945068e+01,0.000000000000000000e+00
3.054361088946824054e+01,-5.083310492023986882e+01,0.000000000000000000e+00
3.157975097108245421e+01,-5.053816589754092803e+01,0.000000000000000000e+00
3.262114577342864408e+01,-5.023215945599099541e+01,0.000000000000000000e+00
3.366789330632007449e+01,-4.991470450800157721e+01,0.000000000000000000e+00
3.472006237937026896e+01,-4.958538788105953188e+01,0.000000000000000000e+00
3.577776670171802209e+01,-4.924387124308027808e+01,0.000000000000000000e+00
3.684084844674713821e+01,-4.888945715535816561e+01,0.000000000000000000e+00
3.790797446583324870e+01,-4.851999471093213145e+01,0.000000000000000000e+00
3.895956411315713552e+01,-4.811105494318277209e+01,0.000000000000000000e+00
3.998240905757902652e+01,-4.764917963494109898e+01,0.000000000000000000e+00
4.097403970479445690e+01,-4.713524079261483024e+01,0.000000000000000000e+00
4.193275235266104062e+01,-4.657103954409868152e+01,0.000000000000000000e+00
4.285695844854159731e+01,-4.595846124704404900e+01,0.000000000000000000e+00
4.374483914247514349e+01,-4.529910700392536427e+01,0.000000000000000000e+00
4.459659147428704529e+01,-4.459659147428706660e+01,0.000000000000000000e+00
4.540887104673274877e+01,-4.385083704649179737e+01,0.000000000000000000e+00
4.617346329817863193e+01,-4.305745110477518267e+01,0.000000000000000000e+00
4.689688392523331828e+01,-4.222614395124642783e+01,0.000000000000000000e+00
4.757715154227599186e+01,-4.135818685877336520e+01,0.000000000000000000e+00
4.820723330892063530e+01,-4.045067168959241144e+01,0.000000000000000000e+00
4.878855179243770834e+01,-3.950819024422374071e+01,0.000000000000000000e+00
4.932182229900725190e+01,-3.853443083533291968e+01,0.000000000000000000e+00
4.980530085405511898e+01,-3.753098617516138802e+01,0.000000000000000000e+00
5.023701151711398438e+01,-3.649932534707843246e+01,0.000000000000000000e+00
5.061486625692477759e+01,-3.544091089857503363e+01,0.000000000000000000e+00
5.093695863805763224e+01,-3.435741242342032109e+01,0.000000000000000000e+00
5.120215257677100595e+01,-3.325106667141256622e+01,0.000000000000000000e+00
5.140959029504411859e+01,-3.212427736958834856e+01,0.000000000000000000e+00
5.155849604922090634e+01,-3.097946985226492345e+01,0.000000000000000000e+00
5.164817651717451952e+01,-2.981908861534405730e+01,0.000000000000000000e+00
5.167802112697376771e+01,-2.864559487184896724e+01,0.000000000000000000e+00
5.164762285819544019e+01,-2.746152819659749866e+01,0.000000000000000000e+00
5.155087397925555592e+01,-2.626648223611085342e+01,0.000000000000000000e+00
5.140155673458571783e+01,-2.507021432247444892e+01,0.000000000000000000e+00
5.118339392458200621e+01,-2.386720855739665836e+01,0.000000000000000000e+00
5.090539272392253878e+01,-2.266454107758675462e+01,0.000000000000000000e+00
5.056208878715845145e+01,-2.146233334510285928e+01,0.000000000000000000e+00
5.015646328444898217e+01,-2.026452656205555058e+01,0.000000000000000000e+00
4.968774711556152113e+01,-1.907333909959881879e+01,0.000000000000000000e+00
4.915442515268355805e+01,-1.789074763804273260e+01,0.000000000000000000e+00
4.855684079859413060e+01,-1.671946110106621219e+01,0.000000000000000000e+00
4.789468588380439229e+01,-1.556192678853619782e+01,0.000000000000000000e+00
4.716944036538835405e+01,-1.442114514693379590e+01,0.000000000000000000e+00
4.638152128842936861e+01,-1.329968721393107245e+01,0.000000000000000000e+00
4.552791001382303904e+01,-1.219916672128070267e+01,0.000000000000000000e+00
4.461355011000678417e+01,-1.112340734867215986e+01,0.000000000000000000e+00
4.363581498853354645e+01,-1.007412167469249020e+01,0.000000000000000000e+00
4.259560522447701914e+01,-9.053975388768490618e+00,0.000000000000000000e+00
4.148566309202128366e+01,-8.063996016610330386e+00,0.000000000000000000e+00
4.034995739804440262e+01,-7.114786159712397584e+00,0.000000000000000000e+00
3.927439751365894693e+01,-6.220453469284242587e+00,0.000000000000000000e+00
3.825979726834395223e+01,-5.377063843637352569e+00,0.000000000000000000e+00
3.730100097231439094e+01,-4.579987025624464358e+00,0.000000000000000000e+00
3.639285958415813838e+01,-3.825043675724083769e+00,0.000000000000000000e+00
3.553099350582419191e+01,-3.108559135572849019e+00,0.000000000000000000e+00
3.471143959421714698e+01,-2.427260308793324217e+00,0.000000000000000000e+00
3.393072501438047084e+01,-1.778233947467235065e+00,0.000000000000000000e+00
3.318572679781829748e+01,-1.158871115922723183e+00,0.000000000000000000e+00
3.247324733965924537e+01,-5.668226407438514691e-01,0.000000000000000000e+00
3.179228468742283198e+01,-7.786863936006756676e-15,0.000000000000000000e+00
