4.108574110817481539e+01,0.000000000000000000e+00,0.000000000000000000e+00
4.045647175672742435e+01,7.061703412802781132e-01,0.000000000000000000e+00
3.979943041603667808e+01,1.389826735461270335e+00,0.000000000000000000e+00
3.912465150701350325e+01,2.050436100705469222e+00,0.000000000000000000e+00
3.844397599698707069e+01,2.688264679902142795e+00,0.000000000000000000e+00
3.776081394325026963e+01,3.303643145546041548e+00,0.000000000000000000e+00
3.707620856894227046e+01,3.896866548189397150e+00,0.000000000000000000e+00
3.639037026227883587e+01,4.468175633748024289e+00,0.000000000000000000e+00
3.570343040529444067e+01,5.017789910898822647e+00,0.000000000000000000e+00
3.501661092661286290e+01,5.546086323673620200e+00,0.000000000000000000e+00
3.433058642940128635e+01,6.053408651047329059e+00,0.000000000000000000e+00
3.364453028449391780e+01,6.539834197493259893e+00,0.000000000000000000e+00
3.296009081392703166e+01,7.005883575740010194e+00,0.000000000000000000e+00
3.227824591048653247e+01,7.452020246060130582e+00,0.000000000000000000e+00
3.159756736930661347e+01,7.878158366892072273e+00,0.000000000000000000e+00
3.091973267621938248e+01,8.284917400779178820e+00,0.000000000000000000e+00
3.024593814935065694e+01,8.672883202272599235e+00,0.000000000000000000e+00
2.957488229339826091e+01,9.041948917620318937e+00,0.000000000000000000e+00
2.890757025093810739e+01,9.392638944766209974e+00,0.000000000000000000e+00
2.824522949600011046e+01,9.725612459176572244e+00,0.000000000000000000e+00
2.758768748696716600e+01,1.004109707749421787e+01,0.000000000000000000e+00
2.693470086314534484e+01,1.033926295579886911e+01,0.000000000000000000e+00
2.628681015727555703e+01,1.062056069708930828e+01,0.000000000000000000e+00
2.564593550969131641e+01,1.088605376199959451e+01,0.000000000000000000e+00
2.501125959260215481e+01,1.113573022632477105e+01,0.000000000000000000e+00
2.438110338402844590e+01,1.136909522224121538e+01,0.000000000000000000e+00
2.375771716954585600e+01,1.158741289351821280e+01,0.000000000000000000e+00
2.314251714790239944e+01,1.179170145221749522e+01,0.000000000000000000e+00
2.253484483879518763e+01,1.198198954181539655e+01,0.000000000000000000e+00
2.193384661260769875e+01,1.215812971054510250e+01,0.000000000000000000e+00
2.134056656751779713e+01,1.232098185241552457e+01,0.000000000000000000e+00
2.076192941753585686e+01,1.247502576202711033e+01,0.000000000000000000e+00
2.020226275750794187e+01,1.262377483638592857e+01,0.000000000000000000e+00
1.966061110212905660e+01,1.276775013662588520e+01,0.000000000000000000e+00
1.913576427526179913e+01,1.290723597995313021e+01,0.000000000000000000e+00
1.862666780004725453e+01,1.304253320532115801e+01,0.000000000000000000e+00
1.813233675538491241e+01,1.317391378490187748e+01,0.000000000000000000e+00
1.765184186614461836e+01,1.330161693000734324e+01,0.000000000000000000e+00
1.718432757273052047e+01,1.342586813375742238e+01,0.000000000000000000e+00
1.672900439455955279e+01,1.354688064996343400e+01,0.000000000000000000e+00
1.628513088961142685e+01,1.366484732314667738e+01,0.000000000000000000e+00
1.585202714078005215e+01,1.377995696098297529e+01,0.000000000000000000e+00
1.542904147890705779e+01,1.389237134724703893e+01,0.000000000000000000e+00
1.501558393968849892e+01,1.400225855092590876e+01,0.000000000000000000e+00
1.461108601598261103e+01,1.410976175337501815e+01,0.000000000000000000e+00
1.421502268580460004e+01,1.421502268580459827e+01,0.000000000000000000e+00
1.382690267367220294e+01,1.431817686441943493e+01,0.000000000000000000e+00
1.344625195612990787e+01,1.441933986486189312e+01,0.000000000000000000e+00
1.307263897055130997e+01,1.451863644253809760e+01,0.000000000000000000e+00
1.270564631220081786e+01,1.461617411087994789e+01,0.000000000000000000e+00
1.234487819351809712e+01,1.471205293726311147e+01,0.000000000000000000e+00
1.198996969661456724e+01,1.480637948529075842e+01,0.000000000000000000e+00
1.164056366565597145e+01,1.489924205786715206e+01,0.000000000000000000e+00
1.129632412088975357e+01,1.499072842797247596e+01,0.000000000000000000e+00
1.095693703940231956e+01,1.508093004477429488e+01,0.000000000000000000e+00
1.062209380012533622e+01,1.516992208807677045e+01,0.000000000000000000e+00
1.029150323060009420e+01,1.525778099701046919e+01,0.000000000000000000e+00
9.964891332484191011e+00,1.534458703111201494e+01,0.000000000000000000e+00
9.641988040743415311e+00,1.543040639020255256e+01,0.000000000000000000e+00
9.322535716555217178e+00,1.551530491654272659e+01,0.000000000000000000e+00
9.006291641099583245e+00,1.559935471016735775e+01,0.000000000000000000e+00
8.693016162144189707e+00,1.568261629385442646e+01,0.000000000000000000e+00
8.382476851699747655e+00,1.576514606014471198e+01,0.000000000000000000e+00
8.074454650623898999e+00,1.584700952353938064e+01,0.000000000000000000e+00
7.768733470239959082e+00,1.592826407823864265e+01,0.000000000000000000e+00
7.465100318444143568e+00,1.600895929520157424e+01,0.000000000000000000e+00
7.163352783553133207e+00,1.608915377630946608e+01,0.000000000000000000e+00
6.863292347684337713e+00,1.616890351463219844e+01,0.000000000000000000e+00
6.564721267618045530e+00,1.624825530582378974e+01,0.000000000000000000e+00
6.267447795095502094e+00,1.632725971454256353e+01,0.000000000000000000e+00
5.971285524573696435e+00,1.640597214388247593e+01,0.000000000000000000e+00
5.676047841720367693e+00,1.648443988413266226e+01,0.000000000000000000e+00
5.381549665576749852e+00,1.656270681023655555e+01,0.000000000000000000e+00
5.087611227022090787e+00,1.664082650373451244e+01,0.000000000000000000e+00
4.794052613162296694e+00,1.671884832767544893e+01,0.000000000000000000e+00
4.500692875210007493e+00,1.679681447954699891e+01,0.000000000000000000e+00
4.207353584723040107e+00,1.687477353825084592e+01,0.000000000000000000e+00
3.913857136257423708e+00,1.695277776109391255e+01,0.000000000000000000e+00
3.620023595276815609e+00,1.703087200336173979e+01,0.000000000000000000e+00
3.325672105950773894e+00,1.710909978846948221e+01,0.000000000000000000e+00
3.030622639167254384e+00,1.718751507563108660e+01,0.000000000000000000e+00
2.734692250843344219e+00,1.726616734093226313e+01,0.000000000000000000e+00
2.437694799556683112e+00,1.734509976917903629e+01,0.000000000000000000e+00
2.139442960656892989e+00,1.742436463448135697e+01,0.000000000000000000e+00
1.839746338879774790e+00,1.750401717142387170e+01,0.000000000000000000e+00
1.538409835414396021e+00,1.758410488186902398e+01,0.000000000000000000e+00
1.235234582329930664e+00,1.766467751064925196e+01,0.000000000000000000e+00
9.300177523530387402e-01,1.774579585466205245e+01,0.000000000000000000e+00
6.225505166211230401e-01,1.782751427537238698e+01,0.000000000000000000e+00
3.126181722968051635e-01,1.790988309596224681e+01,0.000000000000000000e+00
1.101751484158963967e-15,1.799296719553827728e+01,0.000000000000000000e+00
-3.155322298699966277e-01,1.807682934252011009e+01,0.000000000000000000e+00
-6.342144161746332554e-01,1.816152465725336640e+01,0.000000000000000000e+00
-9.562911220292787950e-01,1.824712161270172217e+01,0.000000000000000000e+00
-1.282016681475130371e+00,1.833369269731318951e+01,0.000000000000000000e+00
-1.611654976998336597e+00,1.842130068109660357e+01,0.000000000000000000e+00
-1.945481487182779690e+00,1.851001990799995767e+01,0.000000000000000000e+00
-2.283784690334966339e+00,1.859993368499266708e+01,0.000000000000000000e+00
-2.626864806478265812e+00,1.869111430881211788e+01,0.000000000000000000e+00
-2.975037300485104286e+00,1.878364626215255839e+01,0.000000000000000000e+00
-3.328634624848562318e+00,1.887762503205367182e+01,0.000000000000000000e+00
-3.688003668588978989e+00,1.897313408415266878e+01,0.000000000000000000e+00
-4.053511876552568616e+00,1.907027402355774370e+01,0.000000000000000000e+00
-4.425547824344176817e+00,1.916915363163754904e+01,0.000000000000000000e+00
-4.804518371843395919e+00,1.926987068061216490e+01,0.000000000000000000e+00
-5.190858870320160356e+00,1.937254903895441416e+01,0.000000000000000000e+00
-5.585028835169836725e+00,1.947731022903926501e+01,0.000000000000000000e+00
-5.987514135739551158e+00,1.958427628909452523e+01,0.000000000000000000e+00
-6.398837539312752121e+00,1.969359695180187586e+01,0.000000000000000000e+00
-6.819548932961783549e+00,1.980540819195017832e+01,0.000000000000000000e+00
-7.250241184369402347e+00,1.991987393965487385e+01,0.000000000000000000e+00
-7.691545664633643753e+00,2.003716150153012165e+01,0.000000000000000000e+00
-8.144136637679062929e+00,2.015744552434544090e+01,0.000000000000000000e+00
-8.608742560449442749e+00,2.028092652780246041e+01,0.000000000000000000e+00
-9.086138199572561192e+00,2.040780052901582309e+01,0.000000000000000000e+00
-9.577169776465705553e+00,2.053830686452569765e+01,0.000000000000000000e+00
-1.008273686346260334e+01,2.067267412479055011e+01,0.000000000000000000e+00
-1.060381548092517789e+01,2.081115966130190742e+01,0.000000000000000000e+00
-1.114145570351462666e+01,2.095403060408380824e+01,0.000000000000000000e+00
-1.169684280844116664e+01,2.110166301233099162e+01,0.000000000000000000e+00
-1.227120910948380050e+01,2.125435764792799276e+01,0.000000000000000000e+00
-1.286576934827649410e+01,2.141223595099076604e+01,0.000000000000000000e+00
-1.348219562880532862e+01,2.157602319206349151e+01,0.000000000000000000e+00
-1.412259452814826055e+01,2.174688851205504747e+01,0.000000000000000000e+00
-1.478686746868546109e+01,2.192243255564385507e+01,0.000000000000000000e+00
-1.547284469920269778e+01,2.209751231579664221e+01,0.000000000000000000e+00
-1.617680744586595409e+01,2.226546529943336949e+01,0.000000000000000000e+00
-1.689796466351397797e+01,2.242435650264089375e+01,0.000000000000000000e+00
-1.763656493986789897e+01,2.257377371541375055e+01,0.000000000000000000e+00
-1.839130777827637075e+01,2.271137368035447679e+01,0.000000000000000000e+00
-1.916335415933004072e+01,2.283799616553677581e+01,0.000000000000000000e+00
-1.995403376125400641e+01,2.295449003556801060e+01,0.000000000000000000e+00
-2.076173112014745570e+01,2.305823841155448051e+01,0.000000000000000000e+00
-2.158067712737755528e+01,2.314244289254504849e+01,0.000000000000000000e+00
-2.240626107711854686e+01,2.320236256406201036e+01,0.000000000000000000e+00
-2.323668379753429392e+01,2.323668379753429747e+01,0.000000000000000000e+00
-2.407173695198820695e+01,2.324580616464364979e+01,0.000000000000000000e+00
-2.490985429438734755e+01,2.322881492300722073e+01,0.000000000000000000e+00
-2.574778361652218805e+01,2.318340850002225295e+01,0.000000000000000000e+00
-2.658619579614396145e+01,2.311102741457345999e+01,0.000000000000000000e+00
-2.742575129524814415e+01,2.301293779660253591e+01,0.000000000000000000e+00
-2.826575050682771817e+01,2.288915344670278529e+01,0.000000000000000000e+00
-2.910590268933934510e+01,2.274002341768404989e+01,0.000000000000000000e+00
-2.994473258460206111e+01,2.256497451837198653e+01,0.000000000000000000e+00
-3.077748931497112750e+01,2.236115489255711353e+01,0.000000000000000000e+00
-3.160743044983663808e+01,2.213176106441474644e+01,0.000000000000000000e+00
-3.243462997417164928e+01,2.187743415821143955e+01,0.000000000000000000e+00
-3.325836580522348385e+01,2.159823529125255703e+01,0.000000000000000000e+00
-3.407731120200698882e+01,2.129386736561056992e+01,0.000000000000000000e+00
-3.488793439673779773e+01,2.096278585821680096e+01,0.000000000000000000e+00
-3.569133572198370530e+01,2.060640228682459352e+01,0.000000000000000000e+00
-3.648821825742860625e+01,2.022574965147686399e+01,0.000000000000000000e+00
-3.727877856791710798e+01,1.982147816538133611e+01,0.000000000000000000e+00
-3.806095033051943943e+01,1.939302282534304922e+01,0.000000000000000000e+00
-3.883016724738809700e+01,1.893873798601391911e+01,0.000000000000000000e+00
-3.958997253375227388e+01,1.846110737863474327e+01,0.000000000000000000e+00
-4.034169444862344989e+01,1.796127958247930323e+01,0.000000000000000000e+00
-4.108208480805777896e+01,1.743831039840774366e+01,0.000000000000000000e+00
-4.180737808497173802e+01,1.689127717973458687e+01,0.000000000000000000e+00
-4.252219451367949432e+01,1.632274116458182789e+01,0.000000000000000000e+00
-4.322549319938683254e+01,1.573279288605296955e+01,0.000000000000000000e+00
-4.391139266301738786e+01,1.511990503188210866e+01,0.000000000000000000e+00
-4.458518720417946923e+01,1.448660548286926186e+01,0.000000000000000000e+00
-4.524577657626304017e+01,1.383302210578720448e+01,0.000000000000000000e+00
-4.588742661961570946e+01,1.315800784752072339e+01,0.000000000000000000e+00
-4.651344586037879481e+01,1.246324025547725967e+01,0.000000000000000000e+00
-4.712541301948468941e+01,1.174968511130814441e+01,0.000000000000000000e+00
-4.772071309878074175e+01,1.101719471233746184e+01,0.000000000000000000e+00
-4.829765153035980063e+01,1.026598274603015781e+01,0.000000000000000000e+00
-4.885544132793891237e+01,9.496535788384441901e+00,0.000000000000000000e+00
-4.939457836348660180e+01,8.709596866201259502e+00,0.000000000000000000e+00
-4.991548837762180568e+01,7.905836690215531704e+00,0.000000000000000000e+00
-5.041780170182531151e+01,7.085759935034197099e+00,0.000000000000000000e+00
-5.090076244054099419e+01,6.249827765884887754e+00,0.000000000000000000e+00
-5.136302738009003832e+01,5.398471713714379838e+00,0.000000000000000000e+00
-5.180368859407710147e+01,4.532235480808982864e+00,0.000000000000000000e+00
-5.222338404286085023e+01,3.651814755018865544e+00,0.000000000000000000e+00
-5.262292072638745566e+01,2.757850414657486926e+00,0.000000000000000000e+00
-5.300169401769314703e+01,1.850859939463992632e+00,0.000000000000000000e+00
-5.335829666711422448e+01,9.313725327835706835e-01,0.000000000000000000e+00
-5.369151624325554906e+01,6.575314350867103239e-15,0.000000000000000000e+00
-5.329792080662538467e+01,-9.303186682186279644e-01,0.000000000000000000e+00
-5.315996859568653576e+01,-1.856387009518513542e+00,0.000000000000000000e+00
-5.296406356820209282e+01,-2.775728953415284472e+00,0.000000000000000000e+00
-5.272175516042742771e+01,-3.686664258434983577e+00,0.000000000000000000e+00
-5.244461205268450499e+01,-4.588309017624920827e+00,0.000000000000000000e+00
-5.214418756516367637e+01,-5.480574957586501483e+00,0.000000000000000000e+00
-5.183198510956891880e+01,-6.364167532404322536e+00,0.000000000000000000e+00
-5.151942363130063995e+01,-7.240582800529106855e+00,0.000000000000000000e+00
-5.121515592450043641e+01,-8.111683807235856136e+00,0.000000000000000000e+00
-5.091820291485097982e+01,-8.978252983076641769e+00,0.000000000000000000e+00
-5.062542660976374975e+01,-9.840586074634753544e+00,0.000000000000000000e+00
-5.033373816454745509e+01,-1.069876632025536267e+01,0.000000000000000000e+00
-5.004154741278361485e+01,-1.155300153231345384e+01,0.000000000000000000e+00
-4.974912798641829426e+01,-1.240385072404344768e+01,0.000000000000000000e+00
-4.945684550641605171e+01,-1.325192181363495791e+01,0.000000000000000000e+00
-4.916504865240607813e+01,-1.409785084168473013e+01,0.000000000000000000e+00
-4.887417368338150681e+01,-1.494233442594913264e+01,0.000000000000000000e+00
-4.858468685729641123e+01,-1.578612169524364006e+01,0.000000000000000000e+00
-4.829701751849476210e+01,-1.662999677115246300e+01,0.000000000000000000e+00
-4.801077651693722714e+01,-1.747449357617192334e+01,0.000000000000000000e+00
-4.772256950930330532e+01,-1.831897809409927902e+01,0.000000000000000000e+00
-4.742835018877659792e+01,-1.916229732435955313e+01,0.000000000000000000e+00
-4.712418035458125587e+01,-2.000302779503913442e+01,0.000000000000000000e+00
-4.680719685268324781e+01,-2.083990671769798908e+01,0.000000000000000000e+00
-4.647614704639142502e+01,-2.167218328927013005e+01,0.000000000000000000e+00
-4.612995561215366536e+01,-2.249908266114397293e+01,0.000000000000000000e+00
-4.576793005393779623e+01,-2.331992513316219728e+01,0.000000000000000000e+00
-4.539050034768088437e+01,-2.413455714269555941e+01,0.000000000000000000e+00
-4.499830690761071139e+01,-2.494296881893826878e+01,0.000000000000000000e+00
-4.459174741969307121e+01,-2.574505737639560365e+01,0.000000000000000000e+00
-4.417076015371461040e+01,-2.654047028887886128e+01,0.000000000000000000e+00
-4.373526256106165278e+01,-2.732882517211486118e+01,0.000000000000000000e+00
-4.328541208245120231e+01,-2.810987528102707955e+01,0.000000000000000000e+00
-4.282150423078349633e+01,-2.888346930766746823e+01,0.000000000000000000e+00
-4.234369723886113945e+01,-2.964937600232021708e+01,0.000000000000000000e+00
-4.185194919944916592e+01,-3.040722097331972762e+01,0.000000000000000000e+00
-4.134626235763975899e+01,-3.115664345621212661e+01,0.000000000000000000e+00
-4.082676861671885860e+01,-3.189736749695794416e+01,0.000000000000000000e+00
-4.029363045101446517e+01,-3.262913857869166634e+01,0.000000000000000000e+00
-3.974703428049665632e+01,-3.335172180515544227e+01,0.000000000000000000e+00
-3.918717828950818927e+01,-3.406489437950944676e+01,0.000000000000000000e+00
-3.861427637634412235e+01,-3.476845061689478911e+01,0.000000000000000000e+00
-3.802860960141570956e+01,-3.546225215815966436e+01,0.000000000000000000e+00
-3.743054737048216651e+01,-3.614625943055908408e+01,0.000000000000000000e+00
-3.682019866646650286e+01,-3.682019866646648154e+01,0.000000000000000000e+00
-3.619742408682584767e+01,-3.748352992304106124e+01,0.000000000000000000e+00
-3.556197923283792051e+01,-3.813555379584290961e+01,0.000000000000000000e+00
-3.491422318821794590e+01,-3.877617321837442432e+01,0.000000000000000000e+00
-3.425586900772021437e+01,-3.940686946838260241e+01,0.000000000000000000e+00
-3.358611643150654658e+01,-4.002637491853533191e+01,0.000000000000000000e+00
-3.290325325221648711e+01,-4.063213388191485365e+01,0.000000000000000000e+00
-3.221022445127025691e+01,-4.122720725746429338e+01,0.000000000000000000e+00
-3.150713401335342212e+01,-4.181137903652093968e+01,0.000000000000000000e+00
-3.079159570246459765e+01,-4.238099562733014380e+01,0.000000000000000000e+00
-3.006610380474462119e+01,-4.293884621924750178e+01,0.000000000000000000e+00
-2.933111902192487008e+01,-4.348517222470734822e+01,0.000000000000000000e+00
-2.858535308681597442e+01,-4.401758369665697046e+01,0.000000000000000000e+00
-2.782954801370232190e+01,-4.453658661393359353e+01,0.000000000000000000e+00
-2.706480639189467396e+01,-4.504340197181942074e+01,0.000000000000000000e+00
-2.629096971566783836e+01,-4.553729532779131972e+01,0.000000000000000000e+00
-2.550706695965120474e+01,-4.601596689211668689e+01,0.000000000000000000e+00
-2.471432937315717737e+01,-4.648089332538293661e+01,0.000000000000000000e+00
-2.391343922704804115e+01,-4.693276704976343439e+01,0.000000000000000000e+00
-2.310440692533772378e+01,-4.737105427643118816e+01,0.000000000000000000e+00
-2.228703778256228674e+01,-4.779470676236276461e+01,0.000000000000000000e+00
-2.146128622245808160e+01,-4.820283807092476991e+01,0.000000000000000000e+00
-2.062807961975314797e+01,-4.859671017459618270e+01,0.000000000000000000e+00
-1.978780001243134734e+01,-4.897652366879960795e+01,0.000000000000000000e+00
-1.894066598583190952e+01,-4.934212183770848270e+01,0.000000000000000000e+00
-1.808676795075165700e+01,-4.969298653560564105e+01,0.000000000000000000e+00
-1.722562003220729920e+01,-5.002683307224700116e+01,0.000000000000000000e+00
-1.635828739554619204e+01,-5.034563181365393802e+01,0.000000000000000000e+00
-1.548514749885185715e+01,-5.064963524423268382e+01,0.000000000000000000e+00
-1.460637048528910142e+01,-5.093846740248881133e+01,0.000000000000000000e+00
-1.372222782418112530e+01,-5.121205143287932060e+01,0.000000000000000000e+00
-1.283298609816997526e+01,-5.147029596287067221e+01,0.000000000000000000e+00
-1.193882738431289603e+01,-5.171274278239425115e+01,0.000000000000000000e+00
-1.103973489449386847e+01,-5.193786918529568197e+01,0.000000000000000000e+00
-1.013638571493364537e+01,-5.214718383718578565e+01,0.000000000000000000e+00
-9.229096603895799333e+00,-5.234080778116980071e+01,0.000000000000000000e+00
-8.318113176218570715e+00,-5.251849966558836513e+01,0.000000000000000000e+00
-7.403722779196542092e+00,-5.268022489602154224e+01,0.000000000000000000e+00
-6.486204165626944018e+00,-5.282589372743787237e+01,0.000000000000000000e+00
-5.565836609086009190e+00,-5.295539799149875648e+01,0.000000000000000000e+00
-4.642914401091818632e+00,-5.306875444172329281e+01,0.000000000000000000e+00
-3.717713060257302526e+00,-5.316577371295863230e+01,0.000000000000000000e+00
-2.790456449451711674e+00,-5.324508093314037893e+01,0.000000000000000000e+00
-1.861552491053130476e+00,-5.330788863323889615e+01,0.000000000000000000e+00
-9.313036360461107721e-01,-5.335434957566847203e+01,0.000000000000000000e+00
-9.806550381605032866e-15,-5.338437383705372952e+01,0.000000000000000000e+00
9.320648128834708723e-01,-5.339795736747617383e+01,0.000000000000000000e+00
1.864596941862197488e+00,-5.339507029771527158e+01,0.000000000000000000e+00
2.797301835830285022e+00,-5.337569868631061354e+01,0.000000000000000000e+00
3.729885096764270713e+00,-5.333984194470958329e+01,0.000000000000000000e+00
4.662050238126695056e+00,-5.328747805988926700e+01,0.000000000000000000e+00
5.593507204749630368e+00,-5.321866612330805424e+01,0.000000000000000000e+00
6.523952161599197552e+00,-5.313332648359746457e+01,0.000000000000000000e+00
7.452966102600867337e+00,-5.303060934840205931e+01,0.000000000000000000e+00
8.380272711312768408e+00,-5.291095952444099026e+01,0.000000000000000000e+00
9.305635011560809744e+00,-5.277487866106297076e+01,0.000000000000000000e+00
1.022876687214673908e+01,-5.262244369052674386e+01,0.000000000000000000e+00
1.114937430282663477e+01,-5.245368204692374547e+01,0.000000000000000000e+00
1.206716891735937658e+01,-5.226865103645382504e+01,0.000000000000000000e+00
1.298186551106068087e+01,-5.206741867348880959e+01,0.000000000000000000e+00
1.389317152819917034e+01,-5.185002202150855766e+01,0.000000000000000000e+00
1.480082574192330469e+01,-5.161661347315562409e+01,0.000000000000000000e+00
1.570450781205199853e+01,-5.136713049905490891e+01,0.000000000000000000e+00
1.660362247927433188e+01,-5.110069556193560913e+01,0.000000000000000000e+00
1.749794460020153508e+01,-5.081772104487428976e+01,0.000000000000000000e+00
1.838739349854331095e+01,-5.051894843987455630e+01,0.000000000000000000e+00
1.927172973277667722e+01,-5.020457238459104587e+01,0.000000000000000000e+00
2.015068004756414410e+01,-4.987468327312408434e+01,0.000000000000000000e+00
2.102396936971029007e+01,-4.952936797863814888e+01,0.000000000000000000e+00
2.189139615812034023e+01,-4.916888080324370236e+01,0.000000000000000000e+00
2.275253413895577737e+01,-4.879296692012063374e+01,0.000000000000000000e+00
2.360628411349518530e+01,-4.840005500331147914e+01,0.000000000000000000e+00
2.445319008860787235e+01,-4.799208776101624352e+01,0.000000000000000000e+00
2.529318233199498422e+01,-4.756955740461326343e+01,0.000000000000000000e+00
2.612595085046821097e+01,-4.713246298611879581e+01,0.000000000000000000e+00
2.695125239984352206e+01,-4.668093848414161329e+01,0.000000000000000000e+00
2.776840726871739307e+01,-4.621439047487935881e+01,0.000000000000000000e+00
2.857658622669598003e+01,-4.573209766070051074e+01,0.000000000000000000e+00
2.937634153209006271e+01,-4.523559909031673953e+01,0.000000000000000000e+00
3.016798424643596022e+01,-4.472587594247325171e+01,0.000000000000000000e+00
3.095077524077440501e+01,-4.420228796723515075e+01,0.000000000000000000e+00
3.172359954055675146e+01,-4.366378885988996927e+01,0.000000000000000000e+00
3.248654705930359654e+01,-4.311110404737664226e+01,0.000000000000000000e+00
3.324034066156661282e+01,-4.254569588101951894e+01,0.000000000000000000e+00
3.398447277230982877e+01,-4.196732879286827966e+01,0.000000000000000000e+00
3.471751046245223904e+01,-4.137471781955453309e+01,0.000000000000000000e+00
3.543984832943374386e+01,-4.076888187488488313e+01,0.000000000000000000e+00
3.615217659946553397e+01,-4.015105976968155943e+01,0.000000000000000000e+00
3.685383400760539985e+01,-3.952089843419963699e+01,0.000000000000000000e+00
3.754287241089949134e+01,-3.887678244825814744e+01,0.000000000000000000e+00
3.822119075793523990e+01,-3.822119075793526122e+01,0.000000000000000000e+00
3.888878486543750768e+01,-3.755446301044026569e+01,0.000000000000000000e+00
3.954281769901409405e+01,-3.687427405272195813e+01,0.000000000000000000e+00
4.018493313314073845e+01,-3.618267631291818276e+01,0.000000000000000000e+00
4.081318189038941568e+01,-3.547835774539692721e+01,0.000000000000000000e+00
4.141970525976406492e+01,-3.475525940693969318e+01,0.000000000000000000e+00
4.200140159262531370e+01,-3.401206438151935174e+01,0.000000000000000000e+00
4.255765764443142274e+01,-3.324968621538803859e+01,0.000000000000000000e+00
4.308843178663890683e+01,-3.246946228539972878e+01,0.000000000000000000e+00
4.359362354424304442e+01,-3.167262145474837709e+01,0.000000000000000000e+00
4.407283901154801242e+01,-3.086013410618891939e+01,0.000000000000000000e+00
4.452526760107424053e+01,-3.003267221161277334e+01,0.000000000000000000e+00
4.494945525327640468e+01,-2.919051755156942107e+01,0.000000000000000000e+00
4.534432119005543171e+01,-2.833427659479838567e+01,0.000000000000000000e+00
4.571009861550443532e+01,-2.746539814992285145e+01,0.000000000000000000e+00
4.604729403575345259e+01,-2.658541760699613832e+01,0.000000000000000000e+00
4.635581695098593968e+01,-2.569544892341918896e+01,0.000000000000000000e+00
4.663491813048500489e+01,-2.479622581473977050e+01,0.000000000000000000e+00
4.688382909163632206e+01,-2.388850409193598878e+01,0.000000000000000000e+00
4.710190630125276101e+01,-2.297313468669663905e+01,0.000000000000000000e+00
4.728884310356141185e+01,-2.205114968448091517e+01,0.000000000000000000e+00
4.744441990400456888e+01,-2.112361669908609585e+01,0.000000000000000000e+00
4.756844981075003176e+01,-2.019160899079398064e+01,0.000000000000000000e+00
4.766077874776130585e+01,-1.925620455782246410e+01,0.000000000000000000e+00
4.772128554440417503e+01,-1.831848522615227637e+01,0.000000000000000000e+00
4.774988200158495033e+01,-1.737953573830037968e+01,0.000000000000000000e+00
4.774651293442600775e+01,-1.644044284161508784e+01,0.000000000000000000e+00
4.771114032928750248e+01,-1.550228922271767118e+01,0.000000000000000000e+00
4.764369657527496571e+01,-1.456613982116843253e+01,0.000000000000000000e+00
4.754413555994661067e+01,-1.363306149170598047e+01,0.000000000000000000e+00
4.741244411432352734e+01,-1.270412611161872185e+01,0.000000000000000000e+00
4.724864070116468895e+01,-1.178040922307642013e+01,0.000000000000000000e+00
4.705277558778706748e+01,-1.086298918738947172e+01,0.000000000000000000e+00
4.682493099783384594e+01,-9.952946333335626505e+00,0.000000000000000000e+00
4.656522124739567658e+01,-9.051362101135021376e+00,0.000000000000000000e+00
4.627382652491284887e+01,-8.159324116965207097e+00,0.000000000000000000e+00
4.595107323293265722e+01,-7.277935016309831084e+00,0.000000000000000000e+00
4.559734549426439543e+01,-6.408288995977266644e+00,0.000000000000000000e+00
4.521307352854136496e+01,-5.551467380272719687e+00,0.000000000000000000e+00
4.479882174076732326e+01,-4.708545899866708240e+00,0.000000000000000000e+00
4.435523428844078353e+01,-3.880580168274929687e+00,0.000000000000000000e+00
4.388257430284008365e+01,-3.068568520871797212e+00,0.000000000000000000e+00
4.338026783897812777e+01,-2.273463502144400294e+00,0.000000000000000000e+00
4.284790124795031829e+01,-1.496281682684836412e+00,0.000000000000000000e+00
4.228591664263034744e+01,-7.381034205463488096e-01,0.000000000000000000e+00
4.169553721894354226e+01,-1.021246123878170853e-14,0.000000000000000000e+00
