2.698458320490092888e+01,0.000000000000000000e+00,0.000000000000000000e+00
2.698996310193909309e+01,4.711115583545437135e-01,0.000000000000000000e+00
2.697800329282937781e+01,9.420926343365059186e-01,0.000000000000000000e+00
2.694606440996355801e+01,1.412183396143982028e+00,0.000000000000000000e+00
2.689857260350633439e+01,1.880931427994248839e+00,0.000000000000000000e+00
2.683504250959394355e+01,2.347762004825731719e+00,0.000000000000000000e+00
2.675500828000359732e+01,2.812064684796619751e+00,0.000000000000000000e+00
2.665802516230936803e+01,3.273193914092737966e+00,0.000000000000000000e+00
2.654367118197845699e+01,3.730469703981065255e+00,0.000000000000000000e+00
2.641177298915507166e+01,4.183213882866031241e+00,0.000000000000000000e+00
2.626286902849292915e+01,4.630852400536014102e+00,0.000000000000000000e+00
2.609764346779171973e+01,5.072868005035314098e+00,0.000000000000000000e+00
2.591657713615091296e+01,5.508738526316146356e+00,0.000000000000000000e+00
2.571967745891546642e+01,5.937855411272733086e+00,0.000000000000000000e+00
2.550683246277647243e+01,6.359567596799666767e+00,0.000000000000000000e+00
2.527760515193801183e+01,6.773113887054575954e+00,0.000000000000000000e+00
2.503200714375092772e+01,7.177812544752094404e+00,0.000000000000000000e+00
2.477196380588438274e+01,7.573549375442302001e+00,0.000000000000000000e+00
2.449805070927354578e+01,7.959899194755496232e+00,0.000000000000000000e+00
2.420865836932287962e+01,8.335709557253824897e+00,0.000000000000000000e+00
2.390610398587234187e+01,8.701110268130149095e+00,0.000000000000000000e+00
2.359070677165975383e+01,9.055623890706620216e+00,0.000000000000000000e+00
2.325900704896722360e+01,9.397248834667534467e+00,0.000000000000000000e+00
2.291460353693326368e+01,9.726672124855705093e+00,0.000000000000000000e+00
2.255850442281475665e+01,1.004369326669661078e+01,0.000000000000000000e+00
2.219030763501653780e+01,1.034751038702354720e+01,0.000000000000000000e+00
2.181044431069236822e+01,1.063766446142555466e+01,0.000000000000000000e+00
2.141915013500929277e+01,1.091360210032926581e+01,0.000000000000000000e+00
2.101678718429612758e+01,1.117482396911234588e+01,0.000000000000000000e+00
2.060375792171502596e+01,1.142084950994833115e+01,0.000000000000000000e+00
2.018051925447275252e+01,1.165122822395626834e+01,0.000000000000000000e+00
1.974757472074047016e+01,1.186553997099712099e+01,0.000000000000000000e+00
1.930547048660752196e+01,1.206339683127109019e+01,0.000000000000000000e+00
1.885479050313409743e+01,1.224444412088359257e+01,0.000000000000000000e+00
1.839615168148694835e+01,1.240836098628807527e+01,0.000000000000000000e+00
1.793019980104184086e+01,1.255486106229573551e+01,0.000000000000000000e+00
1.745760223948272838e+01,1.268369046398582967e+01,0.000000000000000000e+00
1.697905608773366026e+01,1.279463648183420332e+01,0.000000000000000000e+00
1.649523596635807721e+01,1.288749076635220447e+01,0.000000000000000000e+00
1.600694044869869970e+01,1.296216479565952717e+01,0.000000000000000000e+00
1.551343154551989123e+01,1.301731468813971837e+01,0.000000000000000000e+00
1.501440574987478271e+01,1.305182379455784591e+01,0.000000000000000000e+00
1.451288672111595623e+01,1.306746189812922410e+01,0.000000000000000000e+00
1.400949534053235546e+01,1.306406575422169780e+01,0.000000000000000000e+00
1.350488154064958479e+01,1.304151250890456382e+01,0.000000000000000000e+00
1.300000161646650554e+01,1.300000161646650376e+01,0.000000000000000000e+00
1.249077178821670664e+01,1.293457282933843722e+01,0.000000000000000000e+00
1.198334169102269087e+01,1.285056067098699906e+01,0.000000000000000000e+00
1.148355523764934283e+01,1.275378016166568607e+01,0.000000000000000000e+00
1.099665478390294027e+01,1.265020424851772063e+01,0.000000000000000000e+00
1.052360711936601412e+01,1.254154659155445017e+01,0.000000000000000000e+00
1.006406613161502150e+01,1.242808664911210315e+01,0.000000000000000000e+00
9.617883234309203999e+00,1.231032916516417153e+01,0.000000000000000000e+00
9.184841217727511165e+00,1.218869597539099381e+01,0.000000000000000000e+00
8.764971982068477274e+00,1.206394896955543850e+01,0.000000000000000000e+00
8.357966276632840419e+00,1.193641287839100507e+01,0.000000000000000000e+00
7.963734640476308968e+00,1.180672214156301614e+01,0.000000000000000000e+00
7.582122597714929135e+00,1.167544493956802931e+01,0.000000000000000000e+00
7.212955075782973680e+00,1.154314106419739971e+01,0.000000000000000000e+00
6.856021381164393524e+00,1.141033571522835821e+01,0.000000000000000000e+00
6.511139183126807062e+00,1.127762388032814300e+01,0.000000000000000000e+00
6.177960528696445408e+00,1.114533582395027800e+01,0.000000000000000000e+00
5.855996174425613710e+00,1.101352698620912207e+01,0.000000000000000000e+00
5.545045029690545135e+00,1.088276362876978354e+01,0.000000000000000000e+00
5.245040363425549579e+00,1.075392640636987096e+01,0.000000000000000000e+00
4.955585012606010586e+00,1.062728635470703686e+01,0.000000000000000000e+00
4.676083825913289083e+00,1.050265623085996936e+01,0.000000000000000000e+00
4.406649155768405990e+00,1.038141483897223694e+01,0.000000000000000000e+00
4.147117504135052535e+00,1.026447601405727283e+01,0.000000000000000000e+00
3.896881495051649935e+00,1.015172336916668350e+01,0.000000000000000000e+00
3.655322579664145533e+00,1.004291624844985620e+01,0.000000000000000000e+00
3.421844289073569634e+00,9.937757406040351071e+00,0.000000000000000000e+00
3.195876254903376790e+00,9.835895736565426262e+00,0.000000000000000000e+00
2.976955364990797825e+00,9.737182250690560537e+00,0.000000000000000000e+00
2.764757328463104624e+00,9.641854640997234327e+00,0.000000000000000000e+00
2.558746849235510101e+00,9.549373245053706327e+00,0.000000000000000000e+00
2.358124970371997087e+00,9.457922670062778536e+00,0.000000000000000000e+00
2.162305557685385349e+00,9.365974355944796770e+00,0.000000000000000000e+00
1.970990397773530356e+00,9.272780770858259913e+00,0.000000000000000000e+00
1.784002185924377759e+00,9.177895610097065671e+00,0.000000000000000000e+00
1.601325885224181622e+00,9.081570380155131517e+00,0.000000000000000000e+00
1.422952153925391094e+00,8.984166317156551784e+00,0.000000000000000000e+00
1.248825788878750398e+00,8.885857206720416457e+00,0.000000000000000000e+00
1.078874660222266524e+00,8.786728985213519749e+00,0.000000000000000000e+00
9.130271872490151042e-01,8.686873416100858947e+00,0.000000000000000000e+00
7.512120296991146029e-01,8.586392789924390812e+00,0.000000000000000000e+00
5.933562483805273624e-01,8.485389679424569565e+00,0.000000000000000000e+00
4.393859890089851228e-01,8.383984114953069167e+00,0.000000000000000000e+00
2.892243727112330798e-01,8.282302392551228465e+00,0.000000000000000000e+00
1.427900594763401587e-01,8.180437028653447129e+00,0.000000000000000000e+00
4.946572706900747471e-16,8.078366285437963867e+00,0.000000000000000000e+00
-1.392222890717377537e-01,7.976039599066369945e+00,0.000000000000000000e+00
-2.749506271566602988e-01,7.873555799554673662e+00,0.000000000000000000e+00
-4.072874716344997981e-01,7.771507917457149084e+00,0.000000000000000000e+00
-5.363795271072520077e-01,7.670584604093775738e+00,0.000000000000000000e+00
-6.624115949932122271e-01,7.571399176727974911e+00,0.000000000000000000e+00
-7.855649153384747230e-01,7.474150906980767672e+00,0.000000000000000000e+00
-9.060127391849910339e-01,7.378881616080766648e+00,0.000000000000000000e+00
-1.023927754753696018e+00,7.285624544083297849e+00,0.000000000000000000e+00
-1.139471282204974623e+00,7.194338533950364045e+00,0.000000000000000000e+00
-1.252783637883547740e+00,7.104889069443501626e+00,0.000000000000000000e+00
-1.363992200574120517e+00,7.017131553215773643e+00,0.000000000000000000e+00
-1.473212929528262993e+00,6.930921905931634264e+00,0.000000000000000000e+00
-1.580560782993997826e+00,6.846160899378181952e+00,0.000000000000000000e+00
-1.686149594339794833e+00,6.762776644067247211e+00,0.000000000000000000e+00
-1.790086612653686515e+00,6.680694188372424236e+00,0.000000000000000000e+00
-1.892472547012153283e+00,6.599836095022580729e+00,0.000000000000000000e+00
-1.993404075106740114e+00,6.520130938759839623e+00,0.000000000000000000e+00
-2.092973518057653415e+00,6.441510140269815388e+00,0.000000000000000000e+00
-2.191267352433561300e+00,6.363902480833454334e+00,0.000000000000000000e+00
-2.288366241075944885e+00,6.287234574798411302e+00,0.000000000000000000e+00
-2.384348917080222119e+00,6.211441290300194318e+00,0.000000000000000000e+00
-2.479294018930456645e+00,6.136468032008425055e+00,0.000000000000000000e+00
-2.573276104779908646e+00,6.062258599363481437e+00,0.000000000000000000e+00
-2.666365326232933874e+00,5.988754575382284173e+00,0.000000000000000000e+00
-2.758628491867153976e+00,5.915897891923960650e+00,0.000000000000000000e+00
-2.850133458868593817e+00,5.843639579731963352e+00,0.000000000000000000e+00
-2.940946116311431435e+00,5.771931743997388509e+00,0.000000000000000000e+00
-3.031128936897710791e+00,5.700724411500621258e+00,0.000000000000000000e+00
-3.120740964256824235e+00,5.629965731351103564e+00,0.000000000000000000e+00
-3.209840590983216835e+00,5.559606987779845078e+00,0.000000000000000000e+00
-3.298488114241189706e+00,5.489606091308663061e+00,0.000000000000000000e+00
-3.386741711631917617e+00,5.419919702068146883e+00,0.000000000000000000e+00
-3.474656922703789785e+00,5.350502456547360453e+00,0.000000000000000000e+00
-3.562286773420572317e+00,5.281307328922530075e+00,0.000000000000000000e+00
-3.649685656141762546e+00,5.212291295054148677e+00,0.000000000000000000e+00
-3.736909764665870437e+00,5.143415038518292626e+00,0.000000000000000000e+00
-3.824013460826862776e+00,5.074637260997029387e+00,0.000000000000000000e+00
-3.911049043774512235e+00,5.005914496675929470e+00,0.000000000000000000e+00
-3.998067093026680396e+00,4.937201684815008207e+00,0.000000000000000000e+00
-4.085121237887662460e+00,4.868457911435527308e+00,0.000000000000000000e+00
-4.172266944428596247e+00,4.799644079363190485e+00,0.000000000000000000e+00
-4.259558181855497061e+00,4.730718624411797357e+00,0.000000000000000000e+00
-4.347047273097340181e+00,4.661637476667710445e+00,0.000000000000000000e+00
-4.434785662891213676e+00,4.592354989087660933e+00,0.000000000000000000e+00
-4.522829648867801922e+00,4.522829648867801922e+00,0.000000000000000000e+00
-4.611237244808748414e+00,4.453020045284105777e+00,0.000000000000000000e+00
-4.700065209143676981e+00,4.382881713357243747e+00,0.000000000000000000e+00
-4.789368917911123624e+00,4.312367143321548468e+00,0.000000000000000000e+00
-4.879204359138680225e+00,4.241427640494376483e+00,0.000000000000000000e+00
-4.969634478843905967e+00,4.170018458283816898e+00,0.000000000000000000e+00
-5.060723229017455083e+00,4.098092867277416396e+00,0.000000000000000000e+00
-5.152533432218493914e+00,4.025600310687634575e+00,0.000000000000000000e+00
-5.245126743560289739e+00,3.952486500912335110e+00,0.000000000000000000e+00
-5.338569352281084868e+00,3.878697673138243207e+00,0.000000000000000000e+00
-5.432935091836813335e+00,3.804182105908200828e+00,0.000000000000000000e+00
-5.528297513050818957e+00,3.728883756191584187e+00,0.000000000000000000e+00
-5.624728994776954316e+00,3.652741718886353350e+00,0.000000000000000000e+00
-5.722302818043005779e+00,3.575691653339452269e+00,0.000000000000000000e+00
-5.821103883319633354e+00,3.497672082755172163e+00,0.000000000000000000e+00
-5.921220632448400245e+00,3.418618326075249847e+00,0.000000000000000000e+00
-6.022740314057237754e+00,3.338459470631420345e+00,0.000000000000000000e+00
-6.125749811524217492e+00,3.257118950785955036e+00,0.000000000000000000e+00
-6.230348507876999342e+00,3.174521123982972259e+00,0.000000000000000000e+00
-6.336644241161593527e+00,3.090587898562701330e+00,0.000000000000000000e+00
-6.444743613605476540e+00,3.005233301869753682e+00,0.000000000000000000e+00
-6.554752979600545260e+00,2.918364051629763090e+00,0.000000000000000000e+00
-6.666795728836700796e+00,2.829886891704939789e+00,0.000000000000000000e+00
-6.781006423531552585e+00,2.739704432663409683e+00,0.000000000000000000e+00
-6.897517959048030889e+00,2.647709075489422581e+00,0.000000000000000000e+00
-7.016465714375565987e+00,2.553784669782052763e+00,0.000000000000000000e+00
-7.138007068828772894e+00,2.457812937654573648e+00,0.000000000000000000e+00
-7.262304669807364554e+00,2.359665827264627147e+00,0.000000000000000000e+00
-7.389519396062529388e+00,2.259202800610188078e+00,0.000000000000000000e+00
-7.519841358540447551e+00,2.156279811199723451e+00,0.000000000000000000e+00
-7.653493519314841009e+00,2.050747407777245179e+00,0.000000000000000000e+00
-7.790697226058887814e+00,1.942438980129170378e+00,0.000000000000000000e+00
-7.931664411295103356e+00,1.831169015250703191e+00,0.000000000000000000e+00
-8.076592193305245360e+00,1.716732666619905645e+00,0.000000000000000000e+00
-8.225673006380553431e+00,1.598908861846039642e+00,0.000000000000000000e+00
-8.379248726802661196e+00,1.477487628602361935e+00,0.000000000000000000e+00
-8.537906922658432762e+00,1.352271609488240767e+00,0.000000000000000000e+00
-8.702171352946884042e+00,1.223010425666396728e+00,0.000000000000000000e+00
-8.871380064566553258e+00,1.089268505830586209e+00,0.000000000000000000e+00
-9.043971787423830122e+00,9.505597384815371864e-01,0.000000000000000000e+00
-9.218664345213886335e+00,8.065286230568545767e-01,0.000000000000000000e+00
-9.395086413952402182e+00,6.569684408614814286e-01,0.000000000000000000e+00
-9.573036971640675574e+00,5.017016086781375117e-01,0.000000000000000000e+00
-9.752443295307349658e+00,3.405628242967659314e-01,0.000000000000000000e+00
-9.933302711851421662e+00,1.733864437870056563e-01,0.000000000000000000e+00
-1.011542955241722375e+01,1.238782842336829512e-15,0.000000000000000000e+00
-1.029836100306830460e+01,-1.797585599627779251e-01,0.000000000000000000e+00
-1.048170994169187686e+01,-3.660293767531818121e-01,0.000000000000000000e+00
-1.066548098098132158e+01,-5.589541731987400786e-01,0.000000000000000000e+00
-1.084974998992895401e+01,-7.586884271798608470e-01,0.000000000000000000e+00
-1.103442012090376778e+01,-9.653866691614327866e-01,0.000000000000000000e+00
-1.121929107049195373e+01,-1.179195008187084559e+00,0.000000000000000000e+00
-1.140408904276932667e+01,-1.400246065614060509e+00,0.000000000000000000e+00
-1.158845262502343587e+01,-1.628650804829914200e+00,0.000000000000000000e+00
-1.177205309468702232e+01,-1.864510040872727981e+00,0.000000000000000000e+00
-1.195467446494467723e+01,-2.107931653756280443e+00,0.000000000000000000e+00
-1.213613861288879292e+01,-2.359026375311524149e+00,0.000000000000000000e+00
-1.231642573607360092e+01,-2.617937106523972268e+00,0.000000000000000000e+00
-1.249556669394965169e+01,-2.884828879720988226e+00,0.000000000000000000e+00
-1.267323373483753457e+01,-3.159792056671863580e+00,0.000000000000000000e+00
-1.284871065558052727e+01,-3.442801643943957490e+00,0.000000000000000000e+00
-1.302146673354936368e+01,-3.733845501657094612e+00,0.000000000000000000e+00
-1.319162435000280631e+01,-4.033084302073009830e+00,0.000000000000000000e+00
-1.335940079258634938e+01,-4.340732447380809766e+00,0.000000000000000000e+00
-1.352461716376157952e+01,-4.656899148654468412e+00,0.000000000000000000e+00
-1.368679076425225816e+01,-4.981584440817387716e+00,0.000000000000000000e+00
-1.384533393445665439e+01,-5.314725750493303202e+00,0.000000000000000000e+00
-1.399929650075412191e+01,-5.656082929547005200e+00,0.000000000000000000e+00
-1.414765162767652384e+01,-6.005321824455505109e+00,0.000000000000000000e+00
-1.428875182866416083e+01,-6.361762191376079123e+00,0.000000000000000000e+00
-1.441984266162364214e+01,-6.724083062505259001e+00,0.000000000000000000e+00
-1.453813643821230173e+01,-7.090722917932951397e+00,0.000000000000000000e+00
-1.464151076894752102e+01,-7.460222355825494311e+00,0.000000000000000000e+00
-1.472977711190204708e+01,-7.831961416669697584e+00,0.000000000000000000e+00
-1.480314538798853263e+01,-8.205517478533352005e+00,0.000000000000000000e+00
-1.486183380111625496e+01,-8.580483745725951295e+00,0.000000000000000000e+00
-1.490606815621740822e+01,-8.956469339611796698e+00,0.000000000000000000e+00
-1.493608117852145334e+01,-9.333099366087800774e+00,0.000000000000000000e+00
-1.495211183477700878e+01,-9.710014959842549587e+00,0.000000000000000000e+00
-1.495440465711581268e+01,-1.008687330553265937e+01,0.000000000000000000e+00
-1.494305341822131616e+01,-1.046323864730893050e+01,0.000000000000000000e+00
-1.491769336946306801e+01,-1.083833865265850704e+01,0.000000000000000000e+00
-1.487841429841553875e+01,-1.121168935367834507e+01,0.000000000000000000e+00
-1.482546151058083517e+01,-1.158291998454535943e+01,0.000000000000000000e+00
-1.475908727354032912e+01,-1.195167321864459531e+01,0.000000000000000000e+00
-1.467953846981493982e+01,-1.231759531587440826e+01,0.000000000000000000e+00
-1.458694113066593800e+01,-1.268023447019393579e+01,0.000000000000000000e+00
-1.448136178109997019e+01,-1.303907671464258300e+01,0.000000000000000000e+00
-1.436301712227014526e+01,-1.339373014897045167e+01,0.000000000000000000e+00
-1.423226117172870175e+01,-1.374393485366098488e+01,0.000000000000000000e+00
-1.408907884455650183e+01,-1.408907884455649651e+01,0.000000000000000000e+00
-1.393334539456171584e+01,-1.442840152858287084e+01,0.000000000000000000e+00
-1.376531324847710458e+01,-1.476149121135505027e+01,0.000000000000000000e+00
-1.358573168574995904e+01,-1.508848363330540110e+01,0.000000000000000000e+00
-1.339488485212594604e+01,-1.540905235224893843e+01,0.000000000000000000e+00
-1.319280876517528256e+01,-1.572257724230601994e+01,0.000000000000000000e+00
-1.297976997012973754e+01,-1.602868102859227761e+01,0.000000000000000000e+00
-1.275608214082977021e+01,-1.632704059572264654e+01,0.000000000000000000e+00
-1.252213958027494911e+01,-1.661744048561184783e+01,0.000000000000000000e+00
-1.227836975383165097e+01,-1.689972614203397328e+01,0.000000000000000000e+00
-1.202492714711797106e+01,-1.717337573637566095e+01,0.000000000000000000e+00
-1.176099596884404974e+01,-1.743639357424384784e+01,0.000000000000000000e+00
-1.148859884432523693e+01,-1.769089084369714726e+01,0.000000000000000000e+00
-1.120835265601520980e+01,-1.793711376909010369e+01,0.000000000000000000e+00
-1.091812014639988426e+01,-1.817080334549114795e+01,0.000000000000000000e+00
-1.062104584673521934e+01,-1.839619103606378658e+01,0.000000000000000000e+00
-1.031577132517437967e+01,-1.861014410307417322e+01,0.000000000000000000e+00
-1.000351658169323521e+01,-1.881387838172134153e+01,0.000000000000000000e+00
-9.684075190895615748e+00,-1.900606770575352300e+01,0.000000000000000000e+00
-9.358683934474504085e+00,-1.918814562297950133e+01,0.000000000000000000e+00
-9.026314422705478790e+00,-1.935699374618711488e+01,0.000000000000000000e+00
-8.689233036897324070e+00,-1.951633693789480972e+01,0.000000000000000000e+00
-8.346130443259559328e+00,-1.966225115022667680e+01,0.000000000000000000e+00
-7.998188319429156756e+00,-1.979621076056686846e+01,0.000000000000000000e+00
-7.646347480309276357e+00,-1.991941620580266914e+01,0.000000000000000000e+00
-7.290052384897278692e+00,-2.002925431414654867e+01,0.000000000000000000e+00
-6.929932421081195670e+00,-2.012598511886235997e+01,0.000000000000000000e+00
-6.566984681097983056e+00,-2.021110064189733180e+01,0.000000000000000000e+00
-6.201506341803942668e+00,-2.028421325663540387e+01,0.000000000000000000e+00
-5.833371619124370966e+00,-2.034338444082598585e+01,0.000000000000000000e+00
-5.463274603047075573e+00,-2.038921839427238680e+01,0.000000000000000000e+00
-5.091955802627624372e+00,-2.042271924758608037e+01,0.000000000000000000e+00
-4.719830627513596610e+00,-2.044383249378256551e+01,0.000000000000000000e+00
-4.347249842757299199e+00,-2.045220250366142167e+01,0.000000000000000000e+00
-3.974271675649745816e+00,-2.044585530952088348e+01,0.000000000000000000e+00
-3.601758202377421725e+00,-2.042658581180203470e+01,0.000000000000000000e+00
-3.230222772786028429e+00,-2.039482392441558289e+01,0.000000000000000000e+00
-2.860096084186190879e+00,-2.035064108052813481e+01,0.000000000000000000e+00
-2.491684741515354684e+00,-2.029314372419943169e+01,0.000000000000000000e+00
-2.125326598393507904e+00,-2.022113184136901154e+01,0.000000000000000000e+00
-1.761741236308358438e+00,-2.013679447493594665e+01,0.000000000000000000e+00
-1.401377896073093821e+00,-2.004063759127436484e+01,0.000000000000000000e+00
-1.044555704075884162e+00,-1.993131016741794070e+01,0.000000000000000000e+00
-6.917053149246873422e-01,-1.980784859532186459e+01,0.000000000000000000e+00
-3.434388499268861139e-01,-1.967559853482346810e+01,0.000000000000000000e+00
-3.589206669961659396e-15,-1.953873107174305090e+01,0.000000000000000000e+00
3.385743567558192058e-01,-1.939691190770035689e+01,0.000000000000000000e+00
6.723064986365577811e-01,-1.925233917870645328e+01,0.000000000000000000e+00
1.001178441951393383e+00,-1.910362269968125659e+01,0.000000000000000000e+00
1.325214686138169062e+00,-1.895145294495522492e+01,0.000000000000000000e+00
1.644462748376494421e+00,-1.879629522388605523e+01,0.000000000000000000e+00
1.958854787357288574e+00,-1.863725835981601620e+01,0.000000000000000000e+00
2.268539786792930446e+00,-1.847577390928521623e+01,0.000000000000000000e+00
2.573390446890793104e+00,-1.831062446967951374e+01,0.000000000000000000e+00
2.873566337764024592e+00,-1.814298381757685164e+01,0.000000000000000000e+00
3.169031812686757377e+00,-1.797247250508060290e+01,0.000000000000000000e+00
3.459755824309478811e+00,-1.779890072022805469e+01,0.000000000000000000e+00
3.746007255369262268e+00,-1.762357852393504487e+01,0.000000000000000000e+00
4.027432102258928559e+00,-1.744472498625207635e+01,0.000000000000000000e+00
4.304382036320864913e+00,-1.726393340192993975e+01,0.000000000000000000e+00
4.576925140271521641e+00,-1.708131716593260307e+01,0.000000000000000000e+00
4.844747081206197237e+00,-1.689564094775456127e+01,0.000000000000000000e+00
5.108181388732900174e+00,-1.670810847102896091e+01,0.000000000000000000e+00
5.367298673700261702e+00,-1.651884676714987776e+01,0.000000000000000000e+00
5.622026322216310490e+00,-1.632754999956043207e+01,0.000000000000000000e+00
5.873020977344537208e+00,-1.613599251923746181e+01,0.000000000000000000e+00
6.121212071178457670e+00,-1.594630262929873332e+01,0.000000000000000000e+00
6.366864551776538761e+00,-1.575854274958435042e+01,0.000000000000000000e+00
6.610168557909521958e+00,-1.557258123564494490e+01,0.000000000000000000e+00
6.851302540593878554e+00,-1.538827745531722080e+01,0.000000000000000000e+00
7.090440756666114730e+00,-1.520549927213350649e+01,0.000000000000000000e+00
7.327751775661528910e+00,-1.502411761577834248e+01,0.000000000000000000e+00
7.563399476424211620e+00,-1.484400726976231866e+01,0.000000000000000000e+00
7.797543418639942381e+00,-1.466504627212326639e+01,0.000000000000000000e+00
8.030339313358142661e+00,-1.448711561233164602e+01,0.000000000000000000e+00
8.261939449201513241e+00,-1.431009889507464372e+01,0.000000000000000000e+00
8.492493103249845632e+00,-1.413388202574199859e+01,0.000000000000000000e+00
8.722146936064849143e+00,-1.395835290915419158e+01,0.000000000000000000e+00
8.951045372483134699e+00,-1.378340115860144621e+01,0.000000000000000000e+00
9.179330970573454707e+00,-1.360891781403239165e+01,0.000000000000000000e+00
9.407144780696576447e+00,-1.343479506768630216e+01,0.000000000000000000e+00
9.634626696649013056e+00,-1.326092599575661346e+01,0.000000000000000000e+00
9.861915800755280515e+00,-1.308720429464880475e+01,0.000000000000000000e+00
1.008915070473027953e+01,-1.291352402045441572e+01,0.000000000000000000e+00
1.031646988809102794e+01,-1.273977933028308662e+01,0.000000000000000000e+00
1.054401203587473468e+01,-1.256586422411030846e+01,0.000000000000000000e+00
1.077191637741203856e+01,-1.239167228580140190e+01,0.000000000000000000e+00
1.100032302791213468e+01,-1.221709642196299050e+01,0.000000000000000000e+00
1.122937333463895193e+01,-1.204202859725235442e+01,0.000000000000000000e+00
1.145921022959192115e+01,-1.186635956484144572e+01,0.000000000000000000e+00
1.168997859119584959e+01,-1.168997859119585669e+01,0.000000000000000000e+00
1.192182561549019937e+01,-1.151277317208633200e+01,0.000000000000000000e+00
1.215490119951445003e+01,-1.133462873905997981e+01,0.000000000000000000e+00
1.238935833947707366e+01,-1.115542835512032482e+01,0.000000000000000000e+00
1.262535354569763157e+01,-1.097505239751602701e+01,0.000000000000000000e+00
1.286304727674046333e+01,-1.079337822572884598e+01,0.000000000000000000e+00
1.310260439532066101e+01,-1.061027983260140317e+01,0.000000000000000000e+00
1.334419464874089201e+01,-1.042562747636913123e+01,0.000000000000000000e+00
1.358799317681328667e+01,-1.023928729115678493e+01,0.000000000000000000e+00
1.383418105061076986e+01,-1.005112087339461446e+01,0.000000000000000000e+00
1.408294585317147884e+01,-9.860984846589852637e+00,0.000000000000000000e+00
1.433448229905440563e+01,-9.668730395239219177e+00,0.000000000000000000e+00
1.458899288434035668e+01,-9.474202756195076347e+00,0.000000000000000000e+00
1.484668858910789702e+01,-9.277240676675480913e+00,0.000000000000000000e+00
1.510778963200031910e+01,-9.077675830421878089e+00,0.000000000000000000e+00
1.537252628823736522e+01,-8.875332190638452801e+00,0.000000000000000000e+00
1.564113981476087822e+01,-8.670025374360237791e+00,0.000000000000000000e+00
1.591388339293296461e+01,-8.461561894383432758e+00,0.000000000000000000e+00
1.619102313981484542e+01,-8.249738343088861114e+00,0.000000000000000000e+00
1.647283924402314526e+01,-8.034340525516707743e+00,0.000000000000000000e+00
1.675962729674474971e+01,-7.815142556295645804e+00,0.000000000000000000e+00
1.705169956340069248e+01,-7.591905778889030287e+00,0.000000000000000000e+00
1.734938642534442010e+01,-7.364377614247506365e+00,0.000000000000000000e+00
1.765303817500205952e+01,-7.132290388370033263e+00,0.000000000000000000e+00
1.796302663223602991e+01,-6.895359884498769354e+00,0.000000000000000000e+00
1.827974720745266524e+01,-6.653283873423501582e+00,0.000000000000000000e+00
1.860362110298656546e+01,-6.405740452936632856e+00,0.000000000000000000e+00
1.893509762704758259e+01,-6.152386169120731552e+00,0.000000000000000000e+00
1.927465699032862645e+01,-5.892854016535091333e+00,0.000000000000000000e+00
1.962281318599141144e+01,-5.626751136690144151e+00,0.000000000000000000e+00
1.998011729632028377e+01,-5.353656294228124501e+00,0.000000000000000000e+00
2.034716128633065679e+01,-5.073117087048909291e+00,0.000000000000000000e+00
2.072458198092891735e+01,-4.784646753770505967e+00,0.000000000000000000e+00
2.111306575745566505e+01,-4.487720663717869485e+00,0.000000000000000000e+00
2.151335376977946368e+01,-4.181772356358830933e+00,0.000000000000000000e+00
2.192624774048917757e+01,-3.866189062346280458e+00,0.000000000000000000e+00
2.235261656499551819e+01,-3.540306664435779904e+00,0.000000000000000000e+00
2.279340378462875094e+01,-3.203403993600383082e+00,0.000000000000000000e+00
2.324963605900411068e+01,-2.854696354657172197e+00,0.000000000000000000e+00
2.372243280192699189e+01,-2.493328158287933860e+00,0.000000000000000000e+00
2.421301716474317089e+01,-2.118364511673640926e+00,0.000000000000000000e+00
2.472272866273030800e+01,-1.728781597929163416e+00,0.000000000000000000e+00
2.525303764928045425e+01,-1.323455623349833354e+00,0.000000000000000000e+00
2.580556189054903982e+01,-9.011500783848888085e-01,0.000000000000000000e+00
2.638208522703202874e+01,-4.605010105796387143e-01,0.000000000000000000e+00
2.698447247890803169e+01,-6.609289569594912665e-15,0.000000000000000000e+00
