2.341357262486353719e+01,0.000000000000000000e+00,0.000000000000000000e+00
2.344761899033472830e+01,4.092797118884002883e-01,0.000000000000000000e+00
2.346950144131844596e+01,8.195730499185225337e-01,0.000000000000000000e+00
2.347926134140142906e+01,1.230495946109008143e+00,0.000000000000000000e+00
2.347675150252756282e+01,1.641654387361770384e+00,0.000000000000000000e+00
2.346009138764406643e+01,2.052492041701019065e+00,0.000000000000000000e+00
2.343217224343438687e+01,2.462820544259781919e+00,0.000000000000000000e+00
2.339280807470609957e+01,2.872275667738709348e+00,0.000000000000000000e+00
2.334182442057179685e+01,3.280479487543824568e+00,0.000000000000000000e+00
2.327905896114320683e+01,3.687040724842548300e+00,0.000000000000000000e+00
2.320436211461762710e+01,4.091555110936417883e+00,0.000000000000000000e+00
2.311759762410337515e+01,4.493605772694600375e+00,0.000000000000000000e+00
2.301866474271690066e+01,4.892768231946867274e+00,0.000000000000000000e+00
2.290770650472020620e+01,5.288660763580050883e+00,0.000000000000000000e+00
2.278501507783849078e+01,5.680942304109230179e+00,0.000000000000000000e+00
2.265088966269032866e+01,6.069287592964339062e+00,0.000000000000000000e+00
2.250548584267763630e+01,6.453344219647988211e+00,0.000000000000000000e+00
2.234874941276291338e+01,6.832698387712841992e+00,0.000000000000000000e+00
2.218065439199693145e+01,7.206931487294722771e+00,0.000000000000000000e+00
2.200143934349798158e+01,7.575703098083997666e+00,0.000000000000000000e+00
2.181146881346805344e+01,7.938725413727932612e+00,0.000000000000000000e+00
2.161105930039528999e+01,8.295708424439386164e+00,0.000000000000000000e+00
2.140046715753281248e+01,8.646349976767208290e+00,0.000000000000000000e+00
2.117965692729246285e+01,8.990230981594947934e+00,0.000000000000000000e+00
2.094846583475220925e+01,9.326857902837510039e+00,0.000000000000000000e+00
2.070716231094413118e+01,9.655908364251807541e+00,0.000000000000000000e+00
2.045625874360237617e+01,9.977184029390224751e+00,0.000000000000000000e+00
2.019638265031426272e+01,1.029057094806285733e+01,0.000000000000000000e+00
1.992757144496147248e+01,1.059567768739397842e+01,0.000000000000000000e+00
1.964959256868542781e+01,1.089194701818139777e+01,0.000000000000000000e+00
1.936260737838976809e+01,1.117900658212636422e+01,0.000000000000000000e+00
1.906774116042297962e+01,1.145705475710904153e+01,0.000000000000000000e+00
1.876542408828291997e+01,1.172593838834903046e+01,0.000000000000000000e+00
1.845499450066540703e+01,1.198481356115041585e+01,0.000000000000000000e+00
1.813633663223881598e+01,1.223311352276637543e+01,0.000000000000000000e+00
1.781072579504392195e+01,1.247120446267588001e+01,0.000000000000000000e+00
1.747867578096180807e+01,1.269900128808606787e+01,0.000000000000000000e+00
1.714028260559451766e+01,1.291612937735222211e+01,0.000000000000000000e+00
1.679584023813302807e+01,1.312234856315649090e+01,0.000000000000000000e+00
1.644565189498158375e+01,1.331742632003929749e+01,0.000000000000000000e+00
1.608996537857738218e+01,1.350108401481948484e+01,0.000000000000000000e+00
1.572856915351849771e+01,1.367263656997902288e+01,0.000000000000000000e+00
1.536232100272439460e+01,1.383229596065469380e+01,0.000000000000000000e+00
1.499172800193196942e+01,1.398001252907398317e+01,0.000000000000000000e+00
1.461713604370831554e+01,1.411560419723700299e+01,0.000000000000000000e+00
1.423890441936158524e+01,1.423890441936158346e+01,0.000000000000000000e+00
1.385740089100197103e+01,1.434975869298098416e+01,0.000000000000000000e+00
1.347300185767884528e+01,1.444802562227921428e+01,0.000000000000000000e+00
1.308609076810514082e+01,1.453357617724833339e+01,0.000000000000000000e+00
1.269705722424050087e+01,1.460629349544355904e+01,0.000000000000000000e+00
1.230629601641410353e+01,1.466607248908932171e+01,0.000000000000000000e+00
1.191420631814029463e+01,1.471281950464339161e+01,0.000000000000000000e+00
1.152119098033167610e+01,1.474645198817390401e+01,0.000000000000000000e+00
1.112765594273545489e+01,1.476689819558066574e+01,0.000000000000000000e+00
1.073400975797929569e+01,1.477409696504386005e+01,0.000000000000000000e+00
1.034066322830865836e+01,1.476799757790049128e+01,0.000000000000000000e+00
9.948029152898479666e+00,1.474855973571414758e+01,0.000000000000000000e+00
9.556522183154282146e+00,1.471575368575612508e+01,0.000000000000000000e+00
9.166558782559731000e+00,1.466956053221483103e+01,0.000000000000000000e+00
8.778557285825563383e+00,1.460997277543813588e+01,0.000000000000000000e+00
8.392938052446048403e+00,1.453699513161473433e+01,0.000000000000000000e+00
8.010123699473925996e+00,1.445064567948236522e+01,0.000000000000000000e+00
7.630539424476220134e+00,1.435095744048099320e+01,0.000000000000000000e+00
7.254613310386053726e+00,1.423798029634116524e+01,0.000000000000000000e+00
6.882776945299003302e+00,1.411178401167995844e+01,0.000000000000000000e+00
6.515464931200269483e+00,1.397245963529631219e+01,0.000000000000000000e+00
6.153118605271788333e+00,1.382013066163465709e+01,0.000000000000000000e+00
5.796173892092334690e+00,1.365492997641158901e+01,0.000000000000000000e+00
5.445104401582451459e+00,1.347710631983593643e+01,0.000000000000000000e+00
5.100284503943365522e+00,1.328669538805010930e+01,0.000000000000000000e+00
4.762373541759782114e+00,1.308451376899313168e+01,0.000000000000000000e+00
4.432878882707794510e+00,1.287401507057941963e+01,0.000000000000000000e+00
4.113495183358978124e+00,1.266003640607362790e+01,0.000000000000000000e+00
3.804746149780108944e+00,1.244476390667571941e+01,0.000000000000000000e+00
3.506662503709192524e+00,1.222918546511076343e+01,0.000000000000000000e+00
3.218951592647353088e+00,1.201329089086467761e+01,0.000000000000000000e+00
2.941253363256073783e+00,1.179672291004562901e+01,0.000000000000000000e+00
2.673437713194706244e+00,1.157993095610427758e+01,0.000000000000000000e+00
2.415396930201958003e+00,1.136354912416995511e+01,0.000000000000000000e+00
2.166961630360357827e+00,1.114805115792394474e+01,0.000000000000000000e+00
1.927885165046431259e+00,1.093358008683850890e+01,0.000000000000000000e+00
1.697888999695787327e+00,1.072004924357936773e+01,0.000000000000000000e+00
1.476739368596012847e+00,1.050754659116082479e+01,0.000000000000000000e+00
1.264309631514532795e+00,1.029697563127925974e+01,0.000000000000000000e+00
1.060535633427508229e+00,1.009032253311911909e+01,0.000000000000000000e+00
8.653477148728696555e-01,9.890969641071913898e+00,0.000000000000000000e+00
6.783188368255052003e-01,9.700411301082564108e+00,0.000000000000000000e+00
4.987984793079014989e-01,9.517641963305013775e+00,0.000000000000000000e+00
3.262226501206298424e-01,9.341794435478286474e+00,0.000000000000000000e+00
1.601061269399566001e-01,9.172473869239684774e+00,0.000000000000000000e+00
5.516607780181612471e-16,9.009304207584570179e+00,0.000000000000000000e+00
-1.545100240341795717e-01,8.851873348485881365e+00,0.000000000000000000e+00
-3.038021385930412266e-01,8.699754988641815956e+00,0.000000000000000000e+00
-4.482221356295800763e-01,8.552587836413504618e+00,0.000000000000000000e+00
-5.880889416931753821e-01,8.410063684417018237e+00,0.000000000000000000e+00
-7.236952268063263638e-01,8.271874293655036681e+00,0.000000000000000000e+00
-8.553125115656169397e-01,8.137754957291759794e+00,0.000000000000000000e+00
-9.831915331653556800e-01,8.007452451150136596e+00,0.000000000000000000e+00
-1.107562256519309063e+00,7.880714945693029883e+00,0.000000000000000000e+00
-1.228640895233458652e+00,7.757333313271940867e+00,0.000000000000000000e+00
-1.346628324435859225e+00,7.637108734155347634e+00,0.000000000000000000e+00
-1.461708734186467185e+00,7.519839538637868692e+00,0.000000000000000000e+00
-1.574056276815370081e+00,7.405352553919149372e+00,0.000000000000000000e+00
-1.683835073044826158e+00,7.293490995167169366e+00,0.000000000000000000e+00
-1.791195794197955049e+00,7.184093939598750644e+00,0.000000000000000000e+00
-1.896278810475349186e+00,7.077008866010275234e+00,0.000000000000000000e+00
-1.999220199083916460e+00,6.972109398703750571e+00,0.000000000000000000e+00
-2.100146589640824679e+00,6.869269971927232099e+00,0.000000000000000000e+00
-2.199174181633122505e+00,6.768362174193123693e+00,0.000000000000000000e+00
-2.296413655745448423e+00,6.669269518659239004e+00,0.000000000000000000e+00
-2.391973322460795970e+00,6.571892691398887543e+00,0.000000000000000000e+00
-2.485953806279848521e+00,6.476131076073566639e+00,0.000000000000000000e+00
-2.578447623380076603e+00,6.381881814850519419e+00,0.000000000000000000e+00
-2.669543366154477848e+00,6.289050054824135039e+00,0.000000000000000000e+00
-2.759329445230582323e+00,6.197555405304610687e+00,0.000000000000000000e+00
-2.847888610680374466e+00,6.107316834444416642e+00,0.000000000000000000e+00
-2.935297319137093464e+00,6.018251369604190160e+00,0.000000000000000000e+00
-3.021627388636181522e+00,5.930277656659465713e+00,0.000000000000000000e+00
-3.106952254509057543e+00,5.843327331622641729e+00,0.000000000000000000e+00
-3.191342473124657353e+00,5.757334224942892931e+00,0.000000000000000000e+00
-3.274863760984711547e+00,5.672230421891623742e+00,0.000000000000000000e+00
-3.357577062619450103e+00,5.587946615728270672e+00,0.000000000000000000e+00
-3.439542721405042691e+00,5.504418981176314674e+00,0.000000000000000000e+00
-3.520822802947390695e+00,5.421591678058140573e+00,0.000000000000000000e+00
-3.601476078056186303e+00,5.339407862358446444e+00,0.000000000000000000e+00
-3.681557574836508806e+00,5.257809112209097080e+00,0.000000000000000000e+00
-3.761118872302829264e+00,5.176736016580544053e+00,0.000000000000000000e+00
-3.840213157457998516e+00,5.096134984523199130e+00,0.000000000000000000e+00
-3.918894832455658062e+00,5.015956648246318039e+00,0.000000000000000000e+00
-3.997215526199325630e+00,4.936150087361308891e+00,0.000000000000000000e+00
-4.075223932822032324e+00,4.856662762566561931e+00,0.000000000000000000e+00
-4.152966223221645770e+00,4.777441139450134600e+00,0.000000000000000000e+00
-4.230491594902068719e+00,4.698436909177948984e+00,0.000000000000000000e+00
-4.307851019345855903e+00,4.619604640594430656e+00,0.000000000000000000e+00
-4.385093301702181812e+00,4.540897042712588316e+00,0.000000000000000000e+00
-4.462264940324620177e+00,4.462264940324621065e+00,0.000000000000000000e+00
-4.539410404618444694e+00,4.383657671982468251e+00,0.000000000000000000e+00
-4.616576586958552220e+00,4.305027313648767340e+00,0.000000000000000000e+00
-4.693811902596895180e+00,4.226327220271585361e+00,0.000000000000000000e+00
-4.771162892875901562e+00,4.147508626737923088e+00,0.000000000000000000e+00
-4.848674069977552570e+00,4.068520623817006410e+00,0.000000000000000000e+00
-4.926388514968516930e+00,3.989310760736769712e+00,0.000000000000000000e+00
-5.004357830473173507e+00,3.909832842845031742e+00,0.000000000000000000e+00
-5.082640577935583437e+00,3.830044392720163948e+00,0.000000000000000000e+00
-5.161294279605208146e+00,3.749899793683976856e+00,0.000000000000000000e+00
-5.240375064275029082e+00,3.669350123051569934e+00,0.000000000000000000e+00
-5.319936744439093701e+00,3.588342643187141690e+00,0.000000000000000000e+00
-5.400021023794806752e+00,3.506814656278541609e+00,0.000000000000000000e+00
-5.480659985597808870e+00,3.424696453235887894e+00,0.000000000000000000e+00
-5.561882882975313969e+00,3.341916392023340787e+00,0.000000000000000000e+00
-5.643716217497449783e+00,3.258401077402008461e+00,0.000000000000000000e+00
-5.726181465479592170e+00,3.174074216576419971e+00,0.000000000000000000e+00
-5.809282202733101919e+00,3.088850138376363574e+00,0.000000000000000000e+00
-5.893012254992255450e+00,3.002639718101106858e+00,0.000000000000000000e+00
-5.977361648208455058e+00,2.915354069475012633e+00,0.000000000000000000e+00
-6.062316875366617452e+00,2.826904785145736287e+00,0.000000000000000000e+00
-6.147916354021610630e+00,2.737228715687892500e+00,0.000000000000000000e+00
-6.234324905294349684e+00,2.646313918365783557e+00,0.000000000000000000e+00
-6.321726945319956492e+00,2.554143478478038354e+00,0.000000000000000000e+00
-6.410308418732924451e+00,2.460686855436315490e+00,0.000000000000000000e+00
-6.500248350749332715e+00,2.365896915010731405e+00,0.000000000000000000e+00
-6.591652158552791185e+00,2.269687855390155384e+00,0.000000000000000000e+00
-6.684582659174221675e+00,2.171952567062642281e+00,0.000000000000000000e+00
-6.779098837482576023e+00,2.072578507259162262e+00,0.000000000000000000e+00
-6.875258150419004899e+00,1.971448550533289712e+00,0.000000000000000000e+00
-6.973155163319171734e+00,1.868451294708287636e+00,0.000000000000000000e+00
-7.072918017145212843e+00,1.763476523488365810e+00,0.000000000000000000e+00
-7.174673080013852733e+00,1.656403795900069031e+00,0.000000000000000000e+00
-7.278544601965467820e+00,1.547102414555679317e+00,0.000000000000000000e+00
-7.384670874803867413e+00,1.435434607524683104e+00,0.000000000000000000e+00
-7.493198365920996196e+00,1.321253043712452335e+00,0.000000000000000000e+00
-7.604269167820364217e+00,1.204397916222356812e+00,0.000000000000000000e+00
-7.718031652825255939e+00,1.084698610747541814e+00,0.000000000000000000e+00
-7.834669448774080891e+00,9.619764480871277890e-01,0.000000000000000000e+00
-7.954369387292086202e+00,8.360379114720444260e-01,0.000000000000000000e+00
-8.077316310567544733e+00,7.066736088877055844e-01,0.000000000000000000e+00
-8.203731799737399299e+00,5.736608107952352320e-01,0.000000000000000000e+00
-8.333854161753667000e+00,4.367587894862403619e-01,0.000000000000000000e+00
-8.467917408598999884e+00,2.957061919008410755e-01,0.000000000000000000e+00
-8.606191893753777578e+00,1.502216382901714053e-01,0.000000000000000000e+00
-8.748966339919524771e+00,1.071439362403037979e-15,0.000000000000000000e+00
-8.896536190230985852e+00,-1.552896168367165208e-01,0.000000000000000000e+00
-9.049284473444243915e+00,-3.160079771623974798e-01,0.000000000000000000e+00
-9.207614504336664396e+00,-4.825506286666021993e-01,0.000000000000000000e+00
-9.371892676632695540e+00,-6.553465767536525988e-01,0.000000000000000000e+00
-9.542435711509837049e+00,-8.348549471820431167e-01,0.000000000000000000e+00
-9.719699536983524624e+00,-1.021581586846799006e+00,0.000000000000000000e+00
-9.904757516860277278e+00,-1.216151302557435532e+00,0.000000000000000000e+00
-1.009840099071806385e+01,-1.419237704394974209e+00,0.000000000000000000e+00
-1.029890921054280994e+01,-1.631186971265033314e+00,0.000000000000000000e+00
-1.050385792562852316e+01,-1.852113553816758795e+00,0.000000000000000000e+00
-1.071204748856746569e+01,-2.082211102325663532e+00,0.000000000000000000e+00
-1.092283174468949625e+01,-2.321719559351365536e+00,0.000000000000000000e+00
-1.113610849984979367e+01,-2.570973225538329743e+00,0.000000000000000000e+00
-1.135178624664885128e+01,-2.830318193579641317e+00,0.000000000000000000e+00
-1.156952256427294756e+01,-3.100044227910582872e+00,0.000000000000000000e+00
-1.178902438599187974e+01,-3.380448345281232836e+00,0.000000000000000000e+00
-1.201009090689650805e+01,-3.671853277345924926e+00,0.000000000000000000e+00
-1.223223420699372710e+01,-3.974493822786171471e+00,0.000000000000000000e+00
-1.245477861333592529e+01,-4.288524193981126942e+00,0.000000000000000000e+00
-1.267718867872186372e+01,-4.614119333231244013e+00,0.000000000000000000e+00
-1.289911421632958266e+01,-4.951506031462971968e+00,0.000000000000000000e+00
-1.312056666653328207e+01,-5.301053031098006407e+00,0.000000000000000000e+00
-1.334131543459007929e+01,-5.663052417091983592e+00,0.000000000000000000e+00
-1.356037233426914668e+01,-6.037466746680890672e+00,0.000000000000000000e+00
-1.377182519552170703e+01,-6.421907555443729265e+00,0.000000000000000000e+00
-1.396714822514401710e+01,-6.812233358732560973e+00,0.000000000000000000e+00
-1.414449496312950494e+01,-7.206980153960235391e+00,0.000000000000000000e+00
-1.430501901158422839e+01,-7.606113528556099901e+00,0.000000000000000000e+00
-1.444892827145981862e+01,-8.009171724661985792e+00,0.000000000000000000e+00
-1.457580078583908723e+01,-8.415342507358557711e+00,0.000000000000000000e+00
-1.468528415205136639e+01,-8.823808926197203917e+00,0.000000000000000000e+00
-1.477735073769245133e+01,-9.233913578398702526e+00,0.000000000000000000e+00
-1.485210318774689675e+01,-9.645068585075785350e+00,0.000000000000000000e+00
-1.490966086427943793e+01,-1.005669323618869271e+01,0.000000000000000000e+00
-1.495015935892417147e+01,-1.046821428055513792e+01,0.000000000000000000e+00
-1.497375020442093607e+01,-1.087906632724077483e+01,0.000000000000000000e+00
-1.498060057705679959e+01,-1.128869223781339848e+01,0.000000000000000000e+00
-1.497086968957199460e+01,-1.169652530476767005e+01,0.000000000000000000e+00
-1.494466356414558383e+01,-1.210194993571628430e+01,0.000000000000000000e+00
-1.490217399559796085e+01,-1.250440870344590216e+01,0.000000000000000000e+00
-1.484363063046886211e+01,-1.290337124810930192e+01,0.000000000000000000e+00
-1.476927759181653244e+01,-1.329831727502906702e+01,0.000000000000000000e+00
-1.467931334573684587e+01,-1.368868114904151767e+01,0.000000000000000000e+00
-1.457369710159358078e+01,-1.407365569844731468e+01,0.000000000000000000e+00
-1.445258339880480492e+01,-1.445258339880479959e+01,0.000000000000000000e+00
-1.431733265629306118e+01,-1.482603197821511287e+01,0.000000000000000000e+00
-1.416816666294531046e+01,-1.519349860775735728e+01,0.000000000000000000e+00
-1.400355336741159284e+01,-1.555252162192579135e+01,0.000000000000000000e+00
-1.382518012190132239e+01,-1.590405043637517224e+01,0.000000000000000000e+00
-1.363360405174386258e+01,-1.624789660867272190e+01,0.000000000000000000e+00
-1.342877832866159871e+01,-1.658316017380374419e+01,0.000000000000000000e+00
-1.321115630917130979e+01,-1.690950896951862603e+01,0.000000000000000000e+00
-1.298114210107462085e+01,-1.722655740394976576e+01,0.000000000000000000e+00
-1.273945995134951126e+01,-1.753436235360403828e+01,0.000000000000000000e+00
-1.248492559388217238e+01,-1.783032160122642296e+01,0.000000000000000000e+00
-1.221905254187253220e+01,-1.811549037078658486e+01,0.000000000000000000e+00
-1.194338509987351316e+01,-1.839120026464036073e+01,0.000000000000000000e+00
-1.165640730221601196e+01,-1.865415109030251983e+01,0.000000000000000000e+00
-1.135957424824237805e+01,-1.890550634958708898e+01,0.000000000000000000e+00
-1.105351817577446560e+01,-1.914525508282740418e+01,0.000000000000000000e+00
-1.073803696519567374e+01,-1.937193148308284307e+01,0.000000000000000000e+00
-1.041387571080499974e+01,-1.958565165613831027e+01,0.000000000000000000e+00
-1.008245430954625199e+01,-1.978793074919114403e+01,0.000000000000000000e+00
-9.742037277789906469e+00,-1.997413645546133409e+01,0.000000000000000000e+00
-9.395249671838433514e+00,-2.014817794117265137e+01,0.000000000000000000e+00
-9.042303549463872159e+00,-2.030934629290048576e+01,0.000000000000000000e+00
-8.682501652060130581e+00,-2.045469205827449599e+01,0.000000000000000000e+00
-8.317086384015230038e+00,-2.058551116780376233e+01,0.000000000000000000e+00
-7.946909412871636214e+00,-2.070240680958410806e+01,0.000000000000000000e+00
-7.572404012149748453e+00,-2.080500903436897531e+01,0.000000000000000000e+00
-7.193999219158788705e+00,-2.089289078627233209e+01,0.000000000000000000e+00
-6.812132179904597962e+00,-2.096558706315414256e+01,0.000000000000000000e+00
-6.427099051296011112e+00,-2.102209376118846507e+01,0.000000000000000000e+00
-6.039817125214138827e+00,-2.106334548062948642e+01,0.000000000000000000e+00
-5.650857044401766949e+00,-2.108928559601590180e+01,0.000000000000000000e+00
-5.260780327728848960e+00,-2.109983743397531342e+01,0.000000000000000000e+00
-4.870149434090933482e+00,-2.109493477792348060e+01,0.000000000000000000e+00
-4.479530077287077638e+00,-2.107453207791908767e+01,0.000000000000000000e+00
-4.089491159204135862e+00,-2.103860816635864239e+01,0.000000000000000000e+00
-3.700603312436451020e+00,-2.098716428743792051e+01,0.000000000000000000e+00
-3.313436502423236174e+00,-2.092021473595425718e+01,0.000000000000000000e+00
-2.928555627428270025e+00,-2.083775604172107876e+01,0.000000000000000000e+00
-2.546399215013118944e+00,-2.073875735098945938e+01,0.000000000000000000e+00
-2.167657976016466037e+00,-2.062388799592315891e+01,0.000000000000000000e+00
-1.792970605298149778e+00,-2.049374779587149931e+01,0.000000000000000000e+00
-1.422928118180009749e+00,-2.034882012538338358e+01,0.000000000000000000e+00
-1.058099554494090544e+00,-2.018974222852588341e+01,0.000000000000000000e+00
-6.991330603847643044e-01,-2.002055139563764996e+01,0.000000000000000000e+00
-3.464240678432082277e-01,-1.984662155470901723e+01,0.000000000000000000e+00
-3.613288545289335498e-15,-1.966982669509308579e+01,0.000000000000000000e+00
3.402086389433934266e-01,-1.949053987152032263e+01,0.000000000000000000e+00
6.742173006603557894e-01,-1.930705738943344230e+01,0.000000000000000000e+00
1.002105486485182828e+00,-1.912131176314610670e+01,0.000000000000000000e+00
1.323931282493838957e+00,-1.893309941776501404e+01,0.000000000000000000e+00
1.639673727791162383e+00,-1.874155646811671261e+01,0.000000000000000000e+00
1.949542790754168031e+00,-1.854866063033744084e+01,0.000000000000000000e+00
2.253379840661088540e+00,-1.835230605615806709e+01,0.000000000000000000e+00
2.551504569312272874e+00,-1.815489835900950411e+01,0.000000000000000000e+00
2.843738476795858006e+00,-1.795465811520957189e+01,0.000000000000000000e+00
3.130326259830581215e+00,-1.775296240684911808e+01,0.000000000000000000e+00
3.411332386739067246e+00,-1.754978373000810521e+01,0.000000000000000000e+00
3.686633483299638581e+00,-1.734424688814297966e+01,0.000000000000000000e+00
3.956588995784682705e+00,-1.713786977969953540e+01,0.000000000000000000e+00
4.221168539658530783e+00,-1.693018229610380132e+01,0.000000000000000000e+00
4.480262090093343197e+00,-1.672056575145305857e+01,0.000000000000000000e+00
4.734215646778332953e+00,-1.651017202683237173e+01,0.000000000000000000e+00
4.983094204476326894e+00,-1.629896672686453840e+01,0.000000000000000000e+00
5.226878333362093620e+00,-1.608667739740655733e+01,0.000000000000000000e+00
5.466269761342875455e+00,-1.587520010120242020e+01,0.000000000000000000e+00
5.702157553668543599e+00,-1.566654912087695983e+01,0.000000000000000000e+00
5.934823861460797545e+00,-1.546074474237540031e+01,0.000000000000000000e+00
6.164474083191174181e+00,-1.525760876153195333e+01,0.000000000000000000e+00
6.391303622235148474e+00,-1.505696775914060836e+01,0.000000000000000000e+00
6.615499880410790290e+00,-1.485865600916156382e+01,0.000000000000000000e+00
6.837242754727317795e+00,-1.466251440471656231e+01,0.000000000000000000e+00
7.056705255304035695e+00,-1.446838989384267293e+01,0.000000000000000000e+00
7.274054100062719463e+00,-1.427613499439591394e+01,0.000000000000000000e+00
7.489450264693978454e+00,-1.408560732370506940e+01,0.000000000000000000e+00
7.703049486530973766e+00,-1.389666913492091638e+01,0.000000000000000000e+00
7.915002739541023402e+00,-1.370918688693190113e+01,0.000000000000000000e+00
8.125456686305192022e+00,-1.352303084774555941e+01,0.000000000000000000e+00
8.334554105225237208e+00,-1.333807471875279305e+01,0.000000000000000000e+00
8.542434295753643880e+00,-1.315419527771915220e+01,0.000000000000000000e+00
8.749233466326204578e+00,-1.297127204158067926e+01,0.000000000000000000e+00
8.955085103406929647e+00,-1.278918694063661121e+01,0.000000000000000000e+00
9.160120322111453106e+00,-1.260782400069479259e+01,0.000000000000000000e+00
9.364468207239145414e+00,-1.242706904164568371e+01,0.000000000000000000e+00
9.568256143682505765e+00,-1.224680938578643286e+01,0.000000000000000000e+00
9.771610137789020101e+00,-1.206693357392473942e+01,0.000000000000000000e+00
9.974655131427507371e+00,-1.188733108776700398e+01,0.000000000000000000e+00
1.017751531044060442e+01,-1.170789207713900382e+01,0.000000000000000000e+00
1.038031440919005810e+01,-1.152850709070829005e+01,0.000000000000000000e+00
1.058317601436175792e+01,-1.134906681048529364e+01,0.000000000000000000e+00
1.078622386647484888e+01,-1.116946178506604959e+01,0.000000000000000000e+00
1.098958216052085390e+01,-1.098958216052085923e+01,0.000000000000000000e+00
1.119337585044482708e+01,-1.080931741097116472e+01,0.000000000000000000e+00
1.139773095759162125e+01,-1.062855606569243783e+01,0.000000000000000000e+00
1.160277488465243323e+01,-1.044718543121844867e+01,0.000000000000000000e+00
1.180863673675865222e+01,-1.026509130695378147e+01,0.000000000000000000e+00
1.201544765142171123e+01,-1.008215769273787998e+01,0.000000000000000000e+00
1.222334113949204593e+01,-9.898266487056334384e+00,0.000000000000000000e+00
1.243245344365297100e+01,-9.713297177740022548e+00,0.000000000000000000e+00
1.264292390688638612e+01,-9.527126515175678989e+00,0.000000000000000000e+00
1.285489535476981970e+01,-9.339628168298840905e+00,0.000000000000000000e+00
1.306851449951806465e+01,-9.150672365765450067e+00,0.000000000000000000e+00
1.328393236532556543e+01,-8.960125517570867615e+00,0.000000000000000000e+00
1.350130473747229587e+01,-8.767849814588029034e+00,0.000000000000000000e+00
1.372079264771444862e+01,-8.573702809459613050e+00,0.000000000000000000e+00
1.394256289690543227e+01,-8.377536973065300430e+00,0.000000000000000000e+00
1.416678858391633078e+01,-8.179199202476620911e+00,0.000000000000000000e+00
1.439364968073800988e+01,-7.978530301473333530e+00,0.000000000000000000e+00
1.462333365211650182e+01,-7.775364425163041382e+00,0.000000000000000000e+00
1.485603616306839747e+01,-7.569528503692917631e+00,0.000000000000000000e+00
1.509196180264539322e+01,-7.360841596541333409e+00,0.000000000000000000e+00
1.533132482609899583e+01,-7.149114176071824645e+00,0.000000000000000000e+00
1.557435001122920148e+01,-6.934147380034562325e+00,0.000000000000000000e+00
1.582127366162689519e+01,-6.715732229720956070e+00,0.000000000000000000e+00
1.607234452258426316e+01,-6.493648697782081314e+00,0.000000000000000000e+00
1.632782487470472432e+01,-6.267664739755797854e+00,0.000000000000000000e+00
1.658799185153111111e+01,-6.037535280207632304e+00,0.000000000000000000e+00
1.685313858072407101e+01,-5.803000983940711954e+00,0.000000000000000000e+00
1.712357577729293823e+01,-5.563787039979178672e+00,0.000000000000000000e+00
1.739963322683427194e+01,-5.319601723570781537e+00,0.000000000000000000e+00
1.768166158581172809e+01,-5.070134872280291027e+00,0.000000000000000000e+00
1.797003426657821379e+01,-4.815056169689232668e+00,0.000000000000000000e+00
1.826514963236228084e+01,-4.554013279468747122e+00,0.000000000000000000e+00
1.856743323949911328e+01,-4.286629725847822314e+00,0.000000000000000000e+00
1.887734062106381572e+01,-4.012502615887174606e+00,0.000000000000000000e+00
1.919536006917898163e+01,-3.731200024256824399e+00,0.000000000000000000e+00
1.952201592217017634e+01,-3.442258124898865734e+00,0.000000000000000000e+00
1.985787225448702031e+01,-3.145177983063069949e+00,0.000000000000000000e+00
2.020353690908010336e+01,-2.839421941142700412e+00,0.000000000000000000e+00
2.055966607117528966e+01,-2.524409570859616370e+00,0.000000000000000000e+00
2.092696942915776859e+01,-2.199513118279816215e+00,0.000000000000000000e+00
2.130621599016878420e+01,-1.864052361774541478e+00,0.000000000000000000e+00
2.169824065771653210e+01,-1.517288793977163763e+00,0.000000000000000000e+00
2.210395169082153544e+01,-1.158419021495592283e+00,0.000000000000000000e+00
2.252433913861761994e+01,-7.865672550136141306e-01,0.000000000000000000e+00
2.296048336468158624e+01,-4.007767279137983696e-01,0.000000000000000000e+00
2.341347027238573020e+01,-5.734646285201778874e-15,0.000000000000000000e+00
