2.433710479601968046e+01,0.000000000000000000e+00,0.000000000000000000e+00
2.434984871395755590e+01,4.250281902944046397e-01,0.000000000000000000e+00
2.434873219984492110e+01,8.502764645670799482e-01,0.000000000000000000e+00
2.433146714048677950e+01,1.275158159531200930e+00,0.000000000000000000e+00
2.430162008995420564e+01,1.699334817952862675e+00,0.000000000000000000e+00
2.425890824298953774e+01,2.122379460777175542e+00,0.000000000000000000e+00
2.420306257178220122e+01,2.543844382694484541e+00,0.000000000000000000e+00
2.413382874227922770e+01,2.963261565026653166e+00,0.000000000000000000e+00
2.405096801888191393e+01,3.380143120774185217e+00,0.000000000000000000e+00
2.395425815654395052e+01,3.793981771513672108e+00,0.000000000000000000e+00
2.384357019330535010e+01,4.204264741495881808e+00,0.000000000000000000e+00
2.371918891935757046e+01,4.610543274640670930e+00,0.000000000000000000e+00
2.358154034287617051e+01,5.012411134164673321e+00,0.000000000000000000e+00
2.343103653416810062e+01,5.409481020840372523e+00,0.000000000000000000e+00
2.326787374727107505e+01,5.801332491814372716e+00,0.000000000000000000e+00
2.309213592884938393e+01,6.187519173644904669e+00,0.000000000000000000e+00
2.290388192340657980e+01,6.567582457501407234e+00,0.000000000000000000e+00
2.270311233308768806e+01,6.941038004827415620e+00,0.000000000000000000e+00
2.248988762094166560e+01,7.307407454108567180e+00,0.000000000000000000e+00
2.226442193505527101e+01,7.666255266171651428e+00,0.000000000000000000e+00
2.202743178339328622e+01,8.017329506484445645e+00,0.000000000000000000e+00
2.178029510267307600e+01,8.360671962374192745e+00,0.000000000000000000e+00
2.152187733244799261e+01,8.695402871516172638e+00,0.000000000000000000e+00
2.125038831420686591e+01,9.020254674055690813e+00,0.000000000000000000e+00
2.096920230644092342e+01,9.336090374865417374e+00,0.000000000000000000e+00
2.067881544614624190e+01,9.642690004111866386e+00,0.000000000000000000e+00
2.037717301146995297e+01,9.938611340538649586e+00,0.000000000000000000e+00
2.006557158582801037e+01,1.022391938163165648e+01,0.000000000000000000e+00
1.974504524819341711e+01,1.049862678704710284e+01,0.000000000000000000e+00
1.941613030917358174e+01,1.076253677456136693e+01,0.000000000000000000e+00
1.907864768113647713e+01,1.101506237447817149e+01,0.000000000000000000e+00
1.873184518610230143e+01,1.125522809404985303e+01,0.000000000000000000e+00
1.837672696409587303e+01,1.148305346826924911e+01,0.000000000000000000e+00
1.801419953765476833e+01,1.169855796512809043e+01,0.000000000000000000e+00
1.764464018347703700e+01,1.190146008037538117e+01,0.000000000000000000e+00
1.726835469308979043e+01,1.209143212858048955e+01,0.000000000000000000e+00
1.688571339737434940e+01,1.226818889890235198e+01,0.000000000000000000e+00
1.649709567860422155e+01,1.243145326354551372e+01,0.000000000000000000e+00
1.610290387723703631e+01,1.258096734430458241e+01,0.000000000000000000e+00
1.570356054480109798e+01,1.271649259349101690e+01,0.000000000000000000e+00
1.529949151946230756e+01,1.283779769118074654e+01,0.000000000000000000e+00
1.489118188404898468e+01,1.294470692221303132e+01,0.000000000000000000e+00
1.447896536859329686e+01,1.303691897512977071e+01,0.000000000000000000e+00
1.406421063736854826e+01,1.311508859396394655e+01,0.000000000000000000e+00
1.364999725240139838e+01,1.318164912279143408e+01,0.000000000000000000e+00
1.323834248890732646e+01,1.323834248890732468e+01,0.000000000000000000e+00
1.282966399006698133e+01,1.328550597746162865e+01,0.000000000000000000e+00
1.242412387886721525e+01,1.332324169716769191e+01,0.000000000000000000e+00
1.202191890934466478e+01,1.335169359297990610e+01,0.000000000000000000e+00
1.162323366005635350e+01,1.337100079227665361e+01,0.000000000000000000e+00
1.122825291664019964e+01,1.338131075196237063e+01,0.000000000000000000e+00
1.083715829450920154e+01,1.338277596280965831e+01,0.000000000000000000e+00
1.045012954920799508e+01,1.337555587184240657e+01,0.000000000000000000e+00
1.006734267752906042e+01,1.335981496769309373e+01,0.000000000000000000e+00
9.688975130942706571e+00,1.333573019812436300e+01,0.000000000000000000e+00
9.315189402342653580e+00,1.330346917738093104e+01,0.000000000000000000e+00
8.946177753573264724e+00,1.326325395482471059e+01,0.000000000000000000e+00
8.582060658712222789e+00,1.321521452568245003e+01,0.000000000000000000e+00
8.222652974005155713e+00,1.315899547462253771e+01,0.000000000000000000e+00
7.868204197392294041e+00,1.309489080866421595e+01,0.000000000000000000e+00
7.519101346682340647e+00,1.302346555971337594e+01,0.000000000000000000e+00
7.175545160369765085e+00,1.294502613941380176e+01,0.000000000000000000e+00
6.837628310616755911e+00,1.285970852397825936e+01,0.000000000000000000e+00
6.505603232037604045e+00,1.276796524784526277e+01,0.000000000000000000e+00
6.179421963139223983e+00,1.266969258976382484e+01,0.000000000000000000e+00
5.858491661144370255e+00,1.256357591107164140e+01,0.000000000000000000e+00
5.543654091377465676e+00,1.245125095103835022e+01,0.000000000000000000e+00
5.235358009544542668e+00,1.233373055271983887e+01,0.000000000000000000e+00
4.933325923273811142e+00,1.221041013631282368e+01,0.000000000000000000e+00
4.637245130050338560e+00,1.208043657859871978e+01,0.000000000000000000e+00
4.347603951090737162e+00,1.194494368435349330e+01,0.000000000000000000e+00
4.064632483146757735e+00,1.180454987130930000e+01,0.000000000000000000e+00
3.788427249878330461e+00,1.165958017873665575e+01,0.000000000000000000e+00
3.519190794387068610e+00,1.151075442476622435e+01,0.000000000000000000e+00
3.257240156646387330e+00,1.135934636934723763e+01,0.000000000000000000e+00
3.002681885381508486e+00,1.120616135521050083e+01,0.000000000000000000e+00
2.755332278741147167e+00,1.105103416913085645e+01,0.000000000000000000e+00
2.515043480125431330e+00,1.089385015693897252e+01,0.000000000000000000e+00
2.281736046384490013e+00,1.073472410570279045e+01,0.000000000000000000e+00
2.055425477520643529e+00,1.057424739490651433e+01,0.000000000000000000e+00
1.836059276341051039e+00,1.041280959365344572e+01,0.000000000000000000e+00
1.623504008975523716e+00,1.025040089575021440e+01,0.000000000000000000e+00
1.417660645695484112e+00,1.008717963499727688e+01,0.000000000000000000e+00
1.218449229768176156e+00,9.923472632130840410e+00,0.000000000000000000e+00
1.025743018981058352e+00,9.759292918960344565e+00,0.000000000000000000e+00
8.394041669608545142e-01,9.594433531518385294e+00,0.000000000000000000e+00
6.594117066840087249e-01,9.430026743056806993e+00,0.000000000000000000e+00
4.857492586779730281e-01,9.268648000797028885e+00,0.000000000000000000e+00
3.182038923749941350e-01,9.112167257659921304e+00,0.000000000000000000e+00
1.564113790019838468e-01,8.960801901637893252e+00,0.000000000000000000e+00
5.397336495267626680e-16,8.814519417395224821e+00,0.000000000000000000e+00
-1.513886796638644339e-01,8.673051649274141184e+00,0.000000000000000000e+00
-2.980839862703991150e-01,8.536008530420344798e+00,0.000000000000000000e+00
-4.403842092638589056e-01,8.403031292080829218e+00,0.000000000000000000e+00
-5.785661929293853811e-01,8.273882032499541239e+00,0.000000000000000000e+00
-7.128872090063171907e-01,8.148338084911758372e+00,0.000000000000000000e+00
-8.435856242205145294e-01,8.026181077176845591e+00,0.000000000000000000e+00
-9.708838793087805064e-01,7.907214654426589995e+00,0.000000000000000000e+00
-1.094987313268988238e+00,7.791239575228996017e+00,0.000000000000000000e+00
-1.216085529698343715e+00,7.678061855107311651e+00,0.000000000000000000e+00
-1.334358796421639015e+00,7.567524782993012344e+00,0.000000000000000000e+00
-1.449975281175109210e+00,7.459476155827088562e+00,0.000000000000000000e+00
-1.563090034664721184e+00,7.353760440909376861e+00,0.000000000000000000e+00
-1.673850258889524767e+00,7.250242013544270669e+00,0.000000000000000000e+00
-1.782395985832427643e+00,7.148799835987524887e+00,0.000000000000000000e+00
-1.888856762452088667e+00,7.049309405691250419e+00,0.000000000000000000e+00
-1.993352765282250250e+00,6.951647225315539913e+00,0.000000000000000000e+00
-2.096001207023400426e+00,6.855711036338410835e+00,0.000000000000000000e+00
-2.196913210091016477e+00,6.761403619299962919e+00,0.000000000000000000e+00
-2.296191659782241157e+00,6.668624795568092622e+00,0.000000000000000000e+00
-2.393932545139306978e+00,6.577275611467780614e+00,0.000000000000000000e+00
-2.490231085827864899e+00,6.487273770250742366e+00,0.000000000000000000e+00
-2.585178111840271686e+00,6.398540358355418789e+00,0.000000000000000000e+00
-2.678858058791930397e+00,6.310994095510997326e+00,0.000000000000000000e+00
-2.771349495790952577e+00,6.224552880887390671e+00,0.000000000000000000e+00
-2.862730813006491459e+00,6.139146040048378161e+00,0.000000000000000000e+00
-2.953078787155306806e+00,6.054708781790852257e+00,0.000000000000000000e+00
-3.042465303907689211e+00,5.971174368084152917e+00,0.000000000000000000e+00
-3.130957296372448351e+00,5.888474249156867124e+00,0.000000000000000000e+00
-3.218619669577614140e+00,5.806543589973948372e+00,0.000000000000000000e+00
-3.305519052920628198e+00,5.725326945045487115e+00,0.000000000000000000e+00
-3.391718997164720584e+00,5.644768336879718795e+00,0.000000000000000000e+00
-3.477279216186050625e+00,5.564809996779338519e+00,0.000000000000000000e+00
-3.562255828523171353e+00,5.485392942487119505e+00,0.000000000000000000e+00
-3.646706082045291453e+00,5.406464100878369372e+00,0.000000000000000000e+00
-3.730688258653701794e+00,5.327975000372498826e+00,0.000000000000000000e+00
-3.814257817134350859e+00,5.249875499519564670e+00,0.000000000000000000e+00
-3.897467217606626733e+00,5.172113688560179945e+00,0.000000000000000000e+00
-3.980366534779366638e+00,5.094636839252212113e+00,0.000000000000000000e+00
-4.063008760418802545e+00,5.017397965218185263e+00,0.000000000000000000e+00
-4.145447521580424066e+00,4.940351976754232766e+00,0.000000000000000000e+00
-4.227734146313165908e+00,4.863451796048148701e+00,0.000000000000000000e+00
-4.309917581622363159e+00,4.786648404032165516e+00,0.000000000000000000e+00
-4.392045351868802960e+00,4.709892008353452120e+00,0.000000000000000000e+00
-4.474169160107011933e+00,4.633137794317706337e+00,0.000000000000000000e+00
-4.556341360414034369e+00,4.556341360414035258e+00,0.000000000000000000e+00
-4.638612436876906386e+00,4.479455960972513751e+00,0.000000000000000000e+00
-4.721030921457431084e+00,4.402432556381441486e+00,0.000000000000000000e+00
-4.803644843423379385e+00,4.325221244388878006e+00,0.000000000000000000e+00
-4.886507758060625761e+00,4.247776388318204255e+00,0.000000000000000000e+00
-4.969673913448666269e+00,4.170051547846127526e+00,0.000000000000000000e+00
-5.053195966053453780e+00,4.091997409915509643e+00,0.000000000000000000e+00
-5.137124877152734470e+00,4.013561828089519778e+00,0.000000000000000000e+00
-5.221512590705573054e+00,3.934691960388916332e+00,0.000000000000000000e+00
-5.306418123265981279e+00,3.855338437931130180e+00,0.000000000000000000e+00
-5.391900812059487791e+00,3.775449593883111632e+00,0.000000000000000000e+00
-5.478018516387653136e+00,3.694970144723987104e+00,0.000000000000000000e+00
-5.564827594396301258e+00,3.613841294635993240e+00,0.000000000000000000e+00
-5.652388893900771372e+00,3.532004584871256014e+00,0.000000000000000000e+00
-5.740770904375907868e+00,3.449403159298717103e+00,0.000000000000000000e+00
-5.830041457397099336e+00,3.365976004814892786e+00,0.000000000000000000e+00
-5.920266819984493445e+00,3.281657485332906354e+00,0.000000000000000000e+00
-6.011513286187406990e+00,3.196378312824136980e+00,0.000000000000000000e+00
-6.103858302117244783e+00,3.110071145036591211e+00,0.000000000000000000e+00
-6.197383483357052469e+00,3.022665888673049306e+00,0.000000000000000000e+00
-6.292168806744870224e+00,2.934086500989133039e+00,0.000000000000000000e+00
-6.388292820247643888e+00,2.844251213724821259e+00,0.000000000000000000e+00
-6.485844191817072613e+00,2.753077521285687723e+00,0.000000000000000000e+00
-6.584922459452846155e+00,2.660481368709893601e+00,0.000000000000000000e+00
-6.685625780655002792e+00,2.566371288899031100e+00,0.000000000000000000e+00
-6.788050394708323054e+00,2.470648292372776833e+00,0.000000000000000000e+00
-6.892304076393159562e+00,2.373210612691089683e+00,0.000000000000000000e+00
-6.998509845531462936e+00,2.273953693093087480e+00,0.000000000000000000e+00
-7.106789239242868206e+00,2.172763517096798935e+00,0.000000000000000000e+00
-7.217262386121417350e+00,2.069516687030924285e+00,0.000000000000000000e+00
-7.330069227217564709e+00,1.964086129897172350e+00,0.000000000000000000e+00
-7.445363643893605499e+00,1.856337647773218968e+00,0.000000000000000000e+00
-7.563296263107063488e+00,1.746124527210257016e+00,0.000000000000000000e+00
-7.684024861344235013e+00,1.633289904314298768e+00,0.000000000000000000e+00
-7.807738043099338832e+00,1.517670534483976041e+00,0.000000000000000000e+00
-7.934626523331692383e+00,1.399088737908381175e+00,0.000000000000000000e+00
-8.064881929867491195e+00,1.277351810745529948e+00,0.000000000000000000e+00
-8.198732802336770931e+00,1.152256751542289015e+00,0.000000000000000000e+00
-8.336419195151771433e+00,1.023583570379255958e+00,0.000000000000000000e+00
-8.478181788722961798e+00,8.910928133471142099e-01,0.000000000000000000e+00
-8.624305682738718559e+00,7.545289780218460418e-01,0.000000000000000000e+00
-8.775089211135068012e+00,6.136140130545710836e-01,0.000000000000000000e+00
-8.930842277818399566e+00,4.680456109075594173e-01,0.000000000000000000e+00
-9.091933026642072591e+00,3.174972974577736085e-01,0.000000000000000000e+00
-9.258734645189043988e+00,1.616118143849116784e-01,0.000000000000000000e+00
-9.431661761241205255e+00,1.155045438654452907e-15,0.000000000000000000e+00
-9.611164255892461483e+00,-1.677634961223639087e-01,0.000000000000000000e+00
-9.797736343331157727e+00,-3.421444923863859455e-01,0.000000000000000000e+00
-9.991980405053737968e+00,-5.236575036685263695e-01,0.000000000000000000e+00
-1.019448099937673113e+01,-7.128675557051018519e-01,0.000000000000000000e+00
-1.040575572397113824e+01,-9.103856612674661175e-01,0.000000000000000000e+00
-1.062489921129195380e+01,-1.116721906377725171e+00,0.000000000000000000e+00
-1.084712821148971784e+01,-1.331859874505276986e+00,0.000000000000000000e+00
-1.106916648628301658e+01,-1.555669897441953609e+00,0.000000000000000000e+00
-1.129153199997028878e+01,-1.788402976221884710e+00,0.000000000000000000e+00
-1.151442835603476311e+01,-2.030304386603545286e+00,0.000000000000000000e+00
-1.173732406739628686e+01,-2.281504680670072727e+00,0.000000000000000000e+00
-1.195992035972960643e+01,-2.542159549511415317e+00,0.000000000000000000e+00
-1.218202343930588682e+01,-2.812441715681761156e+00,0.000000000000000000e+00
-1.240298187568156152e+01,-3.092410700363847909e+00,0.000000000000000000e+00
-1.262215603404444764e+01,-3.382096516061825930e+00,0.000000000000000000e+00
-1.283962915207178668e+01,-3.681704414210858367e+00,0.000000000000000000e+00
-1.305545970456633320e+01,-3.991454592233140364e+00,0.000000000000000000e+00
-1.326925267914826989e+01,-4.311441549746539259e+00,0.000000000000000000e+00
-1.348058392716282228e+01,-4.641737289390999166e+00,0.000000000000000000e+00
-1.368909688572235339e+01,-4.982423800389104152e+00,0.000000000000000000e+00
-1.389450902407297939e+01,-5.333602298816654042e+00,0.000000000000000000e+00
-1.409662103322206761e+01,-5.695404593081200950e+00,0.000000000000000000e+00
-1.429492680993808840e+01,-6.067836430378217294e+00,0.000000000000000000e+00
-1.448849230150863931e+01,-6.450692379503530915e+00,0.000000000000000000e+00
-1.467427555868838063e+01,-6.842727070893110053e+00,0.000000000000000000e+00
-1.484637530120674143e+01,-7.241061056477827940e+00,0.000000000000000000e+00
-1.500053000901420042e+01,-7.643151795497617584e+00,0.000000000000000000e+00
-1.513690173274576800e+01,-8.048433417433907167e+00,0.000000000000000000e+00
-1.525633558850362981e+01,-8.456724908708567412e+00,0.000000000000000000e+00
-1.535935401055745864e+01,-8.867727172574108252e+00,0.000000000000000000e+00
-1.544591237047924182e+01,-9.280840468371609475e+00,0.000000000000000000e+00
-1.551592520491058913e+01,-9.695426127066074429e+00,0.000000000000000000e+00
-1.556932894886141661e+01,-1.011084044038042151e+01,0.000000000000000000e+00
-1.560608216584626362e+01,-1.052643533540600451e+01,0.000000000000000000e+00
-1.562616575887210502e+01,-1.094155905767668990e+01,0.000000000000000000e+00
-1.562958316200845488e+01,-1.135555686219564286e+01,0.000000000000000000e+00
-1.561644480522110001e+01,-1.176783523118109187e+01,0.000000000000000000e+00
-1.558713607290282255e+01,-1.217800537216332302e+01,0.000000000000000000e+00
-1.554182826411160256e+01,-1.258552437493645648e+01,0.000000000000000000e+00
-1.548063435647855890e+01,-1.298979457891148748e+01,0.000000000000000000e+00
-1.540368712259726713e+01,-1.339022092914440165e+01,0.000000000000000000e+00
-1.531117117708618558e+01,-1.378624045078492166e+01,0.000000000000000000e+00
-1.520342451795509575e+01,-1.417742272394832881e+01,0.000000000000000000e+00
-1.508082047923429414e+01,-1.456337905167719882e+01,0.000000000000000000e+00
-1.494368246344020434e+01,-1.494368246344020079e+01,0.000000000000000000e+00
-1.479214791016319452e+01,-1.531771756704780074e+01,0.000000000000000000e+00
-1.462612115815243641e+01,-1.568459467903262450e+01,0.000000000000000000e+00
-1.444643855177215030e+01,-1.604439545030906089e+01,0.000000000000000000e+00
-1.425352430547690119e+01,-1.639680405257739437e+01,0.000000000000000000e+00
-1.404731301115046094e+01,-1.674093574733394618e+01,0.000000000000000000e+00
-1.382812400234325168e+01,-1.707631101070779422e+01,0.000000000000000000e+00
-1.359634163504974325e+01,-1.740252370422029315e+01,0.000000000000000000e+00
-1.335249606280641999e+01,-1.771936075585417569e+01,0.000000000000000000e+00
-1.309707645143610399e+01,-1.802657923878540203e+01,0.000000000000000000e+00
-1.283089243580488414e+01,-1.832441345691720258e+01,0.000000000000000000e+00
-1.255213476762553348e+01,-1.860930507799333000e+01,0.000000000000000000e+00
-1.226334955126802662e+01,-1.888390231300892808e+01,0.000000000000000000e+00
-1.196566433985409184e+01,-1.914906580598368535e+01,0.000000000000000000e+00
-1.165616784691602881e+01,-1.939912099045615079e+01,0.000000000000000000e+00
-1.133928405317008625e+01,-1.964021610154611608e+01,0.000000000000000000e+00
-1.101200985521226805e+01,-1.986619166032250305e+01,0.000000000000000000e+00
-1.067807661763164262e+01,-2.008254129377567665e+01,0.000000000000000000e+00
-1.033449128318785171e+01,-2.028258116143586776e+01,0.000000000000000000e+00
-9.984683454130728109e+00,-2.047163484295745306e+01,0.000000000000000000e+00
-9.627858521273637393e+00,-2.064700922855820764e+01,0.000000000000000000e+00
-9.263904541133834769e+00,-2.080707026932486414e+01,0.000000000000000000e+00
-8.894681246124179097e+00,-2.095455585692980804e+01,0.000000000000000000e+00
-8.520376122166863908e+00,-2.108867092613730776e+01,0.000000000000000000e+00
-8.140435148012514333e+00,-2.120655858593643828e+01,0.000000000000000000e+00
-7.756186551882750635e+00,-2.130994741237541845e+01,0.000000000000000000e+00
-7.368365391502282868e+00,-2.139928692069100435e+01,0.000000000000000000e+00
-6.977416146180265066e+00,-2.147427880511979481e+01,0.000000000000000000e+00
-6.583757984798623397e+00,-2.153450204404441948e+01,0.000000000000000000e+00
-6.187573311700547585e+00,-2.157863253954904081e+01,0.000000000000000000e+00
-5.789617801314357770e+00,-2.160714779091041038e+01,0.000000000000000000e+00
-5.390626311013263283e+00,-2.162062122802866071e+01,0.000000000000000000e+00
-4.991154750254183980e+00,-2.161906638554473048e+01,0.000000000000000000e+00
-4.591744227509035881e+00,-2.160245814776284945e+01,0.000000000000000000e+00
-4.192926894972042184e+00,-2.157073889619826446e+01,0.000000000000000000e+00
-3.795224510660020201e+00,-2.152378776867369226e+01,0.000000000000000000e+00
-3.398972670341104951e+00,-2.146026884570520110e+01,0.000000000000000000e+00
-3.004906638681363429e+00,-2.138102171546475816e+01,0.000000000000000000e+00
-2.613686350567274275e+00,-2.128676709308859216e+01,0.000000000000000000e+00
-2.225883231826233821e+00,-2.117786430013763166e+01,0.000000000000000000e+00
-1.842031321690643209e+00,-2.105451435024863827e+01,0.000000000000000000e+00
-1.462532270335442197e+00,-2.091518588773826082e+01,0.000000000000000000e+00
-1.087966703352327036e+00,-2.075964137836261614e+01,0.000000000000000000e+00
-7.190976858263447014e-01,-2.059226346648127759e+01,0.000000000000000000e+00
-3.564266265896688379e-01,-2.041966776150316676e+01,0.000000000000000000e+00
-3.718419002691159107e-15,-2.024213024947311368e+01,0.000000000000000000e+00
3.501784428387945680e-01,-2.006170955415406709e+01,0.000000000000000000e+00
6.941777824201162961e-01,-1.987865080075495428e+01,0.000000000000000000e+00
1.031977537290850178e+00,-1.969130444771180422e+01,0.000000000000000000e+00
1.363743656095003587e+00,-1.950244288552280025e+01,0.000000000000000000e+00
1.689357088022718223e+00,-1.930943987414033103e+01,0.000000000000000000e+00
2.009084389938117887e+00,-1.911516110516078371e+01,0.000000000000000000e+00
2.322727976552434015e+00,-1.891710129899144022e+01,0.000000000000000000e+00
2.630648774261652445e+00,-1.871803863860849049e+01,0.000000000000000000e+00
2.932580181837979971e+00,-1.851558256498558563e+01,0.000000000000000000e+00
3.228855002531844764e+00,-1.831174667404058809e+01,0.000000000000000000e+00
3.519484534376511320e+00,-1.810617829547213375e+01,0.000000000000000000e+00
3.804344625725913254e+00,-1.789803427302274130e+01,0.000000000000000000e+00
4.083775891521330692e+00,-1.768877675010791606e+01,0.000000000000000000e+00
4.357839844740593271e+00,-1.747834096068839571e+01,0.000000000000000000e+00
4.626288130345223237e+00,-1.726554235290117845e+01,0.000000000000000000e+00
4.889502644324388747e+00,-1.705172214501517658e+01,0.000000000000000000e+00
5.147542391812879536e+00,-1.683685251101927349e+01,0.000000000000000000e+00
5.400488585146085541e+00,-1.662099481120699451e+01,0.000000000000000000e+00
5.648524743197439690e+00,-1.640450700201505541e+01,0.000000000000000000e+00
5.892600109647818662e+00,-1.618978574313324259e+01,0.000000000000000000e+00
6.133522357561457028e+00,-1.597837202173833404e+01,0.000000000000000000e+00
6.371337933915775409e+00,-1.576961475890748332e+01,0.000000000000000000e+00
6.606271635374606710e+00,-1.556340066147163270e+01,0.000000000000000000e+00
6.838512093758680521e+00,-1.535954964137069645e+01,0.000000000000000000e+00
7.068244692512306138e+00,-1.515789965894758851e+01,0.000000000000000000e+00
7.295647738892172995e+00,-1.495829458585992988e+01,0.000000000000000000e+00
7.520892962864895281e+00,-1.476058353969840731e+01,0.000000000000000000e+00
7.744146294682986209e+00,-1.456462088792403975e+01,0.000000000000000000e+00
7.965568329985432072e+00,-1.437026566517138448e+01,0.000000000000000000e+00
8.185314830055197888e+00,-1.417738116160260908e+01,0.000000000000000000e+00
8.403537177458526131e+00,-1.398583450361401326e+01,0.000000000000000000e+00
8.620382814277411043e+00,-1.379549627124021427e+01,0.000000000000000000e+00
8.835995658532302954e+00,-1.360624013499167084e+01,0.000000000000000000e+00
9.050516500790253716e+00,-1.341794250895215690e+01,0.000000000000000000e+00
9.264083385242672719e+00,-1.323048222092706361e+01,0.000000000000000000e+00
9.476831976243140332e+00,-1.304374019544416541e+01,0.000000000000000000e+00
9.688895906066839814e+00,-1.285759913936520071e+01,0.000000000000000000e+00
9.900407115208695430e+00,-1.267194324241618020e+01,0.000000000000000000e+00
1.011149618435223196e+01,-1.248665788637159046e+01,0.000000000000000000e+00
1.032229265913367477e+01,-1.230162936033140042e+01,0.000000000000000000e+00
1.053292536943493118e+01,-1.211674458061463255e+01,0.000000000000000000e+00
1.074352274488578907e+01,-1.193189081382225147e+01,0.000000000000000000e+00
1.095421312887883403e+01,-1.174695540235125080e+01,0.000000000000000000e+00
1.116512509434359934e+01,-1.156182549245660773e+01,0.000000000000000000e+00
1.137638775594298224e+01,-1.137638775594298757e+01,0.000000000000000000e+00
1.158813108604734055e+01,-1.119052811078883458e+01,0.000000000000000000e+00
1.180048623612445979e+01,-1.100413143894588686e+01,0.000000000000000000e+00
1.201358586418932362e+01,-1.081708129863542389e+01,0.000000000000000000e+00
1.222756447002766578e+01,-1.062925962958795090e+01,0.000000000000000000e+00
1.244255873996210759e+01,-1.044054644960385403e+01,0.000000000000000000e+00
1.265870790464013318e+01,-1.025081954205701429e+01,0.000000000000000000e+00
1.287615411621711026e+01,-1.005995413568574826e+01,0.000000000000000000e+00
1.309504283094264743e+01,-9.867822561526391922e+00,0.000000000000000000e+00
1.331552321098071801e+01,-9.674293895419998179e+00,0.000000000000000000e+00
1.353774854830381358e+01,-9.479233583909895344e+00,0.000000000000000000e+00
1.376187671103990517e+01,-9.282503049331870315e+00,0.000000000000000000e+00
1.398807061907973015e+01,-9.083959274213377455e+00,0.000000000000000000e+00
1.421649876678887381e+01,-8.883454370823136159e+00,0.000000000000000000e+00
1.444733574881532157e+01,-8.680835101332183612e+00,0.000000000000000000e+00
1.468076282208188310e+01,-8.475942367238035402e+00,0.000000000000000000e+00
1.491696851290980241e+01,-8.268610666941851761e+00,0.000000000000000000e+00
1.515614930156275264e+01,-8.058667531310449661e+00,0.000000000000000000e+00
1.539851035025698778e+01,-7.845932907759310737e+00,0.000000000000000000e+00
1.564426622241142617e+01,-7.630218460870186625e+00,0.000000000000000000e+00
1.589364170420529554e+01,-7.411326842642603552e+00,0.000000000000000000e+00
1.614687278626051636e+01,-7.189050942470949224e+00,0.000000000000000000e+00
1.640420757660386997e+01,-6.963172996143152993e+00,0.000000000000000000e+00
1.666590732436063860e+01,-6.733463636379931394e+00,0.000000000000000000e+00
1.693224771703970788e+01,-6.499680930882078655e+00,0.000000000000000000e+00
1.720352000216205823e+01,-6.261569205390220105e+00,0.000000000000000000e+00
1.748003246577119896e+01,-6.018857859164876700e+00,0.000000000000000000e+00
1.776211195330103720e+01,-5.771260020321451023e+00,0.000000000000000000e+00
1.805010549362188499e+01,-5.518471052965717938e+00,0.000000000000000000e+00
1.834438223255042644e+01,-5.260166959779706275e+00,0.000000000000000000e+00
1.864533540931385147e+01,-4.996002565533062878e+00,0.000000000000000000e+00
1.895338462921922229e+01,-4.725609536721870896e+00,0.000000000000000000e+00
1.926897844133191384e+01,-4.448594197587778964e+00,0.000000000000000000e+00
1.959259700024508533e+01,-4.164535052558496098e+00,0.000000000000000000e+00
1.992475526828800980e+01,-3.872980088543204857e+00,0.000000000000000000e+00
2.026600646642395986e+01,-3.573443731242783805e+00,0.000000000000000000e+00
2.061694590456752607e+01,-3.265403438296173633e+00,0.000000000000000000e+00
2.097821534087731266e+01,-2.948295894573420117e+00,0.000000000000000000e+00
2.135050786400875111e+01,-2.621512733136339701e+00,0.000000000000000000e+00
2.173457338321674470e+01,-2.284395714268721012e+00,0.000000000000000000e+00
2.213122482763370158e+01,-1.936231282361423833e+00,0.000000000000000000e+00
2.254134516845809344e+01,-1.576244404548514000e+00,0.000000000000000000e+00
2.296589538981381295e+01,-1.203591576626788173e+00,0.000000000000000000e+00
2.340592351876605193e+01,-8.173528599403028227e-01,0.000000000000000000e+00
2.386257376833280475e+01,-4.165227744806532240e-01,0.000000000000000000e+00
2.433700274218108461e+01,-5.960846501810484348e-15,0.000000000000000000e+00
