2.404418048354972726e+01,0.000000000000000000e+00,0.000000000000000000e+00
2.408277586622017452e+01,4.203664163965846190e-01,0.000000000000000000e+00
2.410813979556264997e+01,8.418747926756735556e-01,0.000000000000000000e+00
2.412028832932038824e+01,1.264090747006337390e+00,0.000000000000000000e+00
2.411911660539264801e+01,1.686572931108891282e+00,0.000000000000000000e+00
2.410261772406895275e+01,2.108705812155040604e+00,0.000000000000000000e+00
2.407395381792327171e+01,2.530274505854037237e+00,0.000000000000000000e+00
2.403288209274736786e+01,2.950866874989264144e+00,0.000000000000000000e+00
2.397917319475677189e+01,3.370053016264327184e+00,0.000000000000000000e+00
2.391261199624618783e+01,3.787385667723245142e+00,0.000000000000000000e+00
2.383299836968162566e+01,4.202400643755729526e+00,0.000000000000000000e+00
2.374014794938427286e+01,4.614617297376488736e+00,0.000000000000000000e+00
2.363395067099605740e+01,5.023551293305834164e+00,0.000000000000000000e+00
2.351470192363235512e+01,5.428796697965800888e+00,0.000000000000000000e+00
2.338286793019878473e+01,5.830003761782321270e+00,0.000000000000000000e+00
2.323889745675672813e+01,6.226843806527635472e+00,0.000000000000000000e+00
2.308287433797202581e+01,6.618907706463875940e+00,0.000000000000000000e+00
2.291461021640155948e+01,7.005699396820030955e+00,0.000000000000000000e+00
2.273404273574495704e+01,7.386738259844162435e+00,0.000000000000000000e+00
2.254147448302171597e+01,7.761652108768757330e+00,0.000000000000000000e+00
2.233719806027430010e+01,8.130075210848596967e+00,0.000000000000000000e+00
2.212113627062932153e+01,8.491508628412059778e+00,0.000000000000000000e+00
2.189341195471167367e+01,8.845512602716457451e+00,0.000000000000000000e+00
2.165505548785731094e+01,9.192025698217022978e+00,0.000000000000000000e+00
2.140647012215575629e+01,9.530774549583865607e+00,0.000000000000000000e+00
2.114707033030433792e+01,9.861040842563266295e+00,0.000000000000000000e+00
2.087748308685921117e+01,1.018262886869383266e+01,0.000000000000000000e+00
2.059812862760032459e+01,1.049527074772211854e+01,0.000000000000000000e+00
2.030824591645297517e+01,1.079808589427875809e+01,0.000000000000000000e+00
2.000927817249668550e+01,1.109132400405123242e+01,0.000000000000000000e+00
1.970203849169412180e+01,1.137497722676396705e+01,0.000000000000000000e+00
1.938571516894187852e+01,1.164811281670238330e+01,0.000000000000000000e+00
1.905983962047666580e+01,1.190990963114297685e+01,0.000000000000000000e+00
1.872600961185649382e+01,1.216081283222917619e+01,0.000000000000000000e+00
1.838480889630776716e+01,1.240071018108000267e+01,0.000000000000000000e+00
1.803630054187746978e+01,1.262915360083847460e+01,0.000000000000000000e+00
1.768082938582090335e+01,1.284587447920578995e+01,0.000000000000000000e+00
1.731868149860193995e+01,1.305056258571182148e+01,0.000000000000000000e+00
1.695018837155224745e+01,1.324293854127507331e+01,0.000000000000000000e+00
1.657570044332490156e+01,1.342273755802790447e+01,0.000000000000000000e+00
1.619552272394825820e+01,1.358965714438824079e+01,0.000000000000000000e+00
1.580984255582059461e+01,1.374328646073743876e+01,0.000000000000000000e+00
1.541946492561523208e+01,1.388374857993264833e+01,0.000000000000000000e+00
1.502479917306279766e+01,1.401085189506971851e+01,0.000000000000000000e+00
1.462625464369166473e+01,1.412440992688287800e+01,0.000000000000000000e+00
1.422425314299811383e+01,1.422425314299811205e+01,0.000000000000000000e+00
1.381922923679917403e+01,1.431023078792645897e+01,0.000000000000000000e+00
1.341137348100490634e+01,1.438193727948446821e+01,0.000000000000000000e+00
1.300120819119185711e+01,1.443930452503749073e+01,0.000000000000000000e+00
1.258929767223262353e+01,1.448233031123740489e+01,0.000000000000000000e+00
1.217610428695039282e+01,1.451091602777488987e+01,0.000000000000000000e+00
1.176209571251651198e+01,1.452497855027975504e+01,0.000000000000000000e+00
1.134774011266693527e+01,1.452444500150978968e+01,0.000000000000000000e+00
1.093350730945891414e+01,1.450925425716635253e+01,0.000000000000000000e+00
1.051986782939306053e+01,1.447935588612293500e+01,0.000000000000000000e+00
1.010729288086535504e+01,1.443471018136662209e+01,0.000000000000000000e+00
9.696254246444427238e+00,1.437528808655442170e+01,0.000000000000000000e+00
9.287224407141959404e+00,1.430107147564156200e+01,0.000000000000000000e+00
8.880676790393469133e+00,1.421205370892012354e+01,0.000000000000000000e+00
8.477086234470869286e+00,1.410824069014587678e+01,0.000000000000000000e+00
8.076929402007738901e+00,1.398965209342430960e+01,0.000000000000000000e+00
7.680686104374276901e+00,1.385632452554082761e+01,0.000000000000000000e+00
7.288837951921559366e+00,1.370831043779963032e+01,0.000000000000000000e+00
6.901877321042332980e+00,1.354569693798542573e+01,0.000000000000000000e+00
6.520280087724959373e+00,1.336855531203547187e+01,0.000000000000000000e+00
6.144603849338906798e+00,1.317714547869695707e+01,0.000000000000000000e+00
5.775176301791855593e+00,1.297125834960466051e+01,0.000000000000000000e+00
5.413314643985444263e+00,1.275297011098146882e+01,0.000000000000000000e+00
5.061940084657148731e+00,1.252874135631588182e+01,0.000000000000000000e+00
4.722254981555225939e+00,1.230189481314534561e+01,0.000000000000000000e+00
4.394026168437807023e+00,1.207248767827558211e+01,0.000000000000000000e+00
4.077503745304263738e+00,1.184193073087654469e+01,0.000000000000000000e+00
3.772770611712866540e+00,1.161139400120729626e+01,0.000000000000000000e+00
3.479406737737214872e+00,1.138062663889912862e+01,0.000000000000000000e+00
3.196830190311124920e+00,1.114867178019769867e+01,0.000000000000000000e+00
2.924944145907846682e+00,1.091604016182924042e+01,0.000000000000000000e+00
2.664676828666821429e+00,1.068743501845163912e+01,0.000000000000000000e+00
2.416735240644461769e+00,1.046803038938380226e+01,0.000000000000000000e+00
2.180603620241110541e+00,1.025893344862404177e+01,0.000000000000000000e+00
1.955416261214374618e+00,1.005974457952405388e+01,0.000000000000000000e+00
1.740238016967816437e+00,9.869380227437147823e+00,0.000000000000000000e+00
1.534292594750658045e+00,9.687142194061667766e+00,0.000000000000000000e+00
1.336890564753856925e+00,9.512470646590701406e+00,0.000000000000000000e+00
1.147399258847105807e+00,9.344817055252121918e+00,0.000000000000000000e+00
9.652395283105331680e-01,9.183640657968311416e+00,0.000000000000000000e+00
7.898907480985303264e-01,9.028492564233488338e+00,0.000000000000000000e+00
6.208763208212255691e-01,8.878945050759529778e+00,0.000000000000000000e+00
4.577620943387771257e-01,8.734621092538921161e+00,0.000000000000000000e+00
3.001498842122394262e-01,8.595168107139452118e+00,0.000000000000000000e+00
1.476742727875129668e-01,8.460253421846983812e+00,0.000000000000000000e+00
5.100405297147873437e-16,8.329593970602747532e+00,0.000000000000000000e+00
-1.431822330017534228e-01,8.202904634876926337e+00,0.000000000000000000e+00
-2.821575913929417201e-01,8.079936252825742571e+00,0.000000000000000000e+00
-4.171902014609378817e-01,7.960463258857058300e+00,0.000000000000000000e+00
-5.485238563565556502e-01,7.844256603599691680e+00,0.000000000000000000e+00
-6.763855112120593649e-01,7.731121769983802849e+00,0.000000000000000000e+00
-8.009866100549678514e-01,7.620878531015243595e+00,0.000000000000000000e+00
-9.225224286380919736e-01,7.513342246405098734e+00,0.000000000000000000e+00
-1.041176161752275453e+00,7.408353337000349370e+00,0.000000000000000000e+00
-1.157120081639376963e+00,7.305768668111517705e+00,0.000000000000000000e+00
-1.270513536868886684e+00,7.205440323222712884e+00,0.000000000000000000e+00
-1.381505519747967314e+00,7.107229769704555444e+00,0.000000000000000000e+00
-1.490238663548547171e+00,7.011021686839433720e+00,0.000000000000000000e+00
-1.596845943404312296e+00,6.916699678804307361e+00,0.000000000000000000e+00
-1.701450394843444291e+00,6.824144802995118830e+00,0.000000000000000000e+00
-1.804169971041649667e+00,6.733253997417504522e+00,0.000000000000000000e+00
-1.905117896260851929e+00,6.643935668639904257e+00,0.000000000000000000e+00
-2.004399511463006878e+00,6.556095390557111102e+00,0.000000000000000000e+00
-2.102112620313558278e+00,6.469637404827375704e+00,0.000000000000000000e+00
-2.198352719420751722e+00,6.384479880709979405e+00,0.000000000000000000e+00
-2.293212083182092798e+00,6.300548416563295895e+00,0.000000000000000000e+00
-2.386776825843947680e+00,6.217766208870650679e+00,0.000000000000000000e+00
-2.479127020341246102e+00,6.136054695995732722e+00,0.000000000000000000e+00
-2.570341114427139750e+00,6.055344195397241336e+00,0.000000000000000000e+00
-2.660496638591062002e+00,5.975573287124082533e+00,0.000000000000000000e+00
-2.749666482596053285e+00,5.896678801020414085e+00,0.000000000000000000e+00
-2.837918696482791603e+00,5.818595605488374289e+00,0.000000000000000000e+00
-2.925318534072715693e+00,5.741260886920040107e+00,0.000000000000000000e+00
-3.011932736525300580e+00,5.664621609426137461e+00,0.000000000000000000e+00
-3.097825314579929490e+00,5.588624804990915074e+00,0.000000000000000000e+00
-3.183056539477428615e+00,5.513215649739278135e+00,0.000000000000000000e+00
-3.267683106836265505e+00,5.438337949530991366e+00,0.000000000000000000e+00
-3.351762295697898075e+00,5.363940934943246752e+00,0.000000000000000000e+00
-3.435352361778011954e+00,5.289978740259638990e+00,0.000000000000000000e+00
-3.518508841817879595e+00,5.216403876246157090e+00,0.000000000000000000e+00
-3.601284351302338038e+00,5.143167068024006028e+00,0.000000000000000000e+00
-3.683729210662373355e+00,5.070218285467238850e+00,0.000000000000000000e+00
-3.765896376183783811e+00,4.997513284773756226e+00,0.000000000000000000e+00
-3.847839130064210522e+00,4.925009496550782018e+00,0.000000000000000000e+00
-3.929608515907391020e+00,4.852662382589961965e+00,0.000000000000000000e+00
-4.011253266662646588e+00,4.780425491350468903e+00,0.000000000000000000e+00
-4.092821010791428904e+00,4.708251987224816304e+00,0.000000000000000000e+00
-4.174363318983678184e+00,4.636100143507198901e+00,0.000000000000000000e+00
-4.255931818908961439e+00,4.563928114596405017e+00,0.000000000000000000e+00
-4.337576332470841400e+00,4.491691780654082145e+00,0.000000000000000000e+00
-4.419344803713083358e+00,4.419344803713084247e+00,0.000000000000000000e+00
-4.501285381242161598e+00,4.346840764868734830e+00,0.000000000000000000e+00
-4.583451263167620304e+00,4.274137449480527984e+00,0.000000000000000000e+00
-4.665895531674915553e+00,4.201191206991317095e+00,0.000000000000000000e+00
-4.748669757542748115e+00,4.127955642500907629e+00,0.000000000000000000e+00
-4.831823942018596441e+00,4.054381687661357425e+00,0.000000000000000000e+00
-4.915410363723954568e+00,3.980420829144923900e+00,0.000000000000000000e+00
-4.999487106987380081e+00,3.906027416594892721e+00,0.000000000000000000e+00
-5.084111766543315980e+00,3.831153012853985906e+00,0.000000000000000000e+00
-5.169340560483663083e+00,3.755745758934450951e+00,0.000000000000000000e+00
-5.255228675657323656e+00,3.679750733711089961e+00,0.000000000000000000e+00
-5.341837565130497012e+00,3.603114933269331743e+00,0.000000000000000000e+00
-5.429233791097404449e+00,3.525785649183160064e+00,0.000000000000000000e+00
-5.517482855115156681e+00,3.447705935846634429e+00,0.000000000000000000e+00
-5.606648838740118990e+00,3.368814491915542053e+00,0.000000000000000000e+00
-5.696797772307231611e+00,3.289047727360439932e+00,0.000000000000000000e+00
-5.788006208410839903e+00,3.208344231186951223e+00,0.000000000000000000e+00
-5.880351939442966192e+00,3.126638587690696358e+00,0.000000000000000000e+00
-5.973911265056688791e+00,3.043859822567841711e+00,0.000000000000000000e+00
-6.068760515492506613e+00,2.959932275607450869e+00,0.000000000000000000e+00
-6.164989822794370689e+00,2.874781966816643219e+00,0.000000000000000000e+00
-6.262695947398864149e+00,2.788331883147495471e+00,0.000000000000000000e+00
-6.361974043111877641e+00,2.700497762680193592e+00,0.000000000000000000e+00
-6.462918423544073754e+00,2.611188538545015092e+00,0.000000000000000000e+00
-6.565634059917480947e+00,2.520310782805882610e+00,0.000000000000000000e+00
-6.670231812835624829e+00,2.427765835527659455e+00,0.000000000000000000e+00
-6.776820256306016255e+00,2.333446344546910911e+00,0.000000000000000000e+00
-6.885513238570167616e+00,2.237238869883874326e+00,0.000000000000000000e+00
-6.996469342632640753e+00,2.139035339927704893e+00,0.000000000000000000e+00
-7.109862226557097209e+00,2.038720186846096460e+00,0.000000000000000000e+00
-7.225857382044086563e+00,1.936162650141181718e+00,0.000000000000000000e+00
-7.344283103168861793e+00,1.831135438428009854e+00,0.000000000000000000e+00
-7.464439215061879018e+00,1.723301579348052393e+00,0.000000000000000000e+00
-7.585563662320440770e+00,1.612361330391893333e+00,0.000000000000000000e+00
-7.707236021293898176e+00,1.498134920416468674e+00,0.000000000000000000e+00
-7.830376868088741560e+00,1.380706710959493266e+00,0.000000000000000000e+00
-7.956233304754634972e+00,1.260143559064999641e+00,0.000000000000000000e+00
-8.085937577777078999e+00,1.136404416532226458e+00,0.000000000000000000e+00
-8.219766841998888296e+00,1.009260462419088844e+00,0.000000000000000000e+00
-8.357625661650102344e+00,8.784218538045294178e-01,0.000000000000000000e+00
-8.499476349562462119e+00,7.436078264934230520e-01,0.000000000000000000e+00
-8.645684293502846174e+00,6.045651397147372430e-01,0.000000000000000000e+00
-8.796757028551871471e+00,4.610185007588876727e-01,0.000000000000000000e+00
-8.952953833891930557e+00,3.126440371035967836e-01,0.000000000000000000e+00
-9.113928208984242829e+00,1.590842086389331056e-01,0.000000000000000000e+00
-9.279245194083957315e+00,1.136379792543837963e-15,0.000000000000000000e+00
-9.448635726536544155e+00,-1.649265500897686976e-01,0.000000000000000000e+00
-9.621933234529496559e+00,-3.360053125479905978e-01,0.000000000000000000e+00
-9.798955149273163912e+00,-5.135414786675254195e-01,0.000000000000000000e+00
-9.979497630114400053e+00,-6.978344540717127398e-01,0.000000000000000000e+00
-1.016333839046632193e+01,-8.891768927436117798e-01,0.000000000000000000e+00
-1.035022558695661665e+01,-1.087852545144307959e+00,0.000000000000000000e+00
-1.053991264815658369e+01,-1.294138546458879491e+00,0.000000000000000000e+00
-1.073222867436463446e+01,-1.508316376112146528e+00,0.000000000000000000e+00
-1.092700392525643593e+01,-1.730667401125750349e+00,0.000000000000000000e+00
-1.112399323595910872e+01,-1.961460140718058298e+00,0.000000000000000000e+00
-1.132292048506194426e+01,-2.200952784228144665e+00,0.000000000000000000e+00
-1.152350960985918960e+01,-2.449397581043124106e+00,0.000000000000000000e+00
-1.172548347822999304e+01,-2.707041160691634030e+00,0.000000000000000000e+00
-1.192858456948978407e+01,-2.974130167456867646e+00,0.000000000000000000e+00
-1.213252761716831252e+01,-3.250900977168536876e+00,0.000000000000000000e+00
-1.233688323664963882e+01,-3.537544342754468829e+00,0.000000000000000000e+00
-1.254122793585970363e+01,-3.834238163158770973e+00,0.000000000000000000e+00
-1.274534999852111916e+01,-4.141215249901559758e+00,0.000000000000000000e+00
-1.294900878607691119e+01,-4.458701289776770160e+00,0.000000000000000000e+00
-1.315170394219783034e+01,-4.786828764841480677e+00,0.000000000000000000e+00
-1.335308839902199729e+01,-5.125770393033186600e+00,0.000000000000000000e+00
-1.355342318654357747e+01,-5.475938417205905573e+00,0.000000000000000000e+00
-1.375225763526023748e+01,-5.837487032194219161e+00,0.000000000000000000e+00
-1.394698032046650127e+01,-6.209595712105319798e+00,0.000000000000000000e+00
-1.413402518507912298e+01,-6.590804184358013629e+00,0.000000000000000000e+00
-1.430811182891778088e+01,-6.978532419807883969e+00,0.000000000000000000e+00
-1.446463895406870570e+01,-7.370101664846471223e+00,0.000000000000000000e+00
-1.460317684591468357e+01,-7.764646861193363669e+00,0.000000000000000000e+00
-1.472455525803995258e+01,-8.161954258148005792e+00,0.000000000000000000e+00
-1.482941301781734644e+01,-8.561765597760986779e+00,0.000000000000000000e+00
-1.491781179191537987e+01,-8.963525627826912867e+00,0.000000000000000000e+00
-1.498971603500528360e+01,-9.366614144098603489e+00,0.000000000000000000e+00
-1.504511059932356432e+01,-9.770409063697071517e+00,0.000000000000000000e+00
-1.508400083205453512e+01,-1.017428702927902862e+01,0.000000000000000000e+00
-1.510641265613916850e+01,-1.057762401713520184e+01,0.000000000000000000e+00
-1.511239263437738423e+01,-1.097979594879013732e+01,0.000000000000000000e+00
-1.510200246635376864e+01,-1.138017512318326219e+01,0.000000000000000000e+00
-1.507534907120950685e+01,-1.177815354390736680e+01,0.000000000000000000e+00
-1.503273558278424460e+01,-1.217326925018112682e+01,0.000000000000000000e+00
-1.497451952411269893e+01,-1.256511380973994285e+01,0.000000000000000000e+00
-1.490106445639444210e+01,-1.295329771128845309e+01,0.000000000000000000e+00
-1.481254345991289512e+01,-1.333727403764308939e+01,0.000000000000000000e+00
-1.470861152644615899e+01,-1.371600214454933919e+01,0.000000000000000000e+00
-1.458934196216153545e+01,-1.408876376468120739e+01,0.000000000000000000e+00
-1.445611439472825133e+01,-1.445611439472824777e+01,0.000000000000000000e+00
-1.430949154491653985e+01,-1.481791226969091646e+01,0.000000000000000000e+00
-1.414883113887112032e+01,-1.517276379674826536e+01,0.000000000000000000e+00
-1.397349938853981932e+01,-1.551914329687038752e+01,0.000000000000000000e+00
-1.378513130038536794e+01,-1.585797953735678512e+01,0.000000000000000000e+00
-1.358410457732776955e+01,-1.618890543220581790e+01,0.000000000000000000e+00
-1.337014525002412491e+01,-1.651075435171543049e+01,0.000000000000000000e+00
-1.314328966356553252e+01,-1.682264362437049954e+01,0.000000000000000000e+00
-1.290488759109028649e+01,-1.712536425134985052e+01,0.000000000000000000e+00
-1.265574678487395310e+01,-1.741914106476168556e+01,0.000000000000000000e+00
-1.239508049864336847e+01,-1.770200950754556857e+01,0.000000000000000000e+00
-1.212303280926790272e+01,-1.797313526301993036e+01,0.000000000000000000e+00
-1.184213390933093102e+01,-1.823528710377932427e+01,0.000000000000000000e+00
-1.154963528521903804e+01,-1.848328014476690484e+01,0.000000000000000000e+00
-1.124908574175758424e+01,-1.872162259520889549e+01,0.000000000000000000e+00
-1.093892869335408413e+01,-1.894678027726228109e+01,0.000000000000000000e+00
-1.061998061318555919e+01,-1.915895218624345731e+01,0.000000000000000000e+00
-1.029384474094837287e+01,-1.935990623446776482e+01,0.000000000000000000e+00
-9.959849302551999628e+00,-1.954730487443669062e+01,0.000000000000000000e+00
-9.618181095902251343e+00,-1.972019364993373713e+01,0.000000000000000000e+00
-9.270227636648794345e+00,-1.988006732149228029e+01,0.000000000000000000e+00
-8.916400081609035411e+00,-2.002656247413645474e+01,0.000000000000000000e+00
-8.557084515541344416e+00,-2.015922780049187679e+01,0.000000000000000000e+00
-8.192718730995897758e+00,-2.027769042482536932e+01,0.000000000000000000e+00
-7.823793435063560509e+00,-2.038167872210720333e+01,0.000000000000000000e+00
-7.450834292559200378e+00,-2.047099897490451426e+01,0.000000000000000000e+00
-7.074384670123834873e+00,-2.054550491183672989e+01,0.000000000000000000e+00
-6.694993358534094163e+00,-2.060507084105803344e+01,0.000000000000000000e+00
-6.313212530727824401e+00,-2.064958773717795992e+01,0.000000000000000000e+00
-5.929609524941707122e+00,-2.067900590361836066e+01,0.000000000000000000e+00
-5.544725007182639054e+00,-2.069319544080332918e+01,0.000000000000000000e+00
-5.159123782352085463e+00,-2.069211530000907473e+01,0.000000000000000000e+00
-4.773366932500868742e+00,-2.067572370723325292e+01,0.000000000000000000e+00
-4.388017160945000938e+00,-2.064399765628996875e+01,0.000000000000000000e+00
-4.003638138644725508e+00,-2.059693266465654204e+01,0.000000000000000000e+00
-3.620793917558501995e+00,-2.053454271723191837e+01,0.000000000000000000e+00
-3.240048440688038323e+00,-2.045686075001459159e+01,0.000000000000000000e+00
-2.861965020741707999e+00,-2.036393925510831693e+01,0.000000000000000000e+00
-2.487105458611320152e+00,-2.025584845783727417e+01,0.000000000000000000e+00
-2.115993206470959898e+00,-2.013233054902379138e+01,0.000000000000000000e+00
-1.749192817209030748e+00,-1.999336538831366994e+01,0.000000000000000000e+00
-1.387297810425677236e+00,-1.983928298556474346e+01,0.000000000000000000e+00
-1.030900924191162638e+00,-1.967076144599673526e+01,0.000000000000000000e+00
-6.807044706437243020e-01,-1.949282563216629782e+01,0.000000000000000000e+00
-3.370812526744858539e-01,-1.931137203216963627e+01,0.000000000000000000e+00
-3.513591983029776505e-15,-1.912710388810921813e+01,0.000000000000000000e+00
3.305825158072630554e-01,-1.893905964639844086e+01,0.000000000000000000e+00
6.547101368260204168e-01,-1.874844530504208606e+01,0.000000000000000000e+00
9.724813875912902139e-01,-1.855605028290096570e+01,0.000000000000000000e+00
1.283893270963989197e+00,-1.836052917729425005e+01,0.000000000000000000e+00
1.589043406063382680e+00,-1.816284924266255629e+01,0.000000000000000000e+00
1.888065861754350427e+00,-1.796374672230680858e+01,0.000000000000000000e+00
2.180855975768236199e+00,-1.776164657617505327e+01,0.000000000000000000e+00
2.467753673405532755e+00,-1.755897977005213662e+01,0.000000000000000000e+00
2.748513633173219617e+00,-1.735343211455244372e+01,0.000000000000000000e+00
3.023548568474739184e+00,-1.714739602712198163e+01,0.000000000000000000e+00
3.292674441448915079e+00,-1.693934152103886603e+01,0.000000000000000000e+00
3.556108598622015116e+00,-1.673017558565242524e+01,0.000000000000000000e+00
3.814139459625188966e+00,-1.652085305052171904e+01,0.000000000000000000e+00
4.067432258772315734e+00,-1.631357975193265730e+01,0.000000000000000000e+00
4.316684794517505530e+00,-1.611008697339932993e+01,0.000000000000000000e+00
4.562036077235906539e+00,-1.590971050907580597e+01,0.000000000000000000e+00
4.803741206557541332e+00,-1.571232950398889905e+01,0.000000000000000000e+00
5.042020396607843402e+00,-1.551774316874181103e+01,0.000000000000000000e+00
5.277088914052177060e+00,-1.532577902665284597e+01,0.000000000000000000e+00
5.509151586295495839e+00,-1.513626958369951403e+01,0.000000000000000000e+00
5.738404453552996998e+00,-1.494905469074115878e+01,0.000000000000000000e+00
5.965035477014974497e+00,-1.476398088932157115e+01,0.000000000000000000e+00
6.189225168485844364e+00,-1.458090075579330502e+01,0.000000000000000000e+00
6.411147229787970581e+00,-1.439967244101791266e+01,0.000000000000000000e+00
6.630969127725365730e+00,-1.422015918409227098e+01,0.000000000000000000e+00
6.848852637607066640e+00,-1.404222887329626701e+01,0.000000000000000000e+00
7.064954351103637897e+00,-1.386575363039032815e+01,0.000000000000000000e+00
7.279426154088232792e+00,-1.369060942052801799e+01,0.000000000000000000e+00
7.492415677244578909e+00,-1.351667568409352782e+01,0.000000000000000000e+00
7.704066722554031799e+00,-1.334383498836422177e+01,0.000000000000000000e+00
7.914519668348449777e+00,-1.317197269669195059e+01,0.000000000000000000e+00
8.123911855279470018e+00,-1.300097665288968507e+01,0.000000000000000000e+00
8.332377955851251627e+00,-1.283073687947633346e+01,0.000000000000000000e+00
8.540050329558729558e+00,-1.266114528773815628e+01,0.000000000000000000e+00
8.747059365630887484e+00,-1.249209539788069634e+01,0.000000000000000000e+00
8.953533815303901022e+00,-1.232348206771158239e+01,0.000000000000000000e+00
9.159601115451980746e+00,-1.215520122836909600e+01,0.000000000000000000e+00
9.365387705324224044e+00,-1.198714962567367337e+01,0.000000000000000000e+00
9.571019338073144311e+00,-1.181922456572851488e+01,0.000000000000000000e+00
9.776621388713717664e+00,-1.165132366343297221e+01,0.000000000000000000e+00
9.982319160119072166e+00,-1.148334459259795182e+01,0.000000000000000000e+00
1.018823818864186670e+01,-1.131518483636637740e+01,0.000000000000000000e+00
1.039450455094688408e+01,-1.114674143664461603e+01,0.000000000000000000e+00
1.060124517365114016e+01,-1.097791074124174315e+01,0.000000000000000000e+00
1.080858814739332807e+01,-1.080858814739333162e+01,0.000000000000000000e+00
1.101666304699401344e+01,-1.063866784031402624e+01,0.000000000000000000e+00
1.122560125942366049e+01,-1.046804252537849500e+01,0.000000000000000000e+00
1.143553632136587517e+01,-1.029660315247267377e+01,0.000000000000000000e+00
1.164660426825152761e+01,-1.012423863098491594e+01,0.000000000000000000e+00
1.185894399674392119e+01,-9.950835533819850198e+00,0.000000000000000000e+00
1.207269764277875623e+01,-9.776277788713246153e+00,0.000000000000000000e+00
1.228801097740537074e+01,-9.600446355003589005e+00,0.000000000000000000e+00
1.250503382283827492e+01,-9.423218883872209517e+00,0.000000000000000000e+00
1.272392049131157954e+01,-9.244469359896731575e+00,0.000000000000000000e+00
1.294483024953387940e+01,-9.064067721568710212e+00,0.000000000000000000e+00
1.316792781176684279e+01,-8.881879458203005839e+00,0.000000000000000000e+00
1.339338386479869492e+01,-8.697765180409291474e+00,0.000000000000000000e+00
1.362137562835113691e+01,-8.511580161001301548e+00,0.000000000000000000e+00
1.385208745689767085e+01,-8.323173844175446590e+00,0.000000000000000000e+00
1.408571149414630774e+01,-8.132389322872786153e+00,0.000000000000000000e+00
1.432244836592565029e+01,-7.939062768197503672e+00,0.000000000000000000e+00
1.456250792742496536e+01,-7.743022813656907033e+00,0.000000000000000000e+00
1.480611007179300742e+01,-7.544089889594325804e+00,0.000000000000000000e+00
1.505348560383603918e+01,-7.342075500497871943e+00,0.000000000000000000e+00
1.530487720095297277e+01,-7.136781445926221323e+00,0.000000000000000000e+00
1.556054050068783923e+01,-6.927998989811476882e+00,0.000000000000000000e+00
1.582074520122224115e+01,-6.715507911587816459e+00,0.000000000000000000e+00
1.608577626871644028e+01,-6.499075475478240271e+00,0.000000000000000000e+00
1.635593532776647763e+01,-6.278455331694756225e+00,0.000000000000000000e+00
1.663154224609289145e+01,-6.053386327518668786e+00,0.000000000000000000e+00
1.691293663398997538e+01,-5.823591104901129967e+00,0.000000000000000000e+00
1.720047971080908766e+01,-5.588774642696361816e+00,0.000000000000000000e+00
1.749455642420741697e+01,-5.348622657389908497e+00,0.000000000000000000e+00
1.779557742274501919e+01,-5.102799712885765615e+00,0.000000000000000000e+00
1.810398181375520821e+01,-4.850947306783438329e+00,0.000000000000000000e+00
1.842023958709325626e+01,-4.592681548142860670e+00,0.000000000000000000e+00
1.874485496247043415e+01,-4.327590758096591550e+00,0.000000000000000000e+00
1.907836948427530643e+01,-4.055232619847842557e+00,0.000000000000000000e+00
1.942136607859352182e+01,-3.775131142233805193e+00,0.000000000000000000e+00
1.977447316365367769e+01,-3.486773148047639381e+00,0.000000000000000000e+00
2.013836942284626730e+01,-3.189604370086266183e+00,0.000000000000000000e+00
2.051378927379957773e+01,-2.883025067448766521e+00,0.000000000000000000e+00
2.090152891844939376e+01,-2.566385050451184924e+00,0.000000000000000000e+00
2.130245320835113176e+01,-2.238978053746600416e+00,0.000000000000000000e+00
2.171750347667385839e+01,-1.900035354293807099e+00,0.000000000000000000e+00
2.214770644236812203e+01,-1.548718503375537514e+00,0.000000000000000000e+00
2.259418436926200258e+01,-1.184111027504634706e+00,0.000000000000000000e+00
2.305816663742528405e+01,-8.052089220478327869e-01,0.000000000000000000e+00
2.354100170764369082e+01,-4.109097132822237541e-01,0.000000000000000000e+00
2.404405542468123258e+01,-5.889095102871485526e-15,0.000000000000000000e+00
