2.335533808094548291e+01,0.000000000000000000e+00,0.000000000000000000e+00
2.334252020787244319e+01,4.074452058166444512e-01,0.000000000000000000e+00
2.331890498721668337e+01,8.143141058585603442e-01,0.000000000000000000e+00
2.328450602415617610e+01,1.220289252428620186e+00,0.000000000000000000e+00
2.323932788491290324e+01,1.625052110701882491e+00,0.000000000000000000e+00
2.318338416515342360e+01,2.028283296617342302e+00,0.000000000000000000e+00
2.311669754078214467e+01,2.429662816891850596e+00,0.000000000000000000e+00
2.303929981270389149e+01,2.828870311013219396e+00,0.000000000000000000e+00
2.295123197505575519e+01,3.225585299222551772e+00,0.000000000000000000e+00
2.285258635893950441e+01,3.619494100428766181e+00,0.000000000000000000e+00
2.274358985778831155e+01,4.010308530095479718e+00,0.000000000000000000e+00
2.262449974089104998e+01,4.397757253720633308e+00,0.000000000000000000e+00
2.249555559303117036e+01,4.781577949711540043e+00,0.000000000000000000e+00
2.235668731527060515e+01,5.161447960036347204e+00,0.000000000000000000e+00
2.220761242093613674e+01,5.536979652827419329e+00,0.000000000000000000e+00
2.204817474960935542e+01,5.907790618738096633e+00,0.000000000000000000e+00
2.187881290258253486e+01,6.273648645695812931e+00,0.000000000000000000e+00
2.170011621891253029e+01,6.634391319340256388e+00,0.000000000000000000e+00
2.151222429636673539e+01,6.989745383669626833e+00,0.000000000000000000e+00
2.131499660344718805e+01,7.339341907742290338e+00,0.000000000000000000e+00
2.110878294146019130e+01,7.682968672277680433e+00,0.000000000000000000e+00
2.089419219876451450e+01,8.020528926223253308e+00,0.000000000000000000e+00
2.067059462932412828e+01,8.351462333854289710e+00,0.000000000000000000e+00
2.043727302762589204e+01,8.675107712227013934e+00,0.000000000000000000e+00
2.019591717749466753e+01,8.991801653536033001e+00,0.000000000000000000e+00
1.994717206556487099e+01,9.301519092708360859e+00,0.000000000000000000e+00
1.968975869386910560e+01,9.603336975997954994e+00,0.000000000000000000e+00
1.942499236495142156e+01,9.897527966177721126e+00,0.000000000000000000e+00
1.915330654478841055e+01,1.018399373736752800e+01,0.000000000000000000e+00
1.887302453335286145e+01,1.046148832712766108e+01,0.000000000000000000e+00
1.858584859586182958e+01,1.073054468993845312e+01,0.000000000000000000e+00
1.829295056171909550e+01,1.099151359835509467e+01,0.000000000000000000e+00
1.799357044710787079e+01,1.124363070381912344e+01,0.000000000000000000e+00
1.768652677100844173e+01,1.148576478238393150e+01,0.000000000000000000e+00
1.737365120347433134e+01,1.171867570539311387e+01,0.000000000000000000e+00
1.705551276759437940e+01,1.194239860790153251e+01,0.000000000000000000e+00
1.673203621503245486e+01,1.215653589034693027e+01,0.000000000000000000e+00
1.640360869224758034e+01,1.236100576634455983e+01,0.000000000000000000e+00
1.607030615321641420e+01,1.255549921107044042e+01,0.000000000000000000e+00
1.573164742242029135e+01,1.273923689852933805e+01,0.000000000000000000e+00
1.538856926419242477e+01,1.291254279392988913e+01,0.000000000000000000e+00
1.504158427272028575e+01,1.307544972402087602e+01,0.000000000000000000e+00
1.469096420555188232e+01,1.322780358531371725e+01,0.000000000000000000e+00
1.433699514050979040e+01,1.336946425840772257e+01,0.000000000000000000e+00
1.397997039371611017e+01,1.350030048134687632e+01,0.000000000000000000e+00
1.362019211105032213e+01,1.362019211105032035e+01,0.000000000000000000e+00
1.325796958137289394e+01,1.372902940082489565e+01,0.000000000000000000e+00
1.289361868781242393e+01,1.382671323979954892e+01,0.000000000000000000e+00
1.252746108844769779e+01,1.391315506386575507e+01,0.000000000000000000e+00
1.215982356043104851e+01,1.398827686130157133e+01,0.000000000000000000e+00
1.179103735755296256e+01,1.405201113127628076e+01,0.000000000000000000e+00
1.142143772529035672e+01,1.410430097050322296e+01,0.000000000000000000e+00
1.105136322433157048e+01,1.414509988330951629e+01,0.000000000000000000e+00
1.068115588740960753e+01,1.417437260930727483e+01,0.000000000000000000e+00
1.031115923596000528e+01,1.419209315147470818e+01,0.000000000000000000e+00
9.941722278732340712e+00,1.419825085595526559e+01,0.000000000000000000e+00
9.573189567569855285e+00,1.419283719705242675e+01,0.000000000000000000e+00
9.205780561870090750e+00,1.417565895178907454e+01,0.000000000000000000e+00
8.839787608635743865e+00,1.414661733948899780e+01,0.000000000000000000e+00
8.475726354809580698e+00,1.410597747032712590e+01,0.000000000000000000e+00
8.113955481429286465e+00,1.405378314418750918e+01,0.000000000000000000e+00
7.754824760916820381e+00,1.399007420245524358e+01,0.000000000000000000e+00
7.398691764389849546e+00,1.391491541022793399e+01,0.000000000000000000e+00
7.045914200515143833e+00,1.382838523081894344e+01,0.000000000000000000e+00
6.696851453231614570e+00,1.373058026104667206e+01,0.000000000000000000e+00
6.351869198974645414e+00,1.362162745537263397e+01,0.000000000000000000e+00
6.011320113558014988e+00,1.350164603476136982e+01,0.000000000000000000e+00
5.675599861435969729e+00,1.337087536103288521e+01,0.000000000000000000e+00
5.345012282489338240e+00,1.322936963173799363e+01,0.000000000000000000e+00
5.019563660069062294e+00,1.307641040038030411e+01,0.000000000000000000e+00
4.699467278481259669e+00,1.291168023109312202e+01,0.000000000000000000e+00
4.385906323079575841e+00,1.273759685195487101e+01,0.000000000000000000e+00
4.080491829148821026e+00,1.255846252614946224e+01,0.000000000000000000e+00
3.784009691442085099e+00,1.237693800762270691e+01,0.000000000000000000e+00
3.496284497679965853e+00,1.219299305698616998e+01,0.000000000000000000e+00
3.217045887297226070e+00,1.200617870167375045e+01,0.000000000000000000e+00
2.946640538510471252e+00,1.181832968984158327e+01,0.000000000000000000e+00
2.684879026124180612e+00,1.162948872702843239e+01,0.000000000000000000e+00
2.431262577182635276e+00,1.143819112466160348e+01,0.000000000000000000e+00
2.186093686973248573e+00,1.124647705660556163e+01,0.000000000000000000e+00
1.949251426505505869e+00,1.105475417700455765e+01,0.000000000000000000e+00
1.720326394557401661e+00,1.086171337937224557e+01,0.000000000000000000e+00
1.499304301998799493e+00,1.066810443508262907e+01,0.000000000000000000e+00
1.286145810114408317e+00,1.047481703445977175e+01,0.000000000000000000e+00
1.080665169383234314e+00,1.028184227449627564e+01,0.000000000000000000e+00
8.828465744073551447e-01,1.009098252078975833e+01,0.000000000000000000e+00
6.927041622951443101e-01,9.906131039618051304e+00,0.000000000000000000e+00
5.098650133455293609e-01,9.728804011936389884e+00,0.000000000000000000e+00
3.337765362899807742e-01,9.558109433094132967e+00,0.000000000000000000e+00
1.639617249225036877e-01,9.393360929723440833e+00,0.000000000000000000e+00
5.654347290041066286e-16,9.234249897975224997e+00,0.000000000000000000e+00
-1.585001271132874534e-01,9.080466200790747067e+00,0.000000000000000000e+00
-3.119004378446276760e-01,8.931659937171096075e+00,0.000000000000000000e+00
-4.605318815105129970e-01,8.787471780158785606e+00,0.000000000000000000e+00
-6.046994582934698270e-01,8.647605138669401725e+00,0.000000000000000000e+00
-7.446857234956685279e-01,8.511796768675157665e+00,0.000000000000000000e+00
-8.807511177643653211e-01,8.379787127874099184e+00,0.000000000000000000e+00
-1.013138676757621814e+00,8.251352363093852560e+00,0.000000000000000000e+00
-1.142072872684418483e+00,8.126270739055071246e+00,0.000000000000000000e+00
-1.267761320558164595e+00,8.004329957920536032e+00,0.000000000000000000e+00
-1.390400299276165708e+00,7.885351939275942357e+00,0.000000000000000000e+00
-1.510171510711849185e+00,7.769158910236593663e+00,0.000000000000000000e+00
-1.627243226091299233e+00,7.655577476913991042e+00,0.000000000000000000e+00
-1.741776301919092829e+00,7.544462030162431887e+00,0.000000000000000000e+00
-1.853920572752823182e+00,7.435669285486874003e+00,0.000000000000000000e+00
-1.963814174604497920e+00,7.329054276247922495e+00,0.000000000000000000e+00
-2.071589791074313958e+00,7.224492159105937006e+00,0.000000000000000000e+00
-2.177373585052607030e+00,7.121868092087522584e+00,0.000000000000000000e+00
-2.281282007421672198e+00,7.021064077895797340e+00,0.000000000000000000e+00
-2.383424293148547424e+00,6.921966758278826681e+00,0.000000000000000000e+00
-2.483907837211385861e+00,6.824480694744650577e+00,0.000000000000000000e+00
-2.582833444130078870e+00,6.728511161228696302e+00,0.000000000000000000e+00
-2.680294243639688823e+00,6.633961045719967586e+00,0.000000000000000000e+00
-2.776379401831417404e+00,6.540739982228882532e+00,0.000000000000000000e+00
-2.871177473369633582e+00,6.448770189593593827e+00,0.000000000000000000e+00
-2.964771500826216322e+00,6.357973001251333578e+00,0.000000000000000000e+00
-3.057238468822885746e+00,6.268267777251566031e+00,0.000000000000000000e+00
-3.148652589482374697e+00,6.179578650304105913e+00,0.000000000000000000e+00
-3.239088807721626662e+00,6.091840044289163814e+00,0.000000000000000000e+00
-3.328617934757892360e+00,6.004985713356179922e+00,0.000000000000000000e+00
-3.417305989882815531e+00,5.918947599486495292e+00,0.000000000000000000e+00
-3.505215930407108882e+00,5.833658954184731904e+00,0.000000000000000000e+00
-3.592412746096571574e+00,5.749062160145525624e+00,0.000000000000000000e+00
-3.678959097215139362e+00,5.665100217108520297e+00,0.000000000000000000e+00
-3.764913871569133708e+00,5.581714355800587057e+00,0.000000000000000000e+00
-3.850332530092509309e+00,5.498844728145943606e+00,0.000000000000000000e+00
-3.935272028988866744e+00,5.416437272836189365e+00,0.000000000000000000e+00
-4.019789937477038499e+00,5.334441420530734668e+00,0.000000000000000000e+00
-4.103940930429534006e+00,5.252804852917959622e+00,0.000000000000000000e+00
-4.187776665612041427e+00,5.171473496568151695e+00,0.000000000000000000e+00
-4.271347840272007979e+00,5.090394133863685333e+00,0.000000000000000000e+00
-4.354708598074015669e+00,5.009519193878038124e+00,0.000000000000000000e+00
-4.437911833217064839e+00,4.928800421679437882e+00,0.000000000000000000e+00
-4.521008026068477292e+00,4.848187544926290116e+00,0.000000000000000000e+00
-4.604045404793189356e+00,4.767628582731524567e+00,0.000000000000000000e+00
-4.687074552947146699e+00,4.687074552947147588e+00,0.000000000000000000e+00
-4.770148648313083939e+00,4.606479003837080199e+00,0.000000000000000000e+00
-4.853319105351614482e+00,4.525793283580521020e+00,0.000000000000000000e+00
-4.936635307926336758e+00,4.444966396480388937e+00,0.000000000000000000e+00
-5.020145918921176786e+00,4.363946269220433827e+00,0.000000000000000000e+00
-5.103904827961662782e+00,4.282684658706571668e+00,0.000000000000000000e+00
-5.187966584006866277e+00,4.201132504478007235e+00,0.000000000000000000e+00
-5.272384021859022774e+00,4.119237853702133911e+00,0.000000000000000000e+00
-5.357208258254697597e+00,4.036945980251962496e+00,0.000000000000000000e+00
-5.442493492321492710e+00,3.954202980563983783e+00,0.000000000000000000e+00
-5.528299363433613500e+00,3.870956887756158427e+00,0.000000000000000000e+00
-5.614684527349206533e+00,3.787152533080435646e+00,0.000000000000000000e+00
-5.701705984731141541e+00,3.702731160664091359e+00,0.000000000000000000e+00
-5.789420948277673951e+00,3.617631715880555099e+00,0.000000000000000000e+00
-5.877895015205024443e+00,3.531795637415103606e+00,0.000000000000000000e+00
-5.967195462536558637e+00,3.445161906602594470e+00,0.000000000000000000e+00
-6.057387948670895028e+00,3.357664968109198789e+00,0.000000000000000000e+00
-6.148537126794169083e+00,3.269235181237231558e+00,0.000000000000000000e+00
-6.240716313580768393e+00,3.179803784844456693e+00,0.000000000000000000e+00
-6.334004599345772313e+00,3.089300459226984152e+00,0.000000000000000000e+00
-6.428479484792108067e+00,2.997649214050860600e+00,0.000000000000000000e+00
-6.524217083406883333e+00,2.904768594712741070e+00,0.000000000000000000e+00
-6.621303219422498110e+00,2.810576467132432477e+00,0.000000000000000000e+00
-6.719832594273335680e+00,2.714988601308328420e+00,0.000000000000000000e+00
-6.819898223893665623e+00,2.617913650754687627e+00,0.000000000000000000e+00
-6.921592101920325923e+00,2.519253498831038662e+00,0.000000000000000000e+00
-7.025020579146443289e+00,2.418908569328279690e+00,0.000000000000000000e+00
-7.130298925485406336e+00,2.316774560918537507e+00,0.000000000000000000e+00
-7.237539903760652038e+00,2.212738006860993867e+00,0.000000000000000000e+00
-7.346859359008523604e+00,2.106678021014611435e+00,0.000000000000000000e+00
-7.458394599044209983e+00,1.998470809646545554e+00,0.000000000000000000e+00
-7.572285770401975924e+00,1.887982888092160971e+00,0.000000000000000000e+00
-7.688670881217481323e+00,1.775069538506467426e+00,0.000000000000000000e+00
-7.807709404019019139e+00,1.659579865436980217e+00,0.000000000000000000e+00
-7.929576785931224947e+00,1.541353586980589219e+00,0.000000000000000000e+00
-8.054444882833557529e+00,1.420215947472786677e+00,0.000000000000000000e+00
-8.182502093660373177e+00,1.295981014558745592e+00,0.000000000000000000e+00
-8.313958279643722804e+00,1.168450636301989976e+00,0.000000000000000000e+00
-8.449020429148438538e+00,1.037409263452662156e+00,0.000000000000000000e+00
-8.587933527525157373e+00,9.026281859229973170e-01,0.000000000000000000e+00
-8.730982959088997575e+00,7.638620303583176785e-01,0.000000000000000000e+00
-8.878446276862096198e+00,6.208414431526980692e-01,0.000000000000000000e+00
-9.030575814586875083e+00,4.732724240896387102e-01,0.000000000000000000e+00
-9.187606784282198902e+00,3.208382986947337367e-01,0.000000000000000000e+00
-9.349941471805214732e+00,1.632038354653936318e-01,0.000000000000000000e+00
-9.518321674653719811e+00,1.165658217211955347e-15,0.000000000000000000e+00
-9.693230975934714166e+00,-1.691959760491472398e-01,0.000000000000000000e+00
-9.873715157313647239e+00,-3.447977310357247527e-01,0.000000000000000000e+00
-1.005829974765706858e+01,-5.271331531378780078e-01,0.000000000000000000e+00
-1.024500089906511313e+01,-7.164002512300163827e-01,0.000000000000000000e+00
-1.043176552207341068e+01,-9.126612237420131946e-01,0.000000000000000000e+00
-1.061809116407527220e+01,-1.116006351781363204e+00,0.000000000000000000e+00
-1.080427620875566141e+01,-1.326598310165765904e+00,0.000000000000000000e+00
-1.099022110881981895e+01,-1.544574848197380224e+00,0.000000000000000000e+00
-1.117558081714093809e+01,-1.770038113024489768e+00,0.000000000000000000e+00
-1.136010573042581839e+01,-2.003093143974916668e+00,0.000000000000000000e+00
-1.154361425674581554e+01,-2.243851307792824823e+00,0.000000000000000000e+00
-1.172589468685943537e+01,-2.492415857143619018e+00,0.000000000000000000e+00
-1.190670836072779437e+01,-2.748880221500844545e+00,0.000000000000000000e+00
-1.208583687008322016e+01,-3.013337569506324698e+00,0.000000000000000000e+00
-1.226308492688847984e+01,-3.285883702874035528e+00,0.000000000000000000e+00
-1.243821461459652689e+01,-3.566600647813321423e+00,0.000000000000000000e+00
-1.261092134323287617e+01,-3.855545576088146742e+00,0.000000000000000000e+00
-1.278083794604817136e+01,-4.152745983031978838e+00,0.000000000000000000e+00
-1.294744927550291891e+01,-4.458164307222927114e+00,0.000000000000000000e+00
-1.311036234200027195e+01,-4.771781652932634898e+00,0.000000000000000000e+00
-1.327007234413041559e+01,-5.093903515229782464e+00,0.000000000000000000e+00
-1.342731721238911646e+01,-5.424988296413013167e+00,0.000000000000000000e+00
-1.358093635548584643e+01,-5.764765463449190719e+00,0.000000000000000000e+00
-1.372779605910990242e+01,-6.112008591581199468e+00,0.000000000000000000e+00
-1.386497832772520766e+01,-6.465345574371347048e+00,0.000000000000000000e+00
-1.399071988326648786e+01,-6.823730024565424657e+00,0.000000000000000000e+00
-1.410363101064143088e+01,-7.186158930200630124e+00,0.000000000000000000e+00
-1.420252345169186370e+01,-7.551615672657906231e+00,0.000000000000000000e+00
-1.428713282306783228e+01,-7.919487043134448179e+00,0.000000000000000000e+00
-1.435754009095351336e+01,-8.289329636412858804e+00,0.000000000000000000e+00
-1.441383803760430027e+01,-8.660707645837915081e+00,0.000000000000000000e+00
-1.445613037157013103e+01,-9.033192816399768788e+00,0.000000000000000000e+00
-1.448453140465503353e+01,-9.406364678090781695e+00,0.000000000000000000e+00
-1.449916572461904707e+01,-9.779810768365337026e+00,0.000000000000000000e+00
-1.450016786394469293e+01,-1.015312684364025131e+01,0.000000000000000000e+00
-1.448766668844313621e+01,-1.052590598072052863e+01,0.000000000000000000e+00
-1.446172909634396397e+01,-1.089769453203940763e+01,0.000000000000000000e+00
-1.442237451651696212e+01,-1.126799390985146054e+01,0.000000000000000000e+00
-1.436962786977976592e+01,-1.163629521190164340e+01,0.000000000000000000e+00
-1.430353169736904029e+01,-1.200208817179489529e+01,0.000000000000000000e+00
-1.422414627173736612e+01,-1.236486171077942053e+01,0.000000000000000000e+00
-1.413161369848918270e+01,-1.272416212657441470e+01,0.000000000000000000e+00
-1.402633518495298937e+01,-1.307976916319214666e+01,0.000000000000000000e+00
-1.390876078379089265e+01,-1.343153416038370906e+01,0.000000000000000000e+00
-1.377910817023024670e+01,-1.377910817023024137e+01,0.000000000000000000e+00
-1.363734928210300090e+01,-1.412188858136770797e+01,0.000000000000000000e+00
-1.348360863206677962e+01,-1.445939999524711084e+01,0.000000000000000000e+00
-1.331817720606736444e+01,-1.479133427977130033e+01,0.000000000000000000e+00
-1.314119043006192911e+01,-1.511721030401830035e+01,0.000000000000000000e+00
-1.295272330473298972e+01,-1.543645453229428277e+01,0.000000000000000000e+00
-1.275298504280924838e+01,-1.574862496669919487e+01,0.000000000000000000e+00
-1.254270456545319057e+01,-1.605392975362174468e+01,0.000000000000000000e+00
-1.232227157034429510e+01,-1.635220667802579442e+01,0.000000000000000000e+00
-1.209168075876665327e+01,-1.664277078447558011e+01,0.000000000000000000e+00
-1.185113599969912634e+01,-1.692517625560001093e+01,0.000000000000000000e+00
-1.160078487453942664e+01,-1.719887085910509938e+01,0.000000000000000000e+00
-1.134102165493939474e+01,-1.746364190030365648e+01,0.000000000000000000e+00
-1.107239945701732431e+01,-1.771954317040020044e+01,0.000000000000000000e+00
-1.079488838075047497e+01,-1.796571124634701278e+01,0.000000000000000000e+00
-1.050901739640047339e+01,-1.820215206819079867e+01,0.000000000000000000e+00
-1.021519949987011877e+01,-1.842870772739047069e+01,0.000000000000000000e+00
-9.913853029415479412e+00,-1.864524576597559857e+01,0.000000000000000000e+00
-9.605414084364868543e+00,-1.885168659170161831e+01,0.000000000000000000e+00
-9.290265663290023568e+00,-1.904786737873575220e+01,0.000000000000000000e+00
-8.968897112311635667e+00,-1.923386192669046935e+01,0.000000000000000000e+00
-8.640419803566000923e+00,-1.940670062077948899e+01,0.000000000000000000e+00
-8.306588977654564943e+00,-1.956909729493300887e+01,0.000000000000000000e+00
-7.967796533537944370e+00,-1.972098845085568541e+01,0.000000000000000000e+00
-7.623904075546799497e+00,-1.986094913748144464e+01,0.000000000000000000e+00
-7.275006392075909822e+00,-1.998791578861655793e+01,0.000000000000000000e+00
-6.922537118758707919e+00,-2.010450760141369031e+01,0.000000000000000000e+00
-6.566206646680953440e+00,-2.020870609818068431e+01,0.000000000000000000e+00
-6.206196126448670469e+00,-2.029955285102073859e+01,0.000000000000000000e+00
-5.843916332624150556e+00,-2.038015822699127710e+01,0.000000000000000000e+00
-5.478614977680825504e+00,-2.044646945181268194e+01,0.000000000000000000e+00
-5.111467875626791724e+00,-2.050097789794489600e+01,0.000000000000000000e+00
-4.742949435454812068e+00,-2.054397105262214751e+01,0.000000000000000000e+00
-4.372742028426987559e+00,-2.057213380791945312e+01,0.000000000000000000e+00
-4.002322358193811880e+00,-2.059016356105366796e+01,0.000000000000000000e+00
-3.631153932195154255e+00,-2.059329727989173975e+01,0.000000000000000000e+00
-3.260317126860928560e+00,-2.058483219803914821e+01,0.000000000000000000e+00
-2.890086839114451855e+00,-2.056403639009613116e+01,0.000000000000000000e+00
-2.520631012755744305e+00,-2.052889218497928070e+01,0.000000000000000000e+00
-2.152915495665296941e+00,-2.048362266490292427e+01,0.000000000000000000e+00
-1.786991140153654456e+00,-2.042540219652737932e+01,0.000000000000000000e+00
-1.423873767650471578e+00,-2.036234354285629777e+01,0.000000000000000000e+00
-1.063576371274168375e+00,-2.029424611812019208e+01,0.000000000000000000e+00
-7.061022414353199661e-01,-2.022012262937585447e+01,0.000000000000000000e+00
-3.515767648637989073e-01,-2.014181936931358408e+01,0.000000000000000000e+00
-3.684662165445402510e-15,-2.005836658651734794e+01,0.000000000000000000e+00
3.485689114008532763e-01,-1.996949955983090064e+01,0.000000000000000000e+00
6.941023611185120901e-01,-1.987649101725928702e+01,0.000000000000000000e+00
1.036562578706646143e+00,-1.977879224968550176e+01,0.000000000000000000e+00
1.375858661385460646e+00,-1.967569553287992434e+01,0.000000000000000000e+00
1.712024990724357432e+00,-1.956853518761397481e+01,0.000000000000000000e+00
2.045044703124086372e+00,-1.945730063070007887e+01,0.000000000000000000e+00
2.374774838529368992e+00,-1.934098897342057199e+01,0.000000000000000000e+00
2.701235033176355049e+00,-1.922028596810654122e+01,0.000000000000000000e+00
3.024449678909836070e+00,-1.909562374127544970e+01,0.000000000000000000e+00
3.344399067202466824e+00,-1.896702962737182219e+01,0.000000000000000000e+00
3.660985844897171493e+00,-1.883413943077626129e+01,0.000000000000000000e+00
3.974113053777608595e+00,-1.869673193127357536e+01,0.000000000000000000e+00
4.283893210564391651e+00,-1.855558008956936078e+01,0.000000000000000000e+00
4.590293458732395138e+00,-1.841066148361822030e+01,0.000000000000000000e+00
4.893295986962835187e+00,-1.826202923981816895e+01,0.000000000000000000e+00
5.192878192151625605e+00,-1.810971841241603286e+01,0.000000000000000000e+00
5.488974777740843969e+00,-1.795362752456704669e+01,0.000000000000000000e+00
5.781470186326480132e+00,-1.779353561312656495e+01,0.000000000000000000e+00
6.070489246379375814e+00,-1.762998090214911073e+01,0.000000000000000000e+00
6.356005007878428259e+00,-1.746298023708651215e+01,0.000000000000000000e+00
6.638005069354924181e+00,-1.729259441755857551e+01,0.000000000000000000e+00
6.916471816237378611e+00,-1.711886846439347210e+01,0.000000000000000000e+00
7.191390833371871238e+00,-1.694185510836238606e+01,0.000000000000000000e+00
7.462748428595890715e+00,-1.676160740502225366e+01,0.000000000000000000e+00
7.730532580949822652e+00,-1.657818061907150664e+01,0.000000000000000000e+00
7.994732886075571088e+00,-1.639163154872107953e+01,0.000000000000000000e+00
8.255340758710067561e+00,-1.620201849956924178e+01,0.000000000000000000e+00
8.512349578326878330e+00,-1.600940113423906297e+01,0.000000000000000000e+00
8.765754724506448881e+00,-1.581384013400575661e+01,0.000000000000000000e+00
9.015554044353516261e+00,-1.561539766320336220e+01,0.000000000000000000e+00
9.261746647559922607e+00,-1.541413491626267351e+01,0.000000000000000000e+00
9.504337504282066362e+00,-1.521011948376244227e+01,0.000000000000000000e+00
9.743323194301638068e+00,-1.500340201802709572e+01,0.000000000000000000e+00
9.978731157414305386e+00,-1.479407732926443231e+01,0.000000000000000000e+00
1.021054044884325407e+01,-1.458216298977523095e+01,0.000000000000000000e+00
1.043845589757968462e+01,-1.436730197506438245e+01,0.000000000000000000e+00
1.066274719823070427e+01,-1.414994345365960626e+01,0.000000000000000000e+00
1.088348029256165894e+01,-1.393021952960256726e+01,0.000000000000000000e+00
1.110061159123351437e+01,-1.370811368981429723e+01,0.000000000000000000e+00
1.131426649635486292e+01,-1.348381774459921800e+01,0.000000000000000000e+00
1.152432706920969352e+01,-1.325722177490072795e+01,0.000000000000000000e+00
1.173055664282952115e+01,-1.302810301343920329e+01,0.000000000000000000e+00
1.193511689787868590e+01,-1.279884591177197173e+01,0.000000000000000000e+00
1.213902332841998977e+01,-1.257032663638981518e+01,0.000000000000000000e+00
1.234239955762663854e+01,-1.234239955762664387e+01,0.000000000000000000e+00
1.254537189244738116e+01,-1.211492481231662666e+01,0.000000000000000000e+00
1.274806502068972591e+01,-1.188776295085698642e+01,0.000000000000000000e+00
1.295060282814963593e+01,-1.166077516256097191e+01,0.000000000000000000e+00
1.315310880776069169e+01,-1.143382304764017299e+01,0.000000000000000000e+00
1.335570637111311143e+01,-1.120676829011306808e+01,0.000000000000000000e+00
1.355851915684500142e+01,-1.097947232698172471e+01,0.000000000000000000e+00
1.376167133144348043e+01,-1.075179600796636770e+01,0.000000000000000000e+00
1.396528788819112243e+01,-1.052359924899791999e+01,0.000000000000000000e+00
1.416949495788690072e+01,-1.029474068726236879e+01,0.000000000000000000e+00
1.437442013145128072e+01,-1.006507733343560496e+01,0.000000000000000000e+00
1.458019277718088347e+01,-9.834464205412951188e+00,0.000000000000000000e+00
1.478694437025724362e+01,-9.602753954234232836e+00,0.000000000000000000e+00
1.499480883798171682e+01,-9.369796480593914012e+00,0.000000000000000000e+00
1.520392292213282559e+01,-9.135438538640052286e+00,0.000000000000000000e+00
1.541442654653184086e+01,-8.899523316043882915e+00,0.000000000000000000e+00
1.562646320466451755e+01,-8.661889996539180459e+00,0.000000000000000000e+00
1.584018036974342891e+01,-8.422373301811591162e+00,0.000000000000000000e+00
1.605572992791540443e+01,-8.180803008482255834e+00,0.000000000000000000e+00
1.627326863726818473e+01,-7.937003436882451801e+00,0.000000000000000000e+00
1.649295861046919853e+01,-7.690792905695223780e+00,0.000000000000000000e+00
1.671496783135257402e+01,-7.441983152527579470e+00,0.000000000000000000e+00
1.693947070752715689e+01,-7.190378715265593357e+00,0.000000000000000000e+00
1.716664866220093089e+01,-6.935776269227194035e+00,0.000000000000000000e+00
1.739669076969540029e+01,-6.677963915118660054e+00,0.000000000000000000e+00
1.762979443964086457e+01,-6.416720412261074813e+00,0.000000000000000000e+00
1.786616615542621389e+01,-6.151814350934520448e+00,0.000000000000000000e+00
1.810602227312718782e+01,-5.883003256970726902e+00,0.000000000000000000e+00
1.834958988784895695e+01,-5.610032620898995681e+00,0.000000000000000000e+00
1.859710777518832714e+01,-5.332634842994515623e+00,0.000000000000000000e+00
1.884882741633527559e+01,-5.050528084480641056e+00,0.000000000000000000e+00
1.910501411617982015e+01,-4.763415013877891901e+00,0.000000000000000000e+00
1.936594822465573529e+01,-4.470981436057587466e+00,0.000000000000000000e+00
1.963192647689850645e+01,-4.172894790888229011e+00,0.000000000000000000e+00
1.990326347258989159e+01,-3.868802506651480400e+00,0.000000000000000000e+00
2.018029328436739789e+01,-3.558330184643835103e+00,0.000000000000000000e+00
2.046337123276824599e+01,-3.241079599855220206e+00,0.000000000000000000e+00
2.075287588317551979e+01,-2.916626499096625746e+00,0.000000000000000000e+00
2.104921119046763422e+01,-2.584518153374087301e+00,0.000000000000000000e+00
2.135280894620849068e+01,-2.244270655065337294e+00,0.000000000000000000e+00
2.166413143248970385e+01,-1.895365905478488822e+00,0.000000000000000000e+00
2.198367444351408651e+01,-1.537248268638953475e+00,0.000000000000000000e+00
2.231197059482248690e+01,-1.169320830303174574e+00,0.000000000000000000e+00
2.264959306287051888e+01,-7.909412184303865612e-01,0.000000000000000000e+00
2.299715980403088622e+01,-4.014169175439762927e-01,0.000000000000000000e+00
2.335530429341779879e+01,-5.720399729209307828e-15,0.000000000000000000e+00
