6.040942294292795528e-02,0.000000000000000000e+00,0.000000000000000000e+00
6.012740293096793115e-02,1.049527722125145456e-03,0.000000000000000000e+00
5.980550321562648486e-02,2.088454192130869812e-03,0.000000000000000000e+00
5.944417527973142740e-02,3.115337217722578822e-03,0.000000000000000000e+00
5.904339527223698147e-02,4.128716397708067157e-03,0.000000000000000000e+00
5.860190335392592709e-02,5.127002204510342116e-03,0.000000000000000000e+00
5.811982276210981430e-02,6.108639525188207069e-03,0.000000000000000000e+00
5.760154259506865271e-02,7.072580114865460212e-03,0.000000000000000000e+00
5.704734087792342340e-02,8.017480904535212796e-03,0.000000000000000000e+00
5.645251237666609051e-02,8.941199577692215614e-03,0.000000000000000000e+00
5.582249961882217865e-02,9.843012813386351270e-03,0.000000000000000000e+00
5.515967033009321757e-02,1.072195377069815742e-02,0.000000000000000000e+00
5.445938486757437996e-02,1.157569959811604113e-02,0.000000000000000000e+00
5.372198157691583653e-02,1.240269671034338606e-02,0.000000000000000000e+00
5.295161393747981754e-02,1.320232015035497503e-02,0.000000000000000000e+00
5.214931068667003761e-02,1.397336568433295290e-02,0.000000000000000000e+00
5.131531627219892977e-02,1.471443015980691306e-02,0.000000000000000000e+00
5.045054383816077737e-02,1.542427914760091494e-02,0.000000000000000000e+00
4.955600766232446525e-02,1.610172295615804397e-02,0.000000000000000000e+00
4.863300774474819260e-02,1.674568748384695077e-02,0.000000000000000000e+00
4.768300200628036722e-02,1.735519341074166083e-02,0.000000000000000000e+00
4.670604508349283229e-02,1.792877092629560284e-02,0.000000000000000000e+00
4.569729463532075375e-02,1.846290548238579965e-02,0.000000000000000000e+00
4.466567755485923580e-02,1.895945527097633865e-02,0.000000000000000000e+00
4.361349937959858175e-02,1.941798099048333212e-02,0.000000000000000000e+00
4.254468935896391080e-02,1.983891446191034941e-02,0.000000000000000000e+00
4.150360247911864808e-02,2.024265947194904200e-02,0.000000000000000000e+00
4.049566208309068188e-02,2.063357042546127423e-02,0.000000000000000000e+00
3.951886054569900969e-02,2.101255088066285651e-02,0.000000000000000000e+00
3.857099670322361451e-02,2.138025259615176227e-02,0.000000000000000000e+00
3.765031881541072711e-02,2.173742170315260888e-02,0.000000000000000000e+00
3.675511903372977868e-02,2.208470357503853829e-02,0.000000000000000000e+00
3.588383465073860523e-02,2.242270850222850137e-02,0.000000000000000000e+00
3.503500875119846397e-02,2.275200071076951408e-02,0.000000000000000000e+00
3.420728645559817371e-02,2.307310605236955608e-02,0.000000000000000000e+00
3.339940425259550760e-02,2.338651462938081196e-02,0.000000000000000000e+00
3.261018220378533033e-02,2.369268421705362365e-02,0.000000000000000000e+00
3.183851648447070387e-02,2.399204304613747341e-02,0.000000000000000000e+00
3.108337279629564548e-02,2.428499238909569494e-02,0.000000000000000000e+00
3.034378037648890677e-02,2.457190885565669475e-02,0.000000000000000000e+00
2.961882658490474704e-02,2.485314646329738614e-02,0.000000000000000000e+00
2.890765198895351579e-02,2.512903849540415110e-02,0.000000000000000000e+00
2.820944606574856545e-02,2.539989932500179987e-02,0.000000000000000000e+00
2.752344329793482078e-02,2.566602609777873106e-02,0.000000000000000000e+00
2.684891928932692934e-02,2.592769997340413704e-02,0.000000000000000000e+00
2.618518733191837686e-02,2.618518733191837339e-02,0.000000000000000000e+00
2.553159528679116094e-02,2.643874087890466656e-02,0.000000000000000000e+00
2.488752313367626617e-02,2.668860107856986172e-02,0.000000000000000000e+00
2.425238052473329201e-02,2.693499732516857481e-02,0.000000000000000000e+00
2.362560388681100507e-02,2.717814831290526340e-02,0.000000000000000000e+00
2.300665416158859805e-02,2.741826275064573881e-02,0.000000000000000000e+00
2.239501536413529212e-02,2.765554079372944951e-02,0.000000000000000000e+00
2.179019273421037989e-02,2.789017485402699517e-02,0.000000000000000000e+00
2.119171030622379881e-02,2.812234942315416236e-02,0.000000000000000000e+00
2.059910950446637926e-02,2.835224189975342826e-02,0.000000000000000000e+00
2.001194842230972007e-02,2.858002425034762359e-02,0.000000000000000000e+00
1.942979954945382726e-02,2.880586243804666643e-02,0.000000000000000000e+00
1.885224831439187565e-02,2.902991666846456778e-02,0.000000000000000000e+00
1.827889277732723181e-02,2.925234326419583544e-02,0.000000000000000000e+00
1.770934181861376008e-02,2.947329423465087569e-02,0.000000000000000000e+00
1.714321364556992827e-02,2.969291703913518390e-02,0.000000000000000000e+00
1.658013568480739414e-02,2.991135656427240316e-02,0.000000000000000000e+00
1.601974302694570557e-02,3.012875467882414338e-02,0.000000000000000000e+00
1.546167705519346097e-02,3.034524982125062428e-02,0.000000000000000000e+00
1.490558544712737923e-02,3.056097910323371525e-02,0.000000000000000000e+00
1.435112065771194587e-02,3.077607756753095863e-02,0.000000000000000000e+00
1.379793879299479921e-02,3.099067793314587427e-02,0.000000000000000000e+00
1.324569961164358267e-02,3.120491276708128522e-02,0.000000000000000000e+00
1.269406495603040037e-02,3.141891328908336112e-02,0.000000000000000000e+00
1.214269792402965578e-02,3.163280957776977431e-02,0.000000000000000000e+00
1.159126271955899200e-02,3.184673258495449716e-02,0.000000000000000000e+00
1.103942307445632612e-02,3.206081257610152169e-02,0.000000000000000000e+00
1.048684166914758999e-02,3.227517996209898488e-02,0.000000000000000000e+00
9.933179712337548636e-03,3.248996687197280853e-02,0.000000000000000000e+00
9.378095445410144018e-03,3.270530551204198222e-02,0.000000000000000000e+00
8.821243667983473535e-03,3.292132955485957413e-02,0.000000000000000000e+00
8.262275032743366526e-03,3.313817516895632004e-02,0.000000000000000000e+00
7.700834659452419906e-03,3.335597953926940779e-02,0.000000000000000000e+00
7.136561603186363303e-03,3.357488259649837187e-02,0.000000000000000000e+00
6.569087923489886488e-03,3.379502765805194459e-02,0.000000000000000000e+00
5.998037351847181065e-03,3.401656018691885663e-02,0.000000000000000000e+00
5.423024570102586914e-03,3.423962959360517255e-02,0.000000000000000000e+00
4.843654117318113746e-03,3.446438985206685263e-02,0.000000000000000000e+00
4.259519009401919153e-03,3.469099842911239906e-02,0.000000000000000000e+00
3.670199730593072009e-03,3.491961785665204099e-02,0.000000000000000000e+00
3.075262988584439618e-03,3.515041680426632398e-02,0.000000000000000000e+00
2.474260183435903013e-03,3.538356911558760559e-02,0.000000000000000000e+00
1.866726044448892025e-03,3.561925481267142618e-02,0.000000000000000000e+00
1.252177146532503947e-03,3.585766192318319556e-02,0.000000000000000000e+00
6.301101419818229150e-04,3.609898585729129361e-02,0.000000000000000000e+00
2.225393253837132246e-18,3.634342988340046737e-02,0.000000000000000000e+00
-6.387018895970411961e-04,3.659120674850811078e-02,0.000000000000000000e+00
-1.286569834473892757e-03,3.684253964615344379e-02,0.000000000000000000e+00
-1.944206094592661801e-03,3.709766224003697294e-02,0.000000000000000000e+00
-2.612243305263255849e-03,3.735681968989985197e-02,0.000000000000000000e+00
-3.291347151036942090e-03,3.762027008289675623e-02,0.000000000000000000e+00
-3.982219313154462814e-03,3.788828588199554676e-02,0.000000000000000000e+00
-4.685600609303904041e-03,3.816115458529986681e-02,0.000000000000000000e+00
-5.402274452955756548e-03,3.843918007457113040e-02,0.000000000000000000e+00
-6.133070661239554446e-03,3.872268417701026089e-02,0.000000000000000000e+00
-6.878869644304573365e-03,3.901200835326467525e-02,0.000000000000000000e+00
-7.640607027224031837e-03,3.930751556635636579e-02,0.000000000000000000e+00
-8.419278736630208745e-03,3.960959224444224325e-02,0.000000000000000000e+00
-9.215946596121271303e-03,3.991865033979050820e-02,0.000000000000000000e+00
-1.003174454618302458e-02,4.023512975593306062e-02,0.000000000000000000e+00
-1.086788555020110070e-02,4.055950104419413227e-02,0.000000000000000000e+00
-1.172566927465726154e-02,4.089226839214130799e-02,0.000000000000000000e+00
-1.260649064854804137e-02,4.123397294769921145e-02,0.000000000000000000e+00
-1.351184942305224367e-02,4.158519652611885470e-02,0.000000000000000000e+00
-1.444336087152362988e-02,4.194656575327630754e-02,0.000000000000000000e+00
-1.540276778684220547e-02,4.231875669145201274e-02,0.000000000000000000e+00
-1.639195397625275996e-02,4.270250005250014053e-02,0.000000000000000000e+00
-1.741295960483957295e-02,4.309858739700743457e-02,0.000000000000000000e+00
-1.846799817619015210e-02,4.350787719540634424e-02,0.000000000000000000e+00
-1.955947705817450907e-02,4.393130475099581156e-02,0.000000000000000000e+00
-2.069001898106424125e-02,4.436988889036640876e-02,0.000000000000000000e+00
-2.186245901790732568e-02,4.482468371078530966e-02,0.000000000000000000e+00
-2.307999987032734179e-02,4.529705021256195951e-02,0.000000000000000000e+00
-2.434517343616252744e-02,4.578661198483739703e-02,0.000000000000000000e+00
-2.560943709892305950e-02,4.620064751207687836e-02,0.000000000000000000e+00
-2.687165964830419418e-02,4.654307979456132061e-02,0.000000000000000000e+00
-2.812945975916771382e-02,4.681528272678737307e-02,0.000000000000000000e+00
-2.937855753240556714e-02,4.701552003252768702e-02,0.000000000000000000e+00
-3.061470451792527511e-02,4.714251086468915219e-02,0.000000000000000000e+00
-3.183896358204869187e-02,4.720320468464398594e-02,0.000000000000000000e+00
-3.304444427563006659e-02,4.719235722614198436e-02,0.000000000000000000e+00
-3.423217289395629609e-02,4.711654386968482794e-02,0.000000000000000000e+00
-3.539548875574506648e-02,4.697140006203492923e-02,0.000000000000000000e+00
-3.653571590309464406e-02,4.676358384634959203e-02,0.000000000000000000e+00
-3.764884767751365546e-02,4.649245494378290849e-02,0.000000000000000000e+00
-3.873139392051629798e-02,4.615827785095685115e-02,0.000000000000000000e+00
-3.978083125059404812e-02,4.576261148367361670e-02,0.000000000000000000e+00
-4.079452597024542382e-02,4.530691107907908882e-02,0.000000000000000000e+00
-4.177149049532639935e-02,4.479443937828146705e-02,0.000000000000000000e+00
-4.271137753717035856e-02,4.422892618349353461e-02,0.000000000000000000e+00
-4.360601228143835134e-02,4.360601228143835828e-02,0.000000000000000000e+00
-4.445768984046104960e-02,4.293229203278771389e-02,0.000000000000000000e+00
-4.526373226019839852e-02,4.220911318753096247e-02,0.000000000000000000e+00
-4.602182805292264617e-02,4.143824010483134618e-02,0.000000000000000000e+00
-4.673208744557536681e-02,4.062358384690684804e-02,0.000000000000000000e+00
-4.738463993791124790e-02,3.976043389536956102e-02,0.000000000000000000e+00
-4.798720449745660227e-02,3.885927199970402174e-02,0.000000000000000000e+00
-4.853350873119315761e-02,3.791853277561949009e-02,0.000000000000000000e+00
-4.901961700468802918e-02,3.693893092837045172e-02,0.000000000000000000e+00
-4.945110764781270041e-02,3.592833276310708479e-02,0.000000000000000000e+00
-4.981809125338369088e-02,3.488300303483848896e-02,0.000000000000000000e+00
-5.012776040715353348e-02,3.381160132486164815e-02,0.000000000000000000e+00
-5.037022395966801736e-02,3.271080591046757191e-02,0.000000000000000000e+00
-5.054979491377002698e-02,3.158701758691689898e-02,0.000000000000000000e+00
-5.066742955131185722e-02,3.044406308473656189e-02,0.000000000000000000e+00
-5.071770035146484779e-02,2.928187795059700171e-02,0.000000000000000000e+00
-5.069677283176428351e-02,2.810168006009177571e-02,0.000000000000000000e+00
-5.060710440856791559e-02,2.690827472311278432e-02,0.000000000000000000e+00
-5.044824470668274330e-02,2.570466456037746872e-02,0.000000000000000000e+00
-5.021857711960204390e-02,2.449323661263783786e-02,0.000000000000000000e+00
-4.991654642747115483e-02,2.327646786777934004e-02,0.000000000000000000e+00
-4.954066260099344171e-02,2.205692407915408812e-02,0.000000000000000000e+00
-4.909077941956936642e-02,2.083779957170797670e-02,0.000000000000000000e+00
-4.857113176502974444e-02,1.962401105156708070e-02,0.000000000000000000e+00
-4.798553113587246399e-02,1.841991960513358201e-02,0.000000000000000000e+00
-4.732481051961694857e-02,1.722482237142862471e-02,0.000000000000000000e+00
-4.657920519258278158e-02,1.603850655289162583e-02,0.000000000000000000e+00
-4.576530234327502722e-02,1.487004813538404281e-02,0.000000000000000000e+00
-4.488912453950567871e-02,1.372398263554575754e-02,0.000000000000000000e+00
-4.393812472957639437e-02,1.259905452510102532e-02,0.000000000000000000e+00
-4.290451622013513600e-02,1.149623047283322708e-02,0.000000000000000000e+00
-4.180115111653268795e-02,1.042219752443108820e-02,0.000000000000000000e+00
-4.063060506738173233e-02,9.380314296243549496e-03,0.000000000000000000e+00
-3.939298569701710911e-02,8.373237593674314957e-03,0.000000000000000000e+00
-3.817117344045069943e-02,7.419724493504282516e-03,0.000000000000000000e+00
-3.703108540039192625e-02,6.529579481008422094e-03,0.000000000000000000e+00
-3.596302387985100824e-02,5.695983409588139396e-03,0.000000000000000000e+00
-3.496035564561335296e-02,4.913357563926974703e-03,0.000000000000000000e+00
-3.401661559000451057e-02,4.176715208621604482e-03,0.000000000000000000e+00
-3.312618292545387033e-02,3.481702123650746907e-03,0.000000000000000000e+00
-3.228419186642134814e-02,2.824500799407725100e-03,0.000000000000000000e+00
-3.148635050007451280e-02,2.201740110206172520e-03,0.000000000000000000e+00
-3.072890165133371210e-02,1.610433495353376897e-03,0.000000000000000000e+00
-3.000781050608957584e-02,1.047895833635191769e-03,0.000000000000000000e+00
-2.932102592502384281e-02,5.118004112832399673e-04,0.000000000000000000e+00
-2.866873879160154043e-02,3.510907919672638533e-18,0.000000000000000000e+00
-2.865469509534311968e-02,-5.001695633874830025e-04,0.000000000000000000e+00
-2.802597328365926538e-02,-9.786885528205431593e-04,0.000000000000000000e+00
-2.741808187940823760e-02,-1.436920783500370870e-03,0.000000000000000000e+00
-2.683319253936053417e-02,-1.876359608543858070e-03,0.000000000000000000e+00
-2.627223445199336482e-02,-2.298522680044629875e-03,0.000000000000000000e+00
-2.573311603575265463e-02,-2.704659481940687761e-03,0.000000000000000000e+00
-2.521358326137574171e-02,-3.095838749536852352e-03,0.000000000000000000e+00
-2.471237555958889776e-02,-3.473097888623604031e-03,0.000000000000000000e+00
-2.422840159226498716e-02,-3.837401826148991498e-03,0.000000000000000000e+00
-2.376055545205824765e-02,-4.189627002817490620e-03,0.000000000000000000e+00
-2.330771641274259620e-02,-4.530561121603179572e-03,0.000000000000000000e+00
-2.286887452952360983e-02,-4.860929339258676651e-03,0.000000000000000000e+00
-2.244317164475865406e-02,-5.181414440745959332e-03,0.000000000000000000e+00
-2.202975800286779626e-02,-5.492635565973599636e-03,0.000000000000000000e+00
-2.162788547810534298e-02,-5.795174447851122665e-03,0.000000000000000000e+00
-2.123685147638843668e-02,-6.089569168899507633e-03,0.000000000000000000e+00
-2.085596232962445840e-02,-6.376307575512226745e-03,0.000000000000000000e+00
-2.048462543973269059e-02,-6.655858275322818103e-03,0.000000000000000000e+00
-2.012227675320230058e-02,-6.928655528384266606e-03,0.000000000000000000e+00
-1.976835493176376871e-02,-7.195092775571493467e-03,0.000000000000000000e+00
-1.942237470862490448e-02,-7.455551125622568269e-03,0.000000000000000000e+00
-1.908388134088788435e-02,-7.710388552444903502e-03,0.000000000000000000e+00
-1.875241556783507901e-02,-7.959928151642921973e-03,0.000000000000000000e+00
-1.842756093212282939e-02,-8.204478727251980283e-03,0.000000000000000000e+00
-1.810894927557986714e-02,-8.444341728343301642e-03,0.000000000000000000e+00
-1.779621003641773669e-02,-8.679791587723776833e-03,0.000000000000000000e+00
-1.748897781621783915e-02,-8.911079283006476462e-03,0.000000000000000000e+00
-1.718693795536833935e-02,-9.138457012250000497e-03,0.000000000000000000e+00
-1.688979125823034458e-02,-9.362164171584927766e-03,0.000000000000000000e+00
-1.659723476546557178e-02,-9.582417959644965247e-03,0.000000000000000000e+00
-1.630897514368448431e-02,-9.799420900539354551e-03,0.000000000000000000e+00
-1.602475961722632514e-02,-1.001338115651897315e-02,0.000000000000000000e+00
-1.574434122570056091e-02,-1.022449474186254426e-02,0.000000000000000000e+00
-1.546746990722632636e-02,-1.043294018642809337e-02,0.000000000000000000e+00
-1.519390150027743157e-02,-1.063888436531006815e-02,0.000000000000000000e+00
-1.492342347355168561e-02,-1.084250181696878347e-02,0.000000000000000000e+00
-1.465582877603271300e-02,-1.104395913179252037e-02,0.000000000000000000e+00
-1.439090739994938577e-02,-1.124340910396959964e-02,0.000000000000000000e+00
-1.412844951875208421e-02,-1.144099283408712454e-02,0.000000000000000000e+00
-1.386826731110712453e-02,-1.163685798581791560e-02,0.000000000000000000e+00
-1.361018309211332877e-02,-1.183115166122476573e-02,0.000000000000000000e+00
-1.335401611815070430e-02,-1.202401012040143526e-02,0.000000000000000000e+00
-1.309958300375932590e-02,-1.221555877311807266e-02,0.000000000000000000e+00
-1.284670894702945494e-02,-1.240592262335995372e-02,0.000000000000000000e+00
-1.259523527962180117e-02,-1.259523527962179423e-02,0.000000000000000000e+00
-1.234500158435803546e-02,-1.278362336439534466e-02,0.000000000000000000e+00
-1.209584402574723043e-02,-1.297120465455030638e-02,0.000000000000000000e+00
-1.184759736085329480e-02,-1.315808989962097796e-02,0.000000000000000000e+00
-1.160010924281805293e-02,-1.334439919325029929e-02,0.000000000000000000e+00
-1.135323206063121489e-02,-1.353025509581300655e-02,0.000000000000000000e+00
-1.110681398690182078e-02,-1.371577301058880642e-02,0.000000000000000000e+00
-1.086069913032165248e-02,-1.390106097162185569e-02,0.000000000000000000e+00
-1.061473262944376099e-02,-1.408622596878854154e-02,0.000000000000000000e+00
-1.036877043260115393e-02,-1.427138816094829232e-02,0.000000000000000000e+00
-1.012266610406297070e-02,-1.445666541943348496e-02,0.000000000000000000e+00
-9.876267913962441525e-03,-1.464216932381543976e-02,0.000000000000000000e+00
-9.629419307823820426e-03,-1.482800541399757581e-02,0.000000000000000000e+00
-9.381967711878038893e-03,-1.501428687966667973e-02,0.000000000000000000e+00
-9.133765300335598691e-03,-1.520113818595364083e-02,0.000000000000000000e+00
-8.884658086222647216e-03,-1.538867921321527242e-02,0.000000000000000000e+00
-8.634485394710816886e-03,-1.557702399425195221e-02,0.000000000000000000e+00
-8.383081835097954890e-03,-1.576628386843282117e-02,0.000000000000000000e+00
-8.130287610458144035e-03,-1.595658787706351334e-02,0.000000000000000000e+00
-7.875939830592024182e-03,-1.614806969071020532e-02,0.000000000000000000e+00
-7.619866949330639586e-03,-1.634085740620159002e-02,0.000000000000000000e+00
-7.361888985393472140e-03,-1.653507338659414294e-02,0.000000000000000000e+00
-7.101824282221325807e-03,-1.673084953693568244e-02,0.000000000000000000e+00
-6.839492369619797410e-03,-1.692833764808701624e-02,0.000000000000000000e+00
-6.574702689382974294e-03,-1.712768607972449050e-02,0.000000000000000000e+00
-6.307253632757962858e-03,-1.732903693477560667e-02,0.000000000000000000e+00
-6.036935450701750444e-03,-1.753253360375481990e-02,0.000000000000000000e+00
-5.763538838369229415e-03,-1.773834859871915165e-02,0.000000000000000000e+00
-5.486843951249418573e-03,-1.794665790515800885e-02,0.000000000000000000e+00
-5.206616740755462026e-03,-1.815763042525449580e-02,0.000000000000000000e+00
-4.922610673660622084e-03,-1.837143313998230998e-02,0.000000000000000000e+00
-4.634575557786986023e-03,-1.858826728220329058e-02,0.000000000000000000e+00
-4.342248558036966403e-03,-1.880834486928225843e-02,0.000000000000000000e+00
-4.045348720447002229e-03,-1.903186939355505994e-02,0.000000000000000000e+00
-3.743578915055324925e-03,-1.925904394154957788e-02,0.000000000000000000e+00
-3.436633275322554387e-03,-1.949011581503006657e-02,0.000000000000000000e+00
-3.124187292943987702e-03,-1.972534225295359891e-02,0.000000000000000000e+00
-2.805893480805456922e-03,-1.996496951755845697e-02,0.000000000000000000e+00
-2.481384989065053923e-03,-2.020925897212180050e-02,0.000000000000000000e+00
-2.150277730303270466e-03,-2.045852600390388187e-02,0.000000000000000000e+00
-1.812159903978115055e-03,-2.071308248343680866e-02,0.000000000000000000e+00
-1.466591321745509087e-03,-2.097323302727246291e-02,0.000000000000000000e+00
-1.113106735141226097e-03,-2.123934176126042461e-02,0.000000000000000000e+00
-7.512085682970670196e-04,-2.151179883005080104e-02,0.000000000000000000e+00
-3.803629629156550637e-04,-2.179097955119986899e-02,0.000000000000000000e+00
-4.055537428490489157e-18,-2.207731748350687598e-02,0.000000000000000000e+00
3.904925372940850790e-04,-2.237130247867651772e-02,0.000000000000000000e+00
7.917728413009937627e-04,-2.267340762602879783e-02,0.000000000000000000e+00
1.204548885874406330e-03,-2.298416193842022295e-02,0.000000000000000000e+00
1.629584359416917563e-03,-2.330414206117906173e-02,0.000000000000000000e+00
2.067700338346376097e-03,-2.363392301373648183e-02,0.000000000000000000e+00
2.519796069477343511e-03,-2.397425815532512952e-02,0.000000000000000000e+00
2.986852585157506994e-03,-2.432596218281418352e-02,0.000000000000000000e+00
3.469918095752890213e-03,-2.468975015767318690e-02,0.000000000000000000e+00
3.970092723660591238e-03,-2.506617894741245897e-02,0.000000000000000000e+00
4.488584514422760789e-03,-2.545602775246344485e-02,0.000000000000000000e+00
5.026967600912775509e-03,-2.586150635942853840e-02,0.000000000000000000e+00
5.586873834858496583e-03,-2.628417486133274167e-02,0.000000000000000000e+00
6.167988926327490525e-03,-2.671649522723936951e-02,0.000000000000000000e+00
6.768570426424290638e-03,-2.714725321359716392e-02,0.000000000000000000e+00
7.387948262252339721e-03,-2.757219827841587978e-02,0.000000000000000000e+00
8.026138636100100046e-03,-2.799047180780503408e-02,0.000000000000000000e+00
8.683060223415695056e-03,-2.840101026821471170e-02,0.000000000000000000e+00
9.358785939461333053e-03,-2.880338141382740580e-02,0.000000000000000000e+00
1.005400978096141276e-02,-2.919896457012728999e-02,0.000000000000000000e+00
1.076872495439819624e-02,-2.958682864852659952e-02,0.000000000000000000e+00
1.150203608974058149e-02,-2.996382843909671523e-02,0.000000000000000000e+00
1.225460343965100417e-02,-3.033120786731032317e-02,0.000000000000000000e+00
1.302677106583067894e-02,-3.068914943448164054e-02,0.000000000000000000e+00
1.381731885823381592e-02,-3.103420627235332907e-02,0.000000000000000000e+00
1.462765624738505098e-02,-3.136911005335210612e-02,0.000000000000000000e+00
1.545778983969990292e-02,-3.169316589066212275e-02,0.000000000000000000e+00
1.630510236645069458e-02,-3.200056519773303298e-02,0.000000000000000000e+00
1.717146885821083796e-02,-3.229483593050751222e-02,0.000000000000000000e+00
1.805771983550945661e-02,-3.257698893457115080e-02,0.000000000000000000e+00
1.896293508079070073e-02,-3.284476702055972447e-02,0.000000000000000000e+00
1.988603910156918481e-02,-3.309592686196173583e-02,0.000000000000000000e+00
2.082672861651770416e-02,-3.332973293198065318e-02,0.000000000000000000e+00
2.178583027506112227e-02,-3.354723674817767370e-02,0.000000000000000000e+00
2.276339720479428688e-02,-3.374812420658007683e-02,0.000000000000000000e+00
2.375899065421682721e-02,-3.393135514502429451e-02,0.000000000000000000e+00
2.477235921245200465e-02,-3.409622734743647521e-02,0.000000000000000000e+00
2.580316905467363101e-02,-3.424196187540069075e-02,0.000000000000000000e+00
2.685108497743319764e-02,-3.436782153217088354e-02,0.000000000000000000e+00
2.791552849911522333e-02,-3.447280676673057653e-02,0.000000000000000000e+00
2.899568309771268643e-02,-3.455570950142231035e-02,0.000000000000000000e+00
3.009209267090233453e-02,-3.461699271577295400e-02,0.000000000000000000e+00
3.120446295460402308e-02,-3.465606707590720287e-02,0.000000000000000000e+00
3.233230263588786346e-02,-3.467214966977476276e-02,0.000000000000000000e+00
3.347460651888552186e-02,-3.466396979251743643e-02,0.000000000000000000e+00
3.461927295149879596e-02,-3.461927295149880984e-02,0.000000000000000000e+00
3.575662970055524387e-02,-3.452977592675945950e-02,0.000000000000000000e+00
3.688480852307416541e-02,-3.439564039706564241e-02,0.000000000000000000e+00
3.800241109335929929e-02,-3.421752464152980067e-02,0.000000000000000000e+00
3.910796393610218441e-02,-3.399603439264891475e-02,0.000000000000000000e+00
4.020006266336592637e-02,-3.373185775413391208e-02,0.000000000000000000e+00
4.127733923321019738e-02,-3.342573024382748670e-02,0.000000000000000000e+00
4.233847993762601680e-02,-3.307844582341027545e-02,0.000000000000000000e+00
4.338223139684015822e-02,-3.269085617158550006e-02,0.000000000000000000e+00
4.440739433268535430e-02,-3.226386054060016023e-02,0.000000000000000000e+00
4.541288806681661322e-02,-3.179844655625879007e-02,0.000000000000000000e+00
4.639754834680468593e-02,-3.129554152052805432e-02,0.000000000000000000e+00
4.736079017439064759e-02,-3.075645675908333238e-02,0.000000000000000000e+00
4.830098512395761962e-02,-3.018180527098953542e-02,0.000000000000000000e+00
4.921413187876106515e-02,-2.957083374557639352e-02,0.000000000000000000e+00
5.009957870600306035e-02,-2.892500525219774202e-02,0.000000000000000000e+00
5.095918993706234634e-02,-2.824714023681450248e-02,0.000000000000000000e+00
5.179322989243553138e-02,-2.753894883001921021e-02,0.000000000000000000e+00
5.259825867742604077e-02,-2.680015139523975881e-02,0.000000000000000000e+00
5.336927046603772568e-02,-2.602993243427212389e-02,0.000000000000000000e+00
5.411086396323847719e-02,-2.523231025544148132e-02,0.000000000000000000e+00
5.482366618763669097e-02,-2.440906882051552609e-02,0.000000000000000000e+00
5.550092110346376006e-02,-2.355874328485661751e-02,0.000000000000000000e+00
5.614303605753311055e-02,-2.268325896525224053e-02,0.000000000000000000e+00
5.675168765668482662e-02,-2.178493181896467429e-02,0.000000000000000000e+00
5.732565735684234942e-02,-2.086483293763394600e-02,0.000000000000000000e+00
5.786400249973918525e-02,-1.992417387612247653e-02,0.000000000000000000e+00
5.836661998922464817e-02,-1.896446443704036255e-02,0.000000000000000000e+00
5.883285292364579672e-02,-1.798700821650333487e-02,0.000000000000000000e+00
5.926107932305710313e-02,-1.699284105097336600e-02,0.000000000000000000e+00
5.964986390757427009e-02,-1.598313286266089470e-02,0.000000000000000000e+00
5.999901565960122363e-02,-1.495943474696510497e-02,0.000000000000000000e+00
6.030876595452699940e-02,-1.392337570493661428e-02,0.000000000000000000e+00
6.057932976605249348e-02,-1.287653404334657831e-02,0.000000000000000000e+00
6.081045296849194731e-02,-1.182035464682014599e-02,0.000000000000000000e+00
6.100169975904207176e-02,-1.075624553659624248e-02,0.000000000000000000e+00
6.115267637380411569e-02,-9.685632421812475149e-03,0.000000000000000000e+00
6.126303261659860749e-02,-8.609957740336628487e-03,0.000000000000000000e+00
6.133246245453073675e-02,-7.530679471573477508e-03,0.000000000000000000e+00
6.136070458366017777e-02,-6.449269930628688356e-03,0.000000000000000000e+00
6.134754296424269754e-02,-5.367214544540804301e-03,0.000000000000000000e+00
6.129282514724120751e-02,-4.286011857557568520e-03,0.000000000000000000e+00
6.119654468252787305e-02,-3.207175006606722591e-03,0.000000000000000000e+00
6.105887333489842111e-02,-2.132222841153800282e-03,0.000000000000000000e+00
6.088005851830893822e-02,-1.062665374270825667e-03,0.000000000000000000e+00
6.066039457943120383e-02,-1.485751161134317723e-17,0.000000000000000000e+00
