5.916598879949425821e-02,0.000000000000000000e+00,0.000000000000000000e+00
5.883553732708281248e-02,1.026978124130799612e-03,0.000000000000000000e+00
5.846413033882545685e-02,2.041612419097618529e-03,0.000000000000000000e+00
5.805154745790234994e-02,3.042352686212738012e-03,0.000000000000000000e+00
5.759789391783482621e-02,4.027637096334698609e-03,0.000000000000000000e+00
5.710451709633543316e-02,4.995997882051665499e-03,0.000000000000000000e+00
5.657308595085860231e-02,5.946070935484377810e-03,0.000000000000000000e+00
5.600475445580263556e-02,6.876519184330715830e-03,0.000000000000000000e+00
5.540017994236240417e-02,7.785987531762295945e-03,0.000000000000000000e+00
5.475813491627640889e-02,8.672836551929888685e-03,0.000000000000000000e+00
5.407701208171680762e-02,9.535236266104306010e-03,0.000000000000000000e+00
5.336021724355224927e-02,1.037217552345750214e-02,0.000000000000000000e+00
5.260981692982573399e-02,1.118256179669307668e-02,0.000000000000000000e+00
5.182315534522241585e-02,1.196431813297055627e-02,0.000000000000000000e+00
5.100617145899655897e-02,1.271726686254845765e-02,0.000000000000000000e+00
5.015921657387392013e-02,1.344012157394730046e-02,0.000000000000000000e+00
4.927371283046513839e-02,1.412900979334044856e-02,0.000000000000000000e+00
4.835815563037431514e-02,1.478457187495829488e-02,0.000000000000000000e+00
4.741536544531065045e-02,1.540618613726258031e-02,0.000000000000000000e+00
4.644517245602526601e-02,1.599235538061007794e-02,0.000000000000000000e+00
4.544813828333303662e-02,1.654176953794748300e-02,0.000000000000000000e+00
4.442567023345725397e-02,1.705341703496766545e-02,0.000000000000000000e+00
4.339564256197536718e-02,1.753297768200640094e-02,0.000000000000000000e+00
4.239591247007627045e-02,1.799599715377411119e-02,0.000000000000000000e+00
4.142729777095188054e-02,1.844462132244615443e-02,0.000000000000000000e+00
4.048764325990215907e-02,1.887969811273999127e-02,0.000000000000000000e+00
3.957535757465966558e-02,1.930219159330832934e-02,0.000000000000000000e+00
3.868859746172772368e-02,1.971282501199583814e-02,0.000000000000000000e+00
3.782584008202829334e-02,2.011235593213324749e-02,0.000000000000000000e+00
3.698560374776660442e-02,2.050145493083248630e-02,0.000000000000000000e+00
3.616652740242213421e-02,2.088075433144239226e-02,0.000000000000000000e+00
3.536734313161912086e-02,2.125084368742479954e-02,0.000000000000000000e+00
3.458686328309875518e-02,2.161227084428643183e-02,0.000000000000000000e+00
3.382397903422827701e-02,2.196554881698124448e-02,0.000000000000000000e+00
3.307765424390494285e-02,2.231115950468292447e-02,0.000000000000000000e+00
3.234691419229655807e-02,2.264955315526869309e-02,0.000000000000000000e+00
3.163084310765374579e-02,2.298115271437569870e-02,0.000000000000000000e+00
3.092858224914841678e-02,2.330635841778317535e-02,0.000000000000000000e+00
3.023931821882002574e-02,2.362554467972679054e-02,0.000000000000000000e+00
2.956228539668125099e-02,2.393906669898640191e-02,0.000000000000000000e+00
2.889676026591364230e-02,2.424726088134641563e-02,0.000000000000000000e+00
2.824205424178831067e-02,2.455044320107308345e-02,0.000000000000000000e+00
2.759751864818598896e-02,2.484891740341172231e-02,0.000000000000000000e+00
2.696253241670800230e-02,2.514296823905595377e-02,0.000000000000000000e+00
2.633650765314441561e-02,2.543286980826215543e-02,0.000000000000000000e+00
2.571888193294333616e-02,2.571888193294333269e-02,0.000000000000000000e+00
2.510911800913576131e-02,2.600125285100478648e-02,0.000000000000000000e+00
2.450670307771866605e-02,2.628022156641108414e-02,0.000000000000000000e+00
2.391114296244939083e-02,2.655601461796626428e-02,0.000000000000000000e+00
2.332196624199896207e-02,2.682885315907049609e-02,0.000000000000000000e+00
2.273871545156769258e-02,2.709894583038326490e-02,0.000000000000000000e+00
2.216095349512178098e-02,2.736649845723138422e-02,0.000000000000000000e+00
2.158825394612247026e-02,2.763170499199866723e-02,0.000000000000000000e+00
2.102020807223949767e-02,2.789475827164896241e-02,0.000000000000000000e+00
2.045641533113531571e-02,2.815584021942397347e-02,0.000000000000000000e+00
1.989649024728900109e-02,2.841513288782970478e-02,0.000000000000000000e+00
1.934005348196595961e-02,2.867280842131164284e-02,0.000000000000000000e+00
1.878673832378607855e-02,2.892904012915088058e-02,0.000000000000000000e+00
1.823618239551231396e-02,2.918399236542889436e-02,0.000000000000000000e+00
1.768803368752215610e-02,2.943783154926788576e-02,0.000000000000000000e+00
1.714194292121840393e-02,2.969071607999592896e-02,0.000000000000000000e+00
1.659756903238626680e-02,2.994280715583893734e-02,0.000000000000000000e+00
1.605457227515858301e-02,3.019425896770621884e-02,0.000000000000000000e+00
1.551261899809031237e-02,3.044522901355083133e-02,0.000000000000000000e+00
1.497137562669993878e-02,3.069586896114952917e-02,0.000000000000000000e+00
1.443051255232207127e-02,3.094633403495473251e-02,0.000000000000000000e+00
1.388969912474377795e-02,3.119677501263973252e-02,0.000000000000000000e+00
1.334860651522442980e-02,3.144734623934181822e-02,0.000000000000000000e+00
1.280690378334024306e-02,3.169819918711286322e-02,0.000000000000000000e+00
1.226425966549364588e-02,3.194948874114274945e-02,0.000000000000000000e+00
1.172033967751086488e-02,3.220136861229916381e-02,0.000000000000000000e+00
1.117480688780183445e-02,3.245399571948077988e-02,0.000000000000000000e+00
1.062731991120423325e-02,3.270752753500803800e-02,0.000000000000000000e+00
1.007753282222772356e-02,3.296212461944341560e-02,0.000000000000000000e+00
9.525093811137296321e-03,3.321794973589985850e-02,0.000000000000000000e+00
8.969644458129231307e-03,3.347516884356690342e-02,0.000000000000000000e+00
8.410818772450305569e-03,3.373395156796901717e-02,0.000000000000000000e+00
7.848242076391565014e-03,3.399447120943186601e-02,0.000000000000000000e+00
7.281530133089329955e-03,3.425690590720669587e-02,0.000000000000000000e+00
6.710287883024522969e-03,3.452143847693069784e-02,0.000000000000000000e+00
6.134108380730328436e-03,3.478825733920052482e-02,0.000000000000000000e+00
5.552571590159380635e-03,3.505755728771038637e-02,0.000000000000000000e+00
4.965242894332668605e-03,3.532953895461794086e-02,0.000000000000000000e+00
4.371672082631576986e-03,3.560441191045674025e-02,0.000000000000000000e+00
3.771391285629361115e-03,3.588239119095681245e-02,0.000000000000000000e+00
3.163914152918397872e-03,3.616370424930415856e-02,0.000000000000000000e+00
2.548733225653705865e-03,3.644858323746641426e-02,0.000000000000000000e+00
1.925319086004729152e-03,3.673727664754809080e-02,0.000000000000000000e+00
1.293117407716078224e-03,3.703003761190474391e-02,0.000000000000000000e+00
6.515476225971409850e-04,3.732713829920301929e-02,0.000000000000000000e+00
2.304103062931922608e-18,3.762885861517180353e-02,0.000000000000000000e+00
-6.621665550034068959e-04,3.793549652931741539e-02,0.000000000000000000e+00
-1.335627432951217884e-03,3.824736546160172057e-02,0.000000000000000000e+00
-2.021095163232297567e-03,3.856479306854198458e-02,0.000000000000000000e+00
-2.719323035476318116e-03,3.888813117453561452e-02,0.000000000000000000e+00
-3.431108242846030599e-03,3.921774667216566812e-02,0.000000000000000000e+00
-4.157296232300152633e-03,3.955403149827010217e-02,0.000000000000000000e+00
-4.898785127342816098e-03,3.989740315328956649e-02,0.000000000000000000e+00
-5.656529897712213144e-03,4.024830156794255431e-02,0.000000000000000000e+00
-6.431548498013001970e-03,4.060719907103554210e-02,0.000000000000000000e+00
-7.224927498321180239e-03,4.097459996928497911e-02,0.000000000000000000e+00
-8.037828046874724922e-03,4.135104055822816371e-02,0.000000000000000000e+00
-8.871493695509406405e-03,4.173709635594188144e-02,0.000000000000000000e+00
-9.727258755460519574e-03,4.213338662219659470e-02,0.000000000000000000e+00
-1.060655655365962645e-02,4.254057479588767982e-02,0.000000000000000000e+00
-1.151092984874206235e-02,4.295937503786649569e-02,0.000000000000000000e+00
-1.244204219158984159e-02,4.339055764982843039e-02,0.000000000000000000e+00
-1.340168930916586093e-02,4.383495056899608389e-02,0.000000000000000000e+00
-1.439182266025215533e-02,4.429347567140383413e-02,0.000000000000000000e+00
-1.541452652403813885e-02,4.476703560533409204e-02,0.000000000000000000e+00
-1.647217609856934870e-02,4.525693188009942414e-02,0.000000000000000000e+00
-1.756697442276375365e-02,4.576353296849756253e-02,0.000000000000000000e+00
-1.870269823992555536e-02,4.629080253705183251e-02,0.000000000000000000e+00
-1.987699752457370780e-02,4.682727164373987061e-02,0.000000000000000000e+00
-2.107287617172846905e-02,4.733045481363205853e-02,0.000000000000000000e+00
-2.227673355704879940e-02,4.777260927943868113e-02,0.000000000000000000e+00
-2.348453038189195208e-02,4.815042285967875008e-02,0.000000000000000000e+00
-2.469395730806497186e-02,4.846462003530400964e-02,0.000000000000000000e+00
-2.590246382134811162e-02,4.871544922648531756e-02,0.000000000000000000e+00
-2.710753560596002032e-02,4.890328876087238208e-02,0.000000000000000000e+00
-2.830668958445171218e-02,4.902862455435114813e-02,0.000000000000000000e+00
-2.949659587625734145e-02,4.909057931604000197e-02,0.000000000000000000e+00
-3.067443818300582062e-02,4.908936258319945151e-02,0.000000000000000000e+00
-3.183932649727487518e-02,4.902826334460687330e-02,0.000000000000000000e+00
-3.298884805947340654e-02,4.890797852917253691e-02,0.000000000000000000e+00
-3.412071560163191380e-02,4.872943197508521757e-02,0.000000000000000000e+00
-3.523266681181387583e-02,4.849360560976537227e-02,0.000000000000000000e+00
-3.632252556459998616e-02,4.820161945867736109e-02,0.000000000000000000e+00
-3.738820776497576298e-02,4.785472367147702855e-02,0.000000000000000000e+00
-3.842696459025062017e-02,4.745334930677362617e-02,0.000000000000000000e+00
-3.943460115304796981e-02,4.699632759666469428e-02,0.000000000000000000e+00
-4.041126692525952302e-02,4.648784476659383741e-02,0.000000000000000000e+00
-4.135562713198480400e-02,4.593007705139204311e-02,0.000000000000000000e+00
-4.226623153253985382e-02,4.532498418615434066e-02,0.000000000000000000e+00
-4.314167885060059965e-02,4.467451623761444640e-02,0.000000000000000000e+00
-4.397824077507401369e-02,4.397824077507402063e-02,0.000000000000000000e+00
-4.477041872270621364e-02,4.323429080392983404e-02,0.000000000000000000e+00
-4.552218777876445438e-02,4.245012685768934785e-02,0.000000000000000000e+00
-4.623344267396002627e-02,4.162877876544596178e-02,0.000000000000000000e+00
-4.689662506107281081e-02,4.076661421393068530e-02,0.000000000000000000e+00
-4.751147986503351239e-02,3.986686523143639915e-02,0.000000000000000000e+00
-4.807905853457743184e-02,3.893365393234897442e-02,0.000000000000000000e+00
-4.859637659058396036e-02,3.796765053053077071e-02,0.000000000000000000e+00
-4.906057748284365500e-02,3.696979686257877151e-02,0.000000000000000000e+00
-4.947132126620533421e-02,3.594301881651420366e-02,0.000000000000000000e+00
-4.982882701444808077e-02,3.489052029566419577e-02,0.000000000000000000e+00
-5.013250747848372463e-02,3.381480326490392263e-02,0.000000000000000000e+00
-5.038082535337155832e-02,3.271769053603712507e-02,0.000000000000000000e+00
-5.057223702173583441e-02,3.160104097237696752e-02,0.000000000000000000e+00
-5.070524602545103954e-02,3.046678551479727395e-02,0.000000000000000000e+00
-5.077840570647518259e-02,2.931692620365346919e-02,0.000000000000000000e+00
-5.079032183109896681e-02,2.815353511717734111e-02,0.000000000000000000e+00
-5.074119260011269311e-02,2.697957067923157509e-02,0.000000000000000000e+00
-5.062869086459875073e-02,2.579660647009916416e-02,0.000000000000000000e+00
-5.045320206193105311e-02,2.460767084310207936e-02,0.000000000000000000e+00
-5.022082622493996562e-02,2.341835586756089993e-02,0.000000000000000000e+00
-4.992061645251476970e-02,2.222609043294484707e-02,0.000000000000000000e+00
-4.955981343429836927e-02,2.103689269890612890e-02,0.000000000000000000e+00
-4.913390990465831693e-02,1.985138817930374305e-02,0.000000000000000000e+00
-4.864359256985106850e-02,1.867252572248179893e-02,0.000000000000000000e+00
-4.809119014624398114e-02,1.750376174366891080e-02,0.000000000000000000e+00
-4.747181876278714491e-02,1.634585805311006279e-02,0.000000000000000000e+00
-4.678904581812227265e-02,1.520268255425182881e-02,0.000000000000000000e+00
-4.604256227958190839e-02,1.407662394183939979e-02,0.000000000000000000e+00
-4.523364564915866026e-02,1.297053917094524896e-02,0.000000000000000000e+00
-4.435943138421374193e-02,1.188607381610388286e-02,0.000000000000000000e+00
-4.342341779297511500e-02,1.082667403494752371e-02,0.000000000000000000e+00
-4.242184461545323026e-02,9.793854530579385390e-03,0.000000000000000000e+00
-4.135998870719125725e-02,8.791336990311515373e-03,0.000000000000000000e+00
-4.023834325682995594e-02,7.821541601452243475e-03,0.000000000000000000e+00
-3.905423258157004335e-02,6.886314914994401577e-03,0.000000000000000000e+00
-3.788193442656408866e-02,5.999908982562141002e-03,0.000000000000000000e+00
-3.678798903684048216e-02,5.170214686259998714e-03,0.000000000000000000e+00
-3.575722790189940492e-02,4.390435527039809188e-03,0.000000000000000000e+00
-3.478778193244470157e-02,3.656343216598726201e-03,0.000000000000000000e+00
-3.387247975009888973e-02,2.963457983645091665e-03,0.000000000000000000e+00
-3.300676370872136084e-02,2.308057758723650391e-03,0.000000000000000000e+00
-3.218612794033935687e-02,1.686803489073029861e-03,0.000000000000000000e+00
-3.140680259994137191e-02,1.096749714065367544e-03,0.000000000000000000e+00
-3.066481518857608335e-02,5.352563401283859726e-04,0.000000000000000000e+00
-2.995815754082736468e-02,3.668816174072637306e-18,0.000000000000000000e+00
-2.994416440658551407e-02,-5.226773339381625329e-04,0.000000000000000000e+00
-2.926819356857145171e-02,-1.022067841047934623e-03,0.000000000000000000e+00
-2.861582106597089850e-02,-1.499691634428395931e-03,0.000000000000000000e+00
-2.798852190734735582e-02,-1.957148107991886835e-03,0.000000000000000000e+00
-2.738706480969665957e-02,-2.396057698098218603e-03,0.000000000000000000e+00
-2.680950686027384899e-02,-2.817792716398978287e-03,0.000000000000000000e+00
-2.625364367525912998e-02,-3.223542110768017402e-03,0.000000000000000000e+00
-2.571807995648439649e-02,-3.614440424027162355e-03,0.000000000000000000e+00
-2.520149510563554976e-02,-3.991524697647624333e-03,0.000000000000000000e+00
-2.470256673671519104e-02,-4.355729008434351332e-03,0.000000000000000000e+00
-2.422009248876046822e-02,-4.707909065309391280e-03,0.000000000000000000e+00
-2.375300686664780919e-02,-5.048857468899077029e-03,0.000000000000000000e+00
-2.330030933454052197e-02,-5.379300268731442534e-03,0.000000000000000000e+00
-2.286109518988090061e-02,-5.699911206500844416e-03,0.000000000000000000e+00
-2.243449277690346202e-02,-6.011304222173127418e-03,0.000000000000000000e+00
-2.201973866601256505e-02,-6.314058458093907422e-03,0.000000000000000000e+00
-2.161608776548300248e-02,-6.608701243011320947e-03,0.000000000000000000e+00
-2.122287032510083646e-02,-6.895728579222132337e-03,0.000000000000000000e+00
-2.083946314405768496e-02,-7.175602606631329046e-03,0.000000000000000000e+00
-2.046526069765108174e-02,-7.448745730442965333e-03,0.000000000000000000e+00
-2.009973329400984582e-02,-7.715564725374313843e-03,0.000000000000000000e+00
-1.974236142038160446e-02,-7.976431773750384049e-03,0.000000000000000000e+00
-1.939265524954401215e-02,-8.231693772866416695e-03,0.000000000000000000e+00
-1.905018054370459860e-02,-8.481686838363842323e-03,0.000000000000000000e+00
-1.871450410822524460e-02,-8.726716584238609561e-03,0.000000000000000000e+00
-1.838522051370444776e-02,-8.967071192503237378e-03,0.000000000000000000e+00
-1.806196800696351079e-02,-9.203032367502063382e-03,0.000000000000000000e+00
-1.774438450154159491e-02,-9.434856598497435784e-03,0.000000000000000000e+00
-1.743212482410034375e-02,-9.662784576053325483e-03,0.000000000000000000e+00
-1.712488344037788046e-02,-9.887056064143135217e-03,0.000000000000000000e+00
-1.682235661923897618e-02,-1.010789161173830664e-02,0.000000000000000000e+00
-1.652424483252092416e-02,-1.032549415928839948e-02,0.000000000000000000e+00
-1.623028277105294584e-02,-1.054006887126451679e-02,0.000000000000000000e+00
-1.594021381950347718e-02,-1.075180998154443880e-02,0.000000000000000000e+00
-1.565377921878961104e-02,-1.096089421046697772e-02,0.000000000000000000e+00
-1.537073792394617715e-02,-1.116749478857172531e-02,0.000000000000000000e+00
-1.509086946615579433e-02,-1.137178580579428257e-02,0.000000000000000000e+00
-1.481395177095332950e-02,-1.157392759040955579e-02,0.000000000000000000e+00
-1.453976367866054165e-02,-1.177406847340801282e-02,0.000000000000000000e+00
-1.426810511197332265e-02,-1.197236173705547822e-02,0.000000000000000000e+00
-1.399878309839542798e-02,-1.216895649300109815e-02,0.000000000000000000e+00
-1.373160186066642308e-02,-1.236398985003179032e-02,0.000000000000000000e+00
-1.346636907727383377e-02,-1.255759232005554914e-02,0.000000000000000000e+00
-1.320290984004169124e-02,-1.274990182731812645e-02,0.000000000000000000e+00
-1.294105021918756301e-02,-1.294105021918755781e-02,0.000000000000000000e+00
-1.268061322979857457e-02,-1.313115939691015394e-02,0.000000000000000000e+00
-1.242142602518270939e-02,-1.332034860329218626e-02,0.000000000000000000e+00
-1.216332862409713091e-02,-1.350874499190241225e-02,0.000000000000000000e+00
-1.190615951824312846e-02,-1.369646976112059641e-02,0.000000000000000000e+00
-1.164975364883791970e-02,-1.388363576384008848e-02,0.000000000000000000e+00
-1.139394932279017697e-02,-1.407035562041807422e-02,0.000000000000000000e+00
-1.113859428620146523e-02,-1.425675055101721309e-02,0.000000000000000000e+00
-1.088353331710752332e-02,-1.444293652940074196e-02,0.000000000000000000e+00
-1.062860687122655669e-02,-1.462902233735191397e-02,0.000000000000000000e+00
-1.037365740908818140e-02,-1.481511815141484285e-02,0.000000000000000000e+00
-1.011853426757459637e-02,-1.500134396366472472e-02,0.000000000000000000e+00
-9.863082549734763366e-03,-1.518781525354756870e-02,0.000000000000000000e+00
-9.607142008216945292e-03,-1.537464108115035345e-02,0.000000000000000000e+00
-9.350553014424571943e-03,-1.556193353053759131e-02,0.000000000000000000e+00
-9.093160543464170673e-03,-1.574981606266054671e-02,0.000000000000000000e+00
-8.834803867504686589e-03,-1.593840808543512885e-02,0.000000000000000000e+00
-8.575315632306132821e-03,-1.612782305837626162e-02,0.000000000000000000e+00
-8.314528022090811668e-03,-1.631818004447238221e-02,0.000000000000000000e+00
-8.052275271960526379e-03,-1.650961092355462609e-02,0.000000000000000000e+00
-7.788384007280941233e-03,-1.670224340319992340e-02,0.000000000000000000e+00
-7.522672750098820076e-03,-1.689619963476911638e-02,0.000000000000000000e+00
-7.254958968327358121e-03,-1.709161224948825553e-02,0.000000000000000000e+00
-6.985058642187028967e-03,-1.728862681561898346e-02,0.000000000000000000e+00
-6.712777700913937634e-03,-1.748738378237127411e-02,0.000000000000000000e+00
-6.437912564539971690e-03,-1.768801939949673704e-02,0.000000000000000000e+00
-6.160258195456710766e-03,-1.789068886053701499e-02,0.000000000000000000e+00
-5.879602738478040269e-03,-1.809555655334439336e-02,0.000000000000000000e+00
-5.595721447590016814e-03,-1.830278014915764917e-02,0.000000000000000000e+00
-5.308379680328824748e-03,-1.851251997057035137e-02,0.000000000000000000e+00
-5.017338916275475291e-03,-1.872496375433265262e-02,0.000000000000000000e+00
-4.722346939165583506e-03,-1.894029906514667003e-02,0.000000000000000000e+00
-4.423136026964949626e-03,-1.915870698947572462e-02,0.000000000000000000e+00
-4.119429619480261331e-03,-1.938039262168416571e-02,0.000000000000000000e+00
-3.810938653407519756e-03,-1.960557975400407243e-02,0.000000000000000000e+00
-3.497354588896846913e-03,-1.983448349676725925e-02,0.000000000000000000e+00
-3.178353221894612141e-03,-2.006733246890938377e-02,0.000000000000000000e+00
-2.853596089746691326e-03,-2.030439121689765411e-02,0.000000000000000000e+00
-2.522721517333169263e-03,-2.054591797846709936e-02,0.000000000000000000e+00
-2.185346079834481377e-03,-2.079217906215188871e-02,0.000000000000000000e+00
-1.841066616170367477e-03,-2.104348771569512430e-02,0.000000000000000000e+00
-1.489451834718496723e-03,-2.130015359375639003e-02,0.000000000000000000e+00
-1.130042645962797514e-03,-2.156249819057800415e-02,0.000000000000000000e+00
-7.623517439016476178e-04,-2.183089762903957232e-02,0.000000000000000000e+00
-3.858568148345272310e-04,-2.210572211683712804e-02,0.000000000000000000e+00
-4.112493818138310436e-18,-2.238737362751768573e-02,0.000000000000000000e+00
3.958163915554025283e-04,-2.267630588503515704e-02,0.000000000000000000e+00
8.022336534215966306e-04,-2.297296609145937224e-02,0.000000000000000000e+00
1.219941622293383484e-03,-2.327787284602890125e-02,0.000000000000000000e+00
1.649683002950841056e-03,-2.359156605457032527e-02,0.000000000000000000e+00
2.092258234679655101e-03,-2.391462105327165147e-02,0.000000000000000000e+00
2.548534269384419588e-03,-2.424768386299935852e-02,0.000000000000000000e+00
3.019446370863911912e-03,-2.459141726500630940e-02,0.000000000000000000e+00
3.506015593078019334e-03,-2.494659719719425489e-02,0.000000000000000000e+00
4.009345645024526075e-03,-2.531401213912942358e-02,0.000000000000000000e+00
4.530637794351780219e-03,-2.569452375438018715e-02,0.000000000000000000e+00
5.071198815757084130e-03,-2.608905623338707291e-02,0.000000000000000000e+00
5.632502684186504495e-03,-2.649884171974214303e-02,0.000000000000000000e+00
6.215410478537576090e-03,-2.692190053655846294e-02,0.000000000000000000e+00
6.818291112680769858e-03,-2.734667199403696680e-02,0.000000000000000000e+00
7.439759301304200122e-03,-2.776555970855035943e-02,0.000000000000000000e+00
8.080123135236892684e-03,-2.817873812983820447e-02,0.000000000000000000e+00
8.739361920233201450e-03,-2.858516482067535031e-02,0.000000000000000000e+00
9.417355087711208605e-03,-2.898363871718242363e-02,0.000000000000000000e+00
1.011455013218930978e-02,-2.937478651670166058e-02,0.000000000000000000e+00
1.083121774221319604e-02,-2.975852617192708063e-02,0.000000000000000000e+00
1.156711764020941155e-02,-3.013337167453638069e-02,0.000000000000000000e+00
1.232158012124550013e-02,-3.049698097141031322e-02,0.000000000000000000e+00
1.309540364987844992e-02,-3.085083766998317906e-02,0.000000000000000000e+00
1.388938646094205025e-02,-3.119607275824314713e-02,0.000000000000000000e+00
1.470278701314270235e-02,-3.153022850046256764e-02,0.000000000000000000e+00
1.553387089125637596e-02,-3.184915516293974902e-02,0.000000000000000000e+00
1.638423581141139687e-02,-3.215587332814972416e-02,0.000000000000000000e+00
1.725411387639576646e-02,-3.245026860343694364e-02,0.000000000000000000e+00
1.814312716428491401e-02,-3.273106783433224476e-02,0.000000000000000000e+00
1.905119594424442564e-02,-3.299763932038147357e-02,0.000000000000000000e+00
1.997810365386607986e-02,-3.324914800740124549e-02,0.000000000000000000e+00
2.092365621382978255e-02,-3.348484951277615890e-02,0.000000000000000000e+00
2.188763820538012009e-02,-3.370400721311437447e-02,0.000000000000000000e+00
2.286982786387161196e-02,-3.390591414758119954e-02,0.000000000000000000e+00
2.386999673196911129e-02,-3.408988825370248138e-02,0.000000000000000000e+00
2.488791282121740819e-02,-3.425527324538637369e-02,0.000000000000000000e+00
2.592334273808329093e-02,-3.440143773966452406e-02,0.000000000000000000e+00
2.697605419628342285e-02,-3.452777483811993869e-02,0.000000000000000000e+00
2.804581647772335512e-02,-3.463369902104445480e-02,0.000000000000000000e+00
2.913241026724766591e-02,-3.471865459692086153e-02,0.000000000000000000e+00
3.023558973964982077e-02,-3.478206721018888697e-02,0.000000000000000000e+00
3.135526919443445970e-02,-3.482355437317721097e-02,0.000000000000000000e+00
3.249014314447067758e-02,-3.484141289235335309e-02,0.000000000000000000e+00
3.363387702940639351e-02,-3.482889923425469547e-02,0.000000000000000000e+00
3.477372697882644137e-02,-3.477372697882646219e-02,0.000000000000000000e+00
3.590270037447530760e-02,-3.467083473689256540e-02,0.000000000000000000e+00
3.701985554184396982e-02,-3.452157377940640037e-02,0.000000000000000000e+00
3.812640272535187946e-02,-3.432916720843500608e-02,0.000000000000000000e+00
3.922056192136831598e-02,-3.409391432794558335e-02,0.000000000000000000e+00
4.030082444030864269e-02,-3.381640692400331161e-02,0.000000000000000000e+00
4.136561877104815571e-02,-3.349721760402649823e-02,0.000000000000000000e+00
4.241344339037923794e-02,-3.313701369155967746e-02,0.000000000000000000e+00
4.344283915941670599e-02,-3.273652739654272364e-02,0.000000000000000000e+00
4.445240956095228291e-02,-3.229656601834395707e-02,0.000000000000000000e+00
4.544082746224950564e-02,-3.181800993155392554e-02,0.000000000000000000e+00
4.640685017870095630e-02,-3.130181568536432452e-02,0.000000000000000000e+00
4.734931559955547070e-02,-3.074900508305665123e-02,0.000000000000000000e+00
4.826720691529565871e-02,-3.016069830363427712e-02,0.000000000000000000e+00
4.915947150998475901e-02,-2.953799048255718526e-02,0.000000000000000000e+00
5.002563145549993734e-02,-2.888231178721393372e-02,0.000000000000000000e+00
5.086428255108831065e-02,-2.819453221371937685e-02,0.000000000000000000e+00
5.167152783242782293e-02,-2.747423869686048056e-02,0.000000000000000000e+00
5.244678053572413706e-02,-2.672296942700051400e-02,0.000000000000000000e+00
5.319281241074425709e-02,-2.594386809019054441e-02,0.000000000000000000e+00
5.390829829221280983e-02,-2.513785233176290754e-02,0.000000000000000000e+00
5.458959758016784097e-02,-2.430485476214016768e-02,0.000000000000000000e+00
5.523694037669069079e-02,-2.344669011437673992e-02,0.000000000000000000e+00
5.584935558148057533e-02,-2.256460435091126385e-02,0.000000000000000000e+00
5.642574176089946991e-02,-2.165981291220527363e-02,0.000000000000000000e+00
5.696638600667123381e-02,-2.073406886014702785e-02,0.000000000000000000e+00
5.747086728506811681e-02,-1.978880656595466414e-02,0.000000000000000000e+00
5.793793770368328711e-02,-1.882517711904183738e-02,0.000000000000000000e+00
5.836670818899099972e-02,-1.784449346911895842e-02,0.000000000000000000e+00
5.875660886345170780e-02,-1.684818647442989231e-02,0.000000000000000000e+00
5.910720298438166403e-02,-1.583772730652750760e-02,0.000000000000000000e+00
5.941822251167218349e-02,-1.481462675132695292e-02,0.000000000000000000e+00
5.968945441722248862e-02,-1.378039637057593136e-02,0.000000000000000000e+00
5.992059440267863413e-02,-1.273651551945737675e-02,0.000000000000000000e+00
6.011121559985767304e-02,-1.168443667094437068e-02,0.000000000000000000e+00
6.026092572920972029e-02,-1.062562708852866217e-02,0.000000000000000000e+00
6.036937761462662227e-02,-9.561570086233242907e-03,0.000000000000000000e+00
6.043626974006932606e-02,-8.493763795568253297e-03,0.000000000000000000e+00
6.046134677508479410e-02,-7.423719915377071515e-03,0.000000000000000000e+00
6.044440006873062071e-02,-6.352962445316530371e-03,0.000000000000000000e+00
6.038533991837796017e-02,-5.283032686017525778e-03,0.000000000000000000e+00
6.028436913602677055e-02,-4.215493743708074136e-03,0.000000000000000000e+00
6.014163922588353084e-02,-3.151889754270429701e-03,0.000000000000000000e+00
5.995730681895613395e-02,-2.093755290770752189e-03,0.000000000000000000e+00
5.973157641561767373e-02,-1.042618544599452704e-03,0.000000000000000000e+00
5.946470015203800946e-02,-1.456465094069009532e-17,0.000000000000000000e+00
