5.861129569175673598e-02,0.000000000000000000e+00,0.000000000000000000e+00
5.829142325584583950e-02,1.017480577689001530e-03,0.000000000000000000e+00
5.793094207930363920e-02,2.022993074791150977e-03,0.000000000000000000e+00
5.752964060858274664e-02,3.015000707247288830e-03,0.000000000000000000e+00
5.708754147825008396e-02,3.991949777266944228e-03,0.000000000000000000e+00
5.660570974058572874e-02,4.952357893140223351e-03,0.000000000000000000e+00
5.608557067766577198e-02,5.894831015515107978e-03,0.000000000000000000e+00
5.552834526094840850e-02,6.818023490530433425e-03,0.000000000000000000e+00
5.493494844556694179e-02,7.720603508872819244e-03,0.000000000000000000e+00
5.430421503454825605e-02,8.600942705510193978e-03,0.000000000000000000e+00
5.363438880515695312e-02,9.457189840157219363e-03,0.000000000000000000e+00
5.292909850853132897e-02,1.028837453046907262e-02,0.000000000000000000e+00
5.219036919208171199e-02,1.109340542775793734e-02,0.000000000000000000e+00
5.141495338742150395e-02,1.187007728535914575e-02,0.000000000000000000e+00
5.060845821466314343e-02,1.261810581363452533e-02,0.000000000000000000e+00
4.977214328883100558e-02,1.333640559980839128e-02,0.000000000000000000e+00
4.889995973848893646e-02,1.402183781880318725e-02,0.000000000000000000e+00
4.799586977711747804e-02,1.467380997415925099e-02,0.000000000000000000e+00
4.706341450928772097e-02,1.529183034604112215e-02,0.000000000000000000e+00
4.610385803360875917e-02,1.587483140015806191e-02,0.000000000000000000e+00
4.511689895213342322e-02,1.642120828097257818e-02,0.000000000000000000e+00
4.410565988782087082e-02,1.693057657243860273e-02,0.000000000000000000e+00
4.309165801407338625e-02,1.741015995240535741e-02,0.000000000000000000e+00
4.210538776812813161e-02,1.787267673431032489e-02,0.000000000000000000e+00
4.114957907141547633e-02,1.832097299096596688e-02,0.000000000000000000e+00
4.022221033308239629e-02,1.875592470623743679e-02,0.000000000000000000e+00
3.932149031106953879e-02,1.917837225568538514e-02,0.000000000000000000e+00
3.844577093900603676e-02,1.958909871885689685e-02,0.000000000000000000e+00
3.759350743208060563e-02,1.998882247087315628e-02,0.000000000000000000e+00
3.676327296410034084e-02,2.037821496502968677e-02,0.000000000000000000e+00
3.595373595173340098e-02,2.075789913010599869e-02,0.000000000000000000e+00
3.516365754254351106e-02,2.112845703828583263e-02,0.000000000000000000e+00
3.439188061925402273e-02,2.149043215349621949e-02,0.000000000000000000e+00
3.363732095395460808e-02,2.184433164231985164e-02,0.000000000000000000e+00
3.289896377001792077e-02,2.219063125816751747e-02,0.000000000000000000e+00
3.217585844347022050e-02,2.252977863048638563e-02,0.000000000000000000e+00
3.146710866007544627e-02,2.286219267491059956e-02,0.000000000000000000e+00
3.077187148347486009e-02,2.318826838561515585e-02,0.000000000000000000e+00
3.008935392846680268e-02,2.350837973518453763e-02,0.000000000000000000e+00
2.941880338698452460e-02,2.382287725848326182e-02,0.000000000000000000e+00
2.875951082043739365e-02,2.413209492226800826e-02,0.000000000000000000e+00
2.811080349686839730e-02,2.443634866918570001e-02,0.000000000000000000e+00
2.747204095775570079e-02,2.473593678347913924e-02,0.000000000000000000e+00
2.684261787230880075e-02,2.503114611735637526e-02,0.000000000000000000e+00
2.622195346746061459e-02,2.532224611704014458e-02,0.000000000000000000e+00
2.560949727274840562e-02,2.560949727274840215e-02,0.000000000000000000e+00
2.500472067002437043e-02,2.589314624167586912e-02,0.000000000000000000e+00
2.440711846397065204e-02,2.617343014262781681e-02,0.000000000000000000e+00
2.381620642095491278e-02,2.645057690686789670e-02,0.000000000000000000e+00
2.323151759052158663e-02,2.672480388793517861e-02,0.000000000000000000e+00
2.265260476328812000e-02,2.699632310826532641e-02,0.000000000000000000e+00
2.207903345380167470e-02,2.726533563114195285e-02,0.000000000000000000e+00
2.151038701429004718e-02,2.753203986417520482e-02,0.000000000000000000e+00
2.094625830472515021e-02,2.779662361560901462e-02,0.000000000000000000e+00
2.038625570166135992e-02,2.805927377386906521e-02,0.000000000000000000e+00
1.982999472994756429e-02,2.832016744728124355e-02,0.000000000000000000e+00
1.927710402000460191e-02,2.857948200601885883e-02,0.000000000000000000e+00
1.872721744559474599e-02,2.883738601420857139e-02,0.000000000000000000e+00
1.817997969134248909e-02,2.909404923732044485e-02,0.000000000000000000e+00
1.763503899522180993e-02,2.934963357019893665e-02,0.000000000000000000e+00
1.709205229425950212e-02,2.960430297928164436e-02,0.000000000000000000e+00
1.655067849609680869e-02,2.985821438910246650e-02,0.000000000000000000e+00
1.601058325803227447e-02,3.011152765901219802e-02,0.000000000000000000e+00
1.547143269285555095e-02,3.036439633821414949e-02,0.000000000000000000e+00
1.493289782367554844e-02,3.061697777379308871e-02,0.000000000000000000e+00
1.439464866374635769e-02,3.086942367770773021e-02,0.000000000000000000e+00
1.385635835244097142e-02,3.112189041197726061e-02,0.000000000000000000e+00
1.331769758559003293e-02,3.137452936433754447e-02,0.000000000000000000e+00
1.277833841079927500e-02,3.162749740907377927e-02,0.000000000000000000e+00
1.223794900211833819e-02,3.188094711969889639e-02,0.000000000000000000e+00
1.169619708811768868e-02,3.213503739309424290e-02,0.000000000000000000e+00
1.115274505853316306e-02,3.238992351493728133e-02,0.000000000000000000e+00
1.060725301208751553e-02,3.264576796995436597e-02,0.000000000000000000e+00
1.005937416394662477e-02,3.290273032445652918e-02,0.000000000000000000e+00
9.508757516435898879e-03,3.316097830579936567e-02,0.000000000000000000e+00
8.955043522767937650e-03,3.342067741096053229e-02,0.000000000000000000e+00
8.397866384056287131e-03,3.368200237555454141e-02,0.000000000000000000e+00
7.836849934940933599e-03,3.394512642358202270e-02,0.000000000000000000e+00
7.271609536780289547e-03,3.421023317110720441e-02,0.000000000000000000e+00
6.701748200851427931e-03,3.447750562071199426e-02,0.000000000000000000e+00
6.126857968650564583e-03,3.474713820898782390e-02,0.000000000000000000e+00
5.546516376019359346e-03,3.501932617026214806e-02,0.000000000000000000e+00
4.960287111141580170e-03,3.529427672494937079e-02,0.000000000000000000e+00
4.367716998214846505e-03,3.557220033281500299e-02,0.000000000000000000e+00
3.768335675981770820e-03,3.585331900713980419e-02,0.000000000000000000e+00
3.161653248767654859e-03,3.613786199660963538e-02,0.000000000000000000e+00
2.547158835036286099e-03,3.642606840268899915e-02,0.000000000000000000e+00
1.924318802682830959e-03,3.671819010475649986e-02,0.000000000000000000e+00
1.292574354979308861e-03,3.701448661618863406e-02,0.000000000000000000e+00
6.513398609077899548e-04,3.731523563999175619e-02,0.000000000000000000e+00
2.303604900412814658e-18,3.762072300383546147e-02,0.000000000000000000e+00
-6.620925010483570770e-04,3.793125398107400487e-02,0.000000000000000000e+00
-1.335619861316502191e-03,3.824714863835222689e-02,0.000000000000000000e+00
-2.021302161803135121e-03,3.856874283656630542e-02,0.000000000000000000e+00
-2.719900991167551602e-03,3.889639632598710511e-02,0.000000000000000000e+00
-3.432222761002981515e-03,3.923048567299199790e-02,0.000000000000000000e+00
-4.159122979632754596e-03,3.957141183815825886e-02,0.000000000000000000e+00
-4.901510934199397075e-03,3.991960306862530478e-02,0.000000000000000000e+00
-5.660354029273894326e-03,4.027551167787095376e-02,0.000000000000000000e+00
-6.436683616371829779e-03,4.063962093235162776e-02,0.000000000000000000e+00
-7.231601302567837800e-03,4.101244899397673421e-02,0.000000000000000000e+00
-8.046285041394778473e-03,4.139454802334933958e-02,0.000000000000000000e+00
-8.881996617595300930e-03,4.178650871942468648e-02,0.000000000000000000e+00
-9.740090461406650593e-03,4.218896684692817478e-02,0.000000000000000000e+00
-1.062202255282278934e-02,4.260260553044937365e-02,0.000000000000000000e+00
-1.152936105919663209e-02,4.302816125172793937e-02,0.000000000000000000e+00
-1.246379665704480492e-02,4.346642448687410704e-02,0.000000000000000000e+00
-1.342715826367156182e-02,4.391825576553111399e-02,0.000000000000000000e+00
-1.442142591625202031e-02,4.438458512504140502e-02,0.000000000000000000e+00
-1.544873576286887040e-02,4.486638644886330879e-02,0.000000000000000000e+00
-1.651148012585616776e-02,4.536491880756358952e-02,0.000000000000000000e+00
-1.761197124566540526e-02,4.588075369978461548e-02,0.000000000000000000e+00
-1.875182752134410893e-02,4.641240177560868041e-02,0.000000000000000000e+00
-1.991037736432986482e-02,4.690590961820022275e-02,0.000000000000000000e+00
-2.107518015311433957e-02,4.733562964055111622e-02,0.000000000000000000e+00
-2.224208190227626100e-02,4.769829856597186668e-02,0.000000000000000000e+00
-2.341054790932180565e-02,4.799873631195863966e-02,0.000000000000000000e+00
-2.457806327322330578e-02,4.823716518499837624e-02,0.000000000000000000e+00
-2.574223535819538528e-02,4.841410331533221173e-02,0.000000000000000000e+00
-2.690061309435572839e-02,4.852999066829753738e-02,0.000000000000000000e+00
-2.805077527943070428e-02,4.858536797567108295e-02,0.000000000000000000e+00
-2.919030838312770479e-02,4.858083132552376560e-02,0.000000000000000000e+00
-3.031682411383611331e-02,4.851706044023629955e-02,0.000000000000000000e+00
-3.142796715839446531e-02,4.839482551112699732e-02,0.000000000000000000e+00
-3.252142723558777010e-02,4.821499865980963251e-02,0.000000000000000000e+00
-3.359495584207904811e-02,4.797856922245458122e-02,0.000000000000000000e+00
-3.464637099758988842e-02,4.768663865101954724e-02,0.000000000000000000e+00
-3.567361760104070800e-02,4.734048950592777832e-02,0.000000000000000000e+00
-3.667463914501638972e-02,4.694139748736447099e-02,0.000000000000000000e+00
-3.764786464210869571e-02,4.649124099615655620e-02,0.000000000000000000e+00
-3.859106139370462735e-02,4.599103605797121713e-02,0.000000000000000000e+00
-3.949956223957408474e-02,4.543904849946595048e-02,0.000000000000000000e+00
-4.037181640233292873e-02,4.483744454281743397e-02,0.000000000000000000e+00
-4.120904896945758872e-02,4.419129468472121625e-02,0.000000000000000000e+00
-4.200996930610700203e-02,4.350259669788521244e-02,0.000000000000000000e+00
-4.277070985183421131e-02,4.277070985183421825e-02,0.000000000000000000e+00
-4.348783887419251787e-02,4.199571784142640263e-02,0.000000000000000000e+00
-4.416086358309262438e-02,4.118067150810114652e-02,0.000000000000000000e+00
-4.478948519579487031e-02,4.032863361231194682e-02,0.000000000000000000e+00
-4.537159679171343107e-02,3.944092736458174042e-02,0.000000000000000000e+00
-4.590569399721866617e-02,3.851945090200327437e-02,0.000000000000000000e+00
-4.639100956658093189e-02,3.756669883081409367e-02,0.000000000000000000e+00
-4.682613892734383693e-02,3.658458928874042809e-02,0.000000000000000000e+00
-4.720897226211012015e-02,3.557451224930353872e-02,0.000000000000000000e+00
-4.753753537057887196e-02,3.453804112328464487e-02,0.000000000000000000e+00
-4.781068381099866371e-02,3.347740121142222386e-02,0.000000000000000000e+00
-4.802761646791722794e-02,3.239503635125175890e-02,0.000000000000000000e+00
-4.818761919896896728e-02,3.129340580592056970e-02,0.000000000000000000e+00
-4.829006473588740717e-02,3.017498145517343022e-02,0.000000000000000000e+00
-4.833441269441886984e-02,2.904224513190210855e-02,0.000000000000000000e+00
-4.831808531052441541e-02,2.789645956075856997e-02,0.000000000000000000e+00
-4.823681270062407656e-02,2.673810189318781907e-02,0.000000000000000000e+00
-4.809893466553303437e-02,2.557465721453319046e-02,0.000000000000000000e+00
-4.790104892363036826e-02,2.440680348406739503e-02,0.000000000000000000e+00
-4.764025840259023675e-02,2.323570655064186030e-02,0.000000000000000000e+00
-4.731711605043596724e-02,2.206433357612709589e-02,0.000000000000000000e+00
-4.693027352106628886e-02,2.089470398095436693e-02,0.000000000000000000e+00
-4.647699189847561557e-02,1.972831259408075119e-02,0.000000000000000000e+00
-4.596343871094621392e-02,1.857043466878915625e-02,0.000000000000000000e+00
-4.538510924966555893e-02,1.742171116709978831e-02,0.000000000000000000e+00
-4.474557808835278455e-02,1.628605853919442431e-02,0.000000000000000000e+00
-4.404005979880357136e-02,1.516420867965618570e-02,0.000000000000000000e+00
-4.327025963725514984e-02,1.405935961725593604e-02,0.000000000000000000e+00
-4.243788758168950265e-02,1.297456429001596356e-02,0.000000000000000000e+00
-4.154226790900859834e-02,1.191205363686443849e-02,0.000000000000000000e+00
-4.058417728188938589e-02,1.087449752816378908e-02,0.000000000000000000e+00
-3.956370554650655291e-02,9.864339688986150864e-03,0.000000000000000000e+00
-3.848157205040267370e-02,8.884170930944481487e-03,0.000000000000000000e+00
-3.733800569035097827e-02,7.936438109156722376e-03,0.000000000000000000e+00
-3.620769238640692000e-02,7.038062439233197867e-03,0.000000000000000000e+00
-3.515459594121805170e-02,6.198703760341033910e-03,0.000000000000000000e+00
-3.416404607156655476e-02,5.411053316266746169e-03,0.000000000000000000e+00
-3.323380017904044997e-02,4.670706017494840809e-03,0.000000000000000000e+00
-3.235679219406802781e-02,3.972914521775176150e-03,0.000000000000000000e+00
-3.152840455287856530e-02,3.313768849677181834e-03,0.000000000000000000e+00
-3.074418990361730761e-02,2.689768085854698718e-03,0.000000000000000000e+00
-3.000022075293148557e-02,2.097819794854045329e-03,0.000000000000000000e+00
-2.929318330594379155e-02,1.535190685195568765e-03,0.000000000000000000e+00
-2.861986868650377713e-02,9.994278372854794451e-04,0.000000000000000000e+00
-2.797714200667903925e-02,4.883428302325440711e-04,0.000000000000000000e+00
-2.736432932232919779e-02,3.351163831540451379e-18,0.000000000000000000e+00
-2.735246916448902041e-02,-4.774391252132164439e-04,0.000000000000000000e+00
-2.676315590172997916e-02,-9.345899981160183225e-04,0.000000000000000000e+00
-2.619392551992126561e-02,-1.372765467204446754e-03,0.000000000000000000e+00
-2.564556459423589577e-02,-1.793312572566270252e-03,0.000000000000000000e+00
-2.511856755985048678e-02,-2.197589905496943278e-03,0.000000000000000000e+00
-2.461168423172968925e-02,-2.586792249776246212e-03,0.000000000000000000e+00
-2.412301948651447356e-02,-2.961934355303896815e-03,0.000000000000000000e+00
-2.365131205782679963e-02,-3.323975138413716099e-03,0.000000000000000000e+00
-2.319551493840523587e-02,-3.673808651558731642e-03,0.000000000000000000e+00
-2.275460640623911193e-02,-4.012251044821640855e-03,0.000000000000000000e+00
-2.232757276380629985e-02,-4.340040496123570048e-03,0.000000000000000000e+00
-2.191351243968647777e-02,-4.657860858293009360e-03,0.000000000000000000e+00
-2.151161761675589659e-02,-4.966348247365230499e-03,0.000000000000000000e+00
-2.112111102046532532e-02,-5.266084428561709427e-03,0.000000000000000000e+00
-2.074130951657512933e-02,-5.557617134930256143e-03,0.000000000000000000e+00
-2.037153876455324170e-02,-5.841444741542324397e-03,0.000000000000000000e+00
-2.001119093888825001e-02,-6.118035042545666609e-03,0.000000000000000000e+00
-1.965971330347331472e-02,-6.387828074590583619e-03,0.000000000000000000e+00
-1.931655581338456718e-02,-6.651223560199320470e-03,0.000000000000000000e+00
-1.898123571121831943e-02,-6.908604808474136209e-03,0.000000000000000000e+00
-1.865329757176323322e-02,-7.160330072613362712e-03,0.000000000000000000e+00
-1.833228824056893497e-02,-7.406725228759293914e-03,0.000000000000000000e+00
-1.801781119755668098e-02,-7.648107096582225199e-03,0.000000000000000000e+00
-1.770949116285127495e-02,-7.884773467919402312e-03,0.000000000000000000e+00
-1.740695122312185816e-02,-8.116994660472238304e-03,0.000000000000000000e+00
-1.710985444802857677e-02,-8.345033599922087666e-03,0.000000000000000000e+00
-1.681789040692713635e-02,-8.569143169137580229e-03,0.000000000000000000e+00
-1.653074525713854603e-02,-8.789553165613823299e-03,0.000000000000000000e+00
-1.624812226795806225e-02,-9.006481242240443191e-03,0.000000000000000000e+00
-1.596976004935387120e-02,-9.220145263388190501e-03,0.000000000000000000e+00
-1.569539779077582659e-02,-9.430746432449364780e-03,0.000000000000000000e+00
-1.542477441735741472e-02,-9.638468793521698733e-03,0.000000000000000000e+00
-1.515765613871380632e-02,-9.843496991557605311e-03,0.000000000000000000e+00
-1.489382408621639509e-02,-1.004601119450582690e-02,0.000000000000000000e+00
-1.463305652979155977e-02,-1.024617648920886012e-02,0.000000000000000000e+00
-1.437513488925572409e-02,-1.044414684285791504e-02,0.000000000000000000e+00
-1.411986531426405282e-02,-1.064008169446963373e-02,0.000000000000000000e+00
-1.386705896637937564e-02,-1.083413385235329138e-02,0.000000000000000000e+00
-1.361652410885214916e-02,-1.102644381096334718e-02,0.000000000000000000e+00
-1.336807259434622669e-02,-1.121714478346702223e-02,0.000000000000000000e+00
-1.312153580629836155e-02,-1.140637705619591998e-02,0.000000000000000000e+00
-1.287674694486060263e-02,-1.159427502655234130e-02,0.000000000000000000e+00
-1.263353616404533017e-02,-1.178096306423799186e-02,0.000000000000000000e+00
-1.239173530405092948e-02,-1.196655968350250968e-02,0.000000000000000000e+00
-1.215119158293683811e-02,-1.215119158293683117e-02,0.000000000000000000e+00
-1.191175338480312228e-02,-1.233498172036104519e-02,0.000000000000000000e+00
-1.167326560802316344e-02,-1.251804478185127890e-02,0.000000000000000000e+00
-1.143557229167998027e-02,-1.270048970137373050e-02,0.000000000000000000e+00
-1.119852910762062295e-02,-1.288243409275163613e-02,0.000000000000000000e+00
-1.096199348365658674e-02,-1.306399511614204922e-02,0.000000000000000000e+00
-1.072581867785643225e-02,-1.324528298679546190e-02,0.000000000000000000e+00
-1.048985492278683811e-02,-1.342640203134039603e-02,0.000000000000000000e+00
-1.025395997400324437e-02,-1.360746448460395906e-02,0.000000000000000000e+00
-1.001799451179551277e-02,-1.378858652541478137e-02,0.000000000000000000e+00
-9.781814227179667226e-03,-1.396987849086828680e-02,0.000000000000000000e+00
-9.545270116439151520e-03,-1.415144490854372723e-02,0.000000000000000000e+00
-9.308216457132570745e-03,-1.433339639794075498e-02,0.000000000000000000e+00
-9.070511325846892722e-03,-1.451585247081069695e-02,0.000000000000000000e+00
-8.832006983901536518e-03,-1.469892801128379681e-02,0.000000000000000000e+00
-8.592549505680393065e-03,-1.488273231038926558e-02,0.000000000000000000e+00
-8.351984506551351009e-03,-1.506737890110568245e-02,0.000000000000000000e+00
-8.110161260909257153e-03,-1.525299492161862058e-02,0.000000000000000000e+00
-7.866922316232548978e-03,-1.543970438383090657e-02,0.000000000000000000e+00
-7.622102383208880817e-03,-1.562762579720386111e-02,0.000000000000000000e+00
-7.375532841247274714e-03,-1.581688122050028608e-02,0.000000000000000000e+00
-7.127047389215522728e-03,-1.600761052553610619e-02,0.000000000000000000e+00
-6.876471558100730880e-03,-1.619995178867135108e-02,0.000000000000000000e+00
-6.623621042958234735e-03,-1.639403736543744786e-02,0.000000000000000000e+00
-6.368306254792751794e-03,-1.659000498498171272e-02,0.000000000000000000e+00
-6.110337400663351862e-03,-1.678801403357157648e-02,0.000000000000000000e+00
-5.849513938130810643e-03,-1.698822200823584330e-02,0.000000000000000000e+00
-5.585623104770741192e-03,-1.719078027441862944e-02,0.000000000000000000e+00
-5.318445897089934225e-03,-1.739585268876282786e-02,0.000000000000000000e+00
-5.047758618619087659e-03,-1.760362631559465874e-02,0.000000000000000000e+00
-4.773322937900887145e-03,-1.781428372518006203e-02,0.000000000000000000e+00
-4.494885950349024849e-03,-1.802800286807800662e-02,0.000000000000000000e+00
-4.212187855801685643e-03,-1.824499007535768449e-02,0.000000000000000000e+00
-3.924956202687006346e-03,-1.846546712954546393e-02,0.000000000000000000e+00
-3.632899429827596890e-03,-1.868964735133574889e-02,0.000000000000000000e+00
-3.335710706431175687e-03,-1.891775548488727407e-02,0.000000000000000000e+00
-3.033070853180214969e-03,-1.915005569338328051e-02,0.000000000000000000e+00
-2.724638243037649180e-03,-1.938680845896026753e-02,0.000000000000000000e+00
-2.410049000236521785e-03,-1.962827396632010890e-02,0.000000000000000000e+00
-2.088921691566144288e-03,-1.987476228989146221e-02,0.000000000000000000e+00
-1.760848567474143818e-03,-2.012659122347183055e-02,0.000000000000000000e+00
-1.425393326324434114e-03,-2.038407424431012624e-02,0.000000000000000000e+00
-1.082093906601486275e-03,-2.064758174082057321e-02,0.000000000000000000e+00
-7.304551368491544842e-04,-2.091749831061876300e-02,0.000000000000000000e+00
-3.699462949581643501e-04,-2.119420904359486588e-02,0.000000000000000000e+00
-3.945476269368730744e-18,-2.147817243913769172e-02,0.000000000000000000e+00
3.799942169653195518e-04,-2.176985410985411012e-02,0.000000000000000000e+00
7.706924133158898817e-04,-2.206974315093510747e-02,0.000000000000000000e+00
1.172802105466689985e-03,-2.237839728206529946e-02,0.000000000000000000e+00
1.587084995485107649e-03,-2.269637284146771086e-02,0.000000000000000000e+00
2.014368988492334749e-03,-2.302434289552792238e-02,0.000000000000000000e+00
2.455552918652430337e-03,-2.336302540468931585e-02,0.000000000000000000e+00
2.911604258612374065e-03,-2.371311374330526203e-02,0.000000000000000000e+00
3.383559791574575811e-03,-2.407527889484636224e-02,0.000000000000000000e+00
3.872576778445414435e-03,-2.445048750060516488e-02,0.000000000000000000e+00
4.380019336252507361e-03,-2.484032403126292671e-02,0.000000000000000000e+00
4.907217927267863364e-03,-2.524544769496746971e-02,0.000000000000000000e+00
5.455149321627273708e-03,-2.566445975022873388e-02,0.000000000000000000e+00
6.023895201461981243e-03,-2.609235673434867966e-02,0.000000000000000000e+00
6.612083050216798104e-03,-2.651961662876510181e-02,0.000000000000000000e+00
7.218601395358402971e-03,-2.694018716706510566e-02,0.000000000000000000e+00
7.843076823928162716e-03,-2.735205939992093119e-02,0.000000000000000000e+00
8.486638927320119472e-03,-2.775854515755444771e-02,0.000000000000000000e+00
9.149593156148506587e-03,-2.815955222852964748e-02,0.000000000000000000e+00
9.830610857717055409e-03,-2.855016698717995766e-02,0.000000000000000000e+00
1.053100971114224842e-02,-2.893371138542072049e-02,0.000000000000000000e+00
1.125103106273202605e-02,-2.930993798805355335e-02,0.000000000000000000e+00
1.198895387836696781e-02,-2.967370213056040248e-02,0.000000000000000000e+00
1.274589606778364116e-02,-3.002744940583178604e-02,0.000000000000000000e+00
1.352236171242428113e-02,-3.037172167613928775e-02,0.000000000000000000e+00
1.431826722634055478e-02,-3.070562315659250766e-02,0.000000000000000000e+00
1.513313109876024236e-02,-3.102751682691123891e-02,0.000000000000000000e+00
1.596559409484946818e-02,-3.133424269718257382e-02,0.000000000000000000e+00
1.681694485584903434e-02,-3.162807325666516095e-02,0.000000000000000000e+00
1.768732208871601902e-02,-3.190877371091085241e-02,0.000000000000000000e+00
1.857637003874829454e-02,-3.217521672731227939e-02,0.000000000000000000e+00
1.948396614240887822e-02,-3.242676508562327559e-02,0.000000000000000000e+00
2.040988232366098068e-02,-3.266263941621928152e-02,0.000000000000000000e+00
2.135390922912182299e-02,-3.288213666240159816e-02,0.000000000000000000e+00
2.231582163384767878e-02,-3.308456613463482687e-02,0.000000000000000000e+00
2.329539144111639898e-02,-3.326926685290770153e-02,0.000000000000000000e+00
2.429238731665616172e-02,-3.343560270772880788e-02,0.000000000000000000e+00
2.530657756677948123e-02,-3.358296271292997986e-02,0.000000000000000000e+00
2.633773243145799345e-02,-3.371076023658491072e-02,0.000000000000000000e+00
2.738562435351990162e-02,-3.381842964409877139e-02,0.000000000000000000e+00
2.845003699809819930e-02,-3.390543380192172912e-02,0.000000000000000000e+00
2.953073673089548837e-02,-3.397122657718322503e-02,0.000000000000000000e+00
3.062759045927303247e-02,-3.401538526313185179e-02,0.000000000000000000e+00
3.174017995262636699e-02,-3.403717583174928341e-02,0.000000000000000000e+00
3.286835407234762335e-02,-3.403617700631774573e-02,0.000000000000000000e+00
3.399822563777923912e-02,-3.399822563777925993e-02,0.000000000000000000e+00
3.512148960270471132e-02,-3.391642826383533399e-02,0.000000000000000000e+00
3.623636238339537213e-02,-3.379095458926743845e-02,0.000000000000000000e+00
3.734111163496776908e-02,-3.362208793470209539e-02,0.000000000000000000e+00
3.843408907409343045e-02,-3.341024391215696721e-02,0.000000000000000000e+00
3.951365804817639354e-02,-3.315589589468999343e-02,0.000000000000000000e+00
4.057817134908120460e-02,-3.285955525473709116e-02,0.000000000000000000e+00
4.162611219106779337e-02,-3.252188314223735527e-02,0.000000000000000000e+00
4.265459060295593435e-02,-3.214253950433403062e-02,0.000000000000000000e+00
4.366319983386788423e-02,-3.172317158810163823e-02,0.000000000000000000e+00
4.465162836127808260e-02,-3.126540677190541018e-02,0.000000000000000000e+00
4.561854295754182165e-02,-3.077009575080409676e-02,0.000000000000000000e+00
4.656280315400564834e-02,-3.023823792877225816e-02,0.000000000000000000e+00
4.748320472654220248e-02,-2.967079936405241092e-02,0.000000000000000000e+00
4.837575540363829585e-02,-2.906708633775598183e-02,0.000000000000000000e+00
4.924150997200835850e-02,-2.842959903764270130e-02,0.000000000000000000e+00
5.007991770090754885e-02,-2.775975167762277998e-02,0.000000000000000000e+00
5.089001222565869148e-02,-2.705869947775068826e-02,0.000000000000000000e+00
5.167207151956570294e-02,-2.632823546731499764e-02,0.000000000000000000e+00
5.242418178450816008e-02,-2.556898188520541348e-02,0.000000000000000000e+00
5.314236646211005499e-02,-2.478069245376131671e-02,0.000000000000000000e+00
5.382689327523710460e-02,-2.396527692717669716e-02,0.000000000000000000e+00
5.447927940354689580e-02,-2.312508211205233782e-02,0.000000000000000000e+00
5.509902530406943916e-02,-2.226145124079899687e-02,0.000000000000000000e+00
5.568279680583509972e-02,-2.137462306394505643e-02,0.000000000000000000e+00
5.622949388450247665e-02,-2.046586206181234477e-02,0.000000000000000000e+00
5.673926892027873758e-02,-1.953689704712011782e-02,0.000000000000000000e+00
5.721287701249509056e-02,-1.858959061951054662e-02,0.000000000000000000e+00
5.765017314590986652e-02,-1.762542672210875433e-02,0.000000000000000000e+00
5.804899676220981464e-02,-1.664528196949168620e-02,0.000000000000000000e+00
5.840745597726958865e-02,-1.565023066106573102e-02,0.000000000000000000e+00
5.872553608275182802e-02,-1.464192062740766673e-02,0.000000000000000000e+00
5.900371259451088479e-02,-1.362208039638735518e-02,0.000000000000000000e+00
5.924226367475984856e-02,-1.259233187225583701e-02,0.000000000000000000e+00
5.944081635871487079e-02,-1.155412425920534190e-02,0.000000000000000000e+00
5.959892343264116404e-02,-1.050889822235265801e-02,0.000000000000000000e+00
5.971618167331518151e-02,-9.458114012646371901e-03,0.000000000000000000e+00
5.979223255600096820e-02,-8.403250272139907093e-03,0.000000000000000000e+00
5.982676293246527721e-02,-7.345802816904956241e-03,0.000000000000000000e+00
5.981950567838958260e-02,-6.287283398297924437e-03,0.000000000000000000e+00
5.977028800250307194e-02,-5.229222615898572110e-03,0.000000000000000000e+00
5.967917472262565526e-02,-4.173174427772911692e-03,0.000000000000000000e+00
5.954632352111972893e-02,-3.120690580211439840e-03,0.000000000000000000e+00
5.937193980047157649e-02,-2.073313824050181196e-03,0.000000000000000000e+00
5.915627721906035336e-02,-1.032576659770392726e-03,0.000000000000000000e+00
5.889963728360694817e-02,-1.442625045406187034e-17,0.000000000000000000e+00
