5.773880265755093610e-02,0.000000000000000000e+00,0.000000000000000000e+00
5.742941154789637376e-02,1.002434107357859979e-03,0.000000000000000000e+00
5.708085504173687069e-02,1.993307381304359333e-03,0.000000000000000000e+00
5.669337427272326535e-02,2.971173845695727553e-03,0.000000000000000000e+00
5.626726604051753011e-02,3.934590530990739188e-03,0.000000000000000000e+00
5.580300141377167455e-02,4.882130014426130579e-03,0.000000000000000000e+00
5.530117454477540689e-02,5.812387659822312695e-03,0.000000000000000000e+00
5.476203667405721981e-02,6.723932627172873704e-03,0.000000000000000000e+00
5.418523992915312559e-02,7.615238848192529102e-03,0.000000000000000000e+00
5.357189858730827120e-02,8.484955174873637027e-03,0.000000000000000000e+00
5.292555333621776215e-02,9.332203022100101983e-03,0.000000000000000000e+00
5.224508422762176585e-02,1.015541562309125838e-02,0.000000000000000000e+00
5.152643478839886299e-02,1.095228181373667474e-02,0.000000000000000000e+00
5.077680471420297631e-02,1.172274905550400696e-02,0.000000000000000000e+00
4.999780952888543267e-02,1.246585399637075396e-02,0.000000000000000000e+00
4.918083093314079557e-02,1.317796393162665343e-02,0.000000000000000000e+00
4.833399064705769244e-02,1.385954879335317066e-02,0.000000000000000000e+00
4.746175301802848384e-02,1.451051409342448036e-02,0.000000000000000000e+00
4.656127397642298438e-02,1.512867499663648162e-02,0.000000000000000000e+00
4.563027695876867990e-02,1.571176435895922305e-02,0.000000000000000000e+00
4.467045164506711769e-02,1.625871475003214106e-02,0.000000000000000000e+00
4.368464215172900011e-02,1.676896300544090251e-02,0.000000000000000000e+00
4.268374196251157465e-02,1.724535116963525974e-02,0.000000000000000000e+00
4.169765059350110520e-02,1.769960257204869492e-02,0.000000000000000000e+00
4.074280172393222182e-02,1.813986404733270233e-02,0.000000000000000000e+00
3.981647061923369868e-02,1.856672517045217241e-02,0.000000000000000000e+00
3.891719662809871999e-02,1.898118505114920404e-02,0.000000000000000000e+00
3.804320620152895627e-02,1.938398174004328164e-02,0.000000000000000000e+00
3.719294415712969676e-02,1.977583919960454809e-02,0.000000000000000000e+00
3.636496700049616365e-02,2.015743036415627160e-02,0.000000000000000000e+00
3.555791966656698250e-02,2.052937449131552947e-02,0.000000000000000000e+00
3.477054529927411236e-02,2.089225137244767050e-02,0.000000000000000000e+00
3.400167095521110933e-02,2.124660209361696819e-02,0.000000000000000000e+00
3.325020063700934864e-02,2.159293276901457642e-02,0.000000000000000000e+00
3.251510590350616126e-02,2.193171585794837300e-02,0.000000000000000000e+00
3.179542355796469849e-02,2.226339525585746895e-02,0.000000000000000000e+00
3.109025039082431024e-02,2.258838911526915572e-02,0.000000000000000000e+00
3.039873302618274764e-02,2.290708838987357693e-02,0.000000000000000000e+00
2.972007001658599074e-02,2.321986352273188586e-02,0.000000000000000000e+00
2.905350472870286624e-02,2.352706423765921553e-02,0.000000000000000000e+00
2.839831885358211350e-02,2.382901887609554722e-02,0.000000000000000000e+00
2.775383656774248545e-02,2.412604205185756370e-02,0.000000000000000000e+00
2.711941254089689918e-02,2.441842873080512719e-02,0.000000000000000000e+00
2.649443623261281064e-02,2.470646148562371733e-02,0.000000000000000000e+00
2.587832578970948594e-02,2.499040872592285870e-02,0.000000000000000000e+00
2.527052516098607371e-02,2.527052516098607024e-02,0.000000000000000000e+00
2.467050599717513990e-02,2.554705681662688965e-02,0.000000000000000000e+00
2.407775892372587823e-02,2.582023527732120807e-02,0.000000000000000000e+00
2.349179998815583911e-02,2.609028706271014977e-02,0.000000000000000000e+00
2.291215991862829635e-02,2.635742491158548501e-02,0.000000000000000000e+00
2.233839152700604902e-02,2.662185835508551479e-02,0.000000000000000000e+00
2.177005961682731278e-02,2.688378471841858935e-02,0.000000000000000000e+00
2.120674754068428702e-02,2.714339906073000297e-02,0.000000000000000000e+00
2.064804859720827113e-02,2.740088596749180525e-02,0.000000000000000000e+00
2.009357146892120152e-02,2.765642848751853622e-02,0.000000000000000000e+00
1.954293289067456085e-02,2.791020065371178221e-02,0.000000000000000000e+00
1.899576232355634081e-02,2.816237578804950403e-02,0.000000000000000000e+00
1.845169539932136824e-02,2.841311926839369673e-02,0.000000000000000000e+00
1.791037826248451439e-02,2.866259676164022163e-02,0.000000000000000000e+00
1.737146135538399083e-02,2.891096671221048478e-02,0.000000000000000000e+00
1.683460373783852299e-02,2.915838899922524458e-02,0.000000000000000000e+00
1.629946694408178354e-02,2.940501675259150557e-02,0.000000000000000000e+00
1.576571941463077164e-02,2.965100574832056982e-02,0.000000000000000000e+00
1.523303033753712656e-02,2.989650537112903406e-02,0.000000000000000000e+00
1.470107415917003973e-02,3.014166882388845392e-02,0.000000000000000000e+00
1.416952447874234543e-02,3.038664330499255689e-02,0.000000000000000000e+00
1.363805847275103775e-02,3.063158085445480405e-02,0.000000000000000000e+00
1.310635101964805621e-02,3.087662805695441659e-02,0.000000000000000000e+00
1.257407880004923588e-02,3.112193713182242333e-02,0.000000000000000000e+00
1.204091485952029500e-02,3.136765562944541369e-02,0.000000000000000000e+00
1.150653216513798129e-02,3.161393729994489699e-02,0.000000000000000000e+00
1.097059875126876576e-02,3.186093222805153752e-02,0.000000000000000000e+00
1.043278060907722876e-02,3.210879712751819881e-02,0.000000000000000000e+00
9.892737445809518179e-03,3.235768617860216440e-02,0.000000000000000000e+00
9.350124898434447954e-03,3.260776062251680846e-02,0.000000000000000000e+00
8.804590827892963545e-03,3.285918030955146951e-02,0.000000000000000000e+00
8.255776940409860487e-03,3.311211274412073635e-02,0.000000000000000000e+00
7.703315460305742816e-03,3.336672506831447893e-02,0.000000000000000000e+00
7.146830294760579509e-03,3.362319299206337903e-02,0.000000000000000000e+00
6.585933894860521165e-03,3.388169266771966226e-02,0.000000000000000000e+00
6.020228101997653243e-03,3.414241018481090767e-02,0.000000000000000000e+00
5.449301024647021548e-03,3.440553259828538213e-02,0.000000000000000000e+00
4.872727649152613048e-03,3.467125878020482083e-02,0.000000000000000000e+00
4.290066637517932907e-03,3.493978889504215785e-02,0.000000000000000000e+00
3.700860663401122925e-03,3.521133714589426422e-02,0.000000000000000000e+00
3.104633178809395547e-03,3.548611961467962317e-02,0.000000000000000000e+00
2.500888256537443788e-03,3.576436830207205958e-02,0.000000000000000000e+00
1.889107533189645543e-03,3.604631905860859048e-02,0.000000000000000000e+00
1.268749215919350547e-03,3.633222389956699411e-02,0.000000000000000000e+00
6.392453812744249919e-04,3.662234336585227373e-02,0.000000000000000000e+00
2.260511353501966138e-18,3.691695197465624106e-02,0.000000000000000000e+00
-6.496136343776489925e-04,3.721634018831378177e-02,0.000000000000000000e+00
-1.310255534726810760e-03,3.752080935777923204e-02,0.000000000000000000e+00
-1.982622112022667908e-03,3.783068351961706849e-02,0.000000000000000000e+00
-2.667449122459308441e-03,3.814629965704965237e-02,0.000000000000000000e+00
-3.365515394225268662e-03,3.846801698174324990e-02,0.000000000000000000e+00
-4.077646799044323637e-03,3.879621776170186914e-02,0.000000000000000000e+00
-4.804719916808886451e-03,3.913130349188087553e-02,0.000000000000000000e+00
-5.547667515389122055e-03,3.947370546885421716e-02,0.000000000000000000e+00
-6.307483336559522452e-03,3.982388246999023218e-02,0.000000000000000000e+00
-7.085227365400706585e-03,4.018232114525491921e-02,0.000000000000000000e+00
-7.882032991796548288e-03,4.054954448195741135e-02,0.000000000000000000e+00
-8.699113817094244333e-03,4.092611278968167482e-02,0.000000000000000000e+00
-9.537771063665035493e-03,4.131262525671065833e-02,0.000000000000000000e+00
-1.039940247090634720e-02,4.170972515047671747e-02,0.000000000000000000e+00
-1.128551242340893046e-02,4.211810575361188413e-02,0.000000000000000000e+00
-1.219772383416576483e-02,4.253851828125221335e-02,0.000000000000000000e+00
-1.313778555633258321e-02,4.297176028801356906e-02,0.000000000000000000e+00
-1.410760007658011343e-02,4.341872850474297330e-02,0.000000000000000000e+00
-1.510920661051582022e-02,4.388032219131152850e-02,0.000000000000000000e+00
-1.614486345836002243e-02,4.435764779202222563e-02,0.000000000000000000e+00
-1.721696529972864542e-02,4.485172802953573540e-02,0.000000000000000000e+00
-1.832822480436423554e-02,4.536394825974037620e-02,0.000000000000000000e+00
-1.948088369744241030e-02,4.589408594695710414e-02,0.000000000000000000e+00
-2.065172488451272673e-02,4.638453353516840127e-02,0.000000000000000000e+00
-2.182971219049108236e-02,4.681396886524001599e-02,0.000000000000000000e+00
-2.301200893406537412e-02,4.718161031997131216e-02,0.000000000000000000e+00
-2.419621285008730083e-02,4.748774153302006557e-02,0.000000000000000000e+00
-2.537994626121548372e-02,4.773273662253568056e-02,0.000000000000000000e+00
-2.656081870267982398e-02,4.791698535874080317e-02,0.000000000000000000e+00
-2.773644308607818576e-02,4.804092864632995841e-02,0.000000000000000000e+00
-2.890443679097581473e-02,4.810506110011850134e-02,0.000000000000000000e+00
-3.006242900526596637e-02,4.810994316397234488e-02,0.000000000000000000e+00
-3.120806821654937765e-02,4.805621083499984209e-02,0.000000000000000000e+00
-3.233903165543966507e-02,4.794458609185281439e-02,0.000000000000000000e+00
-3.345303624365721096e-02,4.777588703085079713e-02,0.000000000000000000e+00
-3.454785177592960277e-02,4.755103857550744412e-02,0.000000000000000000e+00
-3.562131444301944866e-02,4.727108087092126570e-02,0.000000000000000000e+00
-3.667134861466207763e-02,4.693718580057198997e-02,0.000000000000000000e+00
-3.769596473673515746e-02,4.655063966623984584e-02,0.000000000000000000e+00
-3.869336151295010157e-02,4.611295259260481810e-02,0.000000000000000000e+00
-3.966164538285851804e-02,4.562550382684343875e-02,0.000000000000000000e+00
-4.059982390728231194e-02,4.509067253128919844e-02,0.000000000000000000e+00
-4.150542311511846993e-02,4.450911704498825006e-02,0.000000000000000000e+00
-4.237279495250852179e-02,4.387831365335464334e-02,0.000000000000000000e+00
-4.320194223563952191e-02,4.320194223563952884e-02,0.000000000000000000e+00
-4.399629350704117176e-02,4.248672677286699506e-02,0.000000000000000000e+00
-4.475211508534887583e-02,4.173202245365666141e-02,0.000000000000000000e+00
-4.545993329392469806e-02,4.093230779135983294e-02,0.000000000000000000e+00
-4.612427332127767843e-02,4.009521908959748360e-02,0.000000000000000000e+00
-4.674696419465926983e-02,3.922536041439612237e-02,0.000000000000000000e+00
-4.732252871122606674e-02,3.832102816076319446e-02,0.000000000000000000e+00
-4.784922480621054547e-02,3.738391158058097796e-02,0.000000000000000000e+00
-4.832795266274810680e-02,3.641772446218993764e-02,0.000000000000000000e+00
-4.875756838824967659e-02,3.542444699619320264e-02,0.000000000000000000e+00
-4.913530861641633024e-02,3.440491348547523864e-02,0.000000000000000000e+00
-4.945872189407302111e-02,3.336032914969325192e-02,0.000000000000000000e+00
-4.972688427299119807e-02,3.229301623293433926e-02,0.000000000000000000e+00
-4.993934683259369789e-02,3.120556729005794991e-02,0.000000000000000000e+00
-5.009575794030417945e-02,3.010056812666600523e-02,0.000000000000000000e+00
-5.019586240896491830e-02,2.898059467402130593e-02,0.000000000000000000e+00
-5.023950056430847438e-02,2.784820990326268911e-02,0.000000000000000000e+00
-5.022344084064631758e-02,2.670427718546397600e-02,0.000000000000000000e+00
-5.014176777304570065e-02,2.554850676300637891e-02,0.000000000000000000e+00
-5.001250610712785344e-02,2.439272906429541463e-02,0.000000000000000000e+00
-4.981468421162792148e-02,2.322896873645500029e-02,0.000000000000000000e+00
-4.955996773831746610e-02,2.206551928006456748e-02,0.000000000000000000e+00
-4.924382796555022007e-02,2.090276482513435050e-02,0.000000000000000000e+00
-4.886292012253463241e-02,1.974190120039241714e-02,0.000000000000000000e+00
-4.842333483478596101e-02,1.858797669955194326e-02,0.000000000000000000e+00
-4.792162623960091045e-02,1.744204552884494330e-02,0.000000000000000000e+00
-4.735758039253642332e-02,1.630652262773553060e-02,0.000000000000000000e+00
-4.673244848357853420e-02,1.518429296550428617e-02,0.000000000000000000e+00
-4.604529674424520658e-02,1.407745995158433440e-02,0.000000000000000000e+00
-4.529625183988424814e-02,1.298849120725574686e-02,0.000000000000000000e+00
-4.448737850379361203e-02,1.192035714346919954e-02,0.000000000000000000e+00
-4.361579777548148934e-02,1.087463975177284381e-02,0.000000000000000000e+00
-4.268409427408781376e-02,9.854399634891649468e-03,0.000000000000000000e+00
-4.169333088872292925e-02,8.862191058277471556e-03,0.000000000000000000e+00
-4.064053918093196716e-02,7.899720569513121390e-03,0.000000000000000000e+00
-3.953185176320129363e-02,6.970532063219888295e-03,0.000000000000000000e+00
-3.836347552208735356e-02,6.076177599469857749e-03,0.000000000000000000e+00
-3.722834874982915848e-02,5.232103207892732644e-03,0.000000000000000000e+00
-3.616300913829475355e-02,4.440259197973249992e-03,0.000000000000000000e+00
-3.516154209903137734e-02,3.695626993080590884e-03,0.000000000000000000e+00
-3.421728662356714884e-02,2.993624676179382736e-03,0.000000000000000000e+00
-3.332511181480449919e-02,2.330318826870298853e-03,0.000000000000000000e+00
-3.248029069005470976e-02,1.702219905533404595e-03,0.000000000000000000e+00
-3.167872612273613109e-02,1.106245492724267044e-03,0.000000000000000000e+00
-3.091630049070054689e-02,5.396460324054608727e-04,0.000000000000000000e+00
-3.019166168043067172e-02,3.697412183787921975e-18,0.000000000000000000e+00
-3.018090616567231307e-02,-5.268096767142429549e-04,0.000000000000000000e+00
-2.948479535227911327e-02,-1.029631742008291434e-03,0.000000000000000000e+00
-2.881465965494467776e-02,-1.510112323312285017e-03,0.000000000000000000e+00
-2.817242339180716509e-02,-1.970007752511839915e-03,0.000000000000000000e+00
-2.755736534926789966e-02,-2.410957064703050240e-03,0.000000000000000000e+00
-2.696672183560340497e-02,-2.834316676153303405e-03,0.000000000000000000e+00
-2.639873700990873553e-02,-3.241357332152907441e-03,0.000000000000000000e+00
-2.585193678978511822e-02,-3.633252775109864757e-03,0.000000000000000000e+00
-2.532481841281266147e-02,-4.011057190633842209e-03,0.000000000000000000e+00
-2.481600115760610945e-02,-4.375730557378459777e-03,0.000000000000000000e+00
-2.432426816264186484e-02,-4.728158765003087453e-03,0.000000000000000000e+00
-2.384849058520858989e-02,-5.069153159811825085e-03,0.000000000000000000e+00
-2.338763044049028961e-02,-5.399459934509149434e-03,0.000000000000000000e+00
-2.294071873334502590e-02,-5.719763585572051889e-03,0.000000000000000000e+00
-2.250688485932202457e-02,-6.030701622195588744e-03,0.000000000000000000e+00
-2.208529313151211260e-02,-6.332855898591786999e-03,0.000000000000000000e+00
-2.167520536524408792e-02,-6.626775307072477368e-03,0.000000000000000000e+00
-2.127590020312548208e-02,-6.912959031081168659e-03,0.000000000000000000e+00
-2.088673310119415483e-02,-7.191878958152435504e-03,0.000000000000000000e+00
-2.050709695752237979e-02,-7.463972883749143451e-03,0.000000000000000000e+00
-2.013640930374995322e-02,-7.729643326462148564e-03,0.000000000000000000e+00
-1.977415623527338170e-02,-7.989277712812237545e-03,0.000000000000000000e+00
-1.941982967630813753e-02,-8.243228632672719783e-03,0.000000000000000000e+00
-1.907296039791265760e-02,-8.491829082904417056e-03,0.000000000000000000e+00
-1.873312344742139937e-02,-8.735398924695561562e-03,0.000000000000000000e+00
-1.839989396843984618e-02,-8.974227914564538236e-03,0.000000000000000000e+00
-1.807288481681918954e-02,-9.208594759950823258e-03,0.000000000000000000e+00
-1.775174001467362886e-02,-9.438767594204448483e-03,0.000000000000000000e+00
-1.743610223113485277e-02,-9.664989288773864762e-03,0.000000000000000000e+00
-1.712564258183096183e-02,-9.887494354665425644e-03,0.000000000000000000e+00
-1.682006041014282721e-02,-1.010651191011937948e-02,0.000000000000000000e+00
-1.651905337305066557e-02,-1.032225017537375528e-02,0.000000000000000000e+00
-1.622233409843213542e-02,-1.053490694290871998e-02,0.000000000000000000e+00
-1.592964489796065350e-02,-1.074468115394996634e-02,0.000000000000000000e+00
-1.564072862293114027e-02,-1.095175608486875091e-02,0.000000000000000000e+00
-1.535533064244868663e-02,-1.115630074332284866e-02,0.000000000000000000e+00
-1.507322250392878309e-02,-1.135848786593610625e-02,0.000000000000000000e+00
-1.479418318346334589e-02,-1.155848267714728976e-02,0.000000000000000000e+00
-1.451798936067006003e-02,-1.175643597836560986e-02,0.000000000000000000e+00
-1.424442890816847440e-02,-1.195249504317515143e-02,0.000000000000000000e+00
-1.397330745815916070e-02,-1.214681085680633169e-02,0.000000000000000000e+00
-1.370442948019442650e-02,-1.233952372876160643e-02,0.000000000000000000e+00
-1.343759847735520423e-02,-1.253076330159419612e-02,0.000000000000000000e+00
-1.317263255590523166e-02,-1.272066339389590212e-02,0.000000000000000000e+00
-1.290935749240631168e-02,-1.290935749240630648e-02,0.000000000000000000e+00
-1.264759615164943833e-02,-1.309696921161393121e-02,0.000000000000000000e+00
-1.238717172994524725e-02,-1.328361536889558631e-02,0.000000000000000000e+00
-1.212792073569583101e-02,-1.346942054792025188e-02,0.000000000000000000e+00
-1.186968139701592359e-02,-1.365450648290604009e-02,0.000000000000000000e+00
-1.161228841012529496e-02,-1.383898643100691869e-02,0.000000000000000000e+00
-1.135557747954510713e-02,-1.402297034030372883e-02,0.000000000000000000e+00
-1.109939467761614749e-02,-1.420657734002318991e-02,0.000000000000000000e+00
-1.084358458430388465e-02,-1.438992277040337595e-02,0.000000000000000000e+00
-1.058798755580435229e-02,-1.457311464598287816e-02,0.000000000000000000e+00
-1.033244503656053498e-02,-1.475626078373637115e-02,0.000000000000000000e+00
-1.007680576851094009e-02,-1.493947891967832911e-02,0.000000000000000000e+00
-9.820914861532973467e-03,-1.512288270788057602e-02,0.000000000000000000e+00
-9.564612301079382026e-03,-1.530657932230810626e-02,0.000000000000000000e+00
-9.307738981914113682e-03,-1.549067901467374685e-02,0.000000000000000000e+00
-9.050140074008594313e-03,-1.567530242379802305e-02,0.000000000000000000e+00
-8.791655185527972108e-03,-1.586056580257211995e-02,0.000000000000000000e+00
-8.532117737616196074e-03,-1.604657963458565317e-02,0.000000000000000000e+00
-8.271361943998389518e-03,-1.623346184612673576e-02,0.000000000000000000e+00
-8.009222860489235291e-03,-1.642134039892578432e-02,0.000000000000000000e+00
-7.745527928820008200e-03,-1.661033824635455014e-02,0.000000000000000000e+00
-7.480097373285701616e-03,-1.680057377278402347e-02,0.000000000000000000e+00
-7.212752124196265477e-03,-1.699217915588806596e-02,0.000000000000000000e+00
-6.943309490741245323e-03,-1.718529403973424047e-02,0.000000000000000000e+00
-6.671576931490286189e-03,-1.738005210848874924e-02,0.000000000000000000e+00
-6.397354298959976628e-03,-1.757658648064345727e-02,0.000000000000000000e+00
-6.120440951790697033e-03,-1.777505118836310988e-02,0.000000000000000000e+00
-5.840627000749758040e-03,-1.797560156698879696e-02,0.000000000000000000e+00
-5.557690463330175988e-03,-1.817838640470782058e-02,0.000000000000000000e+00
-5.271402962024052119e-03,-1.838356682906845327e-02,0.000000000000000000e+00
-4.981530140878592285e-03,-1.859132358519466344e-02,0.000000000000000000e+00
-4.687823131576921917e-03,-1.880183163591700457e-02,0.000000000000000000e+00
-4.390020038873136167e-03,-1.901526588600295498e-02,0.000000000000000000e+00
-4.087852009233636751e-03,-1.923183164573251738e-02,0.000000000000000000e+00
-3.781034605070398690e-03,-1.945173676203756571e-02,0.000000000000000000e+00
-3.469265593169178728e-03,-1.967518288596561277e-02,0.000000000000000000e+00
-3.152230793455073135e-03,-1.990240194678225688e-02,0.000000000000000000e+00
-2.829598748522741628e-03,-2.013364126173504062e-02,0.000000000000000000e+00
-2.501015834443069425e-03,-2.036913937755436416e-02,0.000000000000000000e+00
-2.166110615842320453e-03,-2.060916584728439069e-02,0.000000000000000000e+00
-1.824489876853620631e-03,-2.085401471829546882e-02,0.000000000000000000e+00
-1.475733401171916339e-03,-2.110397085404186468e-02,0.000000000000000000e+00
-1.119396564034304004e-03,-2.135935884611166527e-02,0.000000000000000000e+00
-7.550054686316995259e-04,-2.162052782972332179e-02,0.000000000000000000e+00
-3.820533544923222519e-04,-2.188782201976809116e-02,0.000000000000000000e+00
-4.071028059066642394e-18,-2.216164454873057257e-02,0.000000000000000000e+00
3.917337064065669881e-04,-2.244240900950789444e-02,0.000000000000000000e+00
7.937682456060205817e-04,-2.273054852910936369e-02,0.000000000000000000e+00
1.206770680638871241e-03,-2.302655630801305961e-02,0.000000000000000000e+00
1.631457155916338653e-03,-2.333092429888402111e-02,0.000000000000000000e+00
2.068602317740349337e-03,-2.364423268538561052e-02,0.000000000000000000e+00
2.519042094300388227e-03,-2.396708456070214058e-02,0.000000000000000000e+00
2.983677604250650935e-03,-2.430010403840654129e-02,0.000000000000000000e+00
3.463479271853983545e-03,-2.464393554505514214e-02,0.000000000000000000e+00
3.959517059865825910e-03,-2.499940683410956099e-02,0.000000000000000000e+00
4.472990922608804931e-03,-2.536759209870641588e-02,0.000000000000000000e+00
5.005116042736410323e-03,-2.574908983805710913e-02,0.000000000000000000e+00
5.556992315385854767e-03,-2.614359336510478291e-02,0.000000000000000000e+00
6.128484364629200112e-03,-2.654538217131905548e-02,0.000000000000000000e+00
6.718014088439418566e-03,-2.694448281713804350e-02,0.000000000000000000e+00
7.324835852325594678e-03,-2.733665955798115360e-02,0.000000000000000000e+00
7.949063242711024158e-03,-2.772167796763525330e-02,0.000000000000000000e+00
8.591737274943259464e-03,-2.810230636307595176e-02,0.000000000000000000e+00
9.252576323499201588e-03,-2.847650182729104598e-02,0.000000000000000000e+00
9.930335736408668623e-03,-2.883978906465104255e-02,0.000000000000000000e+00
1.062647275075159943e-02,-2.919599393113991512e-02,0.000000000000000000e+00
1.134130488260886443e-02,-2.954510932904284154e-02,0.000000000000000000e+00
1.207378601237765921e-02,-2.988366903019751275e-02,0.000000000000000000e+00
1.282397973246626223e-02,-3.021140299200652732e-02,0.000000000000000000e+00
1.359245662696965083e-02,-3.052915743187186587e-02,0.000000000000000000e+00
1.437971236663589635e-02,-3.083739268518754725e-02,0.000000000000000000e+00
1.518516232353160286e-02,-3.113419664694203406e-02,0.000000000000000000e+00
1.600726975933928001e-02,-3.141603579413418390e-02,0.000000000000000000e+00
1.684730259964826310e-02,-3.168516786885658409e-02,0.000000000000000000e+00
1.770546198806637050e-02,-3.194149895561470415e-02,0.000000000000000000e+00
1.858145980587171120e-02,-3.218403246256872768e-02,0.000000000000000000e+00
1.947516740738929747e-02,-3.241212153145955205e-02,0.000000000000000000e+00
2.038637133594506726e-02,-3.262501397076564280e-02,0.000000000000000000e+00
2.131486707230845212e-02,-3.282201701301293295e-02,0.000000000000000000e+00
2.226043305865844230e-02,-3.300244919495773366e-02,0.000000000000000000e+00
2.322284080877649870e-02,-3.316565381194359202e-02,0.000000000000000000e+00
2.420185502637635377e-02,-3.331099570016882866e-02,0.000000000000000000e+00
2.519723616533410190e-02,-3.343786177235317375e-02,0.000000000000000000e+00
2.620874207635902342e-02,-3.354566011094237132e-02,0.000000000000000000e+00
2.723613032308198206e-02,-3.363381989099202551e-02,0.000000000000000000e+00
2.827915729576227499e-02,-3.370178730276146561e-02,0.000000000000000000e+00
2.933759113564753801e-02,-3.374903798641609026e-02,0.000000000000000000e+00
3.041116081173282290e-02,-3.377501578799362719e-02,0.000000000000000000e+00
3.149978335684691655e-02,-3.377938204443894227e-02,0.000000000000000000e+00
3.260169531423001005e-02,-3.376004377884920388e-02,0.000000000000000000e+00
3.370834551188411909e-02,-3.370834551188413297e-02,0.000000000000000000e+00
3.480872289555446419e-02,-3.361439296560696233e-02,0.000000000000000000e+00
3.589671783882146527e-02,-3.347423092752791624e-02,0.000000000000000000e+00
3.697308641739566193e-02,-3.329071654039657963e-02,0.000000000000000000e+00
3.803778912832146003e-02,-3.306574562510009724e-02,0.000000000000000000e+00
3.908925348236649833e-02,-3.279977818004895657e-02,0.000000000000000000e+00
4.012601717728006556e-02,-3.249340802587002280e-02,0.000000000000000000e+00
4.114662760763912464e-02,-3.214726872907297528e-02,0.000000000000000000e+00
4.214968930770066763e-02,-3.176206908839227655e-02,0.000000000000000000e+00
4.313386119228529436e-02,-3.133858455327529630e-02,0.000000000000000000e+00
4.409787095395843737e-02,-3.087766166096072781e-02,0.000000000000000000e+00
4.504051852553692115e-02,-3.038021334847378768e-02,0.000000000000000000e+00
4.596070678041355023e-02,-2.984723197192486188e-02,0.000000000000000000e+00
4.685737951792443012e-02,-2.927974037153490208e-02,0.000000000000000000e+00
4.772975780726608497e-02,-2.867893182210945816e-02,0.000000000000000000e+00
4.857675409237934006e-02,-2.804580205159349846e-02,0.000000000000000000e+00
4.939559829485029585e-02,-2.738042723676046425e-02,0.000000000000000000e+00
5.018388598925801330e-02,-2.668324549791282335e-02,0.000000000000000000e+00
5.094340704313342350e-02,-2.595696237243022217e-02,0.000000000000000000e+00
5.167658744124745823e-02,-2.520435576096967736e-02,0.000000000000000000e+00
5.237957881888474082e-02,-2.442499873417934911e-02,0.000000000000000000e+00
5.304526221173314765e-02,-2.361727235637651676e-02,0.000000000000000000e+00
5.368154889836319194e-02,-2.278646560247968647e-02,0.000000000000000000e+00
5.428736211125641947e-02,-2.193351802435743875e-02,0.000000000000000000e+00
5.485439632259792031e-02,-2.105662991182434551e-02,0.000000000000000000e+00
5.538539325554041326e-02,-2.015863455814477512e-02,0.000000000000000000e+00
5.588316766666877322e-02,-1.924211774573030692e-02,0.000000000000000000e+00
5.634615711625379914e-02,-1.830797625410481022e-02,0.000000000000000000e+00
5.677267332102189229e-02,-1.735714810266589941e-02,0.000000000000000000e+00
5.716143468058503679e-02,-1.639077763801129531e-02,0.000000000000000000e+00
5.751150450594792740e-02,-1.541016118786761764e-02,0.000000000000000000e+00
5.782280586851031717e-02,-1.441684470598463517e-02,0.000000000000000000e+00
5.809545934937343503e-02,-1.341239361259855163e-02,0.000000000000000000e+00
5.832946074708265927e-02,-1.239830962046644357e-02,0.000000000000000000e+00
5.852443259381868296e-02,-1.137599729969603415e-02,0.000000000000000000e+00
5.867997959272606978e-02,-1.034686362961978467e-02,0.000000000000000000e+00
5.879574958141808166e-02,-9.312331890914507179e-03,0.000000000000000000e+00
5.887143410098794050e-02,-8.273840488679703661e-03,0.000000000000000000e+00
5.890676893537196562e-02,-7.232841757938545529e-03,0.000000000000000000e+00
5.890153462056735290e-02,-6.190800752269495603e-03,0.000000000000000000e+00
5.885557078795938812e-02,-5.149195229293989685e-03,0.000000000000000000e+00
5.876884195225494378e-02,-4.109517759333184903e-03,0.000000000000000000e+00
5.864146746874909777e-02,-3.073269083935875178e-03,0.000000000000000000e+00
5.847363722661793467e-02,-2.041944406934794853e-03,0.000000000000000000e+00
5.826558779232842572e-02,-1.017029617995909027e-03,0.000000000000000000e+00
5.801760204156839601e-02,-1.421021412688233645e-17,0.000000000000000000e+00
