5.832881543482201087e-02,0.000000000000000000e+00,0.000000000000000000e+00
5.799809324553691775e-02,1.012360483313664607e-03,0.000000000000000000e+00
5.762649565463471429e-02,2.012361571372701160e-03,0.000000000000000000e+00
5.721418362821164422e-02,2.998468307446705040e-03,0.000000000000000000e+00
5.676149094841430320e-02,3.969150103183036182e-03,0.000000000000000000e+00
5.626916819481157794e-02,4.922914323079494170e-03,0.000000000000000000e+00
5.573811255828413358e-02,5.858311695590650778e-03,0.000000000000000000e+00
5.516950963337401148e-02,6.773964015562392894e-03,0.000000000000000000e+00
5.456416823516379438e-02,7.668493748611632070e-03,0.000000000000000000e+00
5.391943821561683003e-02,8.540000044393885117e-03,0.000000000000000000e+00
5.323469587723157065e-02,9.386713192965610159e-03,0.000000000000000000e+00
5.251914964255467028e-02,1.020868854316987415e-02,0.000000000000000000e+00
5.177089535770235118e-02,1.100424351181172010e-02,0.000000000000000000e+00
5.098073977792021150e-02,1.176983117477148170e-02,0.000000000000000000e+00
5.015827575289359685e-02,1.250586271952649521e-02,0.000000000000000000e+00
4.930792554422329388e-02,1.321201883002855702e-02,0.000000000000000000e+00
4.842678522293299148e-02,1.388615720980885919e-02,0.000000000000000000e+00
4.751198622058483423e-02,1.452587192467388356e-02,0.000000000000000000e+00
4.656529028312025170e-02,1.512997997378853592e-02,0.000000000000000000e+00
4.559131447883297411e-02,1.569834850123511330e-02,0.000000000000000000e+00
4.458959904003606534e-02,1.622928680843795796e-02,0.000000000000000000e+00
4.357723520597989175e-02,1.672773334185482033e-02,0.000000000000000000e+00
4.258611732505487163e-02,1.720590825581510067e-02,0.000000000000000000e+00
4.162855371206111710e-02,1.767027268599880019e-02,0.000000000000000000e+00
4.069899564712971957e-02,1.812036032534939875e-02,0.000000000000000000e+00
3.979660069023369107e-02,1.855745967039247254e-02,0.000000000000000000e+00
3.891948271846603497e-02,1.898230005192174871e-02,0.000000000000000000e+00
3.806608329334191382e-02,1.939563820053240642e-02,0.000000000000000000e+00
3.723497866305952586e-02,1.979818934286266957e-02,0.000000000000000000e+00
3.642480438281756744e-02,2.019059876679226567e-02,0.000000000000000000e+00
3.563430783923986905e-02,2.057347722337112689e-02,0.000000000000000000e+00
3.486231623644528432e-02,2.094739291456507863e-02,0.000000000000000000e+00
3.410773347020200352e-02,2.131287730862120589e-02,0.000000000000000000e+00
3.336953156871054482e-02,2.167042718216466435e-02,0.000000000000000000e+00
3.264674705409149891e-02,2.202050893518512145e-02,0.000000000000000000e+00
3.193847653492792177e-02,2.236356202869045975e-02,0.000000000000000000e+00
3.124386661070924567e-02,2.269999783200698021e-02,0.000000000000000000e+00
3.056211486836256375e-02,2.303020543876143147e-02,0.000000000000000000e+00
2.989246459853166574e-02,2.335455293169367771e-02,0.000000000000000000e+00
2.923419674313179617e-02,2.367338574586960731e-02,0.000000000000000000e+00
2.858663443927948050e-02,2.398703441459914057e-02,0.000000000000000000e+00
2.794913237269347484e-02,2.429581010505259958e-02,0.000000000000000000e+00
2.732107810749754770e-02,2.460000922256796660e-02,0.000000000000000000e+00
2.670188995094711221e-02,2.489991520764580496e-02,0.000000000000000000e+00
2.609101000838736154e-02,2.519579548847869499e-02,0.000000000000000000e+00
2.548790948412348739e-02,2.548790948412348392e-02,0.000000000000000000e+00
2.489207783448915690e-02,2.577650117084782574e-02,0.000000000000000000e+00
2.430302970642881505e-02,2.606180861597460693e-02,0.000000000000000000e+00
2.372029536572566738e-02,2.634405688861982467e-02,0.000000000000000000e+00
2.314342546702939304e-02,2.662346549214475097e-02,0.000000000000000000e+00
2.257198476878228763e-02,2.690024394017807852e-02,0.000000000000000000e+00
2.200555402156278290e-02,2.717459608920633554e-02,0.000000000000000000e+00
2.144372665127864883e-02,2.744671849033981578e-02,0.000000000000000000e+00
2.088610848117501695e-02,2.771680210374543110e-02,0.000000000000000000e+00
2.033231640215060407e-02,2.798503269721958064e-02,0.000000000000000000e+00
1.978197685992710494e-02,2.825159082192352580e-02,0.000000000000000000e+00
1.923472558723968162e-02,2.851665339569484786e-02,0.000000000000000000e+00
1.869020561300283045e-02,2.878039278995371195e-02,0.000000000000000000e+00
1.814806736593658348e-02,2.904297884107137975e-02,0.000000000000000000e+00
1.760796672966737780e-02,2.930457775409595414e-02,0.000000000000000000e+00
1.706956505273688612e-02,2.956535393444240101e-02,0.000000000000000000e+00
1.653252757768815598e-02,2.982546926549121610e-02,0.000000000000000000e+00
1.599652307019083786e-02,3.008508429163106804e-02,0.000000000000000000e+00
1.546122279819755856e-02,3.034435829169827153e-02,0.000000000000000000e+00
1.492629963130280395e-02,3.060344947462377216e-02,0.000000000000000000e+00
1.439142762539497196e-02,3.086251613867195889e-02,0.000000000000000000e+00
1.385628055420396777e-02,3.112171567427600427e-02,0.000000000000000000e+00
1.332053205728231902e-02,3.138120696117967928e-02,0.000000000000000000e+00
1.278385365343911138e-02,3.164114811362503388e-02,0.000000000000000000e+00
1.224591533427264907e-02,3.190170012447980652e-02,0.000000000000000000e+00
1.170638317298662578e-02,3.216302343126430097e-02,0.000000000000000000e+00
1.116492019356133542e-02,3.242528267452327029e-02,0.000000000000000000e+00
1.062118372752001230e-02,3.268864230350202599e-02,0.000000000000000000e+00
1.007482635919560061e-02,3.295327217774796785e-02,0.000000000000000000e+00
9.525493200606560337e-03,3.321934257250368921e-02,0.000000000000000000e+00
8.972822700386717462e-03,3.348703020515060580e-02,0.000000000000000000e+00
8.416444010566176762e-03,3.375651316575075528e-02,0.000000000000000000e+00
7.855977442196529492e-03,3.402797675979482572e-02,0.000000000000000000e+00
7.291032094444699699e-03,3.430160912069826762e-02,0.000000000000000000e+00
6.721205740356482779e-03,3.457760598371362876e-02,0.000000000000000000e+00
6.146082874561065688e-03,3.485616806836190629e-02,0.000000000000000000e+00
5.565233831116062416e-03,3.513750353072982169e-02,0.000000000000000000e+00
4.978213355506490127e-03,3.542182858133950674e-02,0.000000000000000000e+00
4.384558831401911931e-03,3.570936605677262066e-02,0.000000000000000000e+00
3.783789345932618998e-03,3.600035085520743999e-02,0.000000000000000000e+00
3.175403086224519097e-03,3.629502335789606265e-02,0.000000000000000000e+00
2.558876601340952586e-03,3.659364026788617524e-02,0.000000000000000000e+00
1.933661729837570734e-03,3.689646377485956974e-02,0.000000000000000000e+00
1.299184443629581307e-03,3.720377478900036006e-02,0.000000000000000000e+00
6.548418345347312240e-04,3.751586357471115712e-02,0.000000000000000000e+00
2.316605405987282907e-18,3.783303737208464773e-02,0.000000000000000000e+00
-6.660088437293028383e-04,3.815562110299829113e-02,0.000000000000000000e+00
-1.343889261674125314e-03,3.848395328149096378e-02,0.000000000000000000e+00
-2.034385998615253089e-03,3.881839731517825604e-02,0.000000000000000000e+00
-2.738287379111749645e-03,3.915933392364351340e-02,0.000000000000000000e+00
-3.456429233237107157e-03,3.950716691669339115e-02,0.000000000000000000e+00
-4.189699560883666622e-03,3.986232857594358692e-02,0.000000000000000000e+00
-4.939042722968739821e-03,4.022527495842440071e-02,0.000000000000000000e+00
-5.705464974798604184e-03,4.059649273380559753e-02,0.000000000000000000e+00
-6.490040643979418274e-03,4.097650394622760067e-02,0.000000000000000000e+00
-7.293917970302820318e-03,4.136586437876130229e-02,0.000000000000000000e+00
-8.118326309860150053e-03,4.176516822034846005e-02,0.000000000000000000e+00
-8.964584690164778893e-03,4.217505505231884666e-02,0.000000000000000000e+00
-9.834110390655816797e-03,4.259621190217283832e-02,0.000000000000000000e+00
-1.072842875922797728e-02,4.302937751430917918e-02,0.000000000000000000e+00
-1.164918434567245240e-02,4.347534784478558623e-02,0.000000000000000000e+00
-1.259815369778099353e-02,4.393498317136921433e-02,0.000000000000000000e+00
-1.357726001409363496e-02,4.440921646893820213e-02,0.000000000000000000e+00
-1.458858561839646885e-02,4.489904978841049304e-02,0.000000000000000000e+00
-1.563440599104484741e-02,4.540561194519253385e-02,0.000000000000000000e+00
-1.671714585516333521e-02,4.592998075479069742e-02,0.000000000000000000e+00
-1.783954917530660572e-02,4.647361447565856452e-02,0.000000000000000000e+00
-1.899979340603922748e-02,4.702613887691330791e-02,0.000000000000000000e+00
-2.017405059588730024e-02,4.752708482456920874e-02,0.000000000000000000e+00
-2.135393552680271007e-02,4.796172446077860002e-02,0.000000000000000000e+00
-2.253805485596298633e-02,4.833301461343670474e-02,0.000000000000000000e+00
-2.372092268031053205e-02,4.863509889724612623e-02,0.000000000000000000e+00
-2.490255666270786358e-02,4.887401932016774420e-02,0.000000000000000000e+00
-2.608062157285631621e-02,4.905051522475338543e-02,0.000000000000000000e+00
-2.725268328932384243e-02,4.916514211322773470e-02,0.000000000000000000e+00
-2.841624874921564597e-02,4.921838659415709444e-02,0.000000000000000000e+00
-2.956886091192757401e-02,4.921084853219729466e-02,0.000000000000000000e+00
-3.070807627168997689e-02,4.914319477801165625e-02,0.000000000000000000e+00
-3.183148534237643240e-02,4.901618902490290780e-02,0.000000000000000000e+00
-3.293672220606188444e-02,4.883069877345420223e-02,0.000000000000000000e+00
-3.402148055077075517e-02,4.858770963499890044e-02,0.000000000000000000e+00
-3.508352778447381554e-02,4.828833334889785778e-02,0.000000000000000000e+00
-3.612073336603955492e-02,4.793383216653434448e-02,0.000000000000000000e+00
-3.713105649881200121e-02,4.752558506014287198e-02,0.000000000000000000e+00
-3.811267831748101076e-02,4.706523808219242877e-02,0.000000000000000000e+00
-3.906372480878586573e-02,4.655433438098213056e-02,0.000000000000000000e+00
-3.998078272970088942e-02,4.599262934821523457e-02,0.000000000000000000e+00
-4.085924699285869988e-02,4.537879105676594083e-02,0.000000000000000000e+00
-4.170097631397590154e-02,4.471882217658819381e-02,0.000000000000000000e+00
-4.250703254754197719e-02,4.401732075226213320e-02,0.000000000000000000e+00
-4.327310354900763822e-02,4.327310354900764516e-02,0.000000000000000000e+00
-4.399174729970031783e-02,4.248233655146999022e-02,0.000000000000000000e+00
-4.466562838994554696e-02,4.165137230544286445e-02,0.000000000000000000e+00
-4.529622295256549580e-02,4.078490233790663111e-02,0.000000000000000000e+00
-4.587892076804376412e-02,3.988193736898189984e-02,0.000000000000000000e+00
-4.641179017679016028e-02,3.894411601962195074e-02,0.000000000000000000e+00
-4.689502296594207781e-02,3.797484083413309175e-02,0.000000000000000000e+00
-4.732734649586771425e-02,3.697617555792451216e-02,0.000000000000000000e+00
-4.770636462456617072e-02,3.594932427852249451e-02,0.000000000000000000e+00
-4.802993369498946563e-02,3.489578944668752375e-02,0.000000000000000000e+00
-4.829687368269797165e-02,3.381783502458728802e-02,0.000000000000000000e+00
-4.850628250498900673e-02,3.271790066997988522e-02,0.000000000000000000e+00
-4.865734271470563421e-02,3.159844782374339467e-02,0.000000000000000000e+00
-4.874932185971703191e-02,3.046195715650059158e-02,0.000000000000000000e+00
-4.878157277225073779e-02,2.931092601307257531e-02,0.000000000000000000e+00
-4.875301018042711709e-02,2.814756355147415498e-02,0.000000000000000000e+00
-4.866063760590837173e-02,2.697303187441801517e-02,0.000000000000000000e+00
-4.850344773265368586e-02,2.578974062755155436e-02,0.000000000000000000e+00
-4.829008385497868955e-02,2.460502668233168280e-02,0.000000000000000000e+00
-4.801453456010160159e-02,2.341825322978336246e-02,0.000000000000000000e+00
-4.767019834930964067e-02,2.222897855605086154e-02,0.000000000000000000e+00
-4.726388157846495019e-02,2.104323585775830577e-02,0.000000000000000000e+00
-4.679524414491095102e-02,1.986340265789468193e-02,0.000000000000000000e+00
-4.625828028486415194e-02,1.868955839711851710e-02,0.000000000000000000e+00
-4.565827508641517180e-02,1.752656970742832304e-02,0.000000000000000000e+00
-4.499031395290035290e-02,1.637513510914714171e-02,0.000000000000000000e+00
-4.425957573789570526e-02,1.523979407904281838e-02,0.000000000000000000e+00
-4.346506643559813754e-02,1.412265618299764561e-02,0.000000000000000000e+00
-4.260405390724687075e-02,1.302536643396409906e-02,0.000000000000000000e+00
-4.167968089620299743e-02,1.195145617688576911e-02,0.000000000000000000e+00
-4.069334173608373656e-02,1.090374805550735002e-02,0.000000000000000000e+00
-3.964035659720331617e-02,9.883450942372204798e-03,0.000000000000000000e+00
-3.852672010298277550e-02,8.894594180176492240e-03,0.000000000000000000e+00
-3.734992108680601497e-02,7.938970804858140259e-03,0.000000000000000000e+00
-3.620618279137339385e-02,7.037769003683908356e-03,0.000000000000000000e+00
-3.514043128634008334e-02,6.196206149513623813e-03,0.000000000000000000e+00
-3.413936635216039545e-02,5.407144432721234725e-03,0.000000000000000000e+00
-3.319959806959444509e-02,4.665899224484717535e-03,0.000000000000000000e+00
-3.231419553323261473e-02,3.967684309478570343e-03,0.000000000000000000e+00
-3.147834544160776210e-02,3.308507425068984813e-03,0.000000000000000000e+00
-3.068747454611766776e-02,2.684806135025660442e-03,0.000000000000000000e+00
-2.993757261209500573e-02,2.093439010091162171e-03,0.000000000000000000e+00
-2.922525248675028955e-02,1.531630581816759455e-03,0.000000000000000000e+00
-2.854713241652271152e-02,9.968878307677810774e-04,0.000000000000000000e+00
-2.790020535349464759e-02,4.869998959558507470e-04,0.000000000000000000e+00
-2.728412765859766428e-02,3.341341960462939695e-18,0.000000000000000000e+00
-2.727351719347307843e-02,-4.760610134329224799e-04,0.000000000000000000e+00
-2.667967402749953781e-02,-9.316747468292779560e-04,0.000000000000000000e+00
-2.610677988719013048e-02,-1.368198358118792373e-03,0.000000000000000000e+00
-2.555561163793152596e-02,-1.787022449107011652e-03,0.000000000000000000e+00
-2.502635606957938352e-02,-2.189522445451390787e-03,0.000000000000000000e+00
-2.451733187986648160e-02,-2.576875417988146004e-03,0.000000000000000000e+00
-2.402670522668087436e-02,-2.950108451201540437e-03,0.000000000000000000e+00
-2.355328958077003779e-02,-3.310198977668562300e-03,0.000000000000000000e+00
-2.309599481233003473e-02,-3.658046212089283069e-03,0.000000000000000000e+00
-2.265376061412550587e-02,-3.994469210781094459e-03,0.000000000000000000e+00
-2.222554718934982923e-02,-4.320208733420768422e-03,0.000000000000000000e+00
-2.181046834051651381e-02,-4.635958158873056990e-03,0.000000000000000000e+00
-2.140768224685503721e-02,-4.942352876522252032e-03,0.000000000000000000e+00
-2.101641873271248295e-02,-5.239981709543209236e-03,0.000000000000000000e+00
-2.063597363564064618e-02,-5.529392470699841244e-03,0.000000000000000000e+00
-2.026565793028265935e-02,-5.811083900874942226e-03,0.000000000000000000e+00
-1.990487521471051915e-02,-6.085531063743037684e-03,0.000000000000000000e+00
-1.955304645975539102e-02,-6.353169916131632886e-03,0.000000000000000000e+00
-1.920962276789272075e-02,-6.614403559863317635e-03,0.000000000000000000e+00
-1.887412420233348931e-02,-6.869619407492718807e-03,0.000000000000000000e+00
-1.854607277114406899e-02,-7.119170327991822256e-03,0.000000000000000000e+00
-1.822502048450321335e-02,-7.363386242122254080e-03,0.000000000000000000e+00
-1.791057358535522517e-02,-7.602587430852256710e-03,0.000000000000000000e+00
-1.760233823620933197e-02,-7.837065911263648571e-03,0.000000000000000000e+00
-1.729993785322167521e-02,-8.067093506562809935e-03,0.000000000000000000e+00
-1.700304444144831381e-02,-8.292938878927959626e-03,0.000000000000000000e+00
-1.671133318686562202e-02,-8.514849553688860068e-03,0.000000000000000000e+00
-1.642448193313510857e-02,-8.733051954001497946e-03,0.000000000000000000e+00
-1.614220800389032026e-02,-8.947772006989736585e-03,0.000000000000000000e+00
-1.586424230866801885e-02,-9.159224567398933925e-03,0.000000000000000000e+00
-1.559031264274465117e-02,-9.367604905352750963e-03,0.000000000000000000e+00
-1.532016270132100476e-02,-9.573100138319903460e-03,0.000000000000000000e+00
-1.505356475703851019e-02,-9.775899257911247267e-03,0.000000000000000000e+00
-1.479029086498667191e-02,-9.976177155010246961e-03,0.000000000000000000e+00
-1.453011177457499276e-02,-1.017409379558706535e-02,0.000000000000000000e+00
-1.427281850080188048e-02,-1.036980963533428064e-02,0.000000000000000000e+00
-1.401821747060717251e-02,-1.056348455019777595e-02,0.000000000000000000e+00
-1.376611265370183274e-02,-1.075526594920947487e-02,0.000000000000000000e+00
-1.351630744441512967e-02,-1.094528995624218654e-02,0.000000000000000000e+00
-1.326862319740418870e-02,-1.113369683117215563e-02,0.000000000000000000e+00
-1.302289044294046606e-02,-1.132062595008183695e-02,0.000000000000000000e+00
-1.277893683394898221e-02,-1.150620640711429860e-02,0.000000000000000000e+00
-1.253658876545635584e-02,-1.169055815249197237e-02,0.000000000000000000e+00
-1.229568632252915628e-02,-1.187380626021528225e-02,0.000000000000000000e+00
-1.205607680719835047e-02,-1.205607680719834526e-02,0.000000000000000000e+00
-1.181760429756684855e-02,-1.223748748651217258e-02,0.000000000000000000e+00
-1.158011037612863801e-02,-1.241814802599249500e-02,0.000000000000000000e+00
-1.134344551587708125e-02,-1.259817255121616943e-02,0.000000000000000000e+00
-1.110746738809132578e-02,-1.277767956749791163e-02,0.000000000000000000e+00
-1.087203005655694270e-02,-1.295678087869396242e-02,0.000000000000000000e+00
-1.063698392732408300e-02,-1.313558120596156412e-02,0.000000000000000000e+00
-1.040218341267836605e-02,-1.331418761559532461e-02,0.000000000000000000e+00
-1.016749050461420063e-02,-1.349271562302296369e-02,0.000000000000000000e+00
-9.932763357645714095e-03,-1.367127590578210393e-02,0.000000000000000000e+00
-9.697855411705907230e-03,-1.384997287590101003e-02,0.000000000000000000e+00
-9.462619788720209174e-03,-1.402891075863283571e-02,0.000000000000000000e+00
-9.226916768461273718e-03,-1.420820585578679018e-02,0.000000000000000000e+00
-8.990602878838556064e-03,-1.438797222390120895e-02,0.000000000000000000e+00
-8.753528725930336679e-03,-1.456831825673171946e-02,0.000000000000000000e+00
-8.515541351552370283e-03,-1.474935027484243488e-02,0.000000000000000000e+00
-8.276493185153608809e-03,-1.493118895219561204e-02,0.000000000000000000e+00
-8.036233128866471578e-03,-1.511395632715213481e-02,0.000000000000000000e+00
-7.794602646713428770e-03,-1.529776904067802271e-02,0.000000000000000000e+00
-7.551437232097939212e-03,-1.548274076641531667e-02,0.000000000000000000e+00
-7.306575286177090754e-03,-1.566900126643085492e-02,0.000000000000000000e+00
-7.059851216754154356e-03,-1.585668545112225991e-02,0.000000000000000000e+00
-6.811090125390497144e-03,-1.604592278573999803e-02,0.000000000000000000e+00
-6.560109090115409658e-03,-1.623683976592137437e-02,0.000000000000000000e+00
-6.306725747340599132e-03,-1.642958227841981658e-02,0.000000000000000000e+00
-6.050751648236577310e-03,-1.662430352425780383e-02,0.000000000000000000e+00
-5.791986692526392838e-03,-1.682115075578876143e-02,0.000000000000000000e+00
-5.530220994670685848e-03,-1.702027011223891662e-02,0.000000000000000000e+00
-5.265242914378203201e-03,-1.722183357344899204e-02,0.000000000000000000e+00
-4.996830412230705148e-03,-1.742601855303690592e-02,0.000000000000000000e+00
-4.724746869891497530e-03,-1.763299537133709849e-02,0.000000000000000000e+00
-4.448745078445166638e-03,-1.784294193878929388e-02,0.000000000000000000e+00
-4.168571678216058222e-03,-1.805606765441704689e-02,0.000000000000000000e+00
-3.883956772136079507e-03,-1.827257997410410353e-02,0.000000000000000000e+00
-3.594612924156518740e-03,-1.849268035482813308e-02,0.000000000000000000e+00
-3.300241856811384194e-03,-1.871660164287579711e-02,0.000000000000000000e+00
-3.000529353930968344e-03,-1.894459675320855560e-02,0.000000000000000000e+00
-2.695138789938093804e-03,-1.917690894354879758e-02,0.000000000000000000e+00
-2.383714981884701468e-03,-1.941380059802224126e-02,0.000000000000000000e+00
-2.065884286118598902e-03,-1.965557601838382323e-02,0.000000000000000000e+00
-1.741245914813066868e-03,-1.990253187828286072e-02,0.000000000000000000e+00
-1.409373389151385601e-03,-2.015497846934486900e-02,0.000000000000000000e+00
-1.069814775315368642e-03,-2.041328195834360773e-02,0.000000000000000000e+00
-7.220847991310365248e-04,-2.067780319965920044e-02,0.000000000000000000e+00
-3.656648284934679231e-04,-2.094892399410902203e-02,0.000000000000000000e+00
-3.899352898831467069e-18,-2.122708850446430179e-02,0.000000000000000000e+00
3.755061482223886332e-04,-2.151273282377537746e-02,0.000000000000000000e+00
7.614944156257323279e-04,-2.180634695938408335e-02,0.000000000000000000e+00
1.158656087094976509e-03,-2.210847517192751979e-02,0.000000000000000000e+00
1.567735395473748372e-03,-2.241966066950439040e-02,0.000000000000000000e+00
1.989538398629768848e-03,-2.274052795469037880e-02,0.000000000000000000e+00
2.424934504884235231e-03,-2.307171065708851776e-02,0.000000000000000000e+00
2.874873572378533904e-03,-2.341396631007963344e-02,0.000000000000000000e+00
3.340394693765847724e-03,-2.376814326483438558e-02,0.000000000000000000e+00
3.822610465832572760e-03,-2.413501261866310768e-02,0.000000000000000000e+00
4.322701301531893178e-03,-2.451525730301569103e-02,0.000000000000000000e+00
4.842042339282225973e-03,-2.491014836205273156e-02,0.000000000000000000e+00
5.382305775637100109e-03,-2.532175781048218513e-02,0.000000000000000000e+00
5.944253876710521925e-03,-2.574739225759170233e-02,0.000000000000000000e+00
6.527055649022913027e-03,-2.617859034922856432e-02,0.000000000000000000e+00
7.129152080481422453e-03,-2.660635777924198753e-02,0.000000000000000000e+00
7.749109513253548721e-03,-2.702435644342539647e-02,0.000000000000000000e+00
8.388339237359517322e-03,-2.743702135925063512e-02,0.000000000000000000e+00
9.047326644081260180e-03,-2.784480826793594987e-02,0.000000000000000000e+00
9.724468839668848341e-03,-2.824190818378589235e-02,0.000000000000000000e+00
1.042119529594878573e-02,-2.863199875934606745e-02,0.000000000000000000e+00
1.113780659936729894e-02,-2.901497817668627355e-02,0.000000000000000000e+00
1.187255793819176966e-02,-2.938561206924173580e-02,0.000000000000000000e+00
1.262652181153407598e-02,-2.974622128182779698e-02,0.000000000000000000e+00
1.340021940749943144e-02,-3.009738556762865322e-02,0.000000000000000000e+00
1.419360182832124159e-02,-3.043827734779201016e-02,0.000000000000000000e+00
1.500616306524143496e-02,-3.076719378002986185e-02,0.000000000000000000e+00
1.583652430710337511e-02,-3.108092897580877131e-02,0.000000000000000000e+00
1.668600128311757691e-02,-3.138180421396211117e-02,0.000000000000000000e+00
1.755473815455069544e-02,-3.166958596209484833e-02,0.000000000000000000e+00
1.844237344540435378e-02,-3.194312781959942477e-02,0.000000000000000000e+00
1.934878457932417278e-02,-3.220178518378932764e-02,0.000000000000000000e+00
2.027374190167499646e-02,-3.244476919811688925e-02,0.000000000000000000e+00
2.121703549415434806e-02,-3.267136959345873920e-02,0.000000000000000000e+00
2.217843998394361874e-02,-3.288088946269718954e-02,0.000000000000000000e+00
2.315772784027397835e-02,-3.307266285576365705e-02,0.000000000000000000e+00
2.415466903574127466e-02,-3.324604975575918414e-02,0.000000000000000000e+00
2.516903407049123770e-02,-3.340043632843309879e-02,0.000000000000000000e+00
2.620059613726764131e-02,-3.353523378436600033e-02,0.000000000000000000e+00
2.724913231524305271e-02,-3.364987601414102386e-02,0.000000000000000000e+00
2.831442900048825387e-02,-3.374382248358556713e-02,0.000000000000000000e+00
2.939626876981402126e-02,-3.381653888297168203e-02,0.000000000000000000e+00
3.049448796012982354e-02,-3.386755996182836542e-02,0.000000000000000000e+00
3.160880059872798326e-02,-3.389628872348539324e-02,0.000000000000000000e+00
3.273804511938938760e-02,-3.390123813537118669e-02,0.000000000000000000e+00
3.386971232173938140e-02,-3.386971232173939528e-02,0.000000000000000000e+00
3.499506526915059645e-02,-3.379434170405965637e-02,0.000000000000000000e+00
3.611198947671328402e-02,-3.367497497747960061e-02,0.000000000000000000e+00
3.721872702508217945e-02,-3.351189233700129638e-02,0.000000000000000000e+00
3.831361340817084765e-02,-3.330551601354088398e-02,0.000000000000000000e+00
3.939493060852734124e-02,-3.305627174386985279e-02,0.000000000000000000e+00
4.046112875542929449e-02,-3.276477603119404974e-02,0.000000000000000000e+00
4.150883667269512217e-02,-3.243025746539165977e-02,0.000000000000000000e+00
4.253735985188326213e-02,-3.205419979706661954e-02,0.000000000000000000e+00
4.354687762186753436e-02,-3.163865855413172667e-02,0.000000000000000000e+00
4.453593374431062679e-02,-3.118439652897450967e-02,0.000000000000000000e+00
4.550325083058499170e-02,-3.069233022924684057e-02,0.000000000000000000e+00
4.644755242596193545e-02,-3.016339323085912710e-02,0.000000000000000000e+00
4.736783807032704519e-02,-2.959871027635129631e-02,0.000000000000000000e+00
4.826288713115196166e-02,-2.899926823768126868e-02,0.000000000000000000e+00
4.912806700624760409e-02,-2.836410271082305881e-02,0.000000000000000000e+00
4.996510463146669467e-02,-2.769610975400664185e-02,0.000000000000000000e+00
5.077381321814204707e-02,-2.699691536950438522e-02,0.000000000000000000e+00
5.155346281122635821e-02,-2.626780131188444223e-02,0.000000000000000000e+00
5.230395746463852719e-02,-2.551034456646682907e-02,0.000000000000000000e+00
5.302253005213700132e-02,-2.472481181806508027e-02,0.000000000000000000e+00
5.370355459536702708e-02,-2.391036300889045133e-02,0.000000000000000000e+00
5.435365186736587639e-02,-2.307175638672103596e-02,0.000000000000000000e+00
5.497250806739095719e-02,-2.221033495916069703e-02,0.000000000000000000e+00
5.555113886361563724e-02,-2.132408431500023432e-02,0.000000000000000000e+00
5.609208096359394324e-02,-2.041584784879806394e-02,0.000000000000000000e+00
5.659850099494535131e-02,-1.948842676336233481e-02,0.000000000000000000e+00
5.706873088506553282e-02,-1.854275470357298269e-02,0.000000000000000000e+00
5.750099966813501662e-02,-1.757981981309308939e-02,0.000000000000000000e+00
5.789406551735918477e-02,-1.660085614992089925e-02,0.000000000000000000e+00
5.824707917117403350e-02,-1.560725782538774538e-02,0.000000000000000000e+00
5.856001499996393161e-02,-1.460065158640771847e-02,0.000000000000000000e+00
5.883301477300543342e-02,-1.358267169910731820e-02,0.000000000000000000e+00
5.906602175771800273e-02,-1.255487049634728888e-02,0.000000000000000000e+00
5.925859425320643969e-02,-1.151870387000488577e-02,0.000000000000000000e+00
5.941029264284290040e-02,-1.047563752471887717e-02,0.000000000000000000e+00
5.952072222143613839e-02,-9.427156276754368458e-03,0.000000000000000000e+00
5.958953388249799837e-02,-8.374762831372731947e-03,0.000000000000000000e+00
5.961642477479343200e-02,-7.319976538574093049e-03,0.000000000000000000e+00
5.960113892755434378e-02,-6.264332127943935888e-03,0.000000000000000000e+00
5.954355435543054464e-02,-5.209385992139838571e-03,0.000000000000000000e+00
5.944389032984827986e-02,-4.156721740285924949e-03,0.000000000000000000e+00
5.930228753721954876e-02,-3.107901196230079214e-03,0.000000000000000000e+00
5.911888175907485665e-02,-2.064476842518533223e-03,0.000000000000000000e+00
5.889385734090225172e-02,-1.027996103758687827e-03,0.000000000000000000e+00
5.862744701470685993e-02,-1.435958306574836023e-17,0.000000000000000000e+00
