5.658870928954735230e-02,0.000000000000000000e+00,0.000000000000000000e+00
5.625920368146625911e-02,9.820080530698112754e-04,0.000000000000000000e+00
5.589096483017615136e-02,1.951755499505960579e-03,0.000000000000000000e+00
5.548455589341617922e-02,2.907822358879718055e-03,0.000000000000000000e+00
5.504019982568821717e-02,3.848785702544135247e-03,0.000000000000000000e+00
5.455750803155556133e-02,4.773163462985660632e-03,0.000000000000000000e+00
5.403629272935805972e-02,5.679443223911411279e-03,0.000000000000000000e+00
5.347746747913181831e-02,6.566207362624560707e-03,0.000000000000000000e+00
5.288199395523047325e-02,7.432079571194909369e-03,0.000000000000000000e+00
5.224934899149107775e-02,8.275483897338689609e-03,0.000000000000000000e+00
5.158074965221948194e-02,9.095077848855066122e-03,0.000000000000000000e+00
5.088225426999407053e-02,9.890508314625442998e-03,0.000000000000000000e+00
5.015106541342392171e-02,1.065993802836575494e-02,0.000000000000000000e+00
4.938049351731324532e-02,1.140038521522970458e-02,0.000000000000000000e+00
4.857878269758626744e-02,1.211205087054204564e-02,0.000000000000000000e+00
4.775085024355284896e-02,1.279480176065946398e-02,0.000000000000000000e+00
4.689333995878650074e-02,1.344644885600115684e-02,0.000000000000000000e+00
4.600084862044118150e-02,1.406387079640416052e-02,0.000000000000000000e+00
4.508020464078346667e-02,1.464744639800061657e-02,0.000000000000000000e+00
4.413225199874411947e-02,1.519595299982561855e-02,0.000000000000000000e+00
4.316614453866032819e-02,1.571119174010494890e-02,0.000000000000000000e+00
4.220778476370337651e-02,1.620205056930152168e-02,0.000000000000000000e+00
4.127695821263074882e-02,1.667697364060467813e-02,0.000000000000000000e+00
4.037406901589409014e-02,1.713777552515554151e-02,0.000000000000000000e+00
3.949718811571237276e-02,1.758528113814255417e-02,0.000000000000000000e+00
3.864471432880885876e-02,1.802032623873577738e-02,0.000000000000000000e+00
3.781515530470061504e-02,1.844368358378169898e-02,0.000000000000000000e+00
3.700710501602183511e-02,1.885606181777605556e-02,0.000000000000000000e+00
3.621926641735179891e-02,1.925812556196580816e-02,0.000000000000000000e+00
3.545042709236953526e-02,1.965049261516689863e-02,0.000000000000000000e+00
3.469945724655771474e-02,2.003374098203400400e-02,0.000000000000000000e+00
3.396529851833512276e-02,2.040841029318271951e-02,0.000000000000000000e+00
3.324695851556220411e-02,2.077500542057564986e-02,0.000000000000000000e+00
3.254350950790958069e-02,2.113400218373186201e-02,0.000000000000000000e+00
3.185407671727883555e-02,2.148584604195662162e-02,0.000000000000000000e+00
3.117783643000108726e-02,2.183095609335606799e-02,0.000000000000000000e+00
3.051401521931143557e-02,2.216972975703258505e-02,0.000000000000000000e+00
2.986187829349160744e-02,2.250253933173731666e-02,0.000000000000000000e+00
2.922073383312180986e-02,2.282973933979660225e-02,0.000000000000000000e+00
2.858992546036122351e-02,2.315166514803592909e-02,0.000000000000000000e+00
2.796882833808563354e-02,2.346863354294831047e-02,0.000000000000000000e+00
2.735685226171033144e-02,2.378094885950263193e-02,0.000000000000000000e+00
2.675343034665445680e-02,2.408889688296823525e-02,0.000000000000000000e+00
2.615802662198136314e-02,2.439275444858819350e-02,0.000000000000000000e+00
2.557012471318225247e-02,2.469278240593705126e-02,0.000000000000000000e+00
2.498923336985578447e-02,2.498923336985577753e-02,0.000000000000000000e+00
2.441487937785749573e-02,2.528234770331166947e-02,0.000000000000000000e+00
2.384660904100249432e-02,2.557235737576277548e-02,0.000000000000000000e+00
2.328398537408806271e-02,2.585948555156207876e-02,0.000000000000000000e+00
2.272658637581433799e-02,2.614394697071623086e-02,0.000000000000000000e+00
2.217400512467432999e-02,2.642595026953305226e-02,0.000000000000000000e+00
2.162584623191755526e-02,2.670569601945923729e-02,0.000000000000000000e+00
2.108172745552783917e-02,2.698338064887794222e-02,0.000000000000000000e+00
2.054127547947481522e-02,2.725919325451535424e-02,0.000000000000000000e+00
2.000412801772146268e-02,2.753332013838266992e-02,0.000000000000000000e+00
1.946992971158324759e-02,2.780594130900668551e-02,0.000000000000000000e+00
1.893833402627766518e-02,2.807723483601599554e-02,0.000000000000000000e+00
1.840899978593532951e-02,2.834737378923195966e-02,0.000000000000000000e+00
1.788159239895150202e-02,2.861652975028008278e-02,0.000000000000000000e+00
1.735578136062833690e-02,2.888487081865528244e-02,0.000000000000000000e+00
1.683124051420707007e-02,2.915256372501835377e-02,0.000000000000000000e+00
1.630764670061232366e-02,2.941977342399909601e-02,0.000000000000000000e+00
1.578467890969195708e-02,2.968666337245174508e-02,0.000000000000000000e+00
1.526201811608483144e-02,2.995339708983801516e-02,0.000000000000000000e+00
1.473934531590311708e-02,3.022013632355996515e-02,0.000000000000000000e+00
1.421634245408366116e-02,3.048704477711625116e-02,0.000000000000000000e+00
1.369268946879280933e-02,3.075428408055963861e-02,0.000000000000000000e+00
1.316806610265069954e-02,3.102201968125320453e-02,0.000000000000000000e+00
1.264214817299717276e-02,3.129041474192615496e-02,0.000000000000000000e+00
1.211460998529399063e-02,3.155963799571970263e-02,0.000000000000000000e+00
1.158512009607859730e-02,3.182985586564589936e-02,0.000000000000000000e+00
1.105334402311816330e-02,3.210124194663280250e-02,0.000000000000000000e+00
1.051893976430067629e-02,3.237396774112633047e-02,0.000000000000000000e+00
9.981560523007304564e-03,3.264821337323636774e-02,0.000000000000000000e+00
9.440850201489157587e-03,3.292415735481164785e-02,0.000000000000000000e+00
8.896445911668967102e-03,3.320198814913701002e-02,0.000000000000000000e+00
8.347973602832030673e-03,3.348189335989921328e-02,0.000000000000000000e+00
7.795050174956980743e-03,3.376407177166065865e-02,0.000000000000000000e+00
7.237279362157700638e-03,3.404872239791411487e-02,0.000000000000000000e+00
6.674253275871716747e-03,3.433605649398881882e-02,0.000000000000000000e+00
6.105548669963205277e-03,3.462628717075340312e-02,0.000000000000000000e+00
5.530727707262293041e-03,3.491964043898252573e-02,0.000000000000000000e+00
4.949334764217046094e-03,3.521634672725349607e-02,0.000000000000000000e+00
4.360896178709592653e-03,3.551664921584152951e-02,0.000000000000000000e+00
3.764917738916162635e-03,3.582079950821601133e-02,0.000000000000000000e+00
3.160883231566437215e-03,3.612906065972569525e-02,0.000000000000000000e+00
2.548252587083113443e-03,3.644170978567826819e-02,0.000000000000000000e+00
1.926459310418081588e-03,3.675903342543394847e-02,0.000000000000000000e+00
1.294908865271073755e-03,3.708133824419519026e-02,0.000000000000000000e+00
6.529754814827695361e-04,3.740894027997482274e-02,0.000000000000000000e+00
2.311041899616241653e-18,3.774217841789614947e-02,0.000000000000000000e+00
-6.647134324591715991e-04,3.808140704103642193e-02,0.000000000000000000e+00
-1.341900419055317827e-03,3.842700028051893729e-02,0.000000000000000000e+00
-2.032340050858338909e-03,3.877935830637262854e-02,0.000000000000000000e+00
-2.736858523974244634e-03,3.913890034319286726e-02,0.000000000000000000e+00
-3.456333714182556211e-03,3.950607512890396550e-02,0.000000000000000000e+00
-4.191699934540254330e-03,3.988136085995698521e-02,0.000000000000000000e+00
-4.943952708526143727e-03,4.026526358176025361e-02,0.000000000000000000e+00
-5.714155115262370237e-03,4.065832629614474919e-02,0.000000000000000000e+00
-6.503444179670112707e-03,4.106113053999672219e-02,0.000000000000000000e+00
-7.313037557586433285e-03,4.147429694652145227e-02,0.000000000000000000e+00
-8.144241683359022127e-03,4.189849125915746236e-02,0.000000000000000000e+00
-8.998461136557519766e-03,4.233443120202026733e-02,0.000000000000000000e+00
-9.877208199636555719e-03,4.278288902200741428e-02,0.000000000000000000e+00
-1.078211384654225238e-02,4.324469663892448190e-02,0.000000000000000000e+00
-1.171494061236778676e-02,4.372075357300862775e-02,0.000000000000000000e+00
-1.267759651069221526e-02,4.421203318457515852e-02,0.000000000000000000e+00
-1.367215074652538588e-02,4.471959006958247523e-02,0.000000000000000000e+00
-1.470085638423550105e-02,4.524458367613933690e-02,0.000000000000000000e+00
-1.576614751158159078e-02,4.578821710217689800e-02,0.000000000000000000e+00
-1.687075708327575446e-02,4.635202413540426281e-02,0.000000000000000000e+00
-1.801663287848311382e-02,4.693493329433916228e-02,0.000000000000000000e+00
-1.919859929796426459e-02,4.751820072639867387e-02,0.000000000000000000e+00
-2.038996260344644665e-02,4.803574163838717631e-02,0.000000000000000000e+00
-2.158656860721062248e-02,4.848422691420139347e-02,0.000000000000000000e+00
-2.278768424743011362e-02,4.886834657100054546e-02,0.000000000000000000e+00
-2.399077846110940840e-02,4.918838524129044015e-02,0.000000000000000000e+00
-2.519331844811154367e-02,4.944467145480043596e-02,0.000000000000000000e+00
-2.639275130390409188e-02,4.963754587055637518e-02,0.000000000000000000e+00
-2.758651650982935771e-02,4.976739318531574197e-02,0.000000000000000000e+00
-2.877204556836145469e-02,4.983464476208902816e-02,0.000000000000000000e+00
-2.994678053945998286e-02,4.983981241427702658e-02,0.000000000000000000e+00
-3.110814938863196155e-02,4.978344560119498524e-02,0.000000000000000000e+00
-3.225365247049294393e-02,4.966626939436375593e-02,0.000000000000000000e+00
-3.337990815896641622e-02,4.948774896902358861e-02,0.000000000000000000e+00
-3.448542656345170848e-02,4.925029320824516471e-02,0.000000000000000000e+00
-3.556851465325941430e-02,4.895586050676028339e-02,0.000000000000000000e+00
-3.662693583341269932e-02,4.860558552955334538e-02,0.000000000000000000e+00
-3.765728046963158493e-02,4.819912102825280736e-02,0.000000000000000000e+00
-3.865726347537132984e-02,4.773774474516238181e-02,0.000000000000000000e+00
-3.962549695883633288e-02,4.722382835902414616e-02,0.000000000000000000e+00
-4.056043978477694850e-02,4.665944851139750688e-02,0.000000000000000000e+00
-4.146008553521254164e-02,4.604608986129583859e-02,0.000000000000000000e+00
-4.232471940129910876e-02,4.538770474652779191e-02,0.000000000000000000e+00
-4.315065083238121130e-02,4.468380699672305084e-02,0.000000000000000000e+00
-4.392916952225071198e-02,4.392916952225071892e-02,0.000000000000000000e+00
-4.466742207299835565e-02,4.313482809546421992e-02,0.000000000000000000e+00
-4.536333781385774172e-02,4.230199686898139522e-02,0.000000000000000000e+00
-4.600850585913111856e-02,4.142624474766254394e-02,0.000000000000000000e+00
-4.660483439196231453e-02,4.051296445505440241e-02,0.000000000000000000e+00
-4.715348839282019339e-02,3.956647471913759401e-02,0.000000000000000000e+00
-4.765180137101641955e-02,3.858766790322907397e-02,0.000000000000000000e+00
-4.809740806933807122e-02,3.757781359680204686e-02,0.000000000000000000e+00
-4.848874135666448454e-02,3.653888743370136555e-02,0.000000000000000000e+00
-4.882437423191524073e-02,3.547298428273550769e-02,0.000000000000000000e+00
-4.910312803350041361e-02,3.438238039873352941e-02,0.000000000000000000e+00
-4.932397267749218106e-02,3.326943965547162624e-02,0.000000000000000000e+00
-4.948595741974561729e-02,3.213655650503147165e-02,0.000000000000000000e+00
-4.958821141370930996e-02,3.098615352842725226e-02,0.000000000000000000e+00
-4.962994438471375613e-02,2.982067910530251595e-02,0.000000000000000000e+00
-4.960893454296084332e-02,2.864173171258896020e-02,0.000000000000000000e+00
-4.952160106843282034e-02,2.745027171466543278e-02,0.000000000000000000e+00
-4.937268510872891425e-02,2.625192233876342748e-02,0.000000000000000000e+00
-4.916382088600900618e-02,2.505021793580733055e-02,0.000000000000000000e+00
-4.889210597095514782e-02,2.384627340565035822e-02,0.000000000000000000e+00
-4.855079494109991456e-02,2.263960749054785837e-02,0.000000000000000000e+00
-4.814684032995838331e-02,2.143635442186739640e-02,0.000000000000000000e+00
-4.767487976512468223e-02,2.023678582611632831e-02,0.000000000000000000e+00
-4.713966706743858565e-02,1.904566177238305874e-02,0.000000000000000000e+00
-4.653630965549088172e-02,1.786361560001430496e-02,0.000000000000000000e+00
-4.586926294054514963e-02,1.669504637808826020e-02,0.000000000000000000e+00
-4.513434472145271686e-02,1.554100119533083010e-02,0.000000000000000000e+00
-4.433512277057213846e-02,1.440535462306291245e-02,0.000000000000000000e+00
-4.346798061145014380e-02,1.328949533397050069e-02,0.000000000000000000e+00
-4.253684810022311663e-02,1.219724491746231737e-02,0.000000000000000000e+00
-4.154175784629386692e-02,1.113108046708370831e-02,0.000000000000000000e+00
-4.048064965375321872e-02,1.009295953196478503e-02,0.000000000000000000e+00
-3.935653672171088302e-02,9.086172441908180186e-03,0.000000000000000000e+00
-3.816859079364447876e-02,8.112984422887129995e-03,0.000000000000000000e+00
-3.698798446804028167e-02,7.189735855278806161e-03,0.000000000000000000e+00
-3.589063536638018720e-02,6.328487369862266509e-03,0.000000000000000000e+00
-3.485886983017585233e-02,5.521102588398270165e-03,0.000000000000000000e+00
-3.389123955326530518e-02,4.763103095914621166e-03,0.000000000000000000e+00
-3.297986707610107288e-02,4.049418497575232694e-03,0.000000000000000000e+00
-3.211993752149137210e-02,3.375941469977666518e-03,0.000000000000000000e+00
-3.130658959171691430e-02,2.738971682933930094e-03,0.000000000000000000e+00
-3.053571480048270642e-02,2.135265186414028651e-03,0.000000000000000000e+00
-2.980374004383455275e-02,1.561947830026417334e-03,0.000000000000000000e+00
-2.910687582043702468e-02,1.016434501150399045e-03,0.000000000000000000e+00
-2.844325444371050005e-02,4.964788530847779073e-04,0.000000000000000000e+00
-2.781311817636101386e-02,3.406124614898758635e-18,0.000000000000000000e+00
-2.780349422334671763e-02,-4.853117968998305639e-04,0.000000000000000000e+00
-2.719101824235020323e-02,-9.495312802870167811e-04,0.000000000000000000e+00
-2.660195991688786912e-02,-1.394149643820561443e-03,0.000000000000000000e+00
-2.603702185299263533e-02,-1.820685930683274643e-03,0.000000000000000000e+00
-2.549468031402165463e-02,-2.230495507694433242e-03,0.000000000000000000e+00
-2.497278220453742759e-02,-2.624745176064189646e-03,0.000000000000000000e+00
-2.446995314495053683e-02,-3.004532452217407480e-03,0.000000000000000000e+00
-2.398496710454622524e-02,-3.370867297182329574e-03,0.000000000000000000e+00
-2.351661337230236473e-02,-3.724665647300613117e-03,0.000000000000000000e+00
-2.306373049988577270e-02,-4.066757962918597126e-03,0.000000000000000000e+00
-2.262532720714915610e-02,-4.397918096867683806e-03,0.000000000000000000e+00
-2.220045046956042531e-02,-4.718851419335385461e-03,0.000000000000000000e+00
-2.178825646992691226e-02,-5.030215358991872894e-03,0.000000000000000000e+00
-2.138793141633994060e-02,-5.332610224982953923e-03,0.000000000000000000e+00
-2.099873620960194393e-02,-5.626594409437005520e-03,0.000000000000000000e+00
-2.061999758646395134e-02,-5.912689162276289247e-03,0.000000000000000000e+00
-2.025105788648256036e-02,-6.191369727893083000e-03,0.000000000000000000e+00
-1.989134416716891590e-02,-6.463089504460724048e-03,0.000000000000000000e+00
-1.954029770605767921e-02,-6.728264072096364762e-03,0.000000000000000000e+00
-1.919739185296246917e-02,-6.987279210022832344e-03,0.000000000000000000e+00
-1.886216280118901967e-02,-7.240505922359342927e-03,0.000000000000000000e+00
-1.853414773065847898e-02,-7.488281756689181209e-03,0.000000000000000000e+00
-1.821291669457261730e-02,-7.730924466569549618e-03,0.000000000000000000e+00
-1.789808704203168718e-02,-7.968741763261505753e-03,0.000000000000000000e+00
-1.758927486138368856e-02,-8.202013569256412159e-03,0.000000000000000000e+00
-1.728611819125087934e-02,-8.431003171674208985e-03,0.000000000000000000e+00
-1.698829761668323168e-02,-8.655969979285645099e-03,0.000000000000000000e+00
-1.669549420221453848e-02,-8.877151733567007277e-03,0.000000000000000000e+00
-1.640739581755916096e-02,-9.094768012441344432e-03,0.000000000000000000e+00
-1.612372920819491948e-02,-9.309039398691969919e-03,0.000000000000000000e+00
-1.584422819826069445e-02,-9.520172763220846254e-03,0.000000000000000000e+00
-1.556862465620037321e-02,-9.728356399039499863e-03,0.000000000000000000e+00
-1.529667281905951887e-02,-9.933775479355221039e-03,0.000000000000000000e+00
-1.502814766447365703e-02,-1.013661359205310190e-02,0.000000000000000000e+00
-1.476282201756397468e-02,-1.033703926194656439e-02,0.000000000000000000e+00
-1.450047070253776549e-02,-1.053520864148945607e-02,0.000000000000000000e+00
-1.424089283787617274e-02,-1.073128247506145716e-02,0.000000000000000000e+00
-1.398389430195849138e-02,-1.092541562070934412e-02,0.000000000000000000e+00
-1.372927816360004077e-02,-1.111775024417618711e-02,0.000000000000000000e+00
-1.347685186074013171e-02,-1.130842142577788249e-02,0.000000000000000000e+00
-1.322644232797724057e-02,-1.149757090420179886e-02,0.000000000000000000e+00
-1.297787784530481103e-02,-1.168533369831578975e-02,0.000000000000000000e+00
-1.273098379193072366e-02,-1.187183444734944866e-02,0.000000000000000000e+00
-1.248558960808157647e-02,-1.205719373137223438e-02,0.000000000000000000e+00
-1.224153968358828413e-02,-1.224153968358827893e-02,0.000000000000000000e+00
-1.199867788241009738e-02,-1.242499467264408276e-02,0.000000000000000000e+00
-1.175684477557357478e-02,-1.260767246594224865e-02,0.000000000000000000e+00
-1.151588307715153796e-02,-1.278968386479420634e-02,0.000000000000000000e+00
-1.127564735261779236e-02,-1.297114848541670862e-02,0.000000000000000000e+00
-1.103599089562672282e-02,-1.315218179770013228e-02,0.000000000000000000e+00
-1.079676305808113107e-02,-1.333289200020708505e-02,0.000000000000000000e+00
-1.055781296078798365e-02,-1.351338435342021999e-02,0.000000000000000000e+00
-1.031899917919211138e-02,-1.369377442505215203e-02,0.000000000000000000e+00
-1.008017869618700948e-02,-1.387417571255048117e-02,0.000000000000000000e+00
-9.841203656858008714e-03,-1.405469538648496282e-02,0.000000000000000000e+00
-9.601923779554594543e-03,-1.423543741820195406e-02,0.000000000000000000e+00
-9.362195905375436319e-03,-1.441651745905598442e-02,0.000000000000000000e+00
-9.121875043272159936e-03,-1.459805160134626002e-02,0.000000000000000000e+00
-8.880810201885695060e-03,-1.478015020564751002e-02,0.000000000000000000e+00
-8.638846068898786354e-03,-1.496292031009934659e-02,0.000000000000000000e+00
-8.395832139861328022e-03,-1.514648212555251040e-02,0.000000000000000000e+00
-8.151615429184116274e-03,-1.533095887299206969e-02,0.000000000000000000e+00
-7.906035492963774461e-03,-1.551646831538729121e-02,0.000000000000000000e+00
-7.658925876472851349e-03,-1.570312514690335240e-02,0.000000000000000000e+00
-7.410122844068570136e-03,-1.589105972093099797e-02,0.000000000000000000e+00
-7.159458539440388680e-03,-1.608040716082568752e-02,0.000000000000000000e+00
-6.906755814679141521e-03,-1.627129702617881313e-02,0.000000000000000000e+00
-6.651830029069600095e-03,-1.646385705610989292e-02,0.000000000000000000e+00
-6.394497349421940022e-03,-1.665823511919257288e-02,0.000000000000000000e+00
-6.134566657107352189e-03,-1.685458336854164449e-02,0.000000000000000000e+00
-5.871835243803228202e-03,-1.705304778697360260e-02,0.000000000000000000e+00
-5.606092064272697427e-03,-1.725377725410090490e-02,0.000000000000000000e+00
-5.337124047685568549e-03,-1.745694616654699591e-02,0.000000000000000000e+00
-5.064706031896288110e-03,-1.766272896944330942e-02,0.000000000000000000e+00
-4.788598665641440218e-03,-1.787129351723039383e-02,0.000000000000000000e+00
-4.508554629251585420e-03,-1.808282494480702163e-02,0.000000000000000000e+00
-4.224318015451885774e-03,-1.829753156923373883e-02,0.000000000000000000e+00
-3.935615524112436557e-03,-1.851561529407015280e-02,0.000000000000000000e+00
-3.642158134658163467e-03,-1.873727925845452072e-02,0.000000000000000000e+00
-3.343647019940614203e-03,-1.896276455540813963e-02,0.000000000000000000e+00
-3.039764219003939037e-03,-1.919231594199109422e-02,0.000000000000000000e+00
-2.730170391730435929e-03,-1.942617174226865182e-02,0.000000000000000000e+00
-2.414510349767075466e-03,-1.966460874243322263e-02,0.000000000000000000e+00
-2.092407026407808353e-03,-1.990792303582005623e-02,0.000000000000000000e+00
-1.763456616800143347e-03,-2.015640136367619073e-02,0.000000000000000000e+00
-1.427232230839437475e-03,-2.041037180405714732e-02,0.000000000000000000e+00
-1.083278826619423537e-03,-2.067019136164686272e-02,0.000000000000000000e+00
-7.311085025697593078e-04,-2.093620825688037590e-02,0.000000000000000000e+00
-3.702014307650940746e-04,-2.120882576418449753e-02,0.000000000000000000e+00
-3.947368212651026052e-18,-2.148847169866630394e-02,0.000000000000000000e+00
3.800941100917120427e-04,-2.177557698323230942e-02,0.000000000000000000e+00
7.707241251594019148e-04,-2.207065125931798391e-02,0.000000000000000000e+00
1.172582550996068137e-03,-2.237420793320096107e-02,0.000000000000000000e+00
1.586416049251671533e-03,-2.268680646463965347e-02,0.000000000000000000e+00
2.013031862736941111e-03,-2.300905947820840181e-02,0.000000000000000000e+00
2.453301824640847107e-03,-2.334160767584239279e-02,0.000000000000000000e+00
2.908180250797493243e-03,-2.368522743748878445e-02,0.000000000000000000e+00
3.378698490555175765e-03,-2.404068894076152874e-02,0.000000000000000000e+00
3.865963577147104452e-03,-2.440873339089110958e-02,0.000000000000000000e+00
4.371178410447363466e-03,-2.479018464947562589e-02,0.000000000000000000e+00
4.895776304921897748e-03,-2.518658565077831410e-02,0.000000000000000000e+00
5.440897197170803216e-03,-2.559740877638679024e-02,0.000000000000000000e+00
6.005272952399711046e-03,-2.601169491181054214e-02,0.000000000000000000e+00
6.587299321706107519e-03,-2.642021452299249396e-02,0.000000000000000000e+00
7.187550416428535767e-03,-2.682430333607409290e-02,0.000000000000000000e+00
7.806000826524731907e-03,-2.722276003105639913e-02,0.000000000000000000e+00
8.441770610618841431e-03,-2.761178750638509580e-02,0.000000000000000000e+00
9.095919779775770916e-03,-2.799436256168266746e-02,0.000000000000000000e+00
9.768763464048021983e-03,-2.837054911373045399e-02,0.000000000000000000e+00
1.045878494197480767e-02,-2.873527546300785537e-02,0.000000000000000000e+00
1.116725755195644050e-02,-2.909170053122106525e-02,0.000000000000000000e+00
1.189460806077590610e-02,-2.944018803776595264e-02,0.000000000000000000e+00
1.263963154977791083e-02,-2.977710588968486560e-02,0.000000000000000000e+00
1.340228068142670925e-02,-3.010201526467041339e-02,0.000000000000000000e+00
1.418324369800699411e-02,-3.041606426564956792e-02,0.000000000000000000e+00
1.498271662269873294e-02,-3.071912144881319001e-02,0.000000000000000000e+00
1.580043847142053454e-02,-3.101010653559769376e-02,0.000000000000000000e+00
1.663595358660496445e-02,-3.128767818660121991e-02,0.000000000000000000e+00
1.748809819772241536e-02,-3.154936429756740462e-02,0.000000000000000000e+00
1.835794885152472466e-02,-3.179690013359154355e-02,0.000000000000000000e+00
1.924550600321992336e-02,-3.202990076861265273e-02,0.000000000000000000e+00
2.015044639350252811e-02,-3.224745513911282668e-02,0.000000000000000000e+00
2.107259614525721497e-02,-3.244895250069585596e-02,0.000000000000000000e+00
2.201171137396880015e-02,-3.263370413321413366e-02,0.000000000000000000e+00
2.296756073700207193e-02,-3.280107608627796240e-02,0.000000000000000000e+00
2.393990199837181879e-02,-3.295044828841070528e-02,0.000000000000000000e+00
2.492849142343748700e-02,-3.308122545428155564e-02,0.000000000000000000e+00
2.593308368759770013e-02,-3.319283346290349129e-02,0.000000000000000000e+00
2.695343319883579739e-02,-3.328471801609977909e-02,0.000000000000000000e+00
2.798929880493127367e-02,-3.335634740496967732e-02,0.000000000000000000e+00
2.904043273129452638e-02,-3.340719634610817695e-02,0.000000000000000000e+00
3.010662370948943151e-02,-3.343679307101229958e-02,0.000000000000000000e+00
3.118757298886640911e-02,-3.344457741487135566e-02,0.000000000000000000e+00
3.228084923450797589e-02,-3.342779793723617970e-02,0.000000000000000000e+00
3.337250104308409071e-02,-3.337250104308410459e-02,0.000000000000000000e+00
3.445713801311899027e-02,-3.327487139124716414e-02,0.000000000000000000e+00
3.553268519074774534e-02,-3.313476499135253189e-02,0.000000000000000000e+00
3.659760649215934580e-02,-3.295263289716114652e-02,0.000000000000000000e+00
3.765032984514158493e-02,-3.272893240878805426e-02,0.000000000000000000e+00
3.868932284275682781e-02,-3.246419652785598881e-02,0.000000000000000000e+00
3.971308164351931846e-02,-3.215901942389171042e-02,0.000000000000000000e+00
4.072014448667209824e-02,-3.181406359671370976e-02,0.000000000000000000e+00
4.170909986412463938e-02,-3.143006112875302432e-02,0.000000000000000000e+00
4.267859652823900035e-02,-3.100781541334759334e-02,0.000000000000000000e+00
4.362735395509798747e-02,-3.054820211150283127e-02,0.000000000000000000e+00
4.455417180425814971e-02,-3.005216834283286689e-02,0.000000000000000000e+00
4.545794519776959197e-02,-2.952073478258787978e-02,0.000000000000000000e+00
4.633765471432076816e-02,-2.895498027033587690e-02,0.000000000000000000e+00
4.719246130750123780e-02,-2.835609151465940878e-02,0.000000000000000000e+00
4.802139252570434419e-02,-2.772516390157611990e-02,0.000000000000000000e+00
4.882440144971012669e-02,-2.706380765533800484e-02,0.000000000000000000e+00
4.959976608864551106e-02,-2.637266343753599113e-02,0.000000000000000000e+00
5.034280783834409190e-02,-2.565094179264394009e-02,0.000000000000000000e+00
5.105444113674293544e-02,-2.490091473340700495e-02,0.000000000000000000e+00
5.173864023457677708e-02,-2.412612416390952363e-02,0.000000000000000000e+00
5.239256838915509057e-02,-2.332667434384108618e-02,0.000000000000000000e+00
5.300784856127069983e-02,-2.250049677571200335e-02,0.000000000000000000e+00
5.358972182855770150e-02,-2.165165305394810280e-02,0.000000000000000000e+00
5.414085310799451184e-02,-2.078272633429453786e-02,0.000000000000000000e+00
5.465701228822402585e-02,-1.989352556683558759e-02,0.000000000000000000e+00
5.513631714898634129e-02,-1.898495648949256528e-02,0.000000000000000000e+00
5.557841972407258357e-02,-1.805852325385064530e-02,0.000000000000000000e+00
5.598330617666821135e-02,-1.711581434770157242e-02,0.000000000000000000e+00
5.635110600182104829e-02,-1.615841962842769208e-02,0.000000000000000000e+00
5.668154667718196260e-02,-1.518777465789789005e-02,0.000000000000000000e+00
5.697401220898733881e-02,-1.420521667802981600e-02,0.000000000000000000e+00
5.722791986340521053e-02,-1.321210634074306348e-02,0.000000000000000000e+00
5.744279426052312926e-02,-1.220984284073530976e-02,0.000000000000000000e+00
5.761824810760608068e-02,-1.119985287913022320e-02,0.000000000000000000e+00
5.775393911369841593e-02,-1.018357770793901738e-02,0.000000000000000000e+00
5.784956960325429720e-02,-9.162471704626754671e-03,0.000000000000000000e+00
5.790488695134290292e-02,-8.138001145489372895e-03,0.000000000000000000e+00
5.791968398775821508e-02,-7.111642966071923463e-03,0.000000000000000000e+00
5.789380474594792853e-02,-6.084884074443244577e-03,0.000000000000000000e+00
5.782718304684200672e-02,-5.059222960237185276e-03,0.000000000000000000e+00
5.771989312889690138e-02,-4.036168112223860981e-03,0.000000000000000000e+00
5.757207858982738014e-02,-3.017224787601606537e-03,0.000000000000000000e+00
5.738393016656574697e-02,-2.003890997877182285e-03,0.000000000000000000e+00
5.715568544260155731e-02,-9.976562004174443360e-04,0.000000000000000000e+00
5.688762852191101699e-02,-1.393345043608840089e-17,0.000000000000000000e+00
