6.062541984876718831e-02,0.000000000000000000e+00,0.000000000000000000e+00
6.034964832599627738e-02,1.053407029925362663e-03,0.000000000000000000e+00
6.002584411521567215e-02,2.096148665895028289e-03,0.000000000000000000e+00
5.966403845006850587e-02,3.126859758226074003e-03,0.000000000000000000e+00
5.926212040948997811e-02,4.144011149248076099e-03,0.000000000000000000e+00
5.881868478966879171e-02,5.145968122600716801e-03,0.000000000000000000e+00
5.833834004876847085e-02,6.131606617494796130e-03,0.000000000000000000e+00
5.781941032814787856e-02,7.099330908806504060e-03,0.000000000000000000e+00
5.726121649527773222e-02,8.047539162320677120e-03,0.000000000000000000e+00
5.666627885740008891e-02,8.975056862103416785e-03,0.000000000000000000e+00
5.603491514582581434e-02,9.880467401918498899e-03,0.000000000000000000e+00
5.536790730111185166e-02,1.076243093749866195e-02,0.000000000000000000e+00
5.466399459547834072e-02,1.161919073836354538e-02,0.000000000000000000e+00
5.392597484287795645e-02,1.244979226665785671e-02,0.000000000000000000e+00
5.315221278378732400e-02,1.325233506007747301e-02,0.000000000000000000e+00
5.234810336249862833e-02,1.402663202128244524e-02,0.000000000000000000e+00
5.150945113552638649e-02,1.477009743608097975e-02,0.000000000000000000e+00
5.064063326888657707e-02,1.548239531879480255e-02,0.000000000000000000e+00
4.974159224095997534e-02,1.616202304107380514e-02,0.000000000000000000e+00
4.881366561408342214e-02,1.680789297681714242e-02,0.000000000000000000e+00
4.785796265210798955e-02,1.741887387799090706e-02,0.000000000000000000e+00
4.687301812936453538e-02,1.799286587342606783e-02,0.000000000000000000e+00
4.586356416461078583e-02,1.853008273277623880e-02,0.000000000000000000e+00
4.482978077599807792e-02,1.902911295560865204e-02,0.000000000000000000e+00
4.377173013697675807e-02,1.948842986256619364e-02,0.000000000000000000e+00
4.269089373912159785e-02,1.990709068403368615e-02,0.000000000000000000e+00
4.163142323357222480e-02,2.030500181939112747e-02,0.000000000000000000e+00
4.060614741534501054e-02,2.068986551404070409e-02,0.000000000000000000e+00
3.961325111160413082e-02,2.106273923481447388e-02,0.000000000000000000e+00
3.865040376443324571e-02,2.142426864892952448e-02,0.000000000000000000e+00
3.771578289959378466e-02,2.177521740977795064e-02,0.000000000000000000e+00
3.680759674347753446e-02,2.211623536420272151e-02,0.000000000000000000e+00
3.592421441796606052e-02,2.244794058120616956e-02,0.000000000000000000e+00
3.506411547085057367e-02,2.277090283552466593e-02,0.000000000000000000e+00
3.422588738983248918e-02,2.308565254093182528e-02,0.000000000000000000e+00
3.340821481773606494e-02,2.339268385350811580e-02,0.000000000000000000e+00
3.260987040034848961e-02,2.369245767859638058e-02,0.000000000000000000e+00
3.182970719945280719e-02,2.398540477373372823e-02,0.000000000000000000e+00
3.106665131412541039e-02,2.427192813542219940e-02,0.000000000000000000e+00
3.031969573975182297e-02,2.455240550138170288e-02,0.000000000000000000e+00
2.958789545637023274e-02,2.482719216475217858e-02,0.000000000000000000e+00
2.887036144986503822e-02,2.509662232432852136e-02,0.000000000000000000e+00
2.816625552707608185e-02,2.536101038930569165e-02,0.000000000000000000e+00
2.747478640557581356e-02,2.562065281160938110e-02,0.000000000000000000e+00
2.679520724844207391e-02,2.587583085844965061e-02,0.000000000000000000e+00
2.612681046105094773e-02,2.612681046105094426e-02,0.000000000000000000e+00
2.546892404140865818e-02,2.637384290450807758e-02,0.000000000000000000e+00
2.482091074199122005e-02,2.661716803402690984e-02,0.000000000000000000e+00
2.418216417227313578e-02,2.685701416538066599e-02,0.000000000000000000e+00
2.355210506198567380e-02,2.709359758685833328e-02,0.000000000000000000e+00
2.293018153314611146e-02,2.732712622096428526e-02,0.000000000000000000e+00
2.231586549195745117e-02,2.755779884163692128e-02,0.000000000000000000e+00
2.170864971913561564e-02,2.778580455421825884e-02,0.000000000000000000e+00
2.110804883948877442e-02,2.801132690695427863e-02,0.000000000000000000e+00
2.051359493224330990e-02,2.823454118860876938e-02,0.000000000000000000e+00
1.992483692076243984e-02,2.845561613304856477e-02,0.000000000000000000e+00
1.934134031029680068e-02,2.867471622276812626e-02,0.000000000000000000e+00
1.876268316362043193e-02,2.889199843081284927e-02,0.000000000000000000e+00
1.818845770730154535e-02,2.910761689899748345e-02,0.000000000000000000e+00
1.761826709771193919e-02,2.932172044529317637e-02,0.000000000000000000e+00
1.705172472377755946e-02,2.953445357826110437e-02,0.000000000000000000e+00
1.648845425248450861e-02,2.974595888209023015e-02,0.000000000000000000e+00
1.592808632585968401e-02,2.995637349536532310e-02,0.000000000000000000e+00
1.537026026391483287e-02,3.016583426630761733e-02,0.000000000000000000e+00
1.481462069423392959e-02,3.037447372092796222e-02,0.000000000000000000e+00
1.426081820207550886e-02,3.058242332647961165e-02,0.000000000000000000e+00
1.370850795716760905e-02,3.078981298715701559e-02,0.000000000000000000e+00
1.315734824287581942e-02,3.099676998594598498e-02,0.000000000000000000e+00
1.260700108498721828e-02,3.120342264645684788e-02,0.000000000000000000e+00
1.205712941296896434e-02,3.140989598532343413e-02,0.000000000000000000e+00
1.150739835551175573e-02,3.161631713843778696e-02,0.000000000000000000e+00
1.095747257986593413e-02,3.182281105828119183e-02,0.000000000000000000e+00
1.040701673019272383e-02,3.202950406162157621e-02,0.000000000000000000e+00
9.855694093882297682e-03,3.223652283395359031e-02,0.000000000000000000e+00
9.303165532764334777e-03,3.244399385240524791e-02,0.000000000000000000e+00
8.749089537637153371e-03,3.265204667443115383e-02,0.000000000000000000e+00
8.193120051111502100e-03,3.286080968716821593e-02,0.000000000000000000e+00
7.634907068371006578e-03,3.307041576905059288e-02,0.000000000000000000e+00
7.074094429359287228e-03,3.328099764965748719e-02,0.000000000000000000e+00
6.510319775890571932e-03,3.349269174830875329e-02,0.000000000000000000e+00
5.943213266448469333e-03,3.370563734811997392e-02,0.000000000000000000e+00
5.372396332896414196e-03,3.391997548425937370e-02,0.000000000000000000e+00
4.797481304470769918e-03,3.413585321753555279e-02,0.000000000000000000e+00
4.218069448031987884e-03,3.435341884202808976e-02,0.000000000000000000e+00
3.633750572094591146e-03,3.457282727864777194e-02,0.000000000000000000e+00
3.044101338377098488e-03,3.479423751255605879e-02,0.000000000000000000e+00
2.448684020795782214e-03,3.501781294954385559e-02,0.000000000000000000e+00
1.847045371896238264e-03,3.524372520958781591e-02,0.000000000000000000e+00
1.238714766780803483e-03,3.547214980682271424e-02,0.000000000000000000e+00
6.232029104623490684e-04,3.570327082856586398e-02,0.000000000000000000e+00
2.200523772021497367e-18,3.593728042327939270e-02,0.000000000000000000e+00
-6.314261002081549608e-04,3.617437705358533123e-02,0.000000000000000000e+00
-1.271631810558592098e-03,3.641477060976865132e-02,0.000000000000000000e+00
-1.921200020852011168e-03,3.665868020234366170e-02,0.000000000000000000e+00
-2.580742298347981755e-03,3.690633430325414299e-02,0.000000000000000000e+00
-3.250901590791143922e-03,3.715797521387280422e-02,0.000000000000000000e+00
-3.932354874824853068e-03,3.741385744242253092e-02,0.000000000000000000e+00
-4.625816010361242722e-03,3.767424810045330585e-02,0.000000000000000000e+00
-5.332039251869508979e-03,3.793943065131647613e-02,0.000000000000000000e+00
-6.051822812751234473e-03,3.820970545055304285e-02,0.000000000000000000e+00
-6.786012597140850776e-03,3.848538986986167060e-02,0.000000000000000000e+00
-7.535506551536434554e-03,3.876682049207735153e-02,0.000000000000000000e+00
-8.301259677981103619e-03,3.905435622762935821e-02,0.000000000000000000e+00
-9.084289167589080366e-03,3.934837936443302819e-02,0.000000000000000000e+00
-9.885680113833958740e-03,3.964929731559969223e-02,0.000000000000000000e+00
-1.070659198946895783e-02,3.995754528060808247e-02,0.000000000000000000e+00
-1.154826584456447244e-02,4.027358910764879119e-02,0.000000000000000000e+00
-1.241203233512135073e-02,4.059792846404150501e-02,0.000000000000000000e+00
-1.329932061626250273e-02,4.093110011628656175e-02,0.000000000000000000e+00
-1.421166821703391189e-02,4.127368142582968358e-02,0.000000000000000000e+00
-1.515073222445920825e-02,4.162629467490518154e-02,0.000000000000000000e+00
-1.611830167435487210e-02,4.198961143329767165e-02,0.000000000000000000e+00
-1.711631215047725030e-02,4.236435918261584332e-02,0.000000000000000000e+00
-1.814685988430307303e-02,4.275132279070756325e-02,0.000000000000000000e+00
-1.921222556585247543e-02,4.315136512944741515e-02,0.000000000000000000e+00
-2.031488178574789027e-02,4.356540457886994705e-02,0.000000000000000000e+00
-2.145749402989857724e-02,4.399438244016585370e-02,0.000000000000000000e+00
-2.264345338948908770e-02,4.444027950312749720e-02,0.000000000000000000e+00
-2.387130539841867544e-02,4.489539582517079741e-02,0.000000000000000000e+00
-2.512659004403718435e-02,4.532956836657060090e-02,0.000000000000000000e+00
-2.637566624809951563e-02,4.568399402518797531e-02,0.000000000000000000e+00
-2.762610713207999669e-02,4.597756327713805463e-02,0.000000000000000000e+00
-2.887607346559361438e-02,4.621137743011554527e-02,0.000000000000000000e+00
-3.011709236329985356e-02,4.637625534221318652e-02,0.000000000000000000e+00
-3.134507896443610581e-02,4.647099062762272831e-02,0.000000000000000000e+00
-3.256476102098525977e-02,4.650729854215344267e-02,0.000000000000000000e+00
-3.377308891480450964e-02,4.648466898080234194e-02,0.000000000000000000e+00
-3.496136453165364644e-02,4.639529775851443383e-02,0.000000000000000000e+00
-3.612827491889965964e-02,4.624208316801671492e-02,0.000000000000000000e+00
-3.727594505872745823e-02,4.603195856017936599e-02,0.000000000000000000e+00
-3.840120132890581517e-02,4.576476964365706196e-02,0.000000000000000000e+00
-3.950138875520602805e-02,4.544114966534423122e-02,0.000000000000000000e+00
-4.057374351418100572e-02,4.506170732031922199e-02,0.000000000000000000e+00
-4.161572289905968169e-02,4.462739908200928640e-02,0.000000000000000000e+00
-4.262363679461460275e-02,4.413806798482255989e-02,0.000000000000000000e+00
-4.359731217356661859e-02,4.359731217356662553e-02,0.000000000000000000e+00
-4.453526971494275316e-02,4.300721004672564129e-02,0.000000000000000000e+00
-4.543277594626628224e-02,4.236674897500558590e-02,0.000000000000000000e+00
-4.628958078242689789e-02,4.167932574534875811e-02,0.000000000000000000e+00
-4.710453426827520412e-02,4.094734693042161033e-02,0.000000000000000000e+00
-4.787718505896529364e-02,4.017372832478417061e-02,0.000000000000000000e+00
-4.860585762815406580e-02,3.936024742702893403e-02,0.000000000000000000e+00
-4.928713617277232645e-02,3.850733106346632822e-02,0.000000000000000000e+00
-4.991794556078214817e-02,3.761587005013817403e-02,0.000000000000000000e+00
-5.049743027805134871e-02,3.668853065198988961e-02,0.000000000000000000e+00
-5.102559887627167862e-02,3.572850897483034749e-02,0.000000000000000000e+00
-5.150235743965420748e-02,3.473877873050967846e-02,0.000000000000000000e+00
-5.192648844642646505e-02,3.372145588519213227e-02,0.000000000000000000e+00
-5.229519268065486309e-02,3.267766315833420948e-02,0.000000000000000000e+00
-5.260591779646194011e-02,3.160882433169509564e-02,0.000000000000000000e+00
-5.285754551309842370e-02,3.051731813069026578e-02,0.000000000000000000e+00
-5.304938119382478223e-02,2.940575216970538544e-02,0.000000000000000000e+00
-5.318082188465120957e-02,2.827674457957824947e-02,0.000000000000000000e+00
-5.325135623005988056e-02,2.713292121930922091e-02,0.000000000000000000e+00
-5.326056431173772920e-02,2.597691290024237154e-02,0.000000000000000000e+00
-5.320787246170000789e-02,2.481123840302517508e-02,0.000000000000000000e+00
-5.309198528875155865e-02,2.363807481053101581e-02,0.000000000000000000e+00
-5.291215443470735635e-02,2.245987702892665236e-02,0.000000000000000000e+00
-5.266789294665616405e-02,2.127921000992757938e-02,0.000000000000000000e+00
-5.235879607721263818e-02,2.009865873179533802e-02,0.000000000000000000e+00
-5.198454285453377177e-02,1.892082624098610083e-02,0.000000000000000000e+00
-5.154524180030554958e-02,1.774845008553791598e-02,0.000000000000000000e+00
-5.104195787603438977e-02,1.658453744821389991e-02,0.000000000000000000e+00
-5.047566779571965867e-02,1.543196031226634277e-02,0.000000000000000000e+00
-4.984427617907741248e-02,1.429261620083814056e-02,0.000000000000000000e+00
-4.914501459009610468e-02,1.316836697143200854e-02,0.000000000000000000e+00
-4.838211195885303711e-02,1.206301534803599744e-02,0.000000000000000000e+00
-4.755681596851582538e-02,1.097935607834253126e-02,0.000000000000000000e+00
-4.666131914493579225e-02,9.918169560435126375e-03,0.000000000000000000e+00
-4.570342717590220732e-02,8.883846303105081763e-03,0.000000000000000000e+00
-4.468646647904047503e-02,7.879429712779231765e-03,0.000000000000000000e+00
-4.360627819149488077e-02,6.906555965995955088e-03,0.000000000000000000e+00
-4.246441926040698395e-02,5.967984928009918873e-03,0.000000000000000000e+00
-4.125536767060304644e-02,5.065522204322884386e-03,0.000000000000000000e+00
-4.000887465178790819e-02,4.205102174116486478e-03,0.000000000000000000e+00
-3.881404896597159121e-02,3.395789270062645176e-03,0.000000000000000000e+00
-3.769190506699832827e-02,2.635674757412647968e-03,0.000000000000000000e+00
-3.663514317628686900e-02,1.919966497585454557e-03,0.000000000000000000e+00
-3.563766310747158023e-02,1.244494618600567324e-03,0.000000000000000000e+00
-3.469437681025268339e-02,6.055925998670044427e-04,0.000000000000000000e+00
-3.380479232103410225e-02,4.139893071179543642e-18,0.000000000000000000e+00
-3.379394007705800035e-02,-5.898754182253308992e-04,0.000000000000000000e+00
-3.293648508360993293e-02,-1.150167403473127204e-03,0.000000000000000000e+00
-3.211828505261873218e-02,-1.683247993987435241e-03,0.000000000000000000e+00
-3.133905637406685096e-02,-2.191440301556429361e-03,0.000000000000000000e+00
-3.059499251681709747e-02,-2.676715005881966439e-03,0.000000000000000000e+00
-2.988318362310810744e-02,-3.140849162010551487e-03,0.000000000000000000e+00
-2.920134143417483369e-02,-3.585473885770958796e-03,0.000000000000000000e+00
-2.854720699791706701e-02,-4.012048299909217082e-03,0.000000000000000000e+00
-2.791871192068680688e-02,-4.421889562139936190e-03,0.000000000000000000e+00
-2.731402946188565828e-02,-4.816200345996359683e-03,0.000000000000000000e+00
-2.673149188777470750e-02,-5.196075656858059784e-03,0.000000000000000000e+00
-2.616956084000255853e-02,-5.562511872565392354e-03,0.000000000000000000e+00
-2.562683807715411197e-02,-5.916421751140273078e-03,0.000000000000000000e+00
-2.510204423712110791e-02,-6.258642556922574055e-03,0.000000000000000000e+00
-2.459399169377837410e-02,-6.589940213005643366e-03,0.000000000000000000e+00
-2.410161460169327197e-02,-6.911026776372650865e-03,0.000000000000000000e+00
-2.362388651340001020e-02,-7.222546922443832083e-03,0.000000000000000000e+00
-2.315991068129760050e-02,-7.525111143348466036e-03,0.000000000000000000e+00
-2.270881337930574784e-02,-7.819271511536770441e-03,0.000000000000000000e+00
-2.226980429528011007e-02,-8.105545886415578549e-03,0.000000000000000000e+00
-2.184216138043613281e-02,-8.384420201388945518e-03,0.000000000000000000e+00
-2.142517427676500150e-02,-8.656332300901847798e-03,0.000000000000000000e+00
-2.101822167088898685e-02,-8.921705780803328503e-03,0.000000000000000000e+00
-2.062070963344121016e-02,-9.180931440226086301e-03,0.000000000000000000e+00
-2.023205916997812548e-02,-9.434364131205859316e-03,0.000000000000000000e+00
-1.985176600859458323e-02,-9.682353222975604440e-03,0.000000000000000000e+00
-1.947934093550594478e-02,-9.925219946018880302e-03,0.000000000000000000e+00
-1.911430364978189758e-02,-1.016325553023046321e-02,0.000000000000000000e+00
-1.875623407437862489e-02,-1.039675031859491582e-02,0.000000000000000000e+00
-1.840472870463668795e-02,-1.062597507198402569e-02,0.000000000000000000e+00
-1.805938459269838120e-02,-1.085117300562553344e-02,0.000000000000000000e+00
-1.771983950525029758e-02,-1.107258462758304793e-02,0.000000000000000000e+00
-1.738575852363382149e-02,-1.129044359874614538e-02,0.000000000000000000e+00
-1.705680490881975042e-02,-1.150496018111862861e-02,0.000000000000000000e+00
-1.673265566834758120e-02,-1.171633163324439786e-02,0.000000000000000000e+00
-1.641302536629573108e-02,-1.192476094184461224e-02,0.000000000000000000e+00
-1.609763234350467670e-02,-1.213043604951367579e-02,0.000000000000000000e+00
-1.578619398603402224e-02,-1.233352645853515346e-02,0.000000000000000000e+00
-1.547844890157926319e-02,-1.253420077912368799e-02,0.000000000000000000e+00
-1.517415756218610037e-02,-1.273263001385628937e-02,0.000000000000000000e+00
-1.487307928954636517e-02,-1.292897057689184823e-02,0.000000000000000000e+00
-1.457497329637784042e-02,-1.312336490159162795e-02,0.000000000000000000e+00
-1.427961880574597255e-02,-1.331595996065317554e-02,0.000000000000000000e+00
-1.398680794347418287e-02,-1.350690342639543871e-02,0.000000000000000000e+00
-1.369633068357645894e-02,-1.369633068357645374e-02,0.000000000000000000e+00
-1.340797632717682930e-02,-1.388436593337793838e-02,0.000000000000000000e+00
-1.312154973204451500e-02,-1.407113935967727915e-02,0.000000000000000000e+00
-1.283686520554343236e-02,-1.425678314845194722e-02,0.000000000000000000e+00
-1.255373435854477415e-02,-1.444141939871479950e-02,0.000000000000000000e+00
-1.227196683705898510e-02,-1.462516056626204063e-02,0.000000000000000000e+00
-1.199138255842562180e-02,-1.480812422432382057e-02,0.000000000000000000e+00
-1.171181008209971723e-02,-1.499043331241807671e-02,0.000000000000000000e+00
-1.143307475439586315e-02,-1.517220264802007085e-02,0.000000000000000000e+00
-1.115499865879652011e-02,-1.535353847684771400e-02,0.000000000000000000e+00
-1.087740875967591579e-02,-1.553454963865036342e-02,0.000000000000000000e+00
-1.060014057900318662e-02,-1.571535468317814335e-02,0.000000000000000000e+00
-1.032302608019657411e-02,-1.589606618143889552e-02,0.000000000000000000e+00
-1.004589277759198977e-02,-1.607678908702456222e-02,0.000000000000000000e+00
-9.768568281824730262e-03,-1.625762776338093851e-02,0.000000000000000000e+00
-9.490887962144473403e-03,-1.643870015937804949e-02,0.000000000000000000e+00
-9.212683637366561595e-03,-1.662012123601692981e-02,0.000000000000000000e+00
-8.933781356129585904e-03,-1.680199903209055740e-02,0.000000000000000000e+00
-8.654003680124254180e-03,-1.698443853729209030e-02,0.000000000000000000e+00
-8.373178675794073697e-03,-1.716756040521041568e-02,0.000000000000000000e+00
-8.091131093758042667e-03,-1.735148662531417127e-02,0.000000000000000000e+00
-7.807678291686138104e-03,-1.753633256194072135e-02,0.000000000000000000e+00
-7.522631500855838683e-03,-1.772220921851151362e-02,0.000000000000000000e+00
-7.235804363713452779e-03,-1.790924425451941721e-02,0.000000000000000000e+00
-6.947006819730189471e-03,-1.809757149843235768e-02,0.000000000000000000e+00
-6.656039463022636604e-03,-1.828731812765352696e-02,0.000000000000000000e+00
-6.362694458358420999e-03,-1.847860645729220569e-02,0.000000000000000000e+00
-6.066763380398266028e-03,-1.867157777978942224e-02,0.000000000000000000e+00
-5.768032144477942824e-03,-1.886638304326635276e-02,0.000000000000000000e+00
-5.466274903184353828e-03,-1.906316605137020267e-02,0.000000000000000000e+00
-5.161255140019143858e-03,-1.926206641337747591e-02,0.000000000000000000e+00
-4.852732949529890705e-03,-1.946324878951563933e-02,0.000000000000000000e+00
-4.540458657322307516e-03,-1.966688713237618041e-02,0.000000000000000000e+00
-4.224167771090813622e-03,-1.987314688336228735e-02,0.000000000000000000e+00
-3.903583156619825148e-03,-2.008219440506250897e-02,0.000000000000000000e+00
-3.578420379249924125e-03,-2.029423043978960742e-02,0.000000000000000000e+00
-3.248378968889732449e-03,-2.050945763506607789e-02,0.000000000000000000e+00
-2.913140080649381965e-03,-2.072806872691658128e-02,0.000000000000000000e+00
-2.572370657863295128e-03,-2.095027777879563888e-02,0.000000000000000000e+00
-2.225722032691416271e-03,-2.117633059281927646e-02,0.000000000000000000e+00
-1.872822861614501216e-03,-2.140646326206090133e-02,0.000000000000000000e+00
-1.513280154631488480e-03,-2.164091444429024763e-02,0.000000000000000000e+00
-1.146680818254387389e-03,-2.187997343030779682e-02,0.000000000000000000e+00
-7.725846659975668706e-04,-2.212393017800265427e-02,0.000000000000000000e+00
-3.905233577011539494e-04,-2.237306817861446639e-02,0.000000000000000000e+00
-4.156646048159042846e-18,-2.262772717299965999e-02,0.000000000000000000e+00
3.995160570707022101e-04,-2.288825958045332537e-02,0.000000000000000000e+00
8.085907813823789208e-04,-2.315501041789623515e-02,0.000000000000000000e+00
1.227830168990309010e-03,-2.342839528382046482e-02,0.000000000000000000e+00
1.657883865123443556e-03,-2.370884384751800744e-02,0.000000000000000000e+00
2.099446847965456570e-03,-2.399678727911268641e-02,0.000000000000000000e+00
2.553268754851551522e-03,-2.429272948323687314e-02,0.000000000000000000e+00
3.020152575183415993e-03,-2.459716883763328130e-02,0.000000000000000000e+00
3.500968886985848620e-03,-2.491068801746825281e-02,0.000000000000000000e+00
3.996668352732952317e-03,-2.523397086572151671e-02,0.000000000000000000e+00
4.508267925026386916e-03,-2.556765792116786132e-02,0.000000000000000000e+00
5.036843247294659626e-03,-2.591231215568276167e-02,0.000000000000000000e+00
5.583553690925500620e-03,-2.626855481221776478e-02,0.000000000000000000e+00
6.149834766082357997e-03,-2.663786092011968809e-02,0.000000000000000000e+00
6.737281968220089519e-03,-2.702176206199202041e-02,0.000000000000000000e+00
7.346760865233798593e-03,-2.741848482011117333e-02,0.000000000000000000e+00
7.978343583592728550e-03,-2.782379065134669635e-02,0.000000000000000000e+00
8.630521524033587730e-03,-2.822916392576899081e-02,0.000000000000000000e+00
9.301093487197599832e-03,-2.862582230327604185e-02,0.000000000000000000e+00
9.990199352939677438e-03,-2.901364563095741589e-02,0.000000000000000000e+00
1.069880579534947945e-02,-2.939472733785299802e-02,0.000000000000000000e+00
1.142769084018405504e-02,-2.977015244246507264e-02,0.000000000000000000e+00
1.217602680100006440e-02,-3.013672386199974310e-02,0.000000000000000000e+00
1.294234620005284796e-02,-3.049025691470458668e-02,0.000000000000000000e+00
1.372902844544202604e-02,-3.083590275843978851e-02,0.000000000000000000e+00
1.453617147532974829e-02,-3.117292032655826980e-02,0.000000000000000000e+00
1.536111707110039692e-02,-3.149495734182645307e-02,0.000000000000000000e+00
1.620580537986193032e-02,-3.180568388868892926e-02,0.000000000000000000e+00
1.707117510596979637e-02,-3.210621081635890023e-02,0.000000000000000000e+00
1.795594374378706171e-02,-3.239338000475906754e-02,0.000000000000000000e+00
1.885857674369980502e-02,-3.266401307852489361e-02,0.000000000000000000e+00
1.978070429495731863e-02,-3.292062030454024485e-02,0.000000000000000000e+00
2.072273833056046191e-02,-3.316331368667842922e-02,0.000000000000000000e+00
2.168434215849787336e-02,-3.339095875323840057e-02,0.000000000000000000e+00
2.266504151212119303e-02,-3.360230589559191211e-02,0.000000000000000000e+00
2.366249098717358029e-02,-3.379353933788520337e-02,0.000000000000000000e+00
2.467860731446869238e-02,-3.396718893004238571e-02,0.000000000000000000e+00
2.571343811035332536e-02,-3.412288489040131434e-02,0.000000000000000000e+00
2.676647294866551369e-02,-3.425952307396680496e-02,0.000000000000000000e+00
2.783749547689243556e-02,-3.437644400947181822e-02,0.000000000000000000e+00
2.892614107223751008e-02,-3.447283254272599101e-02,0.000000000000000000e+00
3.003211880952966553e-02,-3.454800068039078770e-02,0.000000000000000000e+00
3.115495696497825803e-02,-3.460108510426981865e-02,0.000000000000000000e+00
3.229468337961690499e-02,-3.463180795645539461e-02,0.000000000000000000e+00
3.344653840613346502e-02,-3.463490441091179178e-02,0.000000000000000000e+00
3.459780219272791391e-02,-3.459780219272792778e-02,0.000000000000000000e+00
3.574207619983198886e-02,-3.451572177447686379e-02,0.000000000000000000e+00
3.687754702201321427e-02,-3.438886893777830245e-02,0.000000000000000000e+00
3.800274996723766729e-02,-3.421782976494038703e-02,0.000000000000000000e+00
3.911628657143977755e-02,-3.400326914917155968e-02,0.000000000000000000e+00
4.021674643670920812e-02,-3.374585710219290408e-02,0.000000000000000000e+00
4.130290077628659406e-02,-3.344642957327458033e-02,0.000000000000000000e+00
4.237329614686948659e-02,-3.310564722726164893e-02,0.000000000000000000e+00
4.342417651183331367e-02,-3.272246408287061981e-02,0.000000000000000000e+00
4.445560310657258735e-02,-3.229888626505223598e-02,0.000000000000000000e+00
4.546726790762653514e-02,-3.183652373072054509e-02,0.000000000000000000e+00
4.645825383699112021e-02,-3.133648789067789570e-02,0.000000000000000000e+00
4.742732905752784084e-02,-3.079966761503550796e-02,0.000000000000000000e+00
4.837442648126114020e-02,-3.022769652433112547e-02,0.000000000000000000e+00
4.929734203019687372e-02,-2.962083144867748430e-02,0.000000000000000000e+00
5.019026367127137067e-02,-2.897736224130685254e-02,0.000000000000000000e+00
5.105539272210840585e-02,-2.830046631134049834e-02,0.000000000000000000e+00
5.189622383420799956e-02,-2.759371168026362314e-02,0.000000000000000000e+00
5.270884936917061975e-02,-2.685650016716081140e-02,0.000000000000000000e+00
5.348564178093457439e-02,-2.608669051692157764e-02,0.000000000000000000e+00
5.423469252219494108e-02,-2.529005246078117747e-02,0.000000000000000000e+00
5.495464380636839313e-02,-2.446738381350828384e-02,0.000000000000000000e+00
5.563643298885024430e-02,-2.361626466750026479e-02,0.000000000000000000e+00
5.628344262546290666e-02,-2.273998690097538480e-02,0.000000000000000000e+00
5.689851065702305338e-02,-2.184129188831051074e-02,0.000000000000000000e+00
5.747863377635394760e-02,-2.092051180088078804e-02,0.000000000000000000e+00
5.802232964874551313e-02,-1.997869028545878195e-02,0.000000000000000000e+00
5.853030230965469705e-02,-1.901764804687319441e-02,0.000000000000000000e+00
5.900211151551540412e-02,-1.803875576113836421e-02,0.000000000000000000e+00
5.943565834963136091e-02,-1.704290078129380021e-02,0.000000000000000000e+00
5.982913536766144846e-02,-1.603116850561719930e-02,0.000000000000000000e+00
6.018244500865029684e-02,-1.500516882022633579e-02,0.000000000000000000e+00
6.049599881028232956e-02,-1.396660181566412168e-02,0.000000000000000000e+00
6.077017452871771169e-02,-1.291709934991142755e-02,0.000000000000000000e+00
6.100475678863068185e-02,-1.185812348344535312e-02,0.000000000000000000e+00
6.119930321848645466e-02,-1.079108835797761880e-02,0.000000000000000000e+00
6.135341365381050127e-02,-9.717426083558557137e-03,0.000000000000000000e+00
6.146673169668758624e-02,-8.638585779080443228e-03,0.000000000000000000e+00
6.153894532162188652e-02,-7.556032379743237576e-03,0.000000000000000000e+00
6.156978745137019898e-02,-6.471245425546504754e-03,0.000000000000000000e+00
6.155903650220609369e-02,-5.385717831521591968e-03,0.000000000000000000e+00
6.150618302560109663e-02,-4.300931293794306616e-03,0.000000000000000000e+00
6.141034968884965389e-02,-3.218380052187643815e-03,0.000000000000000000e+00
6.127406584227148428e-02,-2.139737529100126188e-03,0.000000000000000000e+00
6.109856111368278803e-02,-1.066479351260060486e-03,0.000000000000000000e+00
6.087936482952570338e-02,-1.491114385452051908e-17,0.000000000000000000e+00
