1.711812693111478012e+01,0.000000000000000000e+00,0.000000000000000000e+00
1.682499956070147462e+01,2.936814597492765633e-01,0.000000000000000000e+00
1.654134633147677746e+01,5.776365423246674347e-01,0.000000000000000000e+00
1.626529907432268018e+01,8.524282038597573719e-01,0.000000000000000000e+00
1.598687046813802226e+01,1.117910884790747739e+00,0.000000000000000000e+00
1.570645246349621971e+01,1.374136534764740958e+00,0.000000000000000000e+00
1.542426970479428405e+01,1.621156071853944391e+00,0.000000000000000000e+00
1.514053290443626310e+01,1.859023684507185248e+00,0.000000000000000000e+00
1.485545243154062867e+01,2.087797684610390725e+00,0.000000000000000000e+00
1.456924060837964952e+01,2.307541019711717212e+00,0.000000000000000000e+00
1.428211124129552978e+01,2.518321553320067796e+00,0.000000000000000000e+00
1.399427828223581116e+01,2.720212138660257128e+00,0.000000000000000000e+00
1.370595449799656151e+01,2.913290562499922576e+00,0.000000000000000000e+00
1.341735043587093834e+01,3.097639424827309362e+00,0.000000000000000000e+00
1.312867373454911757e+01,3.273346002214854167e+00,0.000000000000000000e+00
1.284012874970961171e+01,3.440502129196330916e+00,0.000000000000000000e+00
1.255191644550481023e+01,3.599204123178601833e+00,0.000000000000000000e+00
1.226423449759375472e+01,3.749552770518150169e+00,0.000000000000000000e+00
1.197727753642035431e+01,3.891653378830914445e+00,0.000000000000000000e+00
1.169123741103597780e+01,4.025615874144863326e+00,0.000000000000000000e+00
1.140630324339117685e+01,4.151554863608429180e+00,0.000000000000000000e+00
1.112266081765574555e+01,4.269589461795651353e+00,0.000000000000000000e+00
1.084049048576721574e+01,4.379842457166453151e+00,0.000000000000000000e+00
1.055996159716289462e+01,4.482437758136203598e+00,0.000000000000000000e+00
1.028091033725783454e+01,4.577356193232244408e+00,0.000000000000000000e+00
1.000377387065529078e+01,4.664836366337434370e+00,0.000000000000000000e+00
9.728777031662380281e+00,4.745041605232790616e+00,0.000000000000000000e+00
9.456141362181012866e+00,4.818144678048140506e+00,0.000000000000000000e+00
9.186068286931348581e+00,4.884319148047801207e+00,0.000000000000000000e+00
8.918698757724152770e+00,4.943715448587064465e+00,0.000000000000000000e+00
8.653681244156087971e+00,4.996205195794731324e+00,0.000000000000000000e+00
8.392692681682600409e+00,5.042838520023882332e+00,0.000000000000000000e+00
8.141598840623158750e+00,5.087435591045925243e+00,0.000000000000000000e+00
7.900348252981862274e+00,5.130546144391107788e+00,0.000000000000000000e+00
7.667771566374812942e+00,5.171977226722005661e+00,0.000000000000000000e+00
7.443469992300604687e+00,5.211973799046653255e+00,0.000000000000000000e+00
7.226832529959949625e+00,5.250601175788479402e+00,0.000000000000000000e+00
7.017344547072558392e+00,5.287948404413284287e+00,0.000000000000000000e+00
6.814545644154196502e+00,5.324106562951631538e+00,0.000000000000000000e+00
6.617997999767305295e+00,5.359149111928056541e+00,0.000000000000000000e+00
6.427303686780151182e+00,5.393148153041596338e+00,0.000000000000000000e+00
6.242093921126101286e+00,5.426169461838206587e+00,0.000000000000000000e+00
6.062026951495010252e+00,5.458273583768613157e+00,0.000000000000000000e+00
5.886786994813143714e+00,5.489517681542245064e+00,0.000000000000000000e+00
5.716078650871390998e+00,5.519952989060866066e+00,0.000000000000000000e+00
5.549629778499196142e+00,5.549629778499195254e+00,0.000000000000000000e+00
5.387183701984591622e+00,5.578592029363544924e+00,0.000000000000000000e+00
5.228503600651603023e+00,5.606883661590167378e+00,0.000000000000000000e+00
5.073365333972572166e+00,5.634543032210526547e+00,0.000000000000000000e+00
4.921561373989464805e+00,5.661608718836704135e+00,0.000000000000000000e+00
4.772894570367136602e+00,5.688114251308433289e+00,0.000000000000000000e+00
4.627182053223320324e+00,5.714093960295498320e+00,0.000000000000000000e+00
4.484249107862929407e+00,5.739577122278435972e+00,0.000000000000000000e+00
4.343933632312065640e+00,5.764594632222465265e+00,0.000000000000000000e+00
4.206079834152933294e+00,5.789172239786489094e+00,0.000000000000000000e+00
4.070542838590392343e+00,5.813337641291258961e+00,0.000000000000000000e+00
3.937183265831459611e+00,5.837114235803242401e+00,0.000000000000000000e+00
3.805870199643810903e+00,5.860526177257515457e+00,0.000000000000000000e+00
3.676478678322093518e+00,5.883595774202050599e+00,0.000000000000000000e+00
3.548889170546698502e+00,5.906343431676818412e+00,0.000000000000000000e+00
3.422988974574279641e+00,5.928790817710742012e+00,0.000000000000000000e+00
3.298668558177797916e+00,5.950955607765079591e+00,0.000000000000000000e+00
3.175824778766290102e+00,5.972857710728420422e+00,0.000000000000000000e+00
3.054357628370310884e+00,5.994514369009368515e+00,0.000000000000000000e+00
2.934171053518366268e+00,6.015942182879475908e+00,0.000000000000000000e+00
2.815173415179020644e+00,6.037158871285938311e+00,0.000000000000000000e+00
2.697274972344356314e+00,6.058178777216902233e+00,0.000000000000000000e+00
2.580390169468147921e+00,6.079018285489888207e+00,0.000000000000000000e+00
2.464435652948456568e+00,6.099692285703131489e+00,0.000000000000000000e+00
2.349330088893609059e+00,6.120214123932855799e+00,0.000000000000000000e+00
2.234995356898501484e+00,6.140599275664555101e+00,0.000000000000000000e+00
2.121354381253290011e+00,6.160860469441067799e+00,0.000000000000000000e+00
2.008332215079003724e+00,6.181010995527359775e+00,0.000000000000000000e+00
1.895855816042889108e+00,6.201064960172271157e+00,0.000000000000000000e+00
1.783852752287644172e+00,6.221033854013288789e+00,0.000000000000000000e+00
1.672252442968424679e+00,6.240931080239337625e+00,0.000000000000000000e+00
1.560985145165111554e+00,6.260769457760907208e+00,0.000000000000000000e+00
1.449981528301216294e+00,6.280560007994389515e+00,0.000000000000000000e+00
1.339173542075774659e+00,6.300316167866596651e+00,0.000000000000000000e+00
1.228493225141171097e+00,6.320049754992327351e+00,0.000000000000000000e+00
1.117872847553988969e+00,6.339771956977214629e+00,0.000000000000000000e+00
1.007245234867025996e+00,6.359496127290902301e+00,0.000000000000000000e+00
8.965427945501733831e-01,6.379233455164017741e+00,0.000000000000000000e+00
7.856978850848177487e-01,6.398995763857728392e+00,0.000000000000000000e+00
6.746426762721855486e-01,6.418796298425677449e+00,0.000000000000000000e+00
5.633085352793640865e-01,6.438646020835016692e+00,0.000000000000000000e+00
4.516263538961519663e-01,6.458557759804524956e+00,0.000000000000000000e+00
3.395261386683438021e-01,6.478544660987212822e+00,0.000000000000000000e+00
2.269367402099362607e-01,6.498617971850933372e+00,0.000000000000000000e+00
1.137859337344490074e-01,6.518791777766768547e+00,0.000000000000000000e+00
4.004031154272148111e-16,6.539079115806958775e+00,0.000000000000000000e+00
-1.144963646371527227e-01,6.559492336923932854e+00,0.000000000000000000e+00
-2.297802949541450090e-01,6.580046725729995494e+00,0.000000000000000000e+00
-3.459309292405148839e-01,6.600755345351126735e+00,0.000000000000000000e+00
-4.630296644824429819e-01,6.621632698720715027e+00,0.000000000000000000e+00
-5.811604939844490225e-01,6.642694842540866063e+00,0.000000000000000000e+00
-7.004099526040623580e-01,6.663955556439825401e+00,0.000000000000000000e+00
-8.208678588606531656e-01,6.685432214150920593e+00,0.000000000000000000e+00
-9.426272008245430989e-01,6.707141044242737493e+00,0.000000000000000000e+00
-1.065784493440005143e+00,6.729098459773998897e+00,0.000000000000000000e+00
-1.190440578440461250e+00,6.751324009844579699e+00,0.000000000000000000e+00
-1.316700055882240150e+00,6.773834560317310682e+00,0.000000000000000000e+00
-1.444672784706049429e+00,6.796651081272171879e+00,0.000000000000000000e+00
-1.574473387190320040e+00,6.819793491317332368e+00,0.000000000000000000e+00
-1.706222027905593741e+00,6.843282777902617298e+00,0.000000000000000000e+00
-1.840045357553447447e+00,6.867142762620704666e+00,0.000000000000000000e+00
-1.976075790257358911e+00,6.891395253067854831e+00,0.000000000000000000e+00
-2.114453977349640024e+00,6.916067328478278320e+00,0.000000000000000000e+00
-2.255327182314807999e+00,6.941183339954138276e+00,0.000000000000000000e+00
-2.398852286096358366e+00,6.966772903218564572e+00,0.000000000000000000e+00
-2.545194402310704263e+00,6.992864148470964381e+00,0.000000000000000000e+00
-2.694529545639225976e+00,7.019489453839105053e+00,0.000000000000000000e+00
-2.847044041028444106e+00,7.046681277046706882e+00,0.000000000000000000e+00
-3.002936776593149393e+00,7.074475709556128145e+00,0.000000000000000000e+00
-3.162419206018296514e+00,7.102909831218070735e+00,0.000000000000000000e+00
-3.325717755773223594e+00,7.132024742917198346e+00,0.000000000000000000e+00
-3.493073747426067133e+00,7.161862523267451763e+00,0.000000000000000000e+00
-3.664746870303626558e+00,7.192470707675019170e+00,0.000000000000000000e+00
-3.841014268263866605e+00,7.223897188096735533e+00,0.000000000000000000e+00
-4.022175690570803042e+00,7.256197025881547802e+00,0.000000000000000000e+00
-4.208552094005757915e+00,7.289426053118366333e+00,0.000000000000000000e+00
-4.400491083023382544e+00,7.323647021742225149e+00,0.000000000000000000e+00
-4.598367950243886781e+00,7.358927008011014514e+00,0.000000000000000000e+00
-4.802588224909192682e+00,7.395337343166134225e+00,0.000000000000000000e+00
-5.013593277719574637e+00,7.432957705544898985e+00,0.000000000000000000e+00
-5.231862034485589952e+00,7.471873336100345320e+00,0.000000000000000000e+00
-5.457915714539826268e+00,7.512176512948125939e+00,0.000000000000000000e+00
-5.692324186997441693e+00,7.553969335339563607e+00,0.000000000000000000e+00
-5.935710487277578551e+00,7.597362969311640235e+00,0.000000000000000000e+00
-6.188757689290373953e+00,7.642479272989122663e+00,0.000000000000000000e+00
-6.452215957908133070e+00,7.689451548030708850e+00,0.000000000000000000e+00
-6.726911851066029513e+00,7.738426871626957748e+00,0.000000000000000000e+00
-7.013762203825782748e+00,7.789572079604893950e+00,0.000000000000000000e+00
-7.313762729506804838e+00,7.843050303667815193e+00,0.000000000000000000e+00
-7.628094844361882565e+00,7.899123447806292830e+00,0.000000000000000000e+00
-7.957828552635045405e+00,7.957828552635045405e+00,0.000000000000000000e+00
-8.304611669127705653e+00,8.019670268008463054e+00,0.000000000000000000e+00
-8.659594096810780073e+00,8.075202135104692758e+00,0.000000000000000000e+00
-9.016350526826128586e+00,8.118358479161210894e+00,0.000000000000000000e+00
-9.374841756227706213e+00,8.149425607814526629e+00,0.000000000000000000e+00
-9.734631648875600618e+00,8.168325826218197250e+00,0.000000000000000000e+00
-1.009531677333477973e+01,8.175026333092247910e+00,0.000000000000000000e+00
-1.045666057278497441e+01,8.169638606776402412e+00,0.000000000000000000e+00
-1.081607401334110108e+01,8.150496378964765753e+00,0.000000000000000000e+00
-1.117487870989198484e+01,8.119024628038211233e+00,0.000000000000000000e+00
-1.153315195200829990e+01,8.075599936114246091e+00,0.000000000000000000e+00
-1.189051584208819179e+01,8.020254205138286352e+00,0.000000000000000000e+00
-1.224655196927008127e+01,7.953003839331913127e+00,0.000000000000000000e+00
-1.260091959696255870e+01,7.873928462015538976e+00,0.000000000000000000e+00
-1.295230157437996965e+01,7.782527941813596861e+00,0.000000000000000000e+00
-1.330014531497720220e+01,7.678842477863226712e+00,0.000000000000000000e+00
-1.364529077839330462e+01,7.563708188168409841e+00,0.000000000000000000e+00
-1.398727429282621770e+01,7.437165664731846704e+00,0.000000000000000000e+00
-1.432574784279699820e+01,7.299333108944985327e+00,0.000000000000000000e+00
-1.466032693797082054e+01,7.150319206678334538e+00,0.000000000000000000e+00
-1.499064800507495754e+01,6.990253965472406072e+00,0.000000000000000000e+00
-1.531635440832905815e+01,6.819280336939954168e+00,0.000000000000000000e+00
-1.563710265261661725e+01,6.637556274520169275e+00,0.000000000000000000e+00
-1.595256354749577810e+01,6.445254042490223156e+00,0.000000000000000000e+00
-1.626242460630434650e+01,6.242559928835218486e+00,0.000000000000000000e+00
-1.656639226214220173e+01,6.029673672597702705e+00,0.000000000000000000e+00
-1.686419367963803495e+01,5.806807559764429527e+00,0.000000000000000000e+00
-1.715558017298812743e+01,5.574185898506574866e+00,0.000000000000000000e+00
-1.744032344547993674e+01,5.332041971846039452e+00,0.000000000000000000e+00
-1.771823944134572670e+01,5.080623403575616592e+00,0.000000000000000000e+00
-1.798910945804935579e+01,4.820167351839400816e+00,0.000000000000000000e+00
-1.825293513134629109e+01,4.550967862324701407e+00,0.000000000000000000e+00
-1.850931044026080130e+01,4.273211020324507281e+00,0.000000000000000000e+00
-1.875698935066402839e+01,3.986921163658365685e+00,0.000000000000000000e+00
-1.899605172238814177e+01,3.692458406193900089e+00,0.000000000000000000e+00
-1.922753698759779795e+01,3.390333543483452505e+00,0.000000000000000000e+00
-1.945089521499411944e+01,3.080719152438046837e+00,0.000000000000000000e+00
-1.966483265533794977e+01,2.763711995664046572e+00,0.000000000000000000e+00
-1.987010300324467948e+01,2.439741872348884844e+00,0.000000000000000000e+00
-2.006629640487082256e+01,2.109052738248345715e+00,0.000000000000000000e+00
-2.025275395537474310e+01,1.771886376275116914e+00,0.000000000000000000e+00
-2.042998748271588383e+01,1.428603892712150047e+00,0.000000000000000000e+00
-2.059794527228706329e+01,1.079492569514181932e+00,0.000000000000000000e+00
-2.075596665317087997e+01,7.248143270737772426e-01,0.000000000000000000e+00
-2.090389521543996665e+01,3.648788482381599696e-01,0.000000000000000000e+00
-2.104186235493461865e+01,2.576884938106987125e-15,0.000000000000000000e+00
-2.116979578029475562e+01,-3.695201598621448147e-01,0.000000000000000000e+00
-2.128748816687351919e+01,-7.433754673336960828e-01,0.000000000000000000e+00
-2.139476650242062661e+01,-1.121252200671057686e+00,0.000000000000000000e+00
-2.149152391678268259e+01,-1.502833751308308763e+00,0.000000000000000000e+00
-2.157766953042921898e+01,-1.887801469221299877e+00,0.000000000000000000e+00
-2.165312155404231831e+01,-2.275834782052344796e+00,0.000000000000000000e+00
-2.171780735046091948e+01,-2.666611439300223818e+00,0.000000000000000000e+00
-2.177166343450446817e+01,-3.059807751944794596e+00,0.000000000000000000e+00
-2.181463549088768517e+01,-3.455098833108008360e+00,0.000000000000000000e+00
-2.184667839315451232e+01,-3.852158839573797344e+00,0.000000000000000000e+00
-2.186775621662608060e+01,-4.250661213536040428e+00,0.000000000000000000e+00
-2.187784224536171962e+01,-4.650278924433237648e+00,0.000000000000000000e+00
-2.187692644762699601e+01,-5.050686436350634523e+00,0.000000000000000000e+00
-2.186502821772339900e+01,-5.451563817634761833e+00,0.000000000000000000e+00
-2.184214550257869547e+01,-5.852585248379029714e+00,0.000000000000000000e+00
-2.180827607058964190e+01,-6.253422534595801885e+00,0.000000000000000000e+00
-2.176342702819987096e+01,-6.653747376207365782e+00,0.000000000000000000e+00
-2.170761482735645842e+01,-7.053231615645600527e+00,0.000000000000000000e+00
-2.164086526671592736e+01,-7.451547486811512577e+00,0.000000000000000000e+00
-2.156321348658602943e+01,-7.848367864244849557e+00,0.000000000000000000e+00
-2.147470395759331296e+01,-8.243366512352785946e+00,0.000000000000000000e+00
-2.137539779145621566e+01,-8.636221295407199960e+00,0.000000000000000000e+00
-2.126539984163084540e+01,-9.026626689400005787e+00,0.000000000000000000e+00
-2.114483317294853038e+01,-9.414286274660184972e+00,0.000000000000000000e+00
-2.101382847842082313e+01,-9.798909146643227430e+00,0.000000000000000000e+00
-2.087253074610696757e+01,-1.018021345071927364e+01,0.000000000000000000e+00
-2.072110197171022250e+01,-1.055792879615553126e+01,0.000000000000000000e+00
-2.055969733359204810e+01,-1.093178498437625201e+01,0.000000000000000000e+00
-2.038825171593046193e+01,-1.130139246943769926e+01,0.000000000000000000e+00
-2.020653078592482998e+01,-1.166624598864216367e+01,0.000000000000000000e+00
-2.001430341890586817e+01,-1.202580674168919828e+01,0.000000000000000000e+00
-1.981133269112565287e+01,-1.237949461916375604e+01,0.000000000000000000e+00
-1.959752799333822892e+01,-1.272678348677461813e+01,0.000000000000000000e+00
-1.937315377503926328e+01,-1.306735721936198580e+01,0.000000000000000000e+00
-1.913871909694044859e+01,-1.340107538335582049e+01,0.000000000000000000e+00
-1.889502145383621823e+01,-1.372803665378569171e+01,0.000000000000000000e+00
-1.864176252741217255e+01,-1.404757565358593574e+01,0.000000000000000000e+00
-1.837810048038175381e+01,-1.435854574781844661e+01,0.000000000000000000e+00
-1.810567097212293675e+01,-1.466168326350748430e+01,0.000000000000000000e+00
-1.782497275374097612e+01,-1.495692806340911574e+01,0.000000000000000000e+00
-1.753452252467066330e+01,-1.524252788463611097e+01,0.000000000000000000e+00
-1.723601573664898012e+01,-1.551937827685995686e+01,0.000000000000000000e+00
-1.693015270153492224e+01,-1.578762280479559976e+01,0.000000000000000000e+00
-1.661610473995809656e+01,-1.604598582839615517e+01,0.000000000000000000e+00
-1.629402244996363791e+01,-1.629402244996363081e+01,0.000000000000000000e+00
-1.596498336571912091e+01,-1.653222423436433175e+01,0.000000000000000000e+00
-1.562945858420037482e+01,-1.676054234032314127e+01,0.000000000000000000e+00
-1.528765939651630212e+01,-1.697866584821710134e+01,0.000000000000000000e+00
-1.493972663322045236e+01,-1.718618953137509209e+01,0.000000000000000000e+00
-1.458513224497843019e+01,-1.738188375141469066e+01,0.000000000000000000e+00
-1.422504169023099507e+01,-1.756646353485883338e+01,0.000000000000000000e+00
-1.385994846332313202e+01,-1.773992505825777499e+01,0.000000000000000000e+00
-1.349013364852669916e+01,-1.790201200124460357e+01,0.000000000000000000e+00
-1.311594589677249623e+01,-1.805255080219573216e+01,0.000000000000000000e+00
-1.273772401384725406e+01,-1.819135516080710602e+01,0.000000000000000000e+00
-1.235582440309777752e+01,-1.831826299382997192e+01,0.000000000000000000e+00
-1.197061067918218313e+01,-1.843312398033733857e+01,0.000000000000000000e+00
-1.158245522053011101e+01,-1.853580302048611017e+01,0.000000000000000000e+00
-1.119173741463040983e+01,-1.862617895102401278e+01,0.000000000000000000e+00
-1.079884288876646181e+01,-1.870414454629735701e+01,0.000000000000000000e+00
-1.040416264910982491e+01,-1.876960627260538317e+01,0.000000000000000000e+00
-1.000809221195745380e+01,-1.882248389065489746e+01,0.000000000000000000e+00
-9.611031243223150611e+00,-1.886271088668797447e+01,0.000000000000000000e+00
-9.213382093713880394e+00,-1.889023270067945148e+01,0.000000000000000000e+00
-8.815551440517049642e+00,-1.890501107229679434e+01,0.000000000000000000e+00
-8.417945196767785632e+00,-1.890701447265081470e+01,0.000000000000000000e+00
-8.020893564236297735e+00,-1.889604107932659005e+01,0.000000000000000000e+00
-7.624819002966668258e+00,-1.887208927392153157e+01,0.000000000000000000e+00
-7.230194856655010938e+00,-1.883530155667730810e+01,0.000000000000000000e+00
-6.837433545241634825e+00,-1.878569427257291835e+01,0.000000000000000000e+00
-6.446946576398199902e+00,-1.872329237497056198e+01,0.000000000000000000e+00
-6.059147918684248069e+00,-1.864813979864420546e+01,0.000000000000000000e+00
-5.674451708226208702e+00,-1.856029522831347833e+01,0.000000000000000000e+00
-5.293274044728828898e+00,-1.845984035879552465e+01,0.000000000000000000e+00
-4.916026537310886901e+00,-1.834686080860113933e+01,0.000000000000000000e+00
-4.543136758630192951e+00,-1.822152628995981516e+01,0.000000000000000000e+00
-4.175014382472562069e+00,-1.808397407246924260e+01,0.000000000000000000e+00
-3.813163585565948921e+00,-1.793952421702034528e+01,0.000000000000000000e+00
-3.459241206781961342e+00,-1.779625324256005570e+01,0.000000000000000000e+00
-3.113309291027389403e+00,-1.765645438105053699e+01,0.000000000000000000e+00
-2.774837684564358309e+00,-1.751963563389558587e+01,0.000000000000000000e+00
-2.443393585314049155e+00,-1.738564873681144718e+01,0.000000000000000000e+00
-2.118567477183028736e+00,-1.725434746521879248e+01,0.000000000000000000e+00
-1.799968730168610254e+00,-1.712555850502841182e+01,0.000000000000000000e+00
-1.487232113563877745e+00,-1.699914084438140804e+01,0.000000000000000000e+00
-1.180011634348531180e+00,-1.687495256185546211e+01,0.000000000000000000e+00
-8.779802834982961546e-01,-1.675286179856120228e+01,0.000000000000000000e+00
-5.808282068786090324e-01,-1.663274364603722688e+01,0.000000000000000000e+00
-2.882613018954124917e-01,-1.651447892522095628e+01,0.000000000000000000e+00
-3.012255366553948510e-15,-1.639795446137992840e+01,0.000000000000000000e+00
2.842219214611527711e-01,-1.628306297513051959e+01,0.000000000000000000e+00
5.646584295186622970e-01,-1.616970180602961449e+01,0.000000000000000000e+00
8.415521962795119437e-01,-1.605777248706721494e+01,0.000000000000000000e+00
1.115135555042442661e+00,-1.594718140365520753e+01,0.000000000000000000e+00
1.385631332290193862e+00,-1.583783860042185054e+01,0.000000000000000000e+00
1.653253582801577970e+00,-1.572965712202354460e+01,0.000000000000000000e+00
1.918208429393326364e+00,-1.562255397004026669e+01,0.000000000000000000e+00
2.180694675465039811e+00,-1.551644886756840158e+01,0.000000000000000000e+00
2.440904382565530550e+00,-1.541126374260009158e+01,0.000000000000000000e+00
2.699023658462574193e+00,-1.530692380495690763e+01,0.000000000000000000e+00
2.955233031060833682e+00,-1.520335595807217111e+01,0.000000000000000000e+00
3.209708018565532672e+00,-1.510048898677789175e+01,0.000000000000000000e+00
3.462619808080197537e+00,-1.499825416051781346e+01,0.000000000000000000e+00
3.714135427249099397e+00,-1.489658355618071361e+01,0.000000000000000000e+00
3.964418476895377186e+00,-1.479541117823834995e+01,0.000000000000000000e+00
4.213629489671008699e+00,-1.469467234327265892e+01,0.000000000000000000e+00
4.461926153550935581e+00,-1.459430284282494839e+01,0.000000000000000000e+00
4.709464135284407327e+00,-1.449424023808211892e+01,0.000000000000000000e+00
4.956397029167497692e+00,-1.439442216618839687e+01,0.000000000000000000e+00
5.202877002742465784e+00,-1.429478708123469666e+01,0.000000000000000000e+00
5.449055232220943346e+00,-1.419527419837135618e+01,0.000000000000000000e+00
5.695081890254734880e+00,-1.409582231569872590e+01,0.000000000000000000e+00
5.941107094788443455e+00,-1.399637120486965181e+01,0.000000000000000000e+00
6.187280737052442525e+00,-1.389686006588895495e+01,0.000000000000000000e+00
6.433753098552980276e+00,-1.379722804469667530e+01,0.000000000000000000e+00
6.680675378794558306e+00,-1.369741439348670475e+01,0.000000000000000000e+00
6.928199532098820335e+00,-1.359735718593301890e+01,0.000000000000000000e+00
7.176479360958740727e+00,-1.349699466216684840e+01,0.000000000000000000e+00
7.425670314428653107e+00,-1.339626386213067910e+01,0.000000000000000000e+00
7.675930049594049898e+00,-1.329510084124158453e+01,0.000000000000000000e+00
7.927419192577439766e+00,-1.319344111019834465e+01,0.000000000000000000e+00
8.180301031856368255e+00,-1.309121819922988905e+01,0.000000000000000000e+00
8.434742719759270813e+00,-1.298836479294744173e+01,0.000000000000000000e+00
8.690915332615773536e+00,-1.288481185278508612e+01,0.000000000000000000e+00
8.948994114906501096e+00,-1.278048810755063514e+01,0.000000000000000000e+00
9.209159751457777432e+00,-1.267532098463729717e+01,0.000000000000000000e+00
9.471598078628499451e+00,-1.256923518271378626e+01,0.000000000000000000e+00
9.736500958709273235e+00,-1.246215292893981719e+01,0.000000000000000000e+00
1.000406728814648005e+01,-1.235399424791740941e+01,0.000000000000000000e+00
1.027450284317193407e+01,-1.224467567546957980e+01,0.000000000000000000e+00
1.054802149652390852e+01,-1.213411068828918538e+01,0.000000000000000000e+00
1.082484604222220881e+01,-1.202220948559125802e+01,0.000000000000000000e+00
1.110520853341579439e+01,-1.190887814953420509e+01,0.000000000000000000e+00
1.138935154183729281e+01,-1.179401877598989934e+01,0.000000000000000000e+00
1.167752785918973046e+01,-1.167752785918973579e+01,0.000000000000000000e+00
1.197000557990153169e+01,-1.155930002288896041e+01,0.000000000000000000e+00
1.226706451129645181e+01,-1.143922271940786040e+01,0.000000000000000000e+00
1.256898156944285283e+01,-1.131716183783135143e+01,0.000000000000000000e+00
1.287612274182150607e+01,-1.119304273395934857e+01,0.000000000000000000e+00
1.318872384345913851e+01,-1.106665331274557040e+01,0.000000000000000000e+00
1.350708228432262459e+01,-1.093781956889561613e+01,0.000000000000000000e+00
1.383242602087300988e+01,-1.080707562982560788e+01,0.000000000000000000e+00
1.416099468839020581e+01,-1.067107490092059585e+01,0.000000000000000000e+00
1.448563982640436443e+01,-1.052443337925097033e+01,0.000000000000000000e+00
1.480034939387449278e+01,-1.036331621372843870e+01,0.000000000000000000e+00
1.510326402444116489e+01,-1.018728021660540328e+01,0.000000000000000000e+00
1.539668057820846414e+01,-9.998721277525211448e+00,0.000000000000000000e+00
1.567992890537989581e+01,-9.797907013089087513e+00,0.000000000000000000e+00
1.595070208073698304e+01,-9.584148726155827802e+00,0.000000000000000000e+00
1.621063545214303403e+01,-9.359214742029681844e+00,0.000000000000000000e+00
1.645882086184117199e+01,-9.123273379958220630e+00,0.000000000000000000e+00
1.669302353479349676e+01,-8.875838056396739617e+00,0.000000000000000000e+00
1.691389757153287121e+01,-8.618061262838018877e+00,0.000000000000000000e+00
1.712212297921378479e+01,-8.351017362394950183e+00,0.000000000000000000e+00
1.731717130636078750e+01,-8.075129597738047948e+00,0.000000000000000000e+00
1.749840661066070879e+01,-7.790792570258665783e+00,0.000000000000000000e+00
1.766523226148805037e+01,-7.498446217495142285e+00,0.000000000000000000e+00
1.781712991913562760e+01,-7.198587756443026286e+00,0.000000000000000000e+00
1.795388382138275674e+01,-6.891850288233066557e+00,0.000000000000000000e+00
1.807538011894064311e+01,-6.578900336341479971e+00,0.000000000000000000e+00
1.818150707305636615e+01,-6.260394936474685146e+00,0.000000000000000000e+00
1.827208302776170612e+01,-5.936959666922781764e+00,0.000000000000000000e+00
1.834692178987228672e+01,-5.609216901486389517e+00,0.000000000000000000e+00
1.840585728462531279e+01,-5.277794647301463193e+00,0.000000000000000000e+00
1.844874370397572250e+01,-4.943325976849052061e+00,0.000000000000000000e+00
1.847545563986651018e+01,-4.606448456305698436e+00,0.000000000000000000e+00
1.848588820273834443e+01,-4.267803570715596351e+00,0.000000000000000000e+00
1.847967335805372002e+01,-3.927975829773021399e+00,0.000000000000000000e+00
1.845587967927531281e+01,-3.587459597466068573e+00,0.000000000000000000e+00
1.841554354756320677e+01,-3.247157191847091617e+00,0.000000000000000000e+00
1.836024100283007954e+01,-2.907976495456849442e+00,0.000000000000000000e+00
1.828905267780721999e+01,-2.570358729255042274e+00,0.000000000000000000e+00
1.819947065172738476e+01,-2.234614012637657687e+00,0.000000000000000000e+00
1.809459961743430867e+01,-1.901819055229033939e+00,0.000000000000000000e+00
1.797074072463819405e+01,-1.572236088569493484e+00,0.000000000000000000e+00
1.783229842173951241e+01,-1.246955778257526681e+00,0.000000000000000000e+00
1.767740573709149388e+01,-9.264335781662668134e-01,0.000000000000000000e+00
1.750794860403753361e+01,-6.113910374749585985e-01,0.000000000000000000e+00
1.732126109458780050e+01,-3.023437370446554473e-01,0.000000000000000000e+00
1.711852608567239642e+01,-4.192829635387833999e-15,0.000000000000000000e+00
