1.756198812562666589e+01,0.000000000000000000e+00,0.000000000000000000e+00
1.732032432082646878e+01,3.023273855978121372e-01,0.000000000000000000e+00
1.707618140393708117e+01,5.963133946061559554e-01,0.000000000000000000e+00
1.682874079359529773e+01,8.819569331222540942e-01,0.000000000000000000e+00
1.657749038158793908e+01,1.159211052408652520e+00,0.000000000000000000e+00
1.632414102423564728e+01,1.428177281419084732e+00,0.000000000000000000e+00
1.606781307675738191e+01,1.688795205824420220e+00,0.000000000000000000e+00
1.580882278470195956e+01,1.941079364011463415e+00,0.000000000000000000e+00
1.554829824359980606e+01,2.185170813357243169e+00,0.000000000000000000e+00
1.528470773866902732e+01,2.420859880713202461e+00,0.000000000000000000e+00
1.502037582465997545e+01,2.648497518268712714e+00,0.000000000000000000e+00
1.475326099777618083e+01,2.867743433537178532e+00,0.000000000000000000e+00
1.448580623172192539e+01,3.079053165632991806e+00,0.000000000000000000e+00
1.421603897405575267e+01,3.282031202910757894e+00,0.000000000000000000e+00
1.394630619088960799e+01,3.477204669613992660e+00,0.000000000000000000e+00
1.367461169020579703e+01,3.664101159199832924e+00,0.000000000000000000e+00
1.340320561160821100e+01,3.843307363505215957e+00,0.000000000000000000e+00
1.313052276573618471e+01,4.014403673076978762e+00,0.000000000000000000e+00
1.285814601830386295e+01,4.177864898385645454e+00,0.000000000000000000e+00
1.258526624369269165e+01,4.333454688305693914e+00,0.000000000000000000e+00
1.231262132825535716e+01,4.481427669276142112e+00,0.000000000000000000e+00
1.204025906672768187e+01,4.621822428225836887e+00,0.000000000000000000e+00
1.176806022373438410e+01,4.754604957596233916e+00,0.000000000000000000e+00
1.149684923435076733e+01,4.880122965740576468e+00,0.000000000000000000e+00
1.122581506602515056e+01,4.998054883363135303e+00,0.000000000000000000e+00
1.095633218681295062e+01,5.109021604000981931e+00,0.000000000000000000e+00
1.068717065508116804e+01,5.212481408047850984e+00,0.000000000000000000e+00
1.041996114769587933e+01,5.309235387494227076e+00,0.000000000000000000e+00
1.015336416187640545e+01,5.398639487963330374e+00,0.000000000000000000e+00
9.888944144921996582e+00,5.481531248841125858e+00,0.000000000000000000e+00
9.625607213977588117e+00,5.557346916103563572e+00,0.000000000000000000e+00
9.364448688203021121e+00,5.626728435645492965e+00,0.000000000000000000e+00
9.105101517085158136e+00,5.689498884049637439e+00,0.000000000000000000e+00
8.847647847368156349e+00,5.745729694018489653e+00,0.000000000000000000e+00
8.592961196582784567e+00,5.796025511991577339e+00,0.000000000000000000e+00
8.339764617183201167e+00,5.839566051846292183e+00,0.000000000000000000e+00
8.089423465442900252e+00,5.877310174688772371e+00,0.000000000000000000e+00
7.842004216427734598e+00,5.909374038212308555e+00,0.000000000000000000e+00
7.596859620081199083e+00,5.935317227758721614e+00,0.000000000000000000e+00
7.354860825732168372e+00,5.955848863049356012e+00,0.000000000000000000e+00
7.121096425387755779e+00,5.975309384120712330e+00,0.000000000000000000e+00
6.895786992751602007e+00,5.994416179604606931e+00,0.000000000000000000e+00
6.677826562484183270e+00,6.012742043980299655e+00,0.000000000000000000e+00
6.466931113041085588e+00,6.030510823923830976e+00,0.000000000000000000e+00
6.262609248726873190e+00,6.047731452498503302e+00,0.000000000000000000e+00
6.064425535795000322e+00,6.064425535794999433e+00,0.000000000000000000e+00
5.872003384244075974e+00,6.080637507065552505e+00,0.000000000000000000e+00
5.684980078953967286e+00,6.096394753783884290e+00,0.000000000000000000e+00
5.503021862844629020e+00,6.111724950253902833e+00,0.000000000000000000e+00
5.325819178744541027e+00,6.126654125799463557e+00,0.000000000000000000e+00
5.153084813640510298e+00,6.141207339598742543e+00,0.000000000000000000e+00
4.984549959380466078e+00,6.155406571445842800e+00,0.000000000000000000e+00
4.819964241533144289e+00,6.169272898420207873e+00,0.000000000000000000e+00
4.659094041999375158e+00,6.182826621877775430e+00,0.000000000000000000e+00
4.501719452100451768e+00,6.196085264904459322e+00,0.000000000000000000e+00
4.347635735134899093e+00,6.209067309173693872e+00,0.000000000000000000e+00
4.196648810589230116e+00,6.221787725135009772e+00,0.000000000000000000e+00
4.048577868576222372e+00,6.234263213095645462e+00,0.000000000000000000e+00
3.903250648799990064e+00,6.246506788776506447e+00,0.000000000000000000e+00
3.760506305050518083e+00,6.258533486745334606e+00,0.000000000000000000e+00
3.620191055419764048e+00,6.270354841093426224e+00,0.000000000000000000e+00
3.482160754501690825e+00,6.281984292653022273e+00,0.000000000000000000e+00
3.346277358228052723e+00,6.293432388008705303e+00,0.000000000000000000e+00
3.212410642385966852e+00,6.304710874743246762e+00,0.000000000000000000e+00
3.080436058804066679e+00,6.315829885105363140e+00,0.000000000000000000e+00
2.950234960240606608e+00,6.326799289365222734e+00,0.000000000000000000e+00
2.821694341009130635e+00,6.337629254623930564e+00,0.000000000000000000e+00
2.694705290736354897e+00,6.348327834379021262e+00,0.000000000000000000e+00
2.569164445842426314e+00,6.358905144169153978e+00,0.000000000000000000e+00
2.444971384618789934e+00,6.369368217559670420e+00,0.000000000000000000e+00
2.322030450891140241e+00,6.379726231109439816e+00,0.000000000000000000e+00
2.200248806348291897e+00,6.389986516989952570e+00,0.000000000000000000e+00
2.079536864691345244e+00,6.400156373409594757e+00,0.000000000000000000e+00
1.959808262157084702e+00,6.410243986003352212e+00,0.000000000000000000e+00
1.840978540976318856e+00,6.420255154601977488e+00,0.000000000000000000e+00
1.722966351267061436e+00,6.430197962660239241e+00,0.000000000000000000e+00
1.605691906066081476e+00,6.440078481982664194e+00,0.000000000000000000e+00
1.489077468470473509e+00,6.449903129619984021e+00,0.000000000000000000e+00
1.373047187596720731e+00,6.459679140502240458e+00,0.000000000000000000e+00
1.257526223432432477e+00,6.469411582947294015e+00,0.000000000000000000e+00
1.142441493794003282e+00,6.479107673730825745e+00,0.000000000000000000e+00
1.027720702834933109e+00,6.488773144186956721e+00,0.000000000000000000e+00
9.132924631075126642e-01,6.498413539676880291e+00,0.000000000000000000e+00
7.990863219507601256e-01,6.508035831823029582e+00,0.000000000000000000e+00
6.850320733100673243e-01,6.517644808303704629e+00,0.000000000000000000e+00
5.710601175044284217e-01,6.527247011096657836e+00,0.000000000000000000e+00
4.571009716350659668e-01,6.536848440971809282e+00,0.000000000000000000e+00
3.430851185786491508e-01,6.546454043124628974e+00,0.000000000000000000e+00
2.289430389915936281e-01,6.556070851923677445e+00,0.000000000000000000e+00
1.146047880844464628e-01,6.565703912059303704e+00,0.000000000000000000e+00
4.026246356548234548e-16,6.575359294372001173e+00,0.000000000000000000e+00
-1.149423641688437775e-01,6.585043632981850692e+00,0.000000000000000000e+00
-2.302941567109619003e-01,6.594761801150608171e+00,0.000000000000000000e+00
-3.461282824041956863e-01,6.604521068043077037e+00,0.000000000000000000e+00
-4.625188116145664274e-01,6.614327162350928546e+00,0.000000000000000000e+00
-5.795411924909296131e-01,6.624186141776000625e+00,0.000000000000000000e+00
-6.972725827488899242e-01,6.634105476210023333e+00,0.000000000000000000e+00
-8.157917369192909662e-01,6.644090518549823798e+00,0.000000000000000000e+00
-9.351796781129301239e-01,6.654149166633757773e+00,0.000000000000000000e+00
-1.055519527342817732e+00,6.664288014529794246e+00,0.000000000000000000e+00
-1.176896883542848826e+00,6.674513899201302003e+00,0.000000000000000000e+00
-1.299400353294156263e+00,6.684835305892692148e+00,0.000000000000000000e+00
-1.423121132911199016e+00,6.695258531329123741e+00,0.000000000000000000e+00
-1.548154280028714025e+00,6.705792913614137873e+00,0.000000000000000000e+00
-1.674598026741049628e+00,6.716445836989748841e+00,0.000000000000000000e+00
-1.802554834450815546e+00,6.727226225599348020e+00,0.000000000000000000e+00
-1.932131536840330899e+00,6.738143428977506844e+00,0.000000000000000000e+00
-2.063439318032531666e+00,6.749205896469838706e+00,0.000000000000000000e+00
-2.196595171429735149e+00,6.760424796947950732e+00,0.000000000000000000e+00
-2.331720779411550204e+00,6.771808851269778273e+00,0.000000000000000000e+00
-2.468944942684137001e+00,6.783370479901354777e+00,0.000000000000000000e+00
-2.608402002377283146e+00,6.795119532718475241e+00,0.000000000000000000e+00
-2.750234533171449058e+00,6.807069336864157272e+00,0.000000000000000000e+00
-2.894591966247787695e+00,6.819231331779282534e+00,0.000000000000000000e+00
-3.041633155315949022e+00,6.831619919565939725e+00,0.000000000000000000e+00
-3.191525373343230054e+00,6.844248250116411469e+00,0.000000000000000000e+00
-3.344446875858920087e+00,6.857132277531418296e+00,0.000000000000000000e+00
-3.500586006295819175e+00,6.870286871380494986e+00,0.000000000000000000e+00
-3.660144233220474330e+00,6.883730126402508809e+00,0.000000000000000000e+00
-3.823334899606990245e+00,6.897478743286886704e+00,0.000000000000000000e+00
-3.990387225288167361e+00,6.911553416072905520e+00,0.000000000000000000e+00
-4.161544590247276965e+00,6.925973276435335890e+00,0.000000000000000000e+00
-4.337069166550499233e+00,6.940761542070055690e+00,0.000000000000000000e+00
-4.517241050619587917e+00,6.955941226954078793e+00,0.000000000000000000e+00
-4.702361480231216362e+00,6.971537590428596332e+00,0.000000000000000000e+00
-4.892755305063460014e+00,6.987578736403293078e+00,0.000000000000000000e+00
-5.088771533233150457e+00,7.004093135750482091e+00,0.000000000000000000e+00
-5.290788228891941891e+00,7.021113121441270977e+00,0.000000000000000000e+00
-5.499214392898655213e+00,7.038673445826375108e+00,0.000000000000000000e+00
-5.714492736047826149e+00,7.056810830785669175e+00,0.000000000000000000e+00
-5.937104760687216931e+00,7.075565928157176998e+00,0.000000000000000000e+00
-6.167574853786833344e+00,7.094983260967107519e+00,0.000000000000000000e+00
-6.406474658669330857e+00,7.115110931854239595e+00,0.000000000000000000e+00
-6.654428949487215306e+00,7.136001388512510424e+00,0.000000000000000000e+00
-6.912122367998728478e+00,7.157712244692543635e+00,0.000000000000000000e+00
-7.180307119266349680e+00,7.180307119266351457e+00,0.000000000000000000e+00
-7.459810242124778057e+00,7.203855013010736386e+00,0.000000000000000000e+00
-7.751548501207890851e+00,7.228435918304139562e+00,0.000000000000000000e+00
-8.056521528937901522e+00,7.254124567628307929e+00,0.000000000000000000e+00
-8.375887638732939067e+00,7.281048041789413894e+00,0.000000000000000000e+00
-8.710809940473463797e+00,7.309237408306671568e+00,0.000000000000000000e+00
-9.062556960893051183e+00,7.338713926851466951e+00,0.000000000000000000e+00
-9.423946059140552833e+00,7.362793600981139441e+00,0.000000000000000000e+00
-9.787635395234472568e+00,7.375512293008396725e+00,0.000000000000000000e+00
-1.015239764856112537e+01,7.376148652901283853e+00,0.000000000000000000e+00
-1.051740743505989784e+01,7.364367968451793089e+00,0.000000000000000000e+00
-1.087939222198760980e+01,7.338242711799896512e+00,0.000000000000000000e+00
-1.124153659560499996e+01,7.300339224393576743e+00,0.000000000000000000e+00
-1.160312189520468884e+01,7.250435258781482872e+00,0.000000000000000000e+00
-1.196396951751634674e+01,7.188678130321738635e+00,0.000000000000000000e+00
-1.232164642493786921e+01,7.113905880297267892e+00,0.000000000000000000e+00
-1.267623659086983068e+01,7.026552680675939300e+00,0.000000000000000000e+00
-1.302889024093388137e+01,6.927583825186746758e+00,0.000000000000000000e+00
-1.337908521223791425e+01,6.816984406589789991e+00,0.000000000000000000e+00
-1.372635793285192385e+01,6.694792086171413636e+00,0.000000000000000000e+00
-1.407034407727742042e+01,6.561109196110288977e+00,0.000000000000000000e+00
-1.440844950114016676e+01,6.415055028727073783e+00,0.000000000000000000e+00
-1.474270037264477473e+01,6.257905031111669736e+00,0.000000000000000000e+00
-1.507256449252507657e+01,6.089711345571905632e+00,0.000000000000000000e+00
-1.539772747153938681e+01,5.910633797600778117e+00,0.000000000000000000e+00
-1.571778675597960273e+01,5.720806527720112555e+00,0.000000000000000000e+00
-1.603238819489462230e+01,5.520393962481477068e+00,0.000000000000000000e+00
-1.634118735737187578e+01,5.309573632242281072e+00,0.000000000000000000e+00
-1.664386311844538469e+01,5.088539613306976683e+00,0.000000000000000000e+00
-1.694011748043242704e+01,4.857500521726131559e+00,0.000000000000000000e+00
-1.722967807182542899e+01,4.616678325193851684e+00,0.000000000000000000e+00
-1.751230248495756570e+01,4.366307403760139927e+00,0.000000000000000000e+00
-1.778777143722429699e+01,4.106630615866927236e+00,0.000000000000000000e+00
-1.805592310696828662e+01,3.837904933395481777e+00,0.000000000000000000e+00
-1.831654423959915334e+01,3.560375531627983481e+00,0.000000000000000000e+00
-1.856968461422342997e+01,3.274336420734452080e+00,0.000000000000000000e+00
-1.881484266466918243e+01,2.979978325237838011e+00,0.000000000000000000e+00
-1.904999900862627626e+01,2.677302761752071714e+00,0.000000000000000000e+00
-1.927669257928472035e+01,2.366880234007755046e+00,0.000000000000000000e+00
-1.949609044350544451e+01,2.049121676735108366e+00,0.000000000000000000e+00
-1.970682662023233434e+01,1.724123923341237985e+00,0.000000000000000000e+00
-1.990639992109539236e+01,1.391991083754752445e+00,0.000000000000000000e+00
-2.009707706355022339e+01,1.053243178980809214e+00,0.000000000000000000e+00
-2.027956612773186151e+01,7.081780541391738959e-01,0.000000000000000000e+00
-2.045191503288718238e+01,3.569895048054336217e-01,0.000000000000000000e+00
-2.061400742194712876e+01,2.524487820688733280e-15,0.000000000000000000e+00
-2.076622612871427265e+01,-3.624758253907495176e-01,0.000000000000000000e+00
-2.090825903198484070e+01,-7.301324941296936100e-01,0.000000000000000000e+00
-2.103978449793926231e+01,-1.102648382130747118e+00,0.000000000000000000e+00
-2.116084083412015815e+01,-1.479710137574066442e+00,0.000000000000000000e+00
-2.127152477560928290e+01,-1.861017273776631509e+00,0.000000000000000000e+00
-2.137177792001558529e+01,-2.246264374551098619e+00,0.000000000000000000e+00
-2.146145946103397861e+01,-2.635135876258550169e+00,0.000000000000000000e+00
-2.154043808044568564e+01,-3.027311147681017722e+00,0.000000000000000000e+00
-2.160860778312223829e+01,-3.422467249922231503e+00,0.000000000000000000e+00
-2.166588240074496952e+01,-3.820279628108032011e+00,0.000000000000000000e+00
-2.171218521282236580e+01,-4.220421273723809819e+00,0.000000000000000000e+00
-2.174744883036547094e+01,-4.622562948477222378e+00,0.000000000000000000e+00
-2.177161526145693315e+01,-5.026373433294265780e+00,0.000000000000000000e+00
-2.178463597054580347e+01,-5.431519779201895659e+00,0.000000000000000000e+00
-2.178647193141565808e+01,-5.837667559946137175e+00,0.000000000000000000e+00
-2.177708823309566100e+01,-6.244479566102608459e+00,0.000000000000000000e+00
-2.175645298534158911e+01,-6.651615197331780749e+00,0.000000000000000000e+00
-2.172459834347640850e+01,-7.058749894544261494e+00,0.000000000000000000e+00
-2.168157996504955420e+01,-7.465566681714538966e+00,0.000000000000000000e+00
-2.162746174392461285e+01,-7.871752317519568720e+00,0.000000000000000000e+00
-2.156231565332810618e+01,-8.276997491393840889e+00,0.000000000000000000e+00
-2.148622158457211029e+01,-8.680997014272550771e+00,0.000000000000000000e+00
-2.139926718160889862e+01,-9.083450003933659644e+00,0.000000000000000000e+00
-2.130153846197453760e+01,-9.484055964474128686e+00,0.000000000000000000e+00
-2.119303368825456246e+01,-9.882473908369972193e+00,0.000000000000000000e+00
-2.107370547794493376e+01,-1.027833292343264660e+01,0.000000000000000000e+00
-2.094351873671392639e+01,-1.067125579831913917e+01,0.000000000000000000e+00
-2.080254225259772838e+01,-1.106090791824263952e+01,0.000000000000000000e+00
-2.065108261526284750e+01,-1.144708201593911312e+01,0.000000000000000000e+00
-2.048947858332953587e+01,-1.182960597564038530e+01,0.000000000000000000e+00
-2.031792661947770640e+01,-1.220824196593591893e+01,0.000000000000000000e+00
-2.013645363920719689e+01,-1.258265273528361305e+01,0.000000000000000000e+00
-1.994487303229420050e+01,-1.295235199253211356e+01,0.000000000000000000e+00
-1.974235665825471031e+01,-1.331638770853358622e+01,0.000000000000000000e+00
-1.952818459299054865e+01,-1.367378205956268467e+01,0.000000000000000000e+00
-1.930237881452077175e+01,-1.402399910041904008e+01,0.000000000000000000e+00
-1.906538356317103933e+01,-1.436679700079076660e+01,0.000000000000000000e+00
-1.881818892815372024e+01,-1.470238052645433591e+01,0.000000000000000000e+00
-1.856063043893841780e+01,-1.503010217548557392e+01,0.000000000000000000e+00
-1.829172570373766504e+01,-1.534858029160224469e+01,0.000000000000000000e+00
-1.801327838792204261e+01,-1.565870400721229494e+01,0.000000000000000000e+00
-1.772573066248425988e+01,-1.596031957663505985e+01,0.000000000000000000e+00
-1.742729291989357776e+01,-1.625121355834081882e+01,0.000000000000000000e+00
-1.711986228337080718e+01,-1.653245883329419286e+01,0.000000000000000000e+00
-1.680459778684689454e+01,-1.680459778684689098e+01,0.000000000000000000e+00
-1.648088488826887144e+01,-1.706645589989530976e+01,0.000000000000000000e+00
-1.614803600830271790e+01,-1.731664854365568829e+01,0.000000000000000000e+00
-1.580736868506702919e+01,-1.755586148815451608e+01,0.000000000000000000e+00
-1.545952713541261758e+01,-1.778415160715457333e+01,0.000000000000000000e+00
-1.510477768356606454e+01,-1.800117306972670050e+01,0.000000000000000000e+00
-1.474344350053009656e+01,-1.820663645633981886e+01,0.000000000000000000e+00
-1.437585829084038735e+01,-1.840025952495465944e+01,0.000000000000000000e+00
-1.400237216432686083e+01,-1.858177547107173311e+01,0.000000000000000000e+00
-1.362336618527835164e+01,-1.875095491337545539e+01,0.000000000000000000e+00
-1.323921217898664793e+01,-1.890755448425569440e+01,0.000000000000000000e+00
-1.285008138042963743e+01,-1.905102909683727219e+01,0.000000000000000000e+00
-1.245662222571800548e+01,-1.918151613285719392e+01,0.000000000000000000e+00
-1.205933855372448882e+01,-1.929897588492125848e+01,0.000000000000000000e+00
-1.165864896568347575e+01,-1.940325026551408527e+01,0.000000000000000000e+00
-1.125497894582963099e+01,-1.949419537229490018e+01,0.000000000000000000e+00
-1.084876071589583724e+01,-1.957168241698870048e+01,0.000000000000000000e+00
-1.044043189123472004e+01,-1.963559656749099602e+01,0.000000000000000000e+00
-1.003043473021530652e+01,-1.968583657630426842e+01,0.000000000000000000e+00
-9.619215372017761112e+00,-1.972231423022661545e+01,0.000000000000000000e+00
-9.207223232556364323e+00,-1.974495394089348466e+01,0.000000000000000000e+00
-8.794910502830115107e+00,-1.975369241255286568e+01,0.000000000000000000e+00
-8.382731752271245895e+00,-1.974847843065410302e+01,0.000000000000000000e+00
-7.971143623277070489e+00,-1.972927278866620071e+01,0.000000000000000000e+00
-7.560604605410526702e+00,-1.969604838002852532e+01,0.000000000000000000e+00
-7.151574874912614455e+00,-1.964879048236138104e+01,0.000000000000000000e+00
-6.744516184181180485e+00,-1.958749726675961966e+01,0.000000000000000000e+00
-6.339891781316938868e+00,-1.951218056283182278e+01,0.000000000000000000e+00
-5.938166344241882832e+00,-1.942286693605793246e+01,0.000000000000000000e+00
-5.539805864667574298e+00,-1.931959898851629731e+01,0.000000000000000000e+00
-5.145277707305887738e+00,-1.920243782271709065e+01,0.000000000000000000e+00
-4.755049309964122450e+00,-1.907146111042687409e+01,0.000000000000000000e+00
-4.369593399631770403e+00,-1.892678839093627374e+01,0.000000000000000000e+00
-3.989361563304848257e+00,-1.876847052831998397e+01,0.000000000000000000e+00
-3.615134576104801933e+00,-1.859825510177301666e+01,0.000000000000000000e+00
-3.248847198366863864e+00,-1.842512805081392457e+01,0.000000000000000000e+00
-2.891387306227100051e+00,-1.825550098420352541e+01,0.000000000000000000e+00
-2.542395142037960465e+00,-1.809008141599366937e+01,0.000000000000000000e+00
-2.201325553360597986e+00,-1.792835790732162948e+01,0.000000000000000000e+00
-1.867722176503742171e+00,-1.777018948649046948e+01,0.000000000000000000e+00
-1.541143395261492577e+00,-1.761534961389404330e+01,0.000000000000000000e+00
-1.221176943734213705e+00,-1.746364391273439765e+01,0.000000000000000000e+00
-9.074349504078629280e-01,-1.731489032395414540e+01,0.000000000000000000e+00
-5.995516982385395988e-01,-1.716891428696067123e+01,0.000000000000000000e+00
-2.971821223620160768e-01,-1.702555238746757027e+01,0.000000000000000000e+00
-3.101659866832918728e-15,-1.688464989248282677e+01,0.000000000000000000e+00
2.923035751723096487e-01,-1.674606060615579040e+01,0.000000000000000000e+00
5.800216038942456187e-01,-1.660964555867841952e+01,0.000000000000000000e+00
8.634324403129391978e-01,-1.647527241422988453e+01,0.000000000000000000e+00
1.142801013702899438e+00,-1.634281589479725838e+01,0.000000000000000000e+00
1.418379894303260835e+00,-1.621215637707143031e+01,0.000000000000000000e+00
1.690410237666595705e+00,-1.608317907830908311e+01,0.000000000000000000e+00
1.959122808612649758e+00,-1.595577484828795889e+01,0.000000000000000000e+00
2.224738789955369000e+00,-1.582983902626211226e+01,0.000000000000000000e+00
2.487470471891556123e+00,-1.570527045961477697e+01,0.000000000000000000e+00
2.747522186467241223e+00,-1.558197262510799597e+01,0.000000000000000000e+00
3.005090858812893284e+00,-1.545985224606158681e+01,0.000000000000000000e+00
3.260366566781371489e+00,-1.533881871801659713e+01,0.000000000000000000e+00
3.513533428653924151e+00,-1.521878527970536688e+01,0.000000000000000000e+00
3.764769842297289504e+00,-1.509966710263673662e+01,0.000000000000000000e+00
4.014249163810317711e+00,-1.498138183358096498e+01,0.000000000000000000e+00
4.262140353036828699e+00,-1.486384982885781270e+01,0.000000000000000000e+00
4.508608057215393039e+00,-1.474699246966166299e+01,0.000000000000000000e+00
4.753813544877052877e+00,-1.463073368586884904e+01,0.000000000000000000e+00
4.997914800114559242e+00,-1.451499852818970737e+01,0.000000000000000000e+00
5.241066961286360737e+00,-1.439971312998395625e+01,0.000000000000000000e+00
5.483423063263352937e+00,-1.428480545919718381e+01,0.000000000000000000e+00
5.725133838115817220e+00,-1.417020349676924340e+01,0.000000000000000000e+00
5.966348731125393101e+00,-1.405583677355131478e+01,0.000000000000000000e+00
6.207215824161716355e+00,-1.394163500462736671e+01,0.000000000000000000e+00
6.447882276196708951e+00,-1.382752816393476003e+01,0.000000000000000000e+00
6.688495035893136986e+00,-1.371344706647575151e+01,0.000000000000000000e+00
6.929200512757283548e+00,-1.359932172108912773e+01,0.000000000000000000e+00
7.170145753056314852e+00,-1.348508287816362916e+01,0.000000000000000000e+00
7.411478124510153087e+00,-1.337066047376582212e+01,0.000000000000000000e+00
7.653345956457877186e+00,-1.325598404448686374e+01,0.000000000000000000e+00
7.895899143110155727e+00,-1.314098293858726940e+01,0.000000000000000000e+00
8.139288812080186730e+00,-1.302558492780944732e+01,0.000000000000000000e+00
8.383668668443844396e+00,-1.290971765076674771e+01,0.000000000000000000e+00
8.629194524355346729e+00,-1.279330699151311634e+01,0.000000000000000000e+00
8.876025114413740980e+00,-1.267627757494293483e+01,0.000000000000000000e+00
9.124322748497327495e+00,-1.255855286757557643e+01,0.000000000000000000e+00
9.374252943464233212e+00,-1.244005382518411018e+01,0.000000000000000000e+00
9.625985950313225459e+00,-1.232070016871154650e+01,0.000000000000000000e+00
9.879696423644601211e+00,-1.220040902098823032e+01,0.000000000000000000e+00
1.013556404045227133e+01,-1.207909485817768491e+01,0.000000000000000000e+00
1.039377470386439128e+01,-1.195667005109850933e+01,0.000000000000000000e+00
1.065452008607828205e+01,-1.183304334709756134e+01,0.000000000000000000e+00
1.091799902935952460e+01,-1.170812053516502438e+01,0.000000000000000000e+00
1.118441800682220588e+01,-1.158180388816951378e+01,0.000000000000000000e+00
1.145399141401837184e+01,-1.145399141401837717e+01,0.000000000000000000e+00
1.172694359227071281e+01,-1.132457778985158292e+01,0.000000000000000000e+00
1.200350620714981709e+01,-1.119345062471426289e+01,0.000000000000000000e+00
1.228392447794457532e+01,-1.106049527979052627e+01,0.000000000000000000e+00
1.256846254814583652e+01,-1.092559780784311663e+01,0.000000000000000000e+00
1.285735573812297972e+01,-1.078860245777408622e+01,0.000000000000000000e+00
1.315093420494077847e+01,-1.064941654075912858e+01,0.000000000000000000e+00
1.344955641665408486e+01,-1.050794511122304442e+01,0.000000000000000000e+00
1.375299875678309292e+01,-1.036362791423259289e+01,0.000000000000000000e+00
1.406314132692927643e+01,-1.021747025136386888e+01,0.000000000000000000e+00
1.437696879203982370e+01,-1.006686192479203790e+01,0.000000000000000000e+00
1.468172038711982452e+01,-9.902945443011423876e+00,0.000000000000000000e+00
1.497776645088437064e+01,-9.726675262343237094e+00,0.000000000000000000e+00
1.526518719870693275e+01,-9.538747631630585033e+00,0.000000000000000000e+00
1.554195752510227280e+01,-9.338550219433010113e+00,0.000000000000000000e+00
1.580836284139425274e+01,-9.126962541926259220e+00,0.000000000000000000e+00
1.606382287096560191e+01,-8.904322418310233189e+00,0.000000000000000000e+00
1.630762554039180756e+01,-8.670918307829941440e+00,0.000000000000000000e+00
1.654007976673663549e+01,-8.427591577820194857e+00,0.000000000000000000e+00
1.676093873107839372e+01,-8.174856034102660374e+00,0.000000000000000000e+00
1.696933720458703831e+01,-7.912931892313484816e+00,0.000000000000000000e+00
1.716494005872049655e+01,-7.642323695743953316e+00,0.000000000000000000e+00
1.734774065178141456e+01,-7.363679024816825347e+00,0.000000000000000000e+00
1.751750618093036138e+01,-7.077531908325330967e+00,0.000000000000000000e+00
1.767384606023211546e+01,-6.784353863275496721e+00,0.000000000000000000e+00
1.781643096700599216e+01,-6.484650552848790994e+00,0.000000000000000000e+00
1.794504975468800723e+01,-6.178976152396032262e+00,0.000000000000000000e+00
1.805952169628837822e+01,-5.867894303669606515e+00,0.000000000000000000e+00
1.815967203757504578e+01,-5.551968907113588259e+00,0.000000000000000000e+00
1.824531132213454399e+01,-5.231758833355028671e+00,0.000000000000000000e+00
1.831626252545804334e+01,-4.907827752052916992e+00,0.000000000000000000e+00
1.837236650465976950e+01,-4.580745448109770912e+00,0.000000000000000000e+00
1.841348218371726375e+01,-4.251087324077595930e+00,0.000000000000000000e+00
1.843948672601177563e+01,-3.919433897441087389e+00,0.000000000000000000e+00
1.845027569403622181e+01,-3.586370293082891347e+00,0.000000000000000000e+00
1.844584834266215978e+01,-3.252500744867879323e+00,0.000000000000000000e+00
1.842639355201487206e+01,-2.918454029935524385e+00,0.000000000000000000e+00
1.839151880818674556e+01,-2.584759404747305478e+00,0.000000000000000000e+00
1.834067421264249020e+01,-2.251951629862545712e+00,0.000000000000000000e+00
1.827375178172961512e+01,-1.920648706453482957e+00,0.000000000000000000e+00
1.819246804040401599e+01,-1.591634715093035668e+00,0.000000000000000000e+00
1.809681529760764818e+01,-1.265452600092242585e+00,0.000000000000000000e+00
1.798539796059844420e+01,-9.425747666367123578e-01,0.000000000000000000e+00
1.785865476333352575e+01,-6.236379664230700115e-01,0.000000000000000000e+00
1.771827101236771540e+01,-3.092735709366505326e-01,0.000000000000000000e+00
1.756198172299632887e+01,-4.301444940750354866e-15,0.000000000000000000e+00
