1.875815275437220109e+01,0.000000000000000000e+00,0.000000000000000000e+00
1.838259988788533761e+01,3.208694745924838276e-01,0.000000000000000000e+00
1.802083992505540166e+01,6.293015970705440054e-01,0.000000000000000000e+00
1.767279080797561619e+01,9.261917199797454758e-01,0.000000000000000000e+00
1.733565910148498190e+01,1.212227373906345385e+00,0.000000000000000000e+00
1.699815030010276828e+01,1.487145452168775250e+00,0.000000000000000000e+00
1.665990573731825108e+01,1.751026652119090476e+00,0.000000000000000000e+00
1.632108013502963217e+01,2.003976657840732312e+00,0.000000000000000000e+00
1.598197790282451791e+01,2.246120514658132894e+00,0.000000000000000000e+00
1.564286368902257074e+01,2.477586210458851301e+00,0.000000000000000000e+00
1.530395527881661977e+01,2.698500227211108715e+00,0.000000000000000000e+00
1.496555805171639797e+01,2.909009800511105137e+00,0.000000000000000000e+00
1.462666047056775120e+01,3.108992658338708193e+00,0.000000000000000000e+00
1.428864316898835440e+01,3.298793202062975105e+00,0.000000000000000000e+00
1.395183877749232337e+01,3.478584098382204726e+00,0.000000000000000000e+00
1.361647912602333754e+01,3.648524585573192702e+00,0.000000000000000000e+00
1.328276249024685640e+01,3.808770854208458623e+00,0.000000000000000000e+00
1.295088858775901564e+01,3.959483993430751525e+00,0.000000000000000000e+00
1.262104796563031250e+01,4.100827071133541502e+00,0.000000000000000000e+00
1.229342572754772789e+01,4.232965939920274145e+00,0.000000000000000000e+00
1.196820144416685672e+01,4.356069083378511841e+00,0.000000000000000000e+00
1.164554950279469558e+01,4.470307622347452714e+00,0.000000000000000000e+00
1.132564081389098298e+01,4.575855913200987501e+00,0.000000000000000000e+00
1.100863981868108077e+01,4.672890363752387088e+00,0.000000000000000000e+00
1.069471388061055528e+01,4.761593400815189447e+00,0.000000000000000000e+00
1.038401292903313866e+01,4.842144751188670604e+00,0.000000000000000000e+00
1.007671492608111663e+01,4.914742255137795723e+00,0.000000000000000000e+00
9.773021565214694562e+00,4.979603205934763466e+00,0.000000000000000000e+00
9.480191738782682620e+00,5.040707361469985770e+00,0.000000000000000000e+00
9.199387926745668409e+00,5.099303995620445562e+00,0.000000000000000000e+00
8.929718726443621080e+00,5.155575510499866176e+00,0.000000000000000000e+00
8.670383007157855815e+00,5.209691700886909693e+00,0.000000000000000000e+00
8.420647085685454059e+00,5.261804287089435483e+00,0.000000000000000000e+00
8.179844441111884024e+00,5.312053091232503910e+00,0.000000000000000000e+00
7.947364560336343864e+00,5.360565082398531800e+00,0.000000000000000000e+00
7.722648484164082561e+00,5.407456683555478705e+00,0.000000000000000000e+00
7.505183867883978621e+00,5.452835260517478133e+00,0.000000000000000000e+00
7.294499156381578864e+00,5.496799382762754149e+00,0.000000000000000000e+00
7.090158866674693527e+00,5.539439212182093897e+00,0.000000000000000000e+00
6.891761988506967640e+00,5.580838818873214535e+00,0.000000000000000000e+00
6.698937597103135744e+00,5.621076067008854871e+00,0.000000000000000000e+00
6.511340480836289579e+00,5.660221925396918152e+00,0.000000000000000000e+00
6.328652014454181796e+00,5.698343868768216858e+00,0.000000000000000000e+00
6.150574620327023290e+00,5.735503621870368995e+00,0.000000000000000000e+00
5.976831078620945092e+00,5.771758681542302760e+00,0.000000000000000000e+00
5.807163751699688348e+00,5.807163751699687460e+00,0.000000000000000000e+00
5.641329910450876284e+00,5.841768132365320554e+00,0.000000000000000000e+00
5.479104585208041556e+00,5.875620316129870346e+00,0.000000000000000000e+00
5.320274322337366968e+00,5.908763244712282869e+00,0.000000000000000000e+00
5.164641008688019674e+00,5.941239851032745101e+00,0.000000000000000000e+00
5.012015898276274584e+00,5.973087952910046461e+00,0.000000000000000000e+00
4.862223336406711560e+00,6.004345772567017292e+00,0.000000000000000000e+00
4.715095298673852575e+00,6.035046772530523462e+00,0.000000000000000000e+00
4.570475089518279965e+00,6.065225299890313337e+00,0.000000000000000000e+00
4.428212106763242950e+00,6.094911083760494286e+00,0.000000000000000000e+00
4.288165617746158453e+00,6.124135179564245135e+00,0.000000000000000000e+00
4.150199864092470214e+00,6.152924330030377753e+00,0.000000000000000000e+00
4.014187368214117591e+00,6.181306486499988040e+00,0.000000000000000000e+00
3.880005230363259283e+00,6.209306343010199569e+00,0.000000000000000000e+00
3.747536833091794861e+00,6.236948660667509969e+00,0.000000000000000000e+00
3.616670439661028968e+00,6.264256955725370446e+00,0.000000000000000000e+00
3.487298406951366836e+00,6.291252863022224417e+00,0.000000000000000000e+00
3.359318409896872026e+00,6.317959039018202994e+00,0.000000000000000000e+00
3.232630606604210755e+00,6.344394788938910068e+00,0.000000000000000000e+00
3.107140091361489276e+00,6.370581265643505908e+00,0.000000000000000000e+00
2.982754210572767128e+00,6.396537046752324152e+00,0.000000000000000000e+00
2.859383617279027234e+00,6.422280755107953709e+00,0.000000000000000000e+00
2.736941963814598200e+00,6.447831200574925425e+00,0.000000000000000000e+00
2.615344480370433988e+00,6.473204740519736156e+00,0.000000000000000000e+00
2.494509619175406812e+00,6.498419730687349904e+00,0.000000000000000000e+00
2.374356968984379979e+00,6.523492158009300823e+00,0.000000000000000000e+00
2.254808150714668447e+00,6.548438358377643098e+00,0.000000000000000000e+00
2.135786558533624202e+00,6.573275130119125009e+00,0.000000000000000000e+00
2.017216242481131072e+00,6.598017028768146552e+00,0.000000000000000000e+00
1.899023123461063278e+00,6.622680669945990140e+00,0.000000000000000000e+00
1.781133569320921595e+00,6.647280975772182465e+00,0.000000000000000000e+00
1.663474725388490505e+00,6.671832712006928290e+00,0.000000000000000000e+00
1.545974663521479497e+00,6.696351957297856927e+00,0.000000000000000000e+00
1.428561307474943032e+00,6.720852540382519891e+00,0.000000000000000000e+00
1.311163243417071245e+00,6.745350129513948190e+00,0.000000000000000000e+00
1.193708930728112794e+00,6.769859756753639601e+00,0.000000000000000000e+00
1.076126525642543630e+00,6.794395481257598846e+00,0.000000000000000000e+00
9.583442328795066523e-01,6.818973538252350863e+00,0.000000000000000000e+00
8.402894193844265835e-01,6.843608131228399394e+00,0.000000000000000000e+00
7.218889691999967884e-01,6.868314748451831875e+00,0.000000000000000000e+00
6.030689330077330101e-01,6.893109446448868027e+00,0.000000000000000000e+00
4.837541511574958153e-01,6.918006666002306737e+00,0.000000000000000000e+00
3.638684462295000976e-01,6.943023558856356914e+00,0.000000000000000000e+00
2.433340568337027943e-01,6.968175683849272772e+00,0.000000000000000000e+00
1.220716375422224304e-01,6.993479430997949109e+00,0.000000000000000000e+00
4.297868962201398350e-16,7.018952673038040935e+00,0.000000000000000000e+00
-1.229641495732105710e-01,7.044611411008211199e+00,0.000000000000000000e+00
-2.469064203848207184e-01,7.070474791317811203e+00,0.000000000000000000e+00
-3.719149778757667724e-01,7.096560529060948141e+00,0.000000000000000000e+00
-4.980808152399620603e-01,7.122887507617690517e+00,0.000000000000000000e+00
-6.254981207088620154e-01,7.149476234981214873e+00,0.000000000000000000e+00
-7.542643207098772562e-01,7.176345642050409701e+00,0.000000000000000000e+00
-8.844808480604333667e-01,7.203518435512937579e+00,0.000000000000000000e+00
-1.016252922743328568e+00,7.231015276772343014e+00,0.000000000000000000e+00
-1.149690466617622198e+00,7.258859925014460757e+00,0.000000000000000000e+00
-1.284908124294619203e+00,7.287076085191167785e+00,0.000000000000000000e+00
-1.422025771080505319e+00,7.315688391425490877e+00,0.000000000000000000e+00
-1.561169278779185099e+00,7.344723994937325529e+00,0.000000000000000000e+00
-1.702470314694644493e+00,7.374209094784813345e+00,0.000000000000000000e+00
-1.846067976261431376e+00,7.404174241200449202e+00,0.000000000000000000e+00
-1.992107976514416068e+00,7.434648182515027237e+00,0.000000000000000000e+00
-2.140744960398189178e+00,7.465664895472282403e+00,0.000000000000000000e+00
-2.292141361029807367e+00,7.497256572660150553e+00,0.000000000000000000e+00
-2.446470181432909730e+00,7.529461001586224889e+00,0.000000000000000000e+00
-2.603913720188050451e+00,7.562314550699460902e+00,0.000000000000000000e+00
-2.764666770612338009e+00,7.595859524573930877e+00,0.000000000000000000e+00
-2.928935282259676143e+00,7.630137275010535625e+00,0.000000000000000000e+00
-3.096939957069539506e+00,7.665195373562443848e+00,0.000000000000000000e+00
-3.268915125131863775e+00,7.701081431218955053e+00,0.000000000000000000e+00
-3.445112255911260579e+00,7.737848817004807422e+00,0.000000000000000000e+00
-3.625800048816232746e+00,7.775553297070310066e+00,0.000000000000000000e+00
-3.811266632989299907e+00,7.814254618900949190e+00,0.000000000000000000e+00
-4.001822286748046409e+00,7.854018461136362816e+00,0.000000000000000000e+00
-4.197799786109259301e+00,7.894913153960861685e+00,0.000000000000000000e+00
-4.399558956507674701e+00,7.937014459671959621e+00,0.000000000000000000e+00
-4.607488174700836936e+00,7.980403613854640810e+00,0.000000000000000000e+00
-4.822007059442258381e+00,8.025167412779104836e+00,0.000000000000000000e+00
-5.043571374676398378e+00,8.071401420577680952e+00,0.000000000000000000e+00
-5.272676085903343690e+00,8.119209170225566652e+00,0.000000000000000000e+00
-5.509859551650158949e+00,8.168702713263636284e+00,0.000000000000000000e+00
-5.755709021600456055e+00,8.220004366586303846e+00,0.000000000000000000e+00
-6.010866802296718880e+00,8.273248393041580329e+00,0.000000000000000000e+00
-6.276036450391016430e+00,8.328581671792335328e+00,0.000000000000000000e+00
-6.551990536242033869e+00,8.386165461071234617e+00,0.000000000000000000e+00
-6.839579186079163264e+00,8.446176888785483783e+00,0.000000000000000000e+00
-7.139741518282872512e+00,8.508812604607651764e+00,0.000000000000000000e+00
-7.453513427482583609e+00,8.574286369773544081e+00,0.000000000000000000e+00
-7.782056791370886017e+00,8.642849663608020094e+00,0.000000000000000000e+00
-8.126613950020367128e+00,8.714726518451934467e+00,0.000000000000000000e+00
-8.488760352012656440e+00,8.790368671012616986e+00,0.000000000000000000e+00
-8.869833042813150215e+00,8.869833042813151991e+00,0.000000000000000000e+00
-9.270224798523667431e+00,8.952152027872472217e+00,0.000000000000000000e+00
-9.676576501490348647e+00,9.023553569804947827e+00,0.000000000000000000e+00
-1.008421144521640933e+01,9.079864768827427213e+00,0.000000000000000000e+00
-1.048955959076811517e+01,9.118435037787728348e+00,0.000000000000000000e+00
-1.089388896550834751e+01,9.141058213044297887e+00,0.000000000000000000e+00
-1.129559206227366275e+01,9.146990097513480578e+00,0.000000000000000000e+00
-1.169469261448618091e+01,9.136895246112318958e+00,0.000000000000000000e+00
-1.209019523837736543e+01,9.110615588412779076e+00,0.000000000000000000e+00
-1.248244842970752266e+01,9.069029637816253597e+00,0.000000000000000000e+00
-1.286930407357156270e+01,9.011183723827739911e+00,0.000000000000000000e+00
-1.325246245429548964e+01,8.938898794556797256e+00,0.000000000000000000e+00
-1.362961406695212574e+01,8.851174867430311011e+00,0.000000000000000000e+00
-1.400058221913251977e+01,8.748534737622593482e+00,0.000000000000000000e+00
-1.436571554348065760e+01,8.631792734229637887e+00,0.000000000000000000e+00
-1.472428160520071039e+01,8.501067948386483053e+00,0.000000000000000000e+00
-1.507559466947231286e+01,8.356538581321618864e+00,0.000000000000000000e+00
-1.541910714635882584e+01,8.198484697517903541e+00,0.000000000000000000e+00
-1.575437516197637144e+01,8.027255085909876797e+00,0.000000000000000000e+00
-1.608107005467019945e+01,7.843261924673251784e+00,0.000000000000000000e+00
-1.639908037984105249e+01,7.647016767819265759e+00,0.000000000000000000e+00
-1.670843368441257226e+01,7.439073962875876411e+00,0.000000000000000000e+00
-1.700723483970432781e+01,7.219142882817089379e+00,0.000000000000000000e+00
-1.729633411940500309e+01,6.988172595047058344e+00,0.000000000000000000e+00
-1.757508239301976616e+01,6.746442043464456972e+00,0.000000000000000000e+00
-1.784381793697977159e+01,6.494618594725994676e+00,0.000000000000000000e+00
-1.810016778993869480e+01,6.232387575252073653e+00,0.000000000000000000e+00
-1.834565475192487582e+01,5.960864569189206819e+00,0.000000000000000000e+00
-1.857973163175579501e+01,5.680394013095733996e+00,0.000000000000000000e+00
-1.880194707267087040e+01,5.391371566369707935e+00,0.000000000000000000e+00
-1.901233943118893421e+01,5.094340996813471634e+00,0.000000000000000000e+00
-1.921125052065313099e+01,4.789902724434460524e+00,0.000000000000000000e+00
-1.939485769266206105e+01,4.477655712642598651e+00,0.000000000000000000e+00
-1.956804875144152334e+01,4.159317161197779278e+00,0.000000000000000000e+00
-1.972629402880994220e+01,3.834403131461610492e+00,0.000000000000000000e+00
-1.987318884992631851e+01,3.504179386956637554e+00,0.000000000000000000e+00
-2.000682549142414146e+01,3.168769858129881101e+00,0.000000000000000000e+00
-2.012562997566384837e+01,2.828472835691274057e+00,0.000000000000000000e+00
-2.023109093224220700e+01,2.484065616702095802e+00,0.000000000000000000e+00
-2.032158399573746266e+01,2.135884545259200795e+00,0.000000000000000000e+00
-2.039926872846298878e+01,1.784704757959411747e+00,0.000000000000000000e+00
-2.046417387005332600e+01,1.430994437790523488e+00,0.000000000000000000e+00
-2.051441124083911305e+01,1.075114736431435292e+00,0.000000000000000000e+00
-2.054984595559598404e+01,7.176164337062861387e-01,0.000000000000000000e+00
-2.057078851402409114e+01,3.590644491369215374e-01,0.000000000000000000e+00
-2.057756725282234811e+01,2.520025187040828253e-15,0.000000000000000000e+00
-2.057039862313843415e+01,-3.590576435661923527e-01,0.000000000000000000e+00
-2.054906704504474391e+01,-7.175892335504756581e-01,0.000000000000000000e+00
-2.051351064550608072e+01,-1.075067538229993236e+00,0.000000000000000000e+00
-2.046375057919334850e+01,-1.430964838410145878e+00,0.000000000000000000e+00
-2.039982457073907796e+01,-1.784753387857263451e+00,0.000000000000000000e+00
-2.032178693485024468e+01,-2.135905875019441957e+00,0.000000000000000000e+00
-2.022970858456577403e+01,-2.483895885749633603e+00,0.000000000000000000e+00
-2.012367800136385299e+01,-2.828198503593829738e+00,0.000000000000000000e+00
-2.000399177284975494e+01,-3.168321041199434251e+00,0.000000000000000000e+00
-1.987138006419307956e+01,-3.503860449229551310e+00,0.000000000000000000e+00
-1.972663681183779616e+01,-3.834469761732526738e+00,0.000000000000000000e+00
-1.957104359600956656e+01,-4.159953735061893809e+00,0.000000000000000000e+00
-1.940794888292257880e+01,-4.480678052057728955e+00,0.000000000000000000e+00
-1.924118092974437033e+01,-4.797365213557454489e+00,0.000000000000000000e+00
-1.907265888200958059e+01,-5.110503544948737265e+00,0.000000000000000000e+00
-1.890151001652780849e+01,-5.419920781113235719e+00,0.000000000000000000e+00
-1.872681512856936337e+01,-5.725361950807854150e+00,0.000000000000000000e+00
-1.854870807375380082e+01,-6.026840592836949284e+00,0.000000000000000000e+00
-1.836771103545317629e+01,-6.324510102431839975e+00,0.000000000000000000e+00
-1.818404283424401768e+01,-6.618450330286451688e+00,0.000000000000000000e+00
-1.799759551802374347e+01,-6.908629636483913039e+00,0.000000000000000000e+00
-1.780829010058347706e+01,-7.195016237916326496e+00,0.000000000000000000e+00
-1.761615677170184568e+01,-7.477614907987720549e+00,0.000000000000000000e+00
-1.742125519808149647e+01,-7.756442548266316628e+00,0.000000000000000000e+00
-1.722371117546046548e+01,-8.031548422967043521e+00,0.000000000000000000e+00
-1.702365706982358162e+01,-8.302992329522574266e+00,0.000000000000000000e+00
-1.682114590072310989e+01,-8.570801926077299626e+00,0.000000000000000000e+00
-1.661619556273252485e+01,-8.834987899036496728e+00,0.000000000000000000e+00
-1.640884471104712006e+01,-9.095571147216309882e+00,0.000000000000000000e+00
-1.619914333608951296e+01,-9.352579765732615513e+00,0.000000000000000000e+00
-1.598713521705417939e+01,-9.606039962996485215e+00,0.000000000000000000e+00
-1.577285950989594809e+01,-9.855976499705549898e+00,0.000000000000000000e+00
-1.555635790843154709e+01,-1.010241694823358927e+01,0.000000000000000000e+00
-1.533767248393321658e+01,-1.034539071895268592e+01,0.000000000000000000e+00
-1.511683593789173941e+01,-1.058492247759123650e+01,0.000000000000000000e+00
-1.489387825245360375e+01,-1.082103595734170476e+01,0.000000000000000000e+00
-1.466885908583711107e+01,-1.105377817451971900e+01,0.000000000000000000e+00
-1.444182902028799198e+01,-1.128319343401858355e+01,0.000000000000000000e+00
-1.421270596211358139e+01,-1.150922235661506399e+01,0.000000000000000000e+00
-1.398141698045550108e+01,-1.173180183163596979e+01,0.000000000000000000e+00
-1.374809895977432284e+01,-1.195104009591688410e+01,0.000000000000000000e+00
-1.351287836323796654e+01,-1.216705032836424039e+01,0.000000000000000000e+00
-1.327575262629668451e+01,-1.237983960385333759e+01,0.000000000000000000e+00
-1.303673444770566547e+01,-1.258942811629006364e+01,0.000000000000000000e+00
-1.279587438803939570e+01,-1.279587438803939214e+01,0.000000000000000000e+00
-1.255315012425193899e+01,-1.299916748722672821e+01,0.000000000000000000e+00
-1.230849411428585682e+01,-1.319924395568310693e+01,0.000000000000000000e+00
-1.206188520848638390e+01,-1.339608066497809880e+01,0.000000000000000000e+00
-1.181335512022485190e+01,-1.358971051358920690e+01,0.000000000000000000e+00
-1.156302434921774136e+01,-1.378027580943456520e+01,0.000000000000000000e+00
-1.131095031568081311e+01,-1.396786038254349194e+01,0.000000000000000000e+00
-1.105709406783116400e+01,-1.415243502849223667e+01,0.000000000000000000e+00
-1.080132215068211465e+01,-1.433383862671653119e+01,0.000000000000000000e+00
-1.054356638483538156e+01,-1.451197414937502472e+01,0.000000000000000000e+00
-1.028405955298326191e+01,-1.468715915181023490e+01,0.000000000000000000e+00
-1.002284818950471390e+01,-1.485948351908825593e+01,0.000000000000000000e+00
-9.759747981474532708e+00,-1.502869397233273396e+01,0.000000000000000000e+00
-9.494730098832867782e+00,-1.519474442108758083e+01,0.000000000000000000e+00
-9.227875536286376246e+00,-1.535776392072568974e+01,0.000000000000000000e+00
-8.959325926960444164e+00,-1.551800770706459787e+01,0.000000000000000000e+00
-8.688910655500245994e+00,-1.567520976380918185e+01,0.000000000000000000e+00
-8.416435905862485356e+00,-1.582901375204670913e+01,0.000000000000000000e+00
-8.142254036856790833e+00,-1.598007331122685137e+01,0.000000000000000000e+00
-7.866306067115039546e+00,-1.612831754844447829e+01,0.000000000000000000e+00
-7.588242364293749986e+00,-1.627303826473173487e+01,0.000000000000000000e+00
-7.308391696468593324e+00,-1.641491650836468352e+01,0.000000000000000000e+00
-7.026772030190668872e+00,-1.655403751142885937e+01,0.000000000000000000e+00
-6.743034893850999190e+00,-1.668959701789794536e+01,0.000000000000000000e+00
-6.457406837609772410e+00,-1.682211993893617574e+01,0.000000000000000000e+00
-6.169822096280040746e+00,-1.695144689158156126e+01,0.000000000000000000e+00
-5.879937429284120221e+00,-1.707657824218015818e+01,0.000000000000000000e+00
-5.588097718519608570e+00,-1.719839635241438458e+01,0.000000000000000000e+00
-5.294314072583501840e+00,-1.731692104738715798e+01,0.000000000000000000e+00
-4.998339836766914956e+00,-1.743128254196637172e+01,0.000000000000000000e+00
-4.700395142193109166e+00,-1.754211348631462997e+01,0.000000000000000000e+00
-4.400517332136240078e+00,-1.764951101342604645e+01,0.000000000000000000e+00
-4.098615550728755608e+00,-1.775305437594744973e+01,0.000000000000000000e+00
-3.794687421875740263e+00,-1.785260070101573859e+01,0.000000000000000000e+00
-3.488863742591783890e+00,-1.794864797812370227e+01,0.000000000000000000e+00
-3.181127914549811919e+00,-1.804107290766474847e+01,0.000000000000000000e+00
-2.871364064489151158e+00,-1.812907921135184353e+01,0.000000000000000000e+00
-2.559701911513093453e+00,-1.821322547950931892e+01,0.000000000000000000e+00
-2.246205673399571001e+00,-1.829387715264811121e+01,0.000000000000000000e+00
-1.930832081838783187e+00,-1.837064012651953249e+01,0.000000000000000000e+00
-1.613532953834482919e+00,-1.844276605455712570e+01,0.000000000000000000e+00
-1.294408731181723171e+00,-1.851090726440369494e+01,0.000000000000000000e+00
-9.734987702378584684e-01,-1.857546310024372715e+01,0.000000000000000000e+00
-6.507818030558865097e-01,-1.863595254422050473e+01,0.000000000000000000e+00
-3.262631114352087525e-01,-1.869160113565531134e+01,0.000000000000000000e+00
-3.443052868004046308e-15,-1.874310683102662267e+01,0.000000000000000000e+00
3.279936120864147542e-01,-1.879074145156530307e+01,0.000000000000000000e+00
6.577026993332648619e-01,-1.883414108296449285e+01,0.000000000000000000e+00
9.890869435589881853e-01,-1.887290316609633223e+01,0.000000000000000000e+00
1.322112793794222529e+00,-1.890709381778019349e+01,0.000000000000000000e+00
1.656766974921346725e+00,-1.893693317683874611e+01,0.000000000000000000e+00
1.993047938175545930e+00,-1.896258445853911923e+01,0.000000000000000000e+00
2.330911775192685109e+00,-1.898375299021443041e+01,0.000000000000000000e+00
2.670252437847624005e+00,-1.899983334738360696e+01,0.000000000000000000e+00
3.011083288871320818e+00,-1.901123167592403718e+01,0.000000000000000000e+00
3.353401347567950275e+00,-1.901808409634368857e+01,0.000000000000000000e+00
3.697189707161871564e+00,-1.902039215578376030e+01,0.000000000000000000e+00
4.042395643424655738e+00,-1.901797625848023543e+01,0.000000000000000000e+00
4.388897960299871670e+00,-1.901040562973384240e+01,0.000000000000000000e+00
4.736661624522795933e+00,-1.899771213224697419e+01,0.000000000000000000e+00
5.085715633132374514e+00,-1.898014913569731732e+01,0.000000000000000000e+00
5.436035482476929026e+00,-1.895770865882170853e+01,0.000000000000000000e+00
5.787594333132193292e+00,-1.893036807924940845e+01,0.000000000000000000e+00
6.140315582301632880e+00,-1.889794818071042570e+01,0.000000000000000000e+00
6.493966882765369597e+00,-1.885984926019376573e+01,0.000000000000000000e+00
6.848630115356598047e+00,-1.881645659613919364e+01,0.000000000000000000e+00
7.204317974570467520e+00,-1.876788997413056848e+01,0.000000000000000000e+00
7.560973236947977405e+00,-1.871406545780239838e+01,0.000000000000000000e+00
7.918562535153974125e+00,-1.865496428236583881e+01,0.000000000000000000e+00
8.277000525817781451e+00,-1.859044755861125253e+01,0.000000000000000000e+00
8.636082095723580210e+00,-1.852013782036789635e+01,0.000000000000000000e+00
8.995742603526881709e+00,-1.844400561786970982e+01,0.000000000000000000e+00
9.356053510696009212e+00,-1.836228891016034126e+01,0.000000000000000000e+00
9.716990346224557484e+00,-1.827500090765936136e+01,0.000000000000000000e+00
1.007846194047451682e+01,-1.818202664030155802e+01,0.000000000000000000e+00
1.044044117562230944e+01,-1.808337456961197987e+01,0.000000000000000000e+00
1.080280634123943173e+01,-1.797888894553085848e+01,0.000000000000000000e+00
1.116520074216584035e+01,-1.786805627136276797e+01,0.000000000000000000e+00
1.152774067682288539e+01,-1.775116398017978980e+01,0.000000000000000000e+00
1.189045440046829150e+01,-1.762832359201487264e+01,0.000000000000000000e+00
1.225327764271686704e+01,-1.749949404150381227e+01,0.000000000000000000e+00
1.261611587039597282e+01,-1.736459379058246810e+01,0.000000000000000000e+00
1.297893511826547197e+01,-1.722362863884149675e+01,0.000000000000000000e+00
1.334158566724535433e+01,-1.707645093497779243e+01,0.000000000000000000e+00
1.370358554971859810e+01,-1.692251882968231058e+01,0.000000000000000000e+00
1.406515211423130829e+01,-1.676219556251921361e+01,0.000000000000000000e+00
1.442631338219439030e+01,-1.659557514754610352e+01,0.000000000000000000e+00
1.478697494676278268e+01,-1.642259943234050468e+01,0.000000000000000000e+00
1.514705379192034584e+01,-1.624322653551611850e+01,0.000000000000000000e+00
1.550645991240924992e+01,-1.605740929887806701e+01,0.000000000000000000e+00
1.586499996185778194e+01,-1.586499996185778905e+01,0.000000000000000000e+00
1.622186893652308370e+01,-1.566527673839192580e+01,0.000000000000000000e+00
1.657456437851080011e+01,-1.545603132912120969e+01,0.000000000000000000e+00
1.691919856787760423e+01,-1.523411481679521451e+01,0.000000000000000000e+00
1.725459599733116534e+01,-1.499919146685693683e+01,0.000000000000000000e+00
1.758017598674690163e+01,-1.475151918651101113e+01,0.000000000000000000e+00
1.789333107353613883e+01,-1.448973380402165390e+01,0.000000000000000000e+00
1.819593512560794579e+01,-1.421622257448621163e+01,0.000000000000000000e+00
1.848766646494099319e+01,-1.393145594160589162e+01,0.000000000000000000e+00
1.876706522228607810e+01,-1.363507100984122289e+01,0.000000000000000000e+00
1.903459833654668998e+01,-1.332816924204400699e+01,0.000000000000000000e+00
1.928944090475490825e+01,-1.301089217538588727e+01,0.000000000000000000e+00
1.953040212281214494e+01,-1.268319143675498317e+01,0.000000000000000000e+00
1.975780526853117891e+01,-1.234604697329780265e+01,0.000000000000000000e+00
1.997191237207690051e+01,-1.200033563105032819e+01,0.000000000000000000e+00
2.017237426302205705e+01,-1.164652571094967470e+01,0.000000000000000000e+00
2.035870370340003532e+01,-1.128501373863964297e+01,0.000000000000000000e+00
2.053027026091124085e+01,-1.091613833228567465e+01,0.000000000000000000e+00
2.068651912942869586e+01,-1.054030795789726405e+01,0.000000000000000000e+00
2.082728311652966013e+01,-1.015814470721906204e+01,0.000000000000000000e+00
2.095252111585118016e+01,-9.770321053975736802e+00,0.000000000000000000e+00
2.106218420088410426e+01,-9.377488581485851071e+00,0.000000000000000000e+00
2.115609263669893991e+01,-8.980228533676180902e+00,0.000000000000000000e+00
2.123403943832578378e+01,-8.579108813501648001e+00,0.000000000000000000e+00
2.129583489203222513e+01,-8.174705111103500954e+00,0.000000000000000000e+00
2.134130681113645522e+01,-7.767600439596232142e+00,0.000000000000000000e+00
2.137030077396995154e+01,-7.358384660783381825e+00,0.000000000000000000e+00
2.138268034999654787e+01,-6.947654003966218461e+00,0.000000000000000000e+00
2.137828838298003831e+01,-6.535998675748238007e+00,0.000000000000000000e+00
2.135689458491705395e+01,-6.123990976362251537e+00,0.000000000000000000e+00
2.131850996667362708e+01,-5.712277529405036525e+00,0.000000000000000000e+00
2.126323275377435706e+01,-5.301519356488268109e+00,0.000000000000000000e+00
2.119118296133123991e+01,-4.892370078093405183e+00,0.000000000000000000e+00
2.110250205228346232e+01,-4.485475278867969706e+00,0.000000000000000000e+00
2.099732608657903299e+01,-4.081466735774710308e+00,0.000000000000000000e+00
2.087553780388349978e+01,-3.680920551624217829e+00,0.000000000000000000e+00
2.073687621965429884e+01,-3.284398534129137737e+00,0.000000000000000000e+00
2.058129220855683528e+01,-2.892511986244412636e+00,0.000000000000000000e+00
2.040918544279291069e+01,-2.505932872979292902e+00,0.000000000000000000e+00
2.022084082412602868e+01,-2.125296011248735795e+00,0.000000000000000000e+00
2.001630226967075288e+01,-1.751199534304416439e+00,0.000000000000000000e+00
1.979640607266948038e+01,-1.384299564600915300e+00,0.000000000000000000e+00
1.956093195616519509e+01,-1.025145004529303350e+00,0.000000000000000000e+00
1.930761147001638278e+01,-6.742366495806637605e-01,0.000000000000000000e+00
1.903894362427720210e+01,-3.323259971264506119e-01,0.000000000000000000e+00
1.875664613109314161e+01,-4.594053329436560799e-15,0.000000000000000000e+00
