2.041298672114922752e+01,0.000000000000000000e+00,0.000000000000000000e+00
2.042166361165228494e+01,3.564614642836089753e-01,0.000000000000000000e+00
2.042162637252659252e+01,7.131389072015973385e-01,0.000000000000000000e+00
2.041127968504998691e+01,1.069709840618522367e+00,0.000000000000000000e+00
2.039286945113036964e+01,1.426008347097751816e+00,0.000000000000000000e+00
2.036628777768176590e+01,1.781819298653738670e+00,0.000000000000000000e+00
2.033143281178229955e+01,2.136919697537861040e+00,0.000000000000000000e+00
2.028820908791399802e+01,2.491078844365838929e+00,0.000000000000000000e+00
2.023652787065641334e+01,2.844058518420260473e+00,0.000000000000000000e+00
2.017630749246144006e+01,3.195613170009253601e+00,0.000000000000000000e+00
2.010747368613972696e+01,3.545490124751926153e+00,0.000000000000000000e+00
2.002996523877146018e+01,3.893430835130152090e+00,0.000000000000000000e+00
1.994383495102007231e+01,4.239192983703239825e+00,0.000000000000000000e+00
1.984923970336469168e+01,4.582558065533515190e+00,0.000000000000000000e+00
1.974634498114797410e+01,4.923316757602088423e+00,0.000000000000000000e+00
1.963530087099559651e+01,5.261263011525389111e+00,0.000000000000000000e+00
1.951610607541984876e+01,5.596153365106079747e+00,0.000000000000000000e+00
1.938869359102051604e+01,5.927718504175863323e+00,0.000000000000000000e+00
1.925305382139436361e+01,6.255696399203253044e+00,0.000000000000000000e+00
1.910945986989178991e+01,6.579914708254475109e+00,0.000000000000000000e+00
1.895827648632295848e+01,6.900248334010401940e+00,0.000000000000000000e+00
1.879965003856261063e+01,7.216509521056353016e+00,0.000000000000000000e+00
1.863347106927412256e+01,7.528410990327406793e+00,0.000000000000000000e+00
1.845972127113682504e+01,7.835686793846335263e+00,0.000000000000000000e+00
1.827857879062356261e+01,8.138147604257820689e+00,0.000000000000000000e+00
1.809022442971517464e+01,8.435610189318827778e+00,0.000000000000000000e+00
1.789480357399876098e+01,8.727878869024044306e+00,0.000000000000000000e+00
1.769265461811265183e+01,9.014857797043530852e+00,0.000000000000000000e+00
1.748425890116026338e+01,9.296545363358074354e+00,0.000000000000000000e+00
1.726902527081979954e+01,9.572377017382020625e+00,0.000000000000000000e+00
1.704640969215650159e+01,9.841749224483200109e+00,0.000000000000000000e+00
1.681823834915016747e+01,1.010541710542342209e+01,0.000000000000000000e+00
1.658452054069459081e+01,1.036315860199075800e+01,0.000000000000000000e+00
1.634367486280895676e+01,1.061370655665941953e+01,0.000000000000000000e+00
1.609749361813208779e+01,1.085789654524670489e+01,0.000000000000000000e+00
1.584635778518689264e+01,1.109573917435598389e+01,0.000000000000000000e+00
1.558921131246614955e+01,1.132622499656892501e+01,0.000000000000000000e+00
1.532674162419685793e+01,1.154952822579262062e+01,0.000000000000000000e+00
1.505966502458569245e+01,1.176589982371472942e+01,0.000000000000000000e+00
1.478807462698314268e+01,1.197514671462715796e+01,0.000000000000000000e+00
1.451162100222069284e+01,1.217669583074785322e+01,0.000000000000000000e+00
1.423034523059510192e+01,1.237025038350271267e+01,0.000000000000000000e+00
1.394504067341211417e+01,1.255617102023814269e+01,0.000000000000000000e+00
1.365604632170170696e+01,1.273446921198156190e+01,0.000000000000000000e+00
1.336350834149698663e+01,1.290498999742433561e+01,0.000000000000000000e+00
1.306751679805116417e+01,1.306751679805116240e+01,0.000000000000000000e+00
1.276775574693665583e+01,1.322139811502665729e+01,0.000000000000000000e+00
1.246478572590701539e+01,1.336684618962498305e+01,0.000000000000000000e+00
1.215908090572959210e+01,1.350402742272395784e+01,0.000000000000000000e+00
1.185087951476990042e+01,1.363287739157394007e+01,0.000000000000000000e+00
1.154038204635240028e+01,1.375329176365019457e+01,0.000000000000000000e+00
1.122781752300462443e+01,1.386519993325283018e+01,0.000000000000000000e+00
1.091340046148084397e+01,1.396851559944448873e+01,0.000000000000000000e+00
1.059738435710579374e+01,1.406320403381837991e+01,0.000000000000000000e+00
1.027996708534016257e+01,1.414916083930094182e+01,0.000000000000000000e+00
9.961070434087984538e+00,1.422588288546056212e+01,0.000000000000000000e+00
9.641176322116677966e+00,1.429363170571940067e+01,0.000000000000000000e+00
9.320653814240555946e+00,1.435254824839378252e+01,0.000000000000000000e+00
8.999751054492703517e+00,1.440261236527827826e+01,0.000000000000000000e+00
8.678711901662381933e+00,1.444380215116794197e+01,0.000000000000000000e+00
8.357785169535620895e+00,1.447610855238135485e+01,0.000000000000000000e+00
8.037220667756189485e+00,1.449952990428664457e+01,0.000000000000000000e+00
7.717269214923497600e+00,1.451407245270913116e+01,0.000000000000000000e+00
7.398185305997355243e+00,1.451975620322424732e+01,0.000000000000000000e+00
7.080217513875362023e+00,1.451659716791566801e+01,0.000000000000000000e+00
6.763630808192092836e+00,1.450465307593960063e+01,0.000000000000000000e+00
6.448613200307021565e+00,1.448382238857372606e+01,0.000000000000000000e+00
6.135129736803031975e+00,1.445345990508307388e+01,0.000000000000000000e+00
5.823770466041483296e+00,1.441433771781337292e+01,0.000000000000000000e+00
5.514824851443480114e+00,1.436660991419702427e+01,0.000000000000000000e+00
5.208525524842991139e+00,1.431030626815914886e+01,0.000000000000000000e+00
4.905133351517656060e+00,1.424554163592803668e+01,0.000000000000000000e+00
4.604903941620425378e+00,1.417243705139861554e+01,0.000000000000000000e+00
4.308074218349768891e+00,1.409107583771335825e+01,0.000000000000000000e+00
4.014760915124230500e+00,1.400113520397218991e+01,0.000000000000000000e+00
3.725038215972426681e+00,1.390203188214482388e+01,0.000000000000000000e+00
3.439447301715770511e+00,1.379486965962291123e+01,0.000000000000000000e+00
3.158285397995320043e+00,1.368003700552066704e+01,0.000000000000000000e+00
2.881787327217098404e+00,1.355774342873898952e+01,0.000000000000000000e+00
2.610080817660354491e+00,1.342770175250164044e+01,0.000000000000000000e+00
2.343114021326246021e+00,1.328845995043887562e+01,0.000000000000000000e+00
2.081466620401790646e+00,1.314186302730734646e+01,0.000000000000000000e+00
1.825462062555098131e+00,1.298883748926554915e+01,0.000000000000000000e+00
1.575136131805536799e+00,1.282845432864414192e+01,0.000000000000000000e+00
1.330571805180554179e+00,1.265954508700064629e+01,0.000000000000000000e+00
1.092250178048208564e+00,1.248447666279142076e+01,0.000000000000000000e+00
8.603430545154766573e-01,1.230347888890591967e+01,0.000000000000000000e+00
6.348711147044218128e-01,1.211406251876541695e+01,0.000000000000000000e+00
4.161773749795504851e-01,1.191776072053331426e+01,0.000000000000000000e+00
2.045164324657655908e-01,1.171673856882360276e+01,0.000000000000000000e+00
7.049386800930098696e-16,1.151252231392456338e+01,0.000000000000000000e+00
-1.973627877845301470e-01,1.130690653951547375e+01,0.000000000000000000e+00
-3.876752074405807047e-01,1.110156543177539312e+01,0.000000000000000000e+00
-5.710937267038387333e-01,1.089711746074009113e+01,0.000000000000000000e+00
-7.477735521537405283e-01,1.069366000494660796e+01,0.000000000000000000e+00
-9.178096140623769328e-01,1.049061189271016303e+01,0.000000000000000000e+00
-1.081333638484825110e+00,1.028820233315521016e+01,0.000000000000000000e+00
-1.238779082104832785e+00,1.008904599239015099e+01,0.000000000000000000e+00
-1.390741344035053562e+00,9.895638851014947335e+00,0.000000000000000000e+00
-1.537657439167436246e+00,9.708386985594737340e+00,0.000000000000000000e+00
-1.679887208800403098e+00,9.527113786278066598e+00,0.000000000000000000e+00
-1.817748859106290249e+00,9.351507193140717433e+00,0.000000000000000000e+00
-1.951514899905006928e+00,9.181155757188937727e+00,0.000000000000000000e+00
-2.081431968153844903e+00,9.015672354022173707e+00,0.000000000000000000e+00
-2.207741889057769580e+00,8.854769074801307482e+00,0.000000000000000000e+00
-2.330668525049452988e+00,8.698173351086170513e+00,0.000000000000000000e+00
-2.450418609595680586e+00,8.545625252560537177e+00,0.000000000000000000e+00
-2.567186442396249824e+00,8.396888497248761851e+00,0.000000000000000000e+00
-2.681148156194901766e+00,8.251725541048838153e+00,0.000000000000000000e+00
-2.792468726558212211e+00,8.109918051239919379e+00,0.000000000000000000e+00
-2.901307645109183042e+00,7.971277241828547133e+00,0.000000000000000000e+00
-3.007810285809958017e+00,7.835613684237059395e+00,0.000000000000000000e+00
-3.112111597474783942e+00,7.702746501274224222e+00,0.000000000000000000e+00
-3.214343900644998087e+00,7.572519682905671345e+00,0.000000000000000000e+00
-3.314629060742559030e+00,7.444778762279382178e+00,0.000000000000000000e+00
-3.413078113224449872e+00,7.319369634049541773e+00,0.000000000000000000e+00
-3.509800701255983313e+00,7.196157860962848929e+00,0.000000000000000000e+00
-3.604901754329065344e+00,7.075018054360172393e+00,0.000000000000000000e+00
-3.698476740135648644e+00,6.955823086640947395e+00,0.000000000000000000e+00
-3.790615022231736297e+00,6.838450521955304673e+00,0.000000000000000000e+00
-3.881407250953252230e+00,6.722794563517281219e+00,0.000000000000000000e+00
-3.970938253451291367e+00,6.608751060899785479e+00,0.000000000000000000e+00
-4.059285341063787023e+00,6.496214494534557460e+00,0.000000000000000000e+00
-4.146522631111703383e+00,6.385084921313172401e+00,0.000000000000000000e+00
-4.232726152499800776e+00,6.275274584099312492e+00,0.000000000000000000e+00
-4.317966931278310661e+00,6.166695866083489186e+00,0.000000000000000000e+00
-4.402310011042350091e+00,6.059259907507942522e+00,0.000000000000000000e+00
-4.485817897219984474e+00,5.952881411237935794e+00,0.000000000000000000e+00
-4.568555954186037660e+00,5.847484964766286986e+00,0.000000000000000000e+00
-4.650585946594079978e+00,5.742995361670902632e+00,0.000000000000000000e+00
-4.731964855944107207e+00,5.639336117100933521e+00,0.000000000000000000e+00
-4.812746522630868107e+00,5.536431551597321032e+00,0.000000000000000000e+00
-4.892988315577976977e+00,5.434214058193913566e+00,0.000000000000000000e+00
-4.972746117635902685e+00,5.332617339449463145e+00,0.000000000000000000e+00
-5.052071960852173582e+00,5.231573662913794109e+00,0.000000000000000000e+00
-5.131014347689792032e+00,5.131014347689792920e+00,0.000000000000000000e+00
-5.209623997142145413e+00,5.030875415005728435e+00,0.000000000000000000e+00
-5.287953420044829933e+00,4.931096338985048178e+00,0.000000000000000000e+00
-5.366052142092555322e+00,4.831615050653225829e+00,0.000000000000000000e+00
-5.443966507258505949e+00,4.732367885875543578e+00,0.000000000000000000e+00
-5.521742227270667769e+00,4.633291866358832500e+00,0.000000000000000000e+00
-5.599429699036045704e+00,4.534328765277317430e+00,0.000000000000000000e+00
-5.677078073572531025e+00,4.435419499438664204e+00,0.000000000000000000e+00
-5.754733819045031673e+00,4.336502976604903026e+00,0.000000000000000000e+00
-5.832441107175533546e+00,4.237516506449700238e+00,0.000000000000000000e+00
-5.910248014443919118e+00,4.138400212402604694e+00,0.000000000000000000e+00
-5.988205270330809071e+00,4.039095455438837412e+00,0.000000000000000000e+00
-6.066361389599009613e+00,3.939541149485796367e+00,0.000000000000000000e+00
-6.144762461888955585e+00,3.839673737197315084e+00,0.000000000000000000e+00
-6.223455270590929622e+00,3.739429186377601688e+00,0.000000000000000000e+00
-6.302493108447695391e+00,3.638746092728037507e+00,0.000000000000000000e+00
-6.381928617651805524e+00,3.537560798489854719e+00,0.000000000000000000e+00
-6.461812173496492839e+00,3.435806478273047748e+00,0.000000000000000000e+00
-6.542192732724641857e+00,3.333413692820708984e+00,0.000000000000000000e+00
-6.623126279835597430e+00,3.230314524862798908e+00,0.000000000000000000e+00
-6.704671902530099814e+00,3.126439853566430394e+00,0.000000000000000000e+00
-6.786886486678810115e+00,3.021716547802278718e+00,0.000000000000000000e+00
-6.869824745653382969e+00,2.916067596303418163e+00,0.000000000000000000e+00
-6.953547090895511928e+00,2.809415387301549494e+00,0.000000000000000000e+00
-7.038121359957004053e+00,2.701681664302042929e+00,0.000000000000000000e+00
-7.123613526198274926e+00,2.592783283952275308e+00,0.000000000000000000e+00
-7.210087021411147212e+00,2.482632055693294593e+00,0.000000000000000000e+00
-7.297610628247769959e+00,2.371137428556295390e+00,0.000000000000000000e+00
-7.386263912549196675e+00,2.258207499417178798e+00,0.000000000000000000e+00
-7.476124866112708212e+00,2.143744308714508939e+00,0.000000000000000000e+00
-7.567268611603703121e+00,2.027643513388597274e+00,0.000000000000000000e+00
-7.659778344085306223e+00,1.909797236752235117e+00,0.000000000000000000e+00
-7.753749654651989509e+00,1.790094157209962455e+00,0.000000000000000000e+00
-7.849275728678011710e+00,1.668415060487755008e+00,0.000000000000000000e+00
-7.946447531065301995e+00,1.544632927635134489e+00,0.000000000000000000e+00
-8.045372077071052175e+00,1.418616167026129693e+00,0.000000000000000000e+00
-8.146165374444322538e+00,1.290225843622481605e+00,0.000000000000000000e+00
-8.248939014398487757e+00,1.159312774492688325e+00,0.000000000000000000e+00
-8.353810927974027578e+00,1.025719006657177523e+00,0.000000000000000000e+00
-8.460921674526341363e+00,8.892787022438800593e-01,0.000000000000000000e+00
-8.570410210454397770e+00,7.498137351815922225e-01,0.000000000000000000e+00
-8.682415756168422760e+00,6.071336537969631575e-01,0.000000000000000000e+00
-8.797106127913055573e+00,4.610367962811564024e-01,0.000000000000000000e+00
-8.914653515274267193e+00,3.113065605056888896e-01,0.000000000000000000e+00
-9.035229052414068818e+00,1.577105097512047083e-01,0.000000000000000000e+00
-9.159037234295761110e+00,1.121658563225173236e-15,0.000000000000000000e+00
-9.286288526549430600e+00,-1.620927691730793263e-01,0.000000000000000000e+00
-9.417198636948048929e+00,-3.288558228588630561e-01,0.000000000000000000e+00
-9.552026038309676892e+00,-5.006004723215934371e-01,0.000000000000000000e+00
-9.691029380680783234e+00,-6.776627890418946976e-01,0.000000000000000000e+00
-9.834490420279189848e+00,-8.604064233287267438e-01,0.000000000000000000e+00
-9.982718802521903356e+00,-1.049226025611349700e+00,0.000000000000000000e+00
-1.013603831689333035e+01,-1.244549014034766587e+00,0.000000000000000000e+00
-1.029485942756426375e+01,-1.446848137093666109e+00,0.000000000000000000e+00
-1.045959096239329789e+01,-1.656636460602239236e+00,0.000000000000000000e+00
-1.063058231698368239e+01,-1.874458483126531849e+00,0.000000000000000000e+00
-1.080820426347023400e+01,-2.100902085956950049e+00,0.000000000000000000e+00
-1.099337427968628766e+01,-2.336713838041770241e+00,0.000000000000000000e+00
-1.118664564846764797e+01,-2.582640645624377562e+00,0.000000000000000000e+00
-1.138418847164516201e+01,-2.838396975625647300e+00,0.000000000000000000e+00
-1.158151949507623257e+01,-3.103258795830974748e+00,0.000000000000000000e+00
-1.177819451144928564e+01,-3.377342928727797400e+00,0.000000000000000000e+00
-1.197438723629902846e+01,-3.660937569803581759e+00,0.000000000000000000e+00
-1.216976947082991423e+01,-3.954197799686556269e+00,0.000000000000000000e+00
-1.236378177579492998e+01,-4.257191470093729890e+00,0.000000000000000000e+00
-1.255579593137995964e+01,-4.569935986542993156e+00,0.000000000000000000e+00
-1.274638397968742431e+01,-4.892878386553598524e+00,0.000000000000000000e+00
-1.293588093806725325e+01,-5.226435153260259980e+00,0.000000000000000000e+00
-1.311875612993029705e+01,-5.568581597150785711e+00,0.000000000000000000e+00
-1.328853583561929064e+01,-5.916437339768140014e+00,0.000000000000000000e+00
-1.344385520486131647e+01,-6.268972637153766847e+00,0.000000000000000000e+00
-1.358469029118842641e+01,-6.625696160586850958e+00,0.000000000000000000e+00
-1.371076545232670796e+01,-6.985983930009441956e+00,0.000000000000000000e+00
-1.382171088866074626e+01,-7.349134041199079093e+00,0.000000000000000000e+00
-1.391725220590641676e+01,-7.714458869084939607e+00,0.000000000000000000e+00
-1.399741453580797668e+01,-8.081411050207517377e+00,0.000000000000000000e+00
-1.406230843094065897e+01,-8.449487348771484108e+00,0.000000000000000000e+00
-1.411205791353784278e+01,-8.818192482539284782e+00,0.000000000000000000e+00
-1.414680014845642653e+01,-9.187039435855272274e+00,0.000000000000000000e+00
-1.416668510966886352e+01,-9.555549761896433125e+00,0.000000000000000000e+00
-1.417187524057113457e+01,-9.923253874015445675e+00,0.000000000000000000e+00
-1.416244302379035780e+01,-1.028961715723653114e+01,0.000000000000000000e+00
-1.413819742466762008e+01,-1.065389593051117245e+01,0.000000000000000000e+00
-1.409936361849726083e+01,-1.101563013802363855e+01,0.000000000000000000e+00
-1.404629752812834020e+01,-1.137446746378483198e+01,0.000000000000000000e+00
-1.397935932803929582e+01,-1.173007525625244085e+01,0.000000000000000000e+00
-1.389889194522403848e+01,-1.208212243832403665e+01,0.000000000000000000e+00
-1.380490496090961905e+01,-1.242999225795033524e+01,0.000000000000000000e+00
-1.369716792367513847e+01,-1.277281572618793426e+01,0.000000000000000000e+00
-1.357607660345520095e+01,-1.311026478187763900e+01,0.000000000000000000e+00
-1.344291209834920053e+01,-1.344291209834919343e+01,0.000000000000000000e+00
-1.329709811300581990e+01,-1.376954818146489501e+01,0.000000000000000000e+00
-1.313736315591235027e+01,-1.408809718063150385e+01,0.000000000000000000e+00
-1.296575304639228676e+01,-1.439992759750799856e+01,0.000000000000000000e+00
-1.278284602638336231e+01,-1.470498222312202508e+01,0.000000000000000000e+00
-1.258840210736964238e+01,-1.500227343647828704e+01,0.000000000000000000e+00
-1.238268905253608665e+01,-1.529134750123453479e+01,0.000000000000000000e+00
-1.216595649840358639e+01,-1.557171421775668740e+01,0.000000000000000000e+00
-1.193857232054034512e+01,-1.584302057551382603e+01,0.000000000000000000e+00
-1.170096023803956697e+01,-1.610499012378973660e+01,0.000000000000000000e+00
-1.145362093308578721e+01,-1.635746590556621527e+01,0.000000000000000000e+00
-1.119699778158981118e+01,-1.660023187550877211e+01,0.000000000000000000e+00
-1.093177018833510061e+01,-1.683344990548997089e+01,0.000000000000000000e+00
-1.065647601410177536e+01,-1.705392652326480984e+01,0.000000000000000000e+00
-1.037338273886437001e+01,-1.726420805486097620e+01,0.000000000000000000e+00
-1.008327451023839316e+01,-1.746474375839706639e+01,0.000000000000000000e+00
-9.784526068736836280e+00,-1.765175229069942731e+01,0.000000000000000000e+00
-9.479331751246308002e+00,-1.782803009836672814e+01,0.000000000000000000e+00
-9.167714875237027883e+00,-1.799265352561602427e+01,0.000000000000000000e+00
-8.849369197843868662e+00,-1.814389566189276337e+01,0.000000000000000000e+00
-8.526066696721134264e+00,-1.828420903584451906e+01,0.000000000000000000e+00
-8.196800510619974389e+00,-1.841031537520932559e+01,0.000000000000000000e+00
-7.863288178647091620e+00,-1.852474605881969438e+01,0.000000000000000000e+00
-7.525279921794309601e+00,-1.862572140271069188e+01,0.000000000000000000e+00
-7.183236574530449836e+00,-1.871297104941781342e+01,0.000000000000000000e+00
-6.838569546339972050e+00,-1.878881540993907961e+01,0.000000000000000000e+00
-6.490008509760072819e+00,-1.884835331025386296e+01,0.000000000000000000e+00
-6.139842707150388712e+00,-1.889649282064228331e+01,0.000000000000000000e+00
-5.787627547690452623e+00,-1.893047671917424424e+01,0.000000000000000000e+00
-5.433678610635414685e+00,-1.894948926991936844e+01,0.000000000000000000e+00
-5.079459981694938620e+00,-1.895680272669840249e+01,0.000000000000000000e+00
-4.724414908826186199e+00,-1.894859323843254373e+01,0.000000000000000000e+00
-4.369480766641838265e+00,-1.892630052385772998e+01,0.000000000000000000e+00
-4.015650777287969930e+00,-1.889215155597949902e+01,0.000000000000000000e+00
-3.662400777596060752e+00,-1.884141862847453197e+01,0.000000000000000000e+00
-3.311033653279694455e+00,-1.877780496198753823e+01,0.000000000000000000e+00
-2.962054504321157022e+00,-1.870167611320771073e+01,0.000000000000000000e+00
-2.615476448252118225e+00,-1.861008192950217932e+01,0.000000000000000000e+00
-2.273178334866348127e+00,-1.851355185171802731e+01,0.000000000000000000e+00
-1.935137285068797119e+00,-1.841160139909938209e+01,0.000000000000000000e+00
-1.601544915984065565e+00,-1.830574215491937551e+01,0.000000000000000000e+00
-1.272370752691984075e+00,-1.819574948904934075e+01,0.000000000000000000e+00
-9.476152932996838585e-01,-1.808157693883276451e+01,0.000000000000000000e+00
-6.273075773419618528e-01,-1.796373867105624456e+01,0.000000000000000000e+00
-3.114336690708713329e-01,-1.784202295159686003e+01,0.000000000000000000e+00
-3.254477408481294900e-15,-1.771654984249166986e+01,0.000000000000000000e+00
3.070006246949943951e-01,-1.758805400939578689e+01,0.000000000000000000e+00
6.095521283565774606e-01,-1.745528913675908100e+01,0.000000000000000000e+00
9.077130237743401553e-01,-1.732019627986923282e+01,0.000000000000000000e+00
1.201424735979856662e+00,-1.718117418180619538e+01,0.000000000000000000e+00
1.490735871478030772e+00,-1.703918898059645670e+01,0.000000000000000000e+00
1.775719462362183920e+00,-1.689484213337008001e+01,0.000000000000000000e+00
2.056263820239802254e+00,-1.674692489934339790e+01,0.000000000000000000e+00
2.332460803239612801e+00,-1.659632097801909367e+01,0.000000000000000000e+00
2.604376928513611578e+00,-1.644338877718757530e+01,0.000000000000000000e+00
2.872044445308460148e+00,-1.628817344781193199e+01,0.000000000000000000e+00
3.135290959783951781e+00,-1.612967369839198994e+01,0.000000000000000000e+00
3.394332938550367551e+00,-1.596908094429860192e+01,0.000000000000000000e+00
3.649184478659952102e+00,-1.580635453012779479e+01,0.000000000000000000e+00
3.899880096250583961e+00,-1.564156473311780005e+01,0.000000000000000000e+00
4.146447331652545643e+00,-1.547475211263567374e+01,0.000000000000000000e+00
4.388869282478379930e+00,-1.530580612784477701e+01,0.000000000000000000e+00
4.627131891150167320e+00,-1.513466646223999845e+01,0.000000000000000000e+00
4.861370921799688993e+00,-1.496176125412539903e+01,0.000000000000000000e+00
5.091615457980481096e+00,-1.478712499800929869e+01,0.000000000000000000e+00
5.317905787179013188e+00,-1.461082606906142267e+01,0.000000000000000000e+00
5.540279928737512627e+00,-1.443292265769668248e+01,0.000000000000000000e+00
5.758779309368591726e+00,-1.425347896034397976e+01,0.000000000000000000e+00
5.973447149733802419e+00,-1.407255959982354376e+01,0.000000000000000000e+00
6.184328753078825791e+00,-1.389022980132823371e+01,0.000000000000000000e+00
6.391472617035140580e+00,-1.370655725947919024e+01,0.000000000000000000e+00
6.594926063094930235e+00,-1.352160224209495887e+01,0.000000000000000000e+00
6.794749536223967823e+00,-1.333544682206941445e+01,0.000000000000000000e+00
6.990976418096365386e+00,-1.314811436812595069e+01,0.000000000000000000e+00
7.183816002155772651e+00,-1.295994713297207745e+01,0.000000000000000000e+00
7.374414514978948176e+00,-1.277286061601693845e+01,0.000000000000000000e+00
7.563457166011419375e+00,-1.258770657702980422e+01,0.000000000000000000e+00
7.750918619336322202e+00,-1.240406269831111175e+01,0.000000000000000000e+00
7.936946022799115319e+00,-1.222182510019587198e+01,0.000000000000000000e+00
8.121667689579489036e+00,-1.204086751580161518e+01,0.000000000000000000e+00
8.305208342074156036e+00,-1.186106673931119104e+01,0.000000000000000000e+00
8.487690134686239674e+00,-1.168230324794368791e+01,0.000000000000000000e+00
8.669232478258809493e+00,-1.150446006769683827e+01,0.000000000000000000e+00
8.849952409707441348e+00,-1.132742253211200634e+01,0.000000000000000000e+00
9.029964924972297524e+00,-1.115107800945953898e+01,0.000000000000000000e+00
9.209383246128744815e+00,-1.097531556915086348e+01,0.000000000000000000e+00
9.388319132660784661e+00,-1.080002572712152364e+01,0.000000000000000000e+00
9.566883166033381514e+00,-1.062510017210541591e+01,0.000000000000000000e+00
9.745185000511495943e+00,-1.045043146795041444e+01,0.000000000000000000e+00
9.923333656852852513e+00,-1.027591281552937552e+01,0.000000000000000000e+00
1.010143778982737395e+01,-1.010143778982737928e+01,0.000000000000000000e+00
1.027960592985829713e+01,-9.926900055904399167e+00,0.000000000000000000e+00
1.045794677135857320e+01,-9.752193134316515355e+00,0.000000000000000000e+00
1.063656943876364736e+01,-9.577210140117589532e+00,0.000000000000000000e+00
1.081558372880929397e+01,-9.401843497194892763e+00,0.000000000000000000e+00
1.099510040813753875e+01,-9.225984697225374731e+00,0.000000000000000000e+00
1.117523148849959291e+01,-9.049524026645052288e+00,0.000000000000000000e+00
1.135609048188566383e+01,-8.872350266807025321e+00,0.000000000000000000e+00
1.153779272556440816e+01,-8.694350437595616654e+00,0.000000000000000000e+00
1.172045567123912946e+01,-8.515409492756848664e+00,0.000000000000000000e+00
1.190419917249330872e+01,-8.335409996929609378e+00,0.000000000000000000e+00
1.208914585643653616e+01,-8.154231841516784485e+00,0.000000000000000000e+00
1.227542142480355203e+01,-7.971751882966828795e+00,0.000000000000000000e+00
1.246315501708580165e+01,-7.787843598271906309e+00,0.000000000000000000e+00
1.265247961984630898e+01,-7.602376736614450792e+00,0.000000000000000000e+00
1.284353240575389066e+01,-7.415216891807699717e+00,0.000000000000000000e+00
1.303645522363802733e+01,-7.226225129321285578e+00,0.000000000000000000e+00
1.323139499061818114e+01,-7.035257510550130711e+00,0.000000000000000000e+00
1.342850421167944575e+01,-6.842164644493803571e+00,0.000000000000000000e+00
1.362794147621056240e+01,-6.646791173016235454e+00,0.000000000000000000e+00
1.382987201304863589e+01,-6.448975230988074792e+00,0.000000000000000000e+00
1.403446829120653661e+01,-6.248547866298223674e+00,0.000000000000000000e+00
1.424191065743102413e+01,-6.045332408786661560e+00,0.000000000000000000e+00
1.445238802264705136e+01,-5.839143787095317784e+00,0.000000000000000000e+00
1.466609864402426489e+01,-5.629787803722604345e+00,0.000000000000000000e+00
1.488325088617804326e+01,-5.417060311684883445e+00,0.000000000000000000e+00
1.510406418476021351e+01,-5.200746371712412497e+00,0.000000000000000000e+00
1.532876995477277049e+01,-4.980619277328872663e+00,0.000000000000000000e+00
1.555761266879901150e+01,-4.756439523101801292e+00,0.000000000000000000e+00
1.579085104877659873e+01,-4.527953675441333203e+00,0.000000000000000000e+00
1.602875930552129091e+01,-4.294893111587271939e+00,0.000000000000000000e+00
1.627162854650634216e+01,-4.056972648506516066e+00,0.000000000000000000e+00
1.651976833002899170e+01,-3.813889032167163684e+00,0.000000000000000000e+00
1.677350837413393592e+01,-3.565319267149241966e+00,0.000000000000000000e+00
1.703320043532211869e+01,-3.310918766222632037e+00,0.000000000000000000e+00
1.729922040034036712e+01,-3.050319301802316030e+00,0.000000000000000000e+00
1.757197061067469335e+01,-2.783126730570915974e+00,0.000000000000000000e+00
1.785188244861759088e+01,-2.508918460337695944e+00,0.000000000000000000e+00
1.813941922050782196e+01,-2.227240624023771876e+00,0.000000000000000000e+00
1.843507937949991771e+01,-1.937604920244379247e+00,0.000000000000000000e+00
1.873940015066156306e+01,-1.639485074458882030e+00,0.000000000000000000e+00
1.905296158721001376e+01,-1.332312861875752041e+00,0.000000000000000000e+00
1.937639111443011330e+01,-1.015473628826944585e+00,0.000000000000000000e+00
1.971036873972741077e+01,-6.883012433573679756e-01,0.000000000000000000e+00
2.005563228457625868e+01,-3.500723637037541081e-01,0.000000000000000000e+00
2.041292992731045075e+01,-4.999725859339991287e-15,0.000000000000000000e+00
