2.359464351229815549e+01,0.000000000000000000e+00,0.000000000000000000e+00
2.360368353563436017e+01,4.120038286595981702e-01,0.000000000000000000e+00
2.360139491640213549e+01,8.241788715593856285e-01,0.000000000000000000e+00
2.358571141750010369e+01,1.236074758201850088e+00,0.000000000000000000e+00
2.355956266995167780e+01,1.647445108293059235e+00,0.000000000000000000e+00
2.352282036970047585e+01,2.057980116505476076e+00,0.000000000000000000e+00
2.347536537256678457e+01,2.467360325065973914e+00,0.000000000000000000e+00
2.341708812371308213e+01,2.875256882894732691e+00,0.000000000000000000e+00
2.334788908011517350e+01,3.281331819858236631e+00,0.000000000000000000e+00
2.326767912557584239e+01,3.685238335955225875e+00,0.000000000000000000e+00
2.317638052769395074e+01,4.086621202198733371e+00,0.000000000000000000e+00
2.307394569518939065e+01,4.485120697257841904e+00,0.000000000000000000e+00
2.296036157139577583e+01,4.880375510316391718e+00,0.000000000000000000e+00
2.283562782903580057e+01,5.272020090106064316e+00,0.000000000000000000e+00
2.269983695182071060e+01,5.659705012063292351e+00,0.000000000000000000e+00
2.255345260934972629e+01,6.043179413208854989e+00,0.000000000000000000e+00
2.239703743494954580e+01,6.422247139139068750e+00,0.000000000000000000e+00
2.223082529513989769e+01,6.796645366871546301e+00,0.000000000000000000e+00
2.205450772153060157e+01,7.165943949446009320e+00,0.000000000000000000e+00
2.186785476477017554e+01,7.529706238918348227e+00,0.000000000000000000e+00
2.167105925447221182e+01,7.887620513647001452e+00,0.000000000000000000e+00
2.146439259059670945e+01,8.239408349410732413e+00,0.000000000000000000e+00
2.124805426126236085e+01,8.584771169518452538e+00,0.000000000000000000e+00
2.102246763585209521e+01,8.923508086000680350e+00,0.000000000000000000e+00
2.078853566796507479e+01,9.255652404937700695e+00,0.000000000000000000e+00
2.054591586168080397e+01,9.580717910110015723e+00,0.000000000000000000e+00
2.029351541885357690e+01,9.897808806338677101e+00,0.000000000000000000e+00
2.003317243818538884e+01,1.020741119136581254e+01,0.000000000000000000e+00
1.976532324744526292e+01,1.050940879050453525e+01,0.000000000000000000e+00
1.948807575435994011e+01,1.080241678603896105e+01,0.000000000000000000e+00
1.920331876188196318e+01,1.108704125650674044e+01,0.000000000000000000e+00
1.891201256872626502e+01,1.136348357910186557e+01,0.000000000000000000e+00
1.861327616859555434e+01,1.163086581637963413e+01,0.000000000000000000e+00
1.830653067283677871e+01,1.188840002404333518e+01,0.000000000000000000e+00
1.799325077438533782e+01,1.213660089300450018e+01,0.000000000000000000e+00
1.767400751642835743e+01,1.237547329337820479e+01,0.000000000000000000e+00
1.734880435884100081e+01,1.260464417674276660e+01,0.000000000000000000e+00
1.701788430204813807e+01,1.282389563998913573e+01,0.000000000000000000e+00
1.668113296513556776e+01,1.303272941950779362e+01,0.000000000000000000e+00
1.633848071937820023e+01,1.323064081321694019e+01,0.000000000000000000e+00
1.599095192758096751e+01,1.341800186460680422e+01,0.000000000000000000e+00
1.563892106900607537e+01,1.359470667904174412e+01,0.000000000000000000e+00
1.528261917097212752e+01,1.376053210900700563e+01,0.000000000000000000e+00
1.492236452623886045e+01,1.391533004156321596e+01,0.000000000000000000e+00
1.455845847047917019e+01,1.405893992343669652e+01,0.000000000000000000e+00
1.419122069991950319e+01,1.419122069991950141e+01,0.000000000000000000e+00
1.382097680179722943e+01,1.431204044445726176e+01,0.000000000000000000e+00
1.344806059022289446e+01,1.442127938747109717e+01,0.000000000000000000e+00
1.307281225677876257e+01,1.451882889639095353e+01,0.000000000000000000e+00
1.269557777063385196e+01,1.460459157875451730e+01,0.000000000000000000e+00
1.231670804364294192e+01,1.467848105994547936e+01,0.000000000000000000e+00
1.193655826080039795e+01,1.474042185507738623e+01,0.000000000000000000e+00
1.155548727297213851e+01,1.479034924095430803e+01,0.000000000000000000e+00
1.117385707838873188e+01,1.482820917340232825e+01,0.000000000000000000e+00
1.079203238502039319e+01,1.485395825988146434e+01,0.000000000000000000e+00
1.041038025004829137e+01,1.486756380353394214e+01,0.000000000000000000e+00
1.002926980133982582e+01,1.486900395014995091e+01,0.000000000000000000e+00
9.649072003086306637e+00,1.485826791087679766e+01,0.000000000000000000e+00
9.270159571743203486e+00,1.483535645238104728e+01,0.000000000000000000e+00
8.892906654044182346e+00,1.480028208278412194e+01,0.000000000000000000e+00
8.517689506262088983e+00,1.475307098794220018e+01,0.000000000000000000e+00
8.144884236515370191e+00,1.469376012383115437e+01,0.000000000000000000e+00
7.774873121130860376e+00,1.462240964362064588e+01,0.000000000000000000e+00
7.408029520487380282e+00,1.453907656200081533e+01,0.000000000000000000e+00
7.044570227846264743e+00,1.444350940042833287e+01,0.000000000000000000e+00
6.684750220413438804e+00,1.433549310955441669e+01,0.000000000000000000e+00
6.329184952583925217e+00,1.421558215234470879e+01,0.000000000000000000e+00
5.978278425176625888e+00,1.408394137150544623e+01,0.000000000000000000e+00
5.632407761698382309e+00,1.394069840405957450e+01,0.000000000000000000e+00
5.291975337875417296e+00,1.378606708332853259e+01,0.000000000000000000e+00
4.957348127261472115e+00,1.362020204002654999e+01,0.000000000000000000e+00
4.628984822759748319e+00,1.344354807485514769e+01,0.000000000000000000e+00
4.307146805238554421e+00,1.325603481467968514e+01,0.000000000000000000e+00
3.991765936590047303e+00,1.305647806607135308e+01,0.000000000000000000e+00
3.683291097478431197e+00,1.284516257421691421e+01,0.000000000000000000e+00
3.382505989589600137e+00,1.262368421005443331e+01,0.000000000000000000e+00
3.089904384411064964e+00,1.239292959144470352e+01,0.000000000000000000e+00
2.806072959356937790e+00,1.215443732493572426e+01,0.000000000000000000e+00
2.532032239331972079e+00,1.191227511133134520e+01,0.000000000000000000e+00
2.268641146193946412e+00,1.167114691944754767e+01,0.000000000000000000e+00
2.015714680852267460e+00,1.143168602305397386e+01,0.000000000000000000e+00
1.772601413549244942e+00,1.119176485971166279e+01,0.000000000000000000e+00
1.539287965200359709e+00,1.095260298161701762e+01,0.000000000000000000e+00
1.315854921587052084e+00,1.071677833036029703e+01,0.000000000000000000e+00
1.102276037132013942e+00,1.048745594643017043e+01,0.000000000000000000e+00
8.982286622136834708e-01,1.026680058894175929e+01,0.000000000000000000e+00
7.031905098226213235e-01,1.005609279586039584e+01,0.000000000000000000e+00
5.164660460052662438e-01,9.854759218396985432e+00,0.000000000000000000e+00
3.373907508049875381e-01,9.661606995364655504e+00,0.000000000000000000e+00
1.654040206869292484e-01,9.475989998727589736e+00,0.000000000000000000e+00
5.693060575397847161e-16,9.297473490906240201e+00,0.000000000000000000e+00
-1.592878758929592853e-01,9.125596298152826691e+00,0.000000000000000000e+00
-3.128857111421567416e-01,8.959874472872028761e+00,0.000000000000000000e+00
-4.611808377064456343e-01,8.799854602037724405e+00,0.000000000000000000e+00
-6.045294604534096061e-01,8.645174056294335330e+00,0.000000000000000000e+00
-7.432577825320513254e-01,8.495475328775757617e+00,0.000000000000000000e+00
-8.776663065617601456e-01,8.350437109820045833e+00,0.000000000000000000e+00
-1.008033120269574257e+00,8.209770942347599743e+00,0.000000000000000000e+00
-1.134612159971598810e+00,8.073185009710867277e+00,0.000000000000000000e+00
-1.257640121434216551e+00,7.940427221621380482e+00,0.000000000000000000e+00
-1.377337930561919332e+00,7.811271565065693423e+00,0.000000000000000000e+00
-1.493907435942258832e+00,7.685487499064657335e+00,0.000000000000000000e+00
-1.607537425734500536e+00,7.562868975224024126e+00,0.000000000000000000e+00
-1.718406755318945267e+00,7.443237402870933828e+00,0.000000000000000000e+00
-1.826679426428647668e+00,7.326411015202210386e+00,0.000000000000000000e+00
-1.932506645762096076e+00,7.212212987948650955e+00,0.000000000000000000e+00
-2.036034884342376117e+00,7.100497463819559485e+00,0.000000000000000000e+00
-2.137400833175368220e+00,6.991123111941840662e+00,0.000000000000000000e+00
-2.236729447681425231e+00,6.883945398244222247e+00,0.000000000000000000e+00
-2.334138435272070655e+00,6.778830233718377229e+00,0.000000000000000000e+00
-2.429743458554530555e+00,6.675665287446150842e+00,0.000000000000000000e+00
-2.523651944581088991e+00,6.574338083921442255e+00,0.000000000000000000e+00
-2.615962251251026771e+00,6.474733777104712651e+00,0.000000000000000000e+00
-2.706767585803915743e+00,6.376744820751206078e+00,0.000000000000000000e+00
-2.796161327411912811e+00,6.280281167135985498e+00,0.000000000000000000e+00
-2.884230857416627991e+00,6.185253034077178746e+00,0.000000000000000000e+00
-2.971056575472911021e+00,6.091568710241536344e+00,0.000000000000000000e+00
-3.056713320381541532e+00,5.999137674898345374e+00,0.000000000000000000e+00
-3.141277490780765458e+00,5.907883711908108459e+00,0.000000000000000000e+00
-3.224822797115653117e+00,5.817734328284609013e+00,0.000000000000000000e+00
-3.307417605884492851e+00,5.728615335239761741e+00,0.000000000000000000e+00
-3.389124963289848580e+00,5.640451139525248792e+00,0.000000000000000000e+00
-3.470006484786413381e+00,5.553171193600057620e+00,0.000000000000000000e+00
-3.550126031485466793e+00,5.466714693010576553e+00,0.000000000000000000e+00
-3.629544050983023684e+00,5.381020343485046986e+00,0.000000000000000000e+00
-3.708316876866281753e+00,5.296025356064727241e+00,0.000000000000000000e+00
-3.786496875243808624e+00,5.211665841006172251e+00,0.000000000000000000e+00
-3.864137237716552153e+00,5.127883311342345429e+00,0.000000000000000000e+00
-3.941293237855728382e+00,5.044625299812606656e+00,0.000000000000000000e+00
-4.018017280329029717e+00,4.961838114387021825e+00,0.000000000000000000e+00
-4.094358577560326395e+00,4.879466544176437992e+00,0.000000000000000000e+00
-4.170363276675322695e+00,4.797454160121979783e+00,0.000000000000000000e+00
-4.246079079903000597e+00,4.715748565094696865e+00,0.000000000000000000e+00
-4.321556435789729811e+00,4.634301900346698311e+00,0.000000000000000000e+00
-4.396843611927091722e+00,4.553064845146925776e+00,0.000000000000000000e+00
-4.471986352772520767e+00,4.471986352772521656e+00,0.000000000000000000e+00
-4.547027903707707708e+00,4.391013805345072463e+00,0.000000000000000000e+00
-4.622013020212034640e+00,4.310096869672419118e+00,0.000000000000000000e+00
-4.696990513620607821e+00,4.229189254492585093e+00,0.000000000000000000e+00
-4.772007723274853674e+00,4.148243026599436334e+00,0.000000000000000000e+00
-4.847109925867477465e+00,4.067208151071135980e+00,0.000000000000000000e+00
-4.922340284674623589e+00,3.986032568482078542e+00,0.000000000000000000e+00
-4.997743214580234294e+00,3.904664938523015216e+00,0.000000000000000000e+00
-5.073368789555927627e+00,3.823057599034978438e+00,0.000000000000000000e+00
-5.149266390165712970e+00,3.741161020484037092e+00,0.000000000000000000e+00
-5.225483610808403512e+00,3.658923015079339258e+00,0.000000000000000000e+00
-5.302066167157966525e+00,3.576288786610129833e+00,0.000000000000000000e+00
-5.379061153847978005e+00,3.493203157582637441e+00,0.000000000000000000e+00
-5.456523069994739572e+00,3.409614034425906492e+00,0.000000000000000000e+00
-5.534506391936138137e+00,3.325466936670739226e+00,0.000000000000000000e+00
-5.613063902626362456e+00,3.240703955159900840e+00,0.000000000000000000e+00
-5.692246573329526882e+00,3.155263798697565125e+00,0.000000000000000000e+00
-5.772108160711230340e+00,3.069084349620354590e+00,0.000000000000000000e+00
-5.852711659450793746e+00,2.982105539042950948e+00,0.000000000000000000e+00
-5.934119978948393381e+00,2.894263698192893752e+00,0.000000000000000000e+00
-6.016394214256530759e+00,2.805490696587245925e+00,0.000000000000000000e+00
-6.099593771149618426e+00,2.715714115645082583e+00,0.000000000000000000e+00
-6.183785615614268316e+00,2.624861262667467443e+00,0.000000000000000000e+00
-6.269046086396010686e+00,2.532859029873241852e+00,0.000000000000000000e+00
-6.355450192000906995e+00,2.439628755168075536e+00,0.000000000000000000e+00
-6.443070723814453338e+00,2.345085960740457942e+00,0.000000000000000000e+00
-6.531981950522788516e+00,2.249141755074686166e+00,0.000000000000000000e+00
-6.622274337457924709e+00,2.151707366097800556e+00,0.000000000000000000e+00
-6.714041478194451074e+00,2.052688476470102774e+00,0.000000000000000000e+00
-6.807374286301323352e+00,1.951983165730066361e+00,0.000000000000000000e+00
-6.902362959869844161e+00,1.849482580963620393e+00,0.000000000000000000e+00
-6.999116275963697120e+00,1.745075682753228996e+00,0.000000000000000000e+00
-7.097751842108283249e+00,1.638645128845671151e+00,0.000000000000000000e+00
-7.198383887753369237e+00,1.530063728761742237e+00,0.000000000000000000e+00
-7.301126667706353324e+00,1.419195258722402819e+00,0.000000000000000000e+00
-7.406119371502419391e+00,1.305898667543495151e+00,0.000000000000000000e+00
-7.513509830947151080e+00,1.190023049447466619e+00,0.000000000000000000e+00
-7.623441143345143445e+00,1.071404781590282296e+00,0.000000000000000000e+00
-7.736066789511908404e+00,9.498695638657631557e-01,0.000000000000000000e+00
-7.851572107961716895e+00,8.252334820406337368e-01,0.000000000000000000e+00
-7.970141704862539811e+00,6.972970458706566621e-01,0.000000000000000000e+00
-8.091960427499516939e+00,5.658449950680887186e-01,0.000000000000000000e+00
-8.217251855540983030e+00,4.306479215583524645e-01,0.000000000000000000e+00
-8.346249728377260979e+00,2.914574628852221183e-01,0.000000000000000000e+00
-8.479186564452644959e+00,1.480047520209904766e-01,0.000000000000000000e+00
-8.616345571609794973e+00,1.055198002461940649e-15,0.000000000000000000e+00
-8.758027176100135591e+00,-1.528719330019192024e-01,0.000000000000000000e+00
-8.904533377755651458e+00,-3.109531575161781913e-01,0.000000000000000000e+00
-9.056209112527751515e+00,-4.746158083104184411e-01,0.000000000000000000e+00
-9.213402190128906710e+00,-6.442638423090666366e-01,0.000000000000000000e+00
-9.376551618558222501e+00,-8.203419695894962338e-01,0.000000000000000000e+00
-9.546206154530295862e+00,-1.003346697560396850e+00,0.000000000000000000e+00
-9.722828624833457667e+00,-1.193813243434370230e+00,0.000000000000000000e+00
-9.906641264619237219e+00,-1.392287632426743249e+00,0.000000000000000000e+00
-1.009743071458210650e+01,-1.599275912444868331e+00,0.000000000000000000e+00
-1.029325983740945993e+01,-1.814979428778116466e+00,0.000000000000000000e+00
-1.049210098528075008e+01,-2.039457833023032407e+00,0.000000000000000000e+00
-1.069369216915832688e+01,-2.273014439033931300e+00,0.000000000000000000e+00
-1.089814006692626336e+01,-2.516033883884289502e+00,0.000000000000000000e+00
-1.110515079403741545e+01,-2.768825068749708684e+00,0.000000000000000000e+00
-1.131437167521696452e+01,-3.031676753239949118e+00,0.000000000000000000e+00
-1.152553235097933459e+01,-3.304893220057186998e+00,0.000000000000000000e+00
-1.173833125112247799e+01,-3.588768012593159362e+00,0.000000000000000000e+00
-1.195240881758528673e+01,-3.883573042261326602e+00,0.000000000000000000e+00
-1.216750524379279774e+01,-4.189608040284662493e+00,0.000000000000000000e+00
-1.238340054240228838e+01,-4.507189196430377187e+00,0.000000000000000000e+00
-1.259933514387349085e+01,-4.836431627090801655e+00,0.000000000000000000e+00
-1.281444766085524378e+01,-5.177372924577497315e+00,0.000000000000000000e+00
-1.302876703316075790e+01,-5.530383491838667176e+00,0.000000000000000000e+00
-1.324032831554850453e+01,-5.894973968985039114e+00,0.000000000000000000e+00
-1.344148562205277031e+01,-6.267867682543508678e+00,0.000000000000000000e+00
-1.362652364675682470e+01,-6.646099651386621510e+00,0.000000000000000000e+00
-1.379430111016993266e+01,-7.028547473620823993e+00,0.000000000000000000e+00
-1.394443463958822527e+01,-7.414387417056094165e+00,0.000000000000000000e+00
-1.407726349537034771e+01,-7.803154575169426899e+00,0.000000000000000000e+00
-1.419323265590435312e+01,-8.194466694557366537e+00,0.000000000000000000e+00
-1.429257713826534193e+01,-8.587846746797271891e+00,0.000000000000000000e+00
-1.437524130371352271e+01,-8.982647716991662534e+00,0.000000000000000000e+00
-1.444116850148504483e+01,-9.378204479509102853e+00,0.000000000000000000e+00
-1.449032514915076142e+01,-9.773847724918191204e+00,0.000000000000000000e+00
-1.452270094130751765e+01,-1.016890467426876299e+01,0.000000000000000000e+00
-1.453830903794714580e+01,-1.056269980135330400e+01,0.000000000000000000e+00
-1.453721866248098493e+01,-1.095458000034246204e+01,0.000000000000000000e+00
-1.451964774745066400e+01,-1.134399208702382822e+01,0.000000000000000000e+00
-1.448585559291691638e+01,-1.173041456631271551e+01,0.000000000000000000e+00
-1.443611342191701041e+01,-1.211333744796394463e+01,0.000000000000000000e+00
-1.437070530332922935e+01,-1.249226353324941918e+01,0.000000000000000000e+00
-1.428994118236157007e+01,-1.286672083337661654e+01,0.000000000000000000e+00
-1.419433731018447098e+01,-1.323643367947369320e+01,0.000000000000000000e+00
-1.408449957328495472e+01,-1.360124313669630780e+01,0.000000000000000000e+00
-1.395993445152432777e+01,-1.395993445152432244e+01,0.000000000000000000e+00
-1.381974253073362391e+01,-1.431076231935545628e+01,0.000000000000000000e+00
-1.366578176795104227e+01,-1.465475676597646704e+01,0.000000000000000000e+00
-1.349878261520780498e+01,-1.499191690740851968e+01,0.000000000000000000e+00
-1.331826210376448749e+01,-1.532090796325946869e+01,0.000000000000000000e+00
-1.312451699203194622e+01,-1.564119027631781478e+01,0.000000000000000000e+00
-1.291787648452595683e+01,-1.595224893921212406e+01,0.000000000000000000e+00
-1.269884144819207528e+01,-1.625377585016009263e+01,0.000000000000000000e+00
-1.246802631555859442e+01,-1.654562975788903145e+01,0.000000000000000000e+00
-1.222605119090393266e+01,-1.682771581791523019e+01,0.000000000000000000e+00
-1.197342064188316613e+01,-1.709981682359032007e+01,0.000000000000000000e+00
-1.170840853185558572e+01,-1.735842949273062530e+01,0.000000000000000000e+00
-1.143452826486939955e+01,-1.760762945281994618e+01,0.000000000000000000e+00
-1.115044868354047658e+01,-1.784444804257014283e+01,0.000000000000000000e+00
-1.085691543415656568e+01,-1.806894159868142680e+01,0.000000000000000000e+00
-1.055472188320153037e+01,-1.828131456146408951e+01,0.000000000000000000e+00
-1.024429557849499339e+01,-1.848119844272087420e+01,0.000000000000000000e+00
-9.925269092845230290e+00,-1.866671625859800798e+01,0.000000000000000000e+00
-9.599965714698800667e+00,-1.884099356415712023e+01,0.000000000000000000e+00
-9.266950825467432651e+00,-1.900006487718229309e+01,0.000000000000000000e+00
-8.927431627607585796e+00,-1.914493890778035023e+01,0.000000000000000000e+00
-8.582602172817560771e+00,-1.927684009593847136e+01,0.000000000000000000e+00
-8.232679701507715109e+00,-1.939497795186613160e+01,0.000000000000000000e+00
-7.877425911876040132e+00,-1.949731331324524675e+01,0.000000000000000000e+00
-7.517822067110436990e+00,-1.958459605734312703e+01,0.000000000000000000e+00
-7.154705751808819514e+00,-1.965739249593680071e+01,0.000000000000000000e+00
-6.788595312751811051e+00,-1.971551235143291336e+01,0.000000000000000000e+00
-6.419997197221878338e+00,-1.975871968260103273e+01,0.000000000000000000e+00
-6.049429503043850964e+00,-1.978679233036616836e+01,0.000000000000000000e+00
-5.677426844554603669e+00,-1.979954038154986051e+01,0.000000000000000000e+00
-5.304418835061382786e+00,-1.979636059707440765e+01,0.000000000000000000e+00
-4.931002627510886249e+00,-1.977717132163580871e+01,0.000000000000000000e+00
-4.557904735442329880e+00,-1.974245439885393694e+01,0.000000000000000000e+00
-4.185715917202095682e+00,-1.969224513379215935e+01,0.000000000000000000e+00
-3.815026170919372461e+00,-1.962660820863502309e+01,0.000000000000000000e+00
-3.446424442492004303e+00,-1.954564428339100601e+01,0.000000000000000000e+00
-3.080497732403361777e+00,-1.944949722391473657e+01,0.000000000000000000e+00
-2.717830069372238810e+00,-1.933836578619667179e+01,0.000000000000000000e+00
-2.359594674010489168e+00,-1.921735645474525711e+01,0.000000000000000000e+00
-2.006604054146063465e+00,-1.909156228646626374e+01,0.000000000000000000e+00
-1.658953656851335223e+00,-1.896192706566793618e+01,0.000000000000000000e+00
-1.316639524104772585e+00,-1.882882241461829764e+01,0.000000000000000000e+00
-9.796070730249443193e-01,-1.869201646065414479e+01,0.000000000000000000e+00
-6.478053846023531515e-01,-1.855071907150918520e+01,0.000000000000000000e+00
-3.212886422030527545e-01,-1.840661398421170247e+01,0.000000000000000000e+00
-3.354206367993189912e-15,-1.825944901190296576e+01,0.000000000000000000e+00
3.160785038196243235e-01,-1.810812535613452212e+01,0.000000000000000000e+00
6.269961034124271748e-01,-1.795481922471925174e+01,0.000000000000000000e+00
9.327378711990698124e-01,-1.779769881417004029e+01,0.000000000000000000e+00
1.233396226996174017e+00,-1.763838780456001132e+01,0.000000000000000000e+00
1.528952250237534116e+00,-1.747600418863972038e+01,0.000000000000000000e+00
1.819507162868247097e+00,-1.731145427459711428e+01,0.000000000000000000e+00
2.105015886495879229e+00,-1.714397861601246120e+01,0.000000000000000000e+00
2.385677895578795837e+00,-1.697498026556263895e+01,0.000000000000000000e+00
2.661296515496542892e+00,-1.680276490571573333e+01,0.000000000000000000e+00
2.932198262568942670e+00,-1.662932269802191598e+01,0.000000000000000000e+00
3.198244003614299835e+00,-1.645353903284696173e+01,0.000000000000000000e+00
3.459502218409138408e+00,-1.627567830053520126e+01,0.000000000000000000e+00
3.716181326865727552e+00,-1.609654976178418551e+01,0.000000000000000000e+00
3.968210313470332817e+00,-1.591562226552712822e+01,0.000000000000000000e+00
4.215561926878939936e+00,-1.573269129356513041e+01,0.000000000000000000e+00
4.458483561228249847e+00,-1.554857996905463757e+01,0.000000000000000000e+00
4.697030956793632583e+00,-1.536329600412951990e+01,0.000000000000000000e+00
4.931123321635678458e+00,-1.517643706677908888e+01,0.000000000000000000e+00
5.161346143682484566e+00,-1.498963761393284955e+01,0.000000000000000000e+00
5.388537182921766977e+00,-1.480488423396919906e+01,0.000000000000000000e+00
5.612997585973015013e+00,-1.462235863137104097e+01,0.000000000000000000e+00
5.834908176790745138e+00,-1.444190451926602314e+01,0.000000000000000000e+00
6.054445791611700933e+00,-1.426338044192010202e+01,0.000000000000000000e+00
6.271779857211381426e+00,-1.408664819712848093e+01,0.000000000000000000e+00
6.487073894722368728e+00,-1.391157486108900621e+01,0.000000000000000000e+00
6.700485894192449443e+00,-1.373803196931066317e+01,0.000000000000000000e+00
6.912168816855229991e+00,-1.356589513578518691e+01,0.000000000000000000e+00
7.122271064266550766e+00,-1.339504368393649969e+01,0.000000000000000000e+00
7.330936915646553587e+00,-1.322536028670860198e+01,0.000000000000000000e+00
7.538306944275196209e+00,-1.305673063053392724e+01,0.000000000000000000e+00
7.744518412300020138e+00,-1.288904309427673667e+01,0.000000000000000000e+00
7.949705647399876618e+00,-1.272218844324666698e+01,0.000000000000000000e+00
8.154000403762690752e+00,-1.255605953668414543e+01,0.000000000000000000e+00
8.357532209287162672e+00,-1.239055104657721529e+01,0.000000000000000000e+00
8.560428699208568304e+00,-1.222555918363270955e+01,0.000000000000000000e+00
8.762815940654480329e+00,-1.206098143313343130e+01,0.000000000000000000e+00
8.964818749124313868e+00,-1.189671629779099504e+01,0.000000000000000000e+00
9.166560998389229553e+00,-1.173266304587572151e+01,0.000000000000000000e+00
9.368165925462458077e+00,-1.156872146330214512e+01,0.000000000000000000e+00
9.569756432244155064e+00,-1.140479160837852390e+01,0.000000000000000000e+00
9.771455385413188921e+00,-1.124077356794893490e+01,0.000000000000000000e+00
9.973385916121099370e+00,-1.107656721366531904e+01,0.000000000000000000e+00
1.017567172103939832e+01,-1.091207195712567746e+01,0.000000000000000000e+00
1.037843736632066971e+01,-1.074718650260183495e+01,0.000000000000000000e+00
1.058180859605644386e+01,-1.058180859605644919e+01,0.000000000000000000e+00
1.078591264696547647e+01,-1.041583476922422236e+01,0.000000000000000000e+00
1.099087857213881669e+01,-1.024916007842660193e+01,0.000000000000000000e+00
1.119683757319079653e+01,-1.008167783424700126e+01,0.000000000000000000e+00
1.140392334326342194e+01,-9.913279321371780028e+00,0.000000000000000000e+00
1.161227242404986981e+01,-9.743853508150349896e+00,0.000000000000000000e+00
1.182202457823169262e+01,-9.573286743490971418e+00,0.000000000000000000e+00
1.203332317947885244e+01,-9.401462439236953017e+00,0.000000000000000000e+00
1.224631562231156146e+01,-9.228260736029998412e+00,0.000000000000000000e+00
1.246115375427492644e+01,-9.053558150494401602e+00,0.000000000000000000e+00
1.267799433369127016e+01,-8.877227201830621084e+00,0.000000000000000000e+00
1.289699952491167600e+01,-8.699136021265667651e+00,0.000000000000000000e+00
1.311833741851289403e+01,-8.519147929709300016e+00,0.000000000000000000e+00
1.334218257926951701e+01,-8.337120981364082084e+00,0.000000000000000000e+00
1.356871663744061607e+01,-8.152907478182132905e+00,0.000000000000000000e+00
1.379812892226438237e+01,-7.966353447582511293e+00,0.000000000000000000e+00
1.403061715889364791e+01,-7.777298088643278540e+00,0.000000000000000000e+00
1.426638823987577886e+01,-7.585573182886354182e+00,0.000000000000000000e+00
1.450565899682722026e+01,-7.391002420571298970e+00,0.000000000000000000e+00
1.474865705130502036e+01,-7.193400681503134386e+00,0.000000000000000000e+00
1.499562179146730401e+01,-6.992573280157194482e+00,0.000000000000000000e+00
1.524680545331078996e+01,-6.788315147132580663e+00,0.000000000000000000e+00
1.550247415239629234e+01,-6.580409866632582094e+00,0.000000000000000000e+00
1.576290914617785610e+01,-6.368628690512718293e+00,0.000000000000000000e+00
1.602840827967512638e+01,-6.152729477431171823e+00,0.000000000000000000e+00
1.629928729455808778e+01,-5.932455414972438668e+00,0.000000000000000000e+00
1.657588163704875939e+01,-5.707533762257004817e+00,0.000000000000000000e+00
1.685854812986155693e+01,-5.477674337282451233e+00,0.000000000000000000e+00
1.714766703712419371e+01,-5.242567928686177936e+00,0.000000000000000000e+00
1.744364420858902065e+01,-5.001884487631267362e+00,0.000000000000000000e+00
1.774691359812091918e+01,-4.755271166761409596e+00,0.000000000000000000e+00
1.805793984400910546e+01,-4.502350076769090492e+00,0.000000000000000000e+00
1.837722146473282336e+01,-4.242715877476745057e+00,0.000000000000000000e+00
1.870529409083365380e+01,-3.975932996974194111e+00,0.000000000000000000e+00
1.904273426824654791e+01,-3.701532573889186217e+00,0.000000000000000000e+00
1.939016374053043634e+01,-3.419009027810506307e+00,0.000000000000000000e+00
1.974825416872000261e+01,-3.127816183899413183e+00,0.000000000000000000e+00
2.011773248120588775e+01,-2.827362915228096796e+00,0.000000000000000000e+00
2.049938693497818321e+01,-2.517008223590048832e+00,0.000000000000000000e+00
2.089407397184506721e+01,-2.196055666395249961e+00,0.000000000000000000e+00
2.130272600014590623e+01,-1.863747027211721141e+00,0.000000000000000000e+00
2.172636024683494327e+01,-1.519255107197375665e+00,0.000000000000000000e+00
2.216608889349041789e+01,-1.161675494298328948e+00,0.000000000000000000e+00
2.262313072601401487e+01,-7.900171332648073808e-01,0.000000000000000000e+00
2.309882323557476624e+01,-4.031914593424001381e-01,0.000000000000000000e+00
2.359454210476589964e+01,-5.778996093189802600e-15,0.000000000000000000e+00
