2.172638769622888333e+01,0.000000000000000000e+00,0.000000000000000000e+00
2.170505451301817601e+01,3.788631357952343404e-01,0.000000000000000000e+00
2.167483677397572706e+01,7.569019787552633272e-01,0.000000000000000000e+00
2.163581794568257166e+01,1.133885171505394140e+00,0.000000000000000000e+00
2.158805375771090240e+01,1.509583775341843737e+00,0.000000000000000000e+00
2.153160584666003174e+01,1.883771419091257560e+00,0.000000000000000000e+00
2.146654165914671353e+01,2.256224444883400793e+00,0.000000000000000000e+00
2.139293435136762156e+01,2.626722050757337890e+00,0.000000000000000000e+00
2.131086234370195953e+01,2.995046382011635533e+00,0.000000000000000000e+00
2.122039815809696961e+01,3.360980885734008883e+00,0.000000000000000000e+00
2.112160606003817520e+01,3.724309024280147540e+00,0.000000000000000000e+00
2.101455511603488446e+01,4.084815719846483617e+00,0.000000000000000000e+00
2.089930909613846310e+01,4.442285282754208531e+00,0.000000000000000000e+00
2.077584888778526562e+01,4.796482651821026622e+00,0.000000000000000000e+00
2.064411950400339180e+01,5.147157086389118952e+00,0.000000000000000000e+00
2.050412651115524554e+01,5.494064140169620636e+00,0.000000000000000000e+00
2.035616607094347685e+01,5.837036692583043695e+00,0.000000000000000000e+00
2.020062266473882318e+01,6.175950133179860302e+00,0.000000000000000000e+00
2.003764239273113645e+01,6.510624679469807496e+00,0.000000000000000000e+00
1.986711061270918677e+01,6.840794780235931682e+00,0.000000000000000000e+00
1.968901078227245094e+01,7.166213866893486717e+00,0.000000000000000000e+00
1.950351996523728815e+01,7.486699871249778759e+00,0.000000000000000000e+00
1.931081657469539792e+01,7.802076338469171368e+00,0.000000000000000000e+00
1.911104872312180092e+01,8.112158894319927427e+00,0.000000000000000000e+00
1.890454677157380914e+01,8.416846505461537120e+00,0.000000000000000000e+00
1.869175722650602722e+01,8.716109539093796599e+00,0.000000000000000000e+00
1.847208874473429674e+01,9.009439659687572544e+00,0.000000000000000000e+00
1.824503621528252495e+01,9.296310278633960422e+00,0.000000000000000000e+00
1.801241081061552407e+01,9.577368714965457386e+00,0.000000000000000000e+00
1.777421285983105292e+01,9.852407070652557053e+00,0.000000000000000000e+00
1.752885037736220397e+01,1.012028648395473773e+01,0.000000000000000000e+00
1.727816800898271765e+01,1.038177072553954439e+01,0.000000000000000000e+00
1.702250246528891964e+01,1.063684008336001696e+01,0.000000000000000000e+00
1.676061506528159484e+01,1.088447069005445655e+01,0.000000000000000000e+00
1.649343542388459838e+01,1.112496266540074252e+01,0.000000000000000000e+00
1.622174868861738162e+01,1.135859071471336534e+01,0.000000000000000000e+00
1.594540521365428809e+01,1.158501501399824818e+01,0.000000000000000000e+00
1.566385203839464779e+01,1.180355914374319504e+01,0.000000000000000000e+00
1.537764348775245260e+01,1.201433182652561449e+01,0.000000000000000000e+00
1.508739065669343837e+01,1.221752805636587880e+01,0.000000000000000000e+00
1.479336338820414198e+01,1.241310576291357393e+01,0.000000000000000000e+00
1.449567666109341069e+01,1.260089947716070036e+01,0.000000000000000000e+00
1.419428562540665339e+01,1.278059218303484457e+01,0.000000000000000000e+00
1.388886305367227081e+01,1.295157432684938392e+01,0.000000000000000000e+00
1.358033332253022252e+01,1.311437544770589092e+01,0.000000000000000000e+00
1.326902519949907067e+01,1.326902519949906889e+01,0.000000000000000000e+00
1.295505511380335939e+01,1.341535228717090966e+01,0.000000000000000000e+00
1.263866381996213839e+01,1.355330761704842324e+01,0.000000000000000000e+00
1.232003633260833553e+01,1.368278653414516555e+01,0.000000000000000000e+00
1.199942316721307201e+01,1.380375731643778181e+01,0.000000000000000000e+00
1.167698307862833573e+01,1.391608653461711498e+01,0.000000000000000000e+00
1.135245000697379503e+01,1.401910823331825817e+01,0.000000000000000000e+00
1.102659950186949445e+01,1.411340376396222851e+01,0.000000000000000000e+00
1.069970360822665789e+01,1.419898626617040094e+01,0.000000000000000000e+00
1.037196232513068139e+01,1.427578142411802098e+01,0.000000000000000000e+00
1.004362179682984468e+01,1.434377844961419513e+01,0.000000000000000000e+00
9.714913099112759909e+00,1.440295097323771856e+01,0.000000000000000000e+00
9.386075157691770698e+00,1.445328828305998847e+01,0.000000000000000000e+00
9.057348059631520343e+00,1.449478684137128326e+01,0.000000000000000000e+00
8.728970349124740125e+00,1.452744625409433610e+01,0.000000000000000000e+00
8.401191121418348118e+00,1.455128986639312849e+01,0.000000000000000000e+00
8.074240460149452403e+00,1.456631537765432505e+01,0.000000000000000000e+00
7.748215694872920167e+00,1.457227431655931760e+01,0.000000000000000000e+00
7.423266165011431106e+00,1.456898016061236412e+01,0.000000000000000000e+00
7.099877116546170264e+00,1.455690532679554927e+01,0.000000000000000000e+00
6.778319564138682196e+00,1.453615321472073951e+01,0.000000000000000000e+00
6.458822437165482988e+00,1.450675270999132849e+01,0.000000000000000000e+00
6.141639653425635892e+00,1.446879630755975121e+01,0.000000000000000000e+00
5.827002234922376012e+00,1.442233662648375159e+01,0.000000000000000000e+00
5.515181654908139386e+00,1.436753941900105325e+01,0.000000000000000000e+00
5.206367132268306719e+00,1.430437613329788427e+01,0.000000000000000000e+00
4.900561748938209838e+00,1.423226473798839997e+01,0.000000000000000000e+00
4.598073010793529924e+00,1.415141360804909354e+01,0.000000000000000000e+00
4.299335445621707663e+00,1.406249260005344048e+01,0.000000000000000000e+00
4.004595904392473038e+00,1.396568559872445725e+01,0.000000000000000000e+00
3.714141299631726678e+00,1.386136403671550710e+01,0.000000000000000000e+00
3.428086586483971132e+00,1.374930431957987942e+01,0.000000000000000000e+00
3.146300477323086486e+00,1.362812461077367665e+01,0.000000000000000000e+00
2.869348621273997146e+00,1.349922391823612777e+01,0.000000000000000000e+00
2.597632700763988556e+00,1.336366174273117302e+01,0.000000000000000000e+00
2.331198501619331509e+00,1.322088368015375792e+01,0.000000000000000000e+00
2.070064260442914694e+00,1.306987135984612181e+01,0.000000000000000000e+00
1.814615793589933634e+00,1.291166227546998257e+01,0.000000000000000000e+00
1.565135555928856670e+00,1.274700617422521454e+01,0.000000000000000000e+00
1.321762233674444120e+00,1.257572761300597897e+01,0.000000000000000000e+00
1.084597301331922781e+00,1.239700388165769063e+01,0.000000000000000000e+00
8.539147713709713816e-01,1.221155015705270230e+01,0.000000000000000000e+00
6.299568151719794340e-01,1.202029209766244655e+01,0.000000000000000000e+00
4.128833055885506864e-01,1.182343091512114519e+01,0.000000000000000000e+00
2.028306935012397227e-01,1.162016264822644196e+01,0.000000000000000000e+00
6.986839582949212530e-16,1.141037495515232969e+01,0.000000000000000000e+00
-1.954616102526404997e-01,1.119798815166025285e+01,0.000000000000000000e+00
-3.836471649553377938e-01,1.098621738693362992e+01,0.000000000000000000e+00
-5.647141689403532006e-01,1.077538824704776310e+01,0.000000000000000000e+00
-7.388146561950565960e-01,1.056554182381286289e+01,0.000000000000000000e+00
-9.061002261288926274e-01,1.035677297619711545e+01,0.000000000000000000e+00
-1.066820087491422653e+00,1.015011511947903600e+01,0.000000000000000000e+00
-1.221494407264801962e+00,9.948273612598043769e+00,0.000000000000000000e+00
-1.370760333271081599e+00,9.753466572002349011e+00,0.000000000000000000e+00
-1.515028366484990840e+00,9.565512643670256665e+00,0.000000000000000000e+00
-1.654595545267471213e+00,9.383677634695862579e+00,0.000000000000000000e+00
-1.789750225044926424e+00,9.207466707838642961e+00,0.000000000000000000e+00
-1.920785481646998916e+00,9.036585210805554880e+00,0.000000000000000000e+00
-2.047971092361227985e+00,8.870737377794034373e+00,0.000000000000000000e+00
-2.171552664414209133e+00,8.709622022601468672e+00,0.000000000000000000e+00
-2.291751398644759519e+00,8.552932658059276605e+00,0.000000000000000000e+00
-2.408768155145814216e+00,8.400372856119535214e+00,0.000000000000000000e+00
-2.522798692466960535e+00,8.251702709163929228e+00,0.000000000000000000e+00
-2.634024408529461070e+00,8.106693558648910169e+00,0.000000000000000000e+00
-2.742610173508939653e+00,7.965118299129044566e+00,0.000000000000000000e+00
-2.848715058477361506e+00,7.826780297626903860e+00,0.000000000000000000e+00
-2.952487521404446369e+00,7.691492955655629515e+00,0.000000000000000000e+00
-3.054061558958280465e+00,7.559067614101717680e+00,0.000000000000000000e+00
-3.153565129775027565e+00,7.429333871759792096e+00,0.000000000000000000e+00
-3.251123365679792432e+00,7.302142635816060157e+00,0.000000000000000000e+00
-3.346850393793890710e+00,7.177343831401143071e+00,0.000000000000000000e+00
-3.440850197781580633e+00,7.054788378810454397e+00,0.000000000000000000e+00
-3.533226546085882269e+00,6.934347537677831852e+00,0.000000000000000000e+00
-3.624078839402445240e+00,6.815900985765803277e+00,0.000000000000000000e+00
-3.713497475288752625e+00,6.699326784500775567e+00,0.000000000000000000e+00
-3.801565543614762621e+00,6.584504669843972202e+00,0.000000000000000000e+00
-3.888368001839437316e+00,6.471331085289656393e+00,0.000000000000000000e+00
-3.973986382325032540e+00,6.359707625573681078e+00,0.000000000000000000e+00
-4.058495169148553572e+00,6.249534516782595972e+00,0.000000000000000000e+00
-4.141962623778617569e+00,6.140712119052799345e+00,0.000000000000000000e+00
-4.224458808497784545e+00,6.033152426920283418e+00,0.000000000000000000e+00
-4.306053041035612594e+00,5.926773554271334454e+00,0.000000000000000000e+00
-4.386809179949258564e+00,5.821492405688540650e+00,0.000000000000000000e+00
-4.466785628642805150e+00,5.717224888181660525e+00,0.000000000000000000e+00
-4.546040082659605019e+00,5.613891971570719619e+00,0.000000000000000000e+00
-4.624633204329668956e+00,5.511423235690356748e+00,0.000000000000000000e+00
-4.702622011813947012e+00,5.409747793492867274e+00,0.000000000000000000e+00
-4.780059167068094084e+00,5.308793532569833218e+00,0.000000000000000000e+00
-4.856993812126734866e+00,5.208488188908214411e+00,0.000000000000000000e+00
-4.933478512233270941e+00,5.108766551851954496e+00,0.000000000000000000e+00
-5.009566246141626600e+00,5.009566246141626600e+00,0.000000000000000000e+00
-5.085306555516210913e+00,4.910823457114829260e+00,0.000000000000000000e+00
-5.160745483475463580e+00,4.812473019057670776e+00,0.000000000000000000e+00
-5.235927790127710146e+00,4.714450557882443604e+00,0.000000000000000000e+00
-5.310903075060108058e+00,4.616697608977168521e+00,0.000000000000000000e+00
-5.385719907654261007e+00,4.519155588136826829e+00,0.000000000000000000e+00
-5.460423999741293777e+00,4.421764169465321359e+00,0.000000000000000000e+00
-5.535058192016212075e+00,4.324461407300526083e+00,0.000000000000000000e+00
-5.609666316253856699e+00,4.227186772338313858e+00,0.000000000000000000e+00
-5.684297181125115728e+00,4.129883643908389246e+00,0.000000000000000000e+00
-5.758998059854565810e+00,4.032493854045263504e+00,0.000000000000000000e+00
-5.833813758974032204e+00,3.934957066100516876e+00,0.000000000000000000e+00
-5.908786758566042074e+00,3.837210987597690970e+00,0.000000000000000000e+00
-5.983963073129552335e+00,3.739195127355810833e+00,0.000000000000000000e+00
-6.059393281094569872e+00,3.640850797809925599e+00,0.000000000000000000e+00
-6.135126136269702712e+00,3.542116726287620310e+00,0.000000000000000000e+00
-6.211208103961109117e+00,3.442928872482434954e+00,0.000000000000000000e+00
-6.287684209491625431e+00,3.343220997495649272e+00,0.000000000000000000e+00
-6.364606375131137916e+00,3.242928924143801073e+00,0.000000000000000000e+00
-6.442029604133480802e+00,3.141987774441932668e+00,0.000000000000000000e+00
-6.520006768833344957e+00,3.040329087529417329e+00,0.000000000000000000e+00
-6.598588408785058590e+00,2.937880842135519366e+00,0.000000000000000000e+00
-6.677826672949183973e+00,2.834569249679704583e+00,0.000000000000000000e+00
-6.757783576700870931e+00,2.730321793505261496e+00,0.000000000000000000e+00
-6.838521143784721090e+00,2.625062319928209487e+00,0.000000000000000000e+00
-6.920098946199940926e+00,2.518710034593693692e+00,0.000000000000000000e+00
-7.002574939570471280e+00,2.411179915824324560e+00,0.000000000000000000e+00
-7.086017282364896808e+00,2.302386582887127275e+00,0.000000000000000000e+00
-7.170500319908610365e+00,2.192241949205203877e+00,0.000000000000000000e+00
-7.256095782745794587e+00,2.080651984326305826e+00,0.000000000000000000e+00
-7.342872678855581370e+00,1.967516804423909749e+00,0.000000000000000000e+00
-7.430908830010571897e+00,1.852733657896292518e+00,0.000000000000000000e+00
-7.520294184330364118e+00,1.736196715068441199e+00,0.000000000000000000e+00
-7.611116277181010581e+00,1.617792706348334164e+00,0.000000000000000000e+00
-7.703459305226479259e+00,1.497400801179758156e+00,0.000000000000000000e+00
-7.797418587275268820e+00,1.374895276814311895e+00,0.000000000000000000e+00
-7.893104551979246430e+00,1.250144946888283926e+00,0.000000000000000000e+00
-7.990624441256496624e+00,1.123009028767520734e+00,0.000000000000000000e+00
-8.090082852922193979e+00,9.933372707641696664e-01,0.000000000000000000e+00
-8.191605174449341220e+00,8.609723974588585627e-01,0.000000000000000000e+00
-8.295328145080519633e+00,7.257471729220806855e-01,0.000000000000000000e+00
-8.401382840481751657e+00,5.874819179518047108e-01,0.000000000000000000e+00
-8.509908847534116916e+00,4.459854246003674416e-01,0.000000000000000000e+00
-8.621074068135625268e+00,3.010545403046456792e-01,0.000000000000000000e+00
-8.735043833265663693e+00,1.524707572604780959e-01,0.000000000000000000e+00
-8.851985675890286842e+00,1.084055592407725868e-15,0.000000000000000000e+00
-8.972106139366134769e+00,-1.566086952054926429e-01,0.000000000000000000e+00
-9.095615534760165488e+00,-3.176258934749188190e-01,0.000000000000000000e+00
-9.222724624627732126e+00,-4.833425165157566594e-01,0.000000000000000000e+00
-9.353680408355790732e+00,-6.540730508947886213e-01,0.000000000000000000e+00
-9.488729981688891257e+00,-8.301563046563241732e-01,0.000000000000000000e+00
-9.628153759566789205e+00,-1.011959737919611024e+00,0.000000000000000000e+00
-9.772312053356738915e+00,-1.199889044477571831e+00,0.000000000000000000e+00
-9.921552837744249231e+00,-1.394383317360458063e+00,0.000000000000000000e+00
-1.007614556548300833e+01,-1.595904676017583235e+00,0.000000000000000000e+00
-1.023631684146496923e+01,-1.804938842230730200e+00,0.000000000000000000e+00
-1.040271367030816840e+01,-2.022082699105671288e+00,0.000000000000000000e+00
-1.057652491339299061e+01,-2.248109770008139385e+00,0.000000000000000000e+00
-1.075748999748280532e+01,-2.483562256770193599e+00,0.000000000000000000e+00
-1.094259071722051324e+01,-2.728294289454916033e+00,0.000000000000000000e+00
-1.112910794831256212e+01,-2.982035487229134585e+00,0.000000000000000000e+00
-1.131537301666085149e+01,-3.244631000667220100e+00,0.000000000000000000e+00
-1.150049009765169039e+01,-3.516052674663622479e+00,0.000000000000000000e+00
-1.168448389763556783e+01,-3.796518958658037679e+00,0.000000000000000000e+00
-1.186715269773202763e+01,-4.086188364954082886e+00,0.000000000000000000e+00
-1.204796450868659008e+01,-4.385100464657548436e+00,0.000000000000000000e+00
-1.222679945980732086e+01,-4.693428576210483705e+00,0.000000000000000000e+00
-1.240394287942610063e+01,-5.011518227049394092e+00,0.000000000000000000e+00
-1.257829390884148602e+01,-5.339168995185877620e+00,0.000000000000000000e+00
-1.274724546256771518e+01,-5.675439338604220119e+00,0.000000000000000000e+00
-1.290764771474000661e+01,-6.018934978150128678e+00,0.000000000000000000e+00
-1.305576442409015847e+01,-6.367721778267569910e+00,0.000000000000000000e+00
-1.318893154968915660e+01,-6.720096276206611208e+00,0.000000000000000000e+00
-1.330730566223604860e+01,-7.075619930613108899e+00,0.000000000000000000e+00
-1.341151449188361866e+01,-7.434123876541070430e+00,0.000000000000000000e+00
-1.350199786517256584e+01,-7.795382102055135043e+00,0.000000000000000000e+00
-1.357874240598506965e+01,-8.158931567675972829e+00,0.000000000000000000e+00
-1.364167881795420634e+01,-8.524267001930242671e+00,0.000000000000000000e+00
-1.369075445108292222e+01,-8.890879897135864240e+00,0.000000000000000000e+00
-1.372593344084611999e+01,-9.258259007462980250e+00,0.000000000000000000e+00
-1.374719683346275900e+01,-9.625890852043269774e+00,0.000000000000000000e+00
-1.375454269717740097e+01,-9.993260222764941858e+00,0.000000000000000000e+00
-1.374797839781476938e+01,-1.035984480239903682e+01,0.000000000000000000e+00
-1.372753880190937714e+01,-1.072512875324502701e+01,0.000000000000000000e+00
-1.369342909285741605e+01,-1.108872023908393167e+01,0.000000000000000000e+00
-1.364590253179633983e+01,-1.145027178151141989e+01,0.000000000000000000e+00
-1.358521806900112416e+01,-1.180944989772405052e+01,0.000000000000000000e+00
-1.351163979676826443e+01,-1.216593511810578931e+01,0.000000000000000000e+00
-1.342542343702050545e+01,-1.251940989280775440e+01,0.000000000000000000e+00
-1.332659085012676847e+01,-1.286933919041408458e+01,0.000000000000000000e+00
-1.321497627457807766e+01,-1.321497627457807233e+01,0.000000000000000000e+00
-1.309055694897277711e+01,-1.355566854506308871e+01,0.000000000000000000e+00
-1.295399596492926797e+01,-1.389145994257612671e+01,0.000000000000000000e+00
-1.280599031290455336e+01,-1.422249310629320007e+01,0.000000000000000000e+00
-1.264593704341941383e+01,-1.454748645445553734e+01,0.000000000000000000e+00
-1.247345141069861363e+01,-1.486528053074938249e+01,0.000000000000000000e+00
-1.229054484347283349e+01,-1.517755887947115312e+01,0.000000000000000000e+00
-1.209723493280707451e+01,-1.548375462492022514e+01,0.000000000000000000e+00
-1.189199364571375206e+01,-1.578120858628725287e+01,0.000000000000000000e+00
-1.167645269832470944e+01,-1.607125838921097483e+01,0.000000000000000000e+00
-1.145121684063310319e+01,-1.635403250572188583e+01,0.000000000000000000e+00
-1.121623723521332749e+01,-1.662875553850651045e+01,0.000000000000000000e+00
-1.097176643830606224e+01,-1.689503872950422192e+01,0.000000000000000000e+00
-1.071802959823503620e+01,-1.715243284933950108e+01,0.000000000000000000e+00
-1.045531509404800197e+01,-1.740056639253375081e+01,0.000000000000000000e+00
-1.018394566136798041e+01,-1.763911130700995500e+01,0.000000000000000000e+00
-9.904275651755114040e+00,-1.786778625713824198e+01,0.000000000000000000e+00
-9.616684013532127651e+00,-1.808635213312285828e+01,0.000000000000000000e+00
-9.321568409745058403e+00,-1.829460808875058220e+01,0.000000000000000000e+00
-9.019340147106978733e+00,-1.849238775212379693e+01,0.000000000000000000e+00
-8.710418450622192665e+00,-1.867955264789341285e+01,0.000000000000000000e+00
-8.395232606096886485e+00,-1.885600115877334204e+01,0.000000000000000000e+00
-8.074193864948339794e+00,-1.902160871885816817e+01,0.000000000000000000e+00
-7.747772685245392310e+00,-1.917641031650872918e+01,0.000000000000000000e+00
-7.415826908158147823e+00,-1.931888958410480939e+01,0.000000000000000000e+00
-7.078856717681276223e+00,-1.944899898738393418e+01,0.000000000000000000e+00
-6.737787651389899324e+00,-1.956795618863637998e+01,0.000000000000000000e+00
-6.393043843964218986e+00,-1.967576579100826706e+01,0.000000000000000000e+00
-6.044567900450178222e+00,-1.977089074479262720e+01,0.000000000000000000e+00
-5.692683030349762419e+00,-1.985274502424982046e+01,0.000000000000000000e+00
-5.338427024802580689e+00,-1.992328088906200279e+01,0.000000000000000000e+00
-4.982222835103429226e+00,-1.998260435365972754e+01,0.000000000000000000e+00
-4.623530033031261866e+00,-2.002670879210310773e+01,0.000000000000000000e+00
-4.263770412658272946e+00,-2.005946266329543803e+01,0.000000000000000000e+00
-3.903335215550626902e+00,-2.008091885883924377e+01,0.000000000000000000e+00
-3.541981695528360952e+00,-2.008757639526870520e+01,0.000000000000000000e+00
-3.180806101010686948e+00,-2.008281933814381759e+01,0.000000000000000000e+00
-2.820714749515367270e+00,-2.007042832418427381e+01,0.000000000000000000e+00
-2.462002273518716144e+00,-2.005139942199753733e+01,0.000000000000000000e+00
-2.104883082509814152e+00,-2.002662478052586437e+01,0.000000000000000000e+00
-1.749495631962041831e+00,-1.999682657677863062e+01,0.000000000000000000e+00
-1.395840404370739529e+00,-1.996144777053968866e+01,0.000000000000000000e+00
-1.043955078138018022e+00,-1.991984954179932288e+01,0.000000000000000000e+00
-6.939914403106650642e-01,-1.987331466091122323e+01,0.000000000000000000e+00
-3.459916477035459015e-01,-1.982184822149939407e+01,0.000000000000000000e+00
-3.630648350957632411e-15,-1.976432907559105345e+01,0.000000000000000000e+00
3.438909092532861367e-01,-1.970149699628816720e+01,0.000000000000000000e+00
6.856271429852999200e-01,-1.963379252416866905e+01,0.000000000000000000e+00
1.025163651111529628e+00,-1.956128775414956777e+01,0.000000000000000000e+00
1.362386281426028356e+00,-1.948303152339646616e+01,0.000000000000000000e+00
1.697246924024389925e+00,-1.939962111229964847e+01,0.000000000000000000e+00
2.029720537627580423e+00,-1.931150093520949440e+01,0.000000000000000000e+00
2.359752481988825146e+00,-1.921864169758983820e+01,0.000000000000000000e+00
2.687300087652695790e+00,-1.912113367864442282e+01,0.000000000000000000e+00
3.012149362378411688e+00,-1.901796259914418386e+01,0.000000000000000000e+00
3.334382524697601990e+00,-1.891022299196854917e+01,0.000000000000000000e+00
3.653944081090140017e+00,-1.879791269650328189e+01,0.000000000000000000e+00
3.970789579623012600e+00,-1.868109621469778858e+01,0.000000000000000000e+00
4.284863115992648019e+00,-1.855978121153219718e+01,0.000000000000000000e+00
4.596120817436680994e+00,-1.843403374280224938e+01,0.000000000000000000e+00
4.904381549264171802e+00,-1.830340112155722210e+01,0.000000000000000000e+00
5.209664718551091589e+00,-1.816825998704344158e+01,0.000000000000000000e+00
5.511970688718204947e+00,-1.802884376020177015e+01,0.000000000000000000e+00
5.811249570148733667e+00,-1.788518713246353542e+01,0.000000000000000000e+00
6.107454212641620472e+00,-1.773733495926084558e+01,0.000000000000000000e+00
6.400537186013638191e+00,-1.758533139095213116e+01,0.000000000000000000e+00
6.690452087956758831e+00,-1.742922357219400453e+01,0.000000000000000000e+00
6.977153388185565852e+00,-1.726906062536706443e+01,0.000000000000000000e+00
7.260596708485413942e+00,-1.710489393297752869e+01,0.000000000000000000e+00
7.540738987186817788e+00,-1.693677706763480728e+01,0.000000000000000000e+00
7.817538676203158232e+00,-1.676476579246880050e+01,0.000000000000000000e+00
8.090955929840147220e+00,-1.658891802500004076e+01,0.000000000000000000e+00
8.360952796686870414e+00,-1.640929379481033124e+01,0.000000000000000000e+00
8.627493400069530693e+00,-1.622595516711159291e+01,0.000000000000000000e+00
8.890544148501978938e+00,-1.603896621424651059e+01,0.000000000000000000e+00
9.150073805961451257e+00,-1.584839272493036155e+01,0.000000000000000000e+00
9.406054081125660105e+00,-1.565430281709679505e+01,0.000000000000000000e+00
9.658458226553813475e+00,-1.545676419725466744e+01,0.000000000000000000e+00
9.907266679298071921e+00,-1.525585284661876706e+01,0.000000000000000000e+00
1.015244967459359771e+01,-1.505162562234236212e+01,0.000000000000000000e+00
1.039401516545577664e+01,-1.484419204059297748e+01,0.000000000000000000e+00
1.063189920082320228e+01,-1.463355384028498030e+01,0.000000000000000000e+00
1.086573239463140972e+01,-1.441931390740876395e+01,0.000000000000000000e+00
1.109581721589709602e+01,-1.420199839783138529e+01,0.000000000000000000e+00
1.132219950595604807e+01,-1.398175197562768446e+01,0.000000000000000000e+00
1.154486414585627507e+01,-1.375863332183630305e+01,0.000000000000000000e+00
1.176377150696364815e+01,-1.353267109137767576e+01,0.000000000000000000e+00
1.197870286271379747e+01,-1.330369731075023587e+01,0.000000000000000000e+00
1.218951445630124120e+01,-1.307165389333100158e+01,0.000000000000000000e+00
1.239651124702449714e+01,-1.283696318153962679e+01,0.000000000000000000e+00
1.259977559247099421e+01,-1.259977559247099954e+01,0.000000000000000000e+00
1.279901585434902778e+01,-1.235986593912263842e+01,0.000000000000000000e+00
1.299397714157905881e+01,-1.211707971345039603e+01,0.000000000000000000e+00
1.318518651640894923e+01,-1.187199526419596118e+01,0.000000000000000000e+00
1.337263619075831755e+01,-1.162465529026751021e+01,0.000000000000000000e+00
1.355570252645700435e+01,-1.137458499029900061e+01,0.000000000000000000e+00
1.373618140050577274e+01,-1.112334037519981855e+01,0.000000000000000000e+00
1.391629298658854630e+01,-1.087259968467788518e+01,0.000000000000000000e+00
1.409615262854406659e+01,-1.062221290410652763e+01,0.000000000000000000e+00
1.427586897109003061e+01,-1.037202593172904308e+01,0.000000000000000000e+00
1.445555146352851850e+01,-1.012188610374107789e+01,0.000000000000000000e+00
1.463530959925383534e+01,-9.871640971322445779e+00,0.000000000000000000e+00
1.481525306530320663e+01,-9.621137835750593226e+00,0.000000000000000000e+00
1.499549200227051138e+01,-9.370223369020299842e+00,0.000000000000000000e+00
1.517613727345393571e+01,-9.118743236574772482e+00,0.000000000000000000e+00
1.535730073886054292e+01,-8.866541715607185736e+00,0.000000000000000000e+00
1.553909553440681890e+01,-8.613461306110997029e+00,0.000000000000000000e+00
1.572163635850978203e+01,-8.359342332971674949e+00,0.000000000000000000e+00
1.590503976770558303e+01,-8.104022536866958504e+00,0.000000000000000000e+00
1.608942447939709908e+01,-7.847336649871274439e+00,0.000000000000000000e+00
1.627491168701178026e+01,-7.589115955449892148e+00,0.000000000000000000e+00
1.646162538914354911e+01,-7.329187830050000407e+00,0.000000000000000000e+00
1.664969273745214551e+01,-7.067375264676409863e+00,0.000000000000000000e+00
1.683924439714530408e+01,-6.803496359694432449e+00,0.000000000000000000e+00
1.703041492613259678e+01,-6.537363791872642160e+00,0.000000000000000000e+00
1.722334318209189519e+01,-6.268784252833182968e+00,0.000000000000000000e+00
1.741817275489478689e+01,-5.997557852560012392e+00,0.000000000000000000e+00
1.761505241576924874e+01,-5.723477480058470235e+00,0.000000000000000000e+00
1.781413661190605424e+01,-5.446328125955699484e+00,0.000000000000000000e+00
1.801558598993047866e+01,-5.165886154353603210e+00,0.000000000000000000e+00
1.821956794955962167e+01,-4.881918518528464368e+00,0.000000000000000000e+00
1.842625726182058443e+01,-4.594181922964384768e+00,0.000000000000000000e+00
1.863583670548088023e+01,-4.302421910305751496e+00,0.000000000000000000e+00
1.884849778999589276e+01,-4.006371882886548441e+00,0.000000000000000000e+00
1.906444150516486502e+01,-3.705752033311894955e+00,0.000000000000000000e+00
1.928387916460662765e+01,-3.400268189441980837e+00,0.000000000000000000e+00
1.950703330685224657e+01,-3.089610552697886092e+00,0.000000000000000000e+00
1.973413867963216717e+01,-2.773452322168262985e+00,0.000000000000000000e+00
1.996544332631388841e+01,-2.451448192053290676e+00,0.000000000000000000e+00
2.020120976703948656e+01,-2.123232704006198457e+00,0.000000000000000000e+00
2.044171629572043969e+01,-1.788418438888686124e+00,0.000000000000000000e+00
2.068725840949419137e+01,-1.446594028427493406e+00,0.000000000000000000e+00
2.093815038316583355e+01,-1.097321963876090933e+00,0.000000000000000000e+00
2.119472700604484317e+01,-7.401361762186091653e-01,0.000000000000000000e+00
2.145734557064424308e+01,-3.745393601228173552e-01,0.000000000000000000e+00
2.172637000064776913e+01,-5.321425895676873543e-15,0.000000000000000000e+00
