2.676237247887428339e+01,0.000000000000000000e+00,0.000000000000000000e+00
2.610671653907722245e+01,4.556944322521648272e-01,0.000000000000000000e+00
2.546257819888121077e+01,8.891728239487317609e-01,0.000000000000000000e+00
2.483057151960750275e+01,1.301315111671359048e+00,0.000000000000000000e+00
2.421131023763329893e+01,1.693019737892972332e+00,0.000000000000000000e+00
2.360525720215116152e+01,2.065192404801897030e+00,0.000000000000000000e+00
2.301313708508492439e+01,2.418778174392029801e+00,0.000000000000000000e+00
2.243504807991884320e+01,2.754677527328387665e+00,0.000000000000000000e+00
2.186966426622324988e+01,3.073580870636078100e+00,0.000000000000000000e+00
2.131909622156840456e+01,3.376613123278048079e+00,0.000000000000000000e+00
2.078435486199242277e+01,3.664842538788427806e+00,0.000000000000000000e+00
2.026489183029574903e+01,3.939095938615313042e+00,0.000000000000000000e+00
1.976068285575189520e+01,4.200262804070375111e+00,0.000000000000000000e+00
1.927435211367454926e+01,4.449834807601217079e+00,0.000000000000000000e+00
1.880705765919947936e+01,4.689126125524750499e+00,0.000000000000000000e+00
1.835833051436105734e+01,4.919099835706682633e+00,0.000000000000000000e+00
1.792660505774106028e+01,5.140371282627757665e+00,0.000000000000000000e+00
1.751061998576557244e+01,5.353533781011746484e+00,0.000000000000000000e+00
1.710934949613239553e+01,5.559164641025966525e+00,0.000000000000000000e+00
1.672179540637903017e+01,5.757775902196578421e+00,0.000000000000000000e+00
1.634702371256343412e+01,5.949830050216877275e+00,0.000000000000000000e+00
1.598420438340868444e+01,6.135761191446038154e+00,0.000000000000000000e+00
1.563256147891527092e+01,6.315964814462192933e+00,0.000000000000000000e+00
1.529137629778272256e+01,6.490804143593225994e+00,0.000000000000000000e+00
1.495999353067115045e+01,6.660618251884922181e+00,0.000000000000000000e+00
1.463781966117961808e+01,6.825727406699862776e+00,0.000000000000000000e+00
1.432340197670706772e+01,6.985989923168713922e+00,0.000000000000000000e+00
1.401387507395988941e+01,7.140425996218183968e+00,0.000000000000000000e+00
1.370703945232344090e+01,7.288162156956363269e+00,0.000000000000000000e+00
1.340312164273567852e+01,7.429471644290893018e+00,0.000000000000000000e+00
1.310276950766438731e+01,7.564887502379652240e+00,0.000000000000000000e+00
1.280620962358339732e+01,7.694747041823021050e+00,0.000000000000000000e+00
1.251346014694071407e+01,7.819277732162040806e+00,0.000000000000000000e+00
1.222442617138441356e+01,7.938635178179409557e+00,0.000000000000000000e+00
1.193887870370805082e+01,8.052875367199749945e+00,0.000000000000000000e+00
1.165672669788347093e+01,8.162127904708384563e+00,0.000000000000000000e+00
1.137848474544446375e+01,8.266953071825655641e+00,0.000000000000000000e+00
1.110479337221918072e+01,8.368062021190429078e+00,0.000000000000000000e+00
1.083613527236434670e+01,8.466116735180714059e+00,0.000000000000000000e+00
1.057282969104729986e+01,8.561708669500202262e+00,0.000000000000000000e+00
1.031509064489922523e+01,8.655388755695151204e+00,0.000000000000000000e+00
1.006266485465135574e+01,8.747341105237870451e+00,0.000000000000000000e+00
9.815122086986548311e+00,8.837575622399745257e+00,0.000000000000000000e+00
9.572079028266943013e+00,8.926108099560853049e+00,0.000000000000000000e+00
9.333284252745894349e+00,9.013047834960337568e+00,0.000000000000000000e+00
9.098513356909498029e+00,9.098513356909496252e+00,0.000000000000000000e+00
8.867541365277908483e+00,9.182607892537085092e+00,0.000000000000000000e+00
8.640141511196448576e+00,9.265417406792446187e+00,0.000000000000000000e+00
8.416088508373956500e+00,9.347013223310266739e+00,0.000000000000000000e+00
8.195166080629791239e+00,9.427460151085734097e+00,0.000000000000000000e+00
7.977182023953097278e+00,9.506835335824053601e+00,0.000000000000000000e+00
7.761949929431320783e+00,9.585209897022178183e+00,0.000000000000000000e+00
7.549286532772678804e+00,9.662646126650288991e+00,0.000000000000000000e+00
7.339021449696359944e+00,9.739210410580666277e+00,0.000000000000000000e+00
7.130989730562462547e+00,9.814965340211776024e+00,0.000000000000000000e+00
6.925027750872751575e+00,9.889964579042747062e+00,0.000000000000000000e+00
6.720980821696940666e+00,9.964263836370568228e+00,0.000000000000000000e+00
6.518702637132726352e+00,1.003792180044640681e+01,0.000000000000000000e+00
6.318047581031549065e+00,1.011098970004907116e+01,0.000000000000000000e+00
6.118873007455786883e+00,1.018351480141707022e+01,0.000000000000000000e+00
5.921044986549994782e+00,1.025555075060556831e+01,0.000000000000000000e+00
5.724431252186510832e+00,1.032714735071265899e+01,0.000000000000000000e+00
5.528899705795422115e+00,1.039834800093499823e+01,0.000000000000000000e+00
5.334323203736180297e+00,1.046919875941251732e+01,0.000000000000000000e+00
5.140579036627117127e+00,1.053974894673857499e+01,0.000000000000000000e+00
4.947543991937409125e+00,1.061004233023526311e+01,0.000000000000000000e+00
4.755095282133327217e+00,1.068011886708989699e+01,0.000000000000000000e+00
4.563114886784370050e+00,1.075002500155653884e+01,0.000000000000000000e+00
4.371485421246190661e+00,1.081980609602744536e+01,0.000000000000000000e+00
4.180088241551567663e+00,1.088950216752112787e+01,0.000000000000000000e+00
3.988805655595668576e+00,1.095915346934198631e+01,0.000000000000000000e+00
3.797522658635950510e+00,1.102880661343093571e+01,0.000000000000000000e+00
3.606122744217504117e+00,1.109850460291145957e+01,0.000000000000000000e+00
3.414487675027189084e+00,1.116828595264450463e+01,0.000000000000000000e+00
3.222500290938023149e+00,1.123819405989879350e+01,0.000000000000000000e+00
3.030043351129077411e+00,1.130827573554998189e+01,0.000000000000000000e+00
2.836996913423443623e+00,1.137857312885878081e+01,0.000000000000000000e+00
2.643239029758780667e+00,1.144912608736642134e+01,0.000000000000000000e+00
2.448647974932364857e+00,1.151998299038024065e+01,0.000000000000000000e+00
2.253099380775854588e+00,1.159119146775063491e+01,0.000000000000000000e+00
2.056465287865743896e+00,1.166279419974788567e+01,0.000000000000000000e+00
1.858615571010523881e+00,1.173483687666631248e+01,0.000000000000000000e+00
1.659418014116886608e+00,1.180737269442620629e+01,0.000000000000000000e+00
1.458735909364159422e+00,1.188045059278826265e+01,0.000000000000000000e+00
1.256428256023459422e+00,1.195411633839047738e+01,0.000000000000000000e+00
1.052350980264324942e+00,1.202842674528340972e+01,0.000000000000000000e+00
8.463549712864361085e-01,1.210343997907630254e+01,0.000000000000000000e+00
6.382852659771049986e-01,1.217920840587206577e+01,0.000000000000000000e+00
4.279815628044972287e-01,1.225578843288759678e+01,0.000000000000000000e+00
2.152775665317307463e-01,1.233324352656621059e+01,0.000000000000000000e+00
7.599932206654942633e-16,1.241163119349401178e+01,0.000000000000000000e+00
-2.180314332619424367e-01,1.249101244587619597e+01,0.000000000000000000e+00
-4.390055182530187006e-01,1.257147321329115819e+01,0.000000000000000000e+00
-6.631207421183423767e-01,1.265309752082791306e+01,0.000000000000000000e+00
-8.905849389208877476e-01,1.273595798476178587e+01,0.000000000000000000e+00
-1.121613734565851672e+00,1.282010364958315485e+01,0.000000000000000000e+00
-1.356430032553056497e+00,1.290556968636280288e+01,0.000000000000000000e+00
-1.595268189386676472e+00,1.299241677989288846e+01,0.000000000000000000e+00
-1.838398821533788974e+00,1.308088731240833980e+01,0.000000000000000000e+00
-2.086125191688236402e+00,1.317127608882335288e+01,0.000000000000000000e+00
-2.338744675917422633e+00,1.326368016125819338e+01,0.000000000000000000e+00
-2.596433057427070867e+00,1.335749011278450915e+01,0.000000000000000000e+00
-2.859295826018546816e+00,1.345192923499293869e+01,0.000000000000000000e+00
-3.127405885541384212e+00,1.354628314231679376e+01,0.000000000000000000e+00
-3.400820617875849550e+00,1.363994649255204372e+01,0.000000000000000000e+00
-3.679574278620408645e+00,1.373235815803496074e+01,0.000000000000000000e+00
-3.963765517102087799e+00,1.382329311634035562e+01,0.000000000000000000e+00
-4.253544185378753006e+00,1.391271613658408945e+01,0.000000000000000000e+00
-4.549036626395381866e+00,1.400049513506432675e+01,0.000000000000000000e+00
-4.850305766276361119e+00,1.408631076647358782e+01,0.000000000000000000e+00
-5.157404606257641966e+00,1.416985269868412978e+01,0.000000000000000000e+00
-5.470442967264451894e+00,1.425099115305173569e+01,0.000000000000000000e+00
-5.789552113950925616e+00,1.432964432440845925e+01,0.000000000000000000e+00
-6.114820031527645305e+00,1.440561323786088366e+01,0.000000000000000000e+00
-6.446296785069204560e+00,1.447861963476596259e+01,0.000000000000000000e+00
-6.784034374556282110e+00,1.454840866521068676e+01,0.000000000000000000e+00
-7.128090268046018529e+00,1.461475085969874321e+01,0.000000000000000000e+00
-7.478514555700359168e+00,1.467741123259071045e+01,0.000000000000000000e+00
-7.835348703063502285e+00,1.473614767106859880e+01,0.000000000000000000e+00
-8.198630739244206822e+00,1.479072138143281023e+01,0.000000000000000000e+00
-8.568397061276401772e+00,1.484089904955459716e+01,0.000000000000000000e+00
-8.944682183051073210e+00,1.488645103339814391e+01,0.000000000000000000e+00
-9.327519543393718138e+00,1.492715159559818439e+01,0.000000000000000000e+00
-9.716944033255341395e+00,1.496278167215706389e+01,0.000000000000000000e+00
-1.011296310333994697e+01,1.499308437302128461e+01,0.000000000000000000e+00
-1.051537931017360350e+01,1.501751800196171516e+01,0.000000000000000000e+00
-1.092401364170637557e+01,1.503561487542512154e+01,0.000000000000000000e+00
-1.133910964887038197e+01,1.504750674131946475e+01,0.000000000000000000e+00
-1.176090305749815101e+01,1.505326945547875894e+01,0.000000000000000000e+00
-1.218941153137952682e+01,1.505266963993615192e+01,0.000000000000000000e+00
-1.262406350930945642e+01,1.504477304035701479e+01,0.000000000000000000e+00
-1.306441690192618843e+01,1.502889246274006041e+01,0.000000000000000000e+00
-1.351163655987544665e+01,1.500619265922133572e+01,0.000000000000000000e+00
-1.396520693627312859e+01,1.497585094747896939e+01,0.000000000000000000e+00
-1.442238462599087967e+01,1.493481647736063067e+01,0.000000000000000000e+00
-1.488035524458230086e+01,1.488035524458230441e+01,0.000000000000000000e+00
-1.533640460943507833e+01,1.481019377723091779e+01,0.000000000000000000e+00
-1.578836528668735362e+01,1.472288881528812432e+01,0.000000000000000000e+00
-1.623652007298145961e+01,1.461942833903556860e+01,0.000000000000000000e+00
-1.668131953936478595e+01,1.450084984484449535e+01,0.000000000000000000e+00
-1.712188259933773082e+01,1.436696537416498387e+01,0.000000000000000000e+00
-1.755696856361026548e+01,1.421735281411828034e+01,0.000000000000000000e+00
-1.798579355947265057e+01,1.405204198933307858e+01,0.000000000000000000e+00
-1.840913494951601592e+01,1.387227820009668378e+01,0.000000000000000000e+00
-1.882680381340099274e+01,1.367847363684932915e+01,0.000000000000000000e+00
-1.923741426074780847e+01,1.347018248103859683e+01,0.000000000000000000e+00
-1.964016541202032329e+01,1.324745884260175544e+01,0.000000000000000000e+00
-2.003468494139708511e+01,1.301067652826308318e+01,0.000000000000000000e+00
-2.042105708873256731e+01,1.276049270833969551e+01,0.000000000000000000e+00
-2.079916329462597702e+01,1.249739813246428000e+01,0.000000000000000000e+00
-2.116839342304767513e+01,1.222157764110847644e+01,0.000000000000000000e+00
-2.152821281274063736e+01,1.193328322370361150e+01,0.000000000000000000e+00
-2.187823031871743495e+01,1.163286140852419059e+01,0.000000000000000000e+00
-2.221812525951284911e+01,1.132070025977681027e+01,0.000000000000000000e+00
-2.254763800481670089e+01,1.099721785013524133e+01,0.000000000000000000e+00
-2.286642404048398092e+01,1.066278864469724752e+01,0.000000000000000000e+00
-2.317403373528598820e+01,1.031774457325705363e+01,0.000000000000000000e+00
-2.347006910135128166e+01,9.962453268222819958e+00,0.000000000000000000e+00
-2.375424238195876825e+01,9.597336897156333535e+00,0.000000000000000000e+00
-2.402629213825750298e+01,9.222829447131212888e+00,0.000000000000000000e+00
-2.428597656220511425e+01,8.839372578729298269e+00,0.000000000000000000e+00
-2.453307039183139793e+01,8.447413574686665427e+00,0.000000000000000000e+00
-2.476733331484624046e+01,8.047394417158983515e+00,0.000000000000000000e+00
-2.498845720876628462e+01,7.639738051036697897e+00,0.000000000000000000e+00
-2.519613213635263449e+01,7.224874629068346543e+00,0.000000000000000000e+00
-2.539008210937287657e+01,6.803251996966365844e+00,0.000000000000000000e+00
-2.557014120705622773e+01,6.375352239573446766e+00,0.000000000000000000e+00
-2.573618568958339381e+01,5.941666636625715370e+00,0.000000000000000000e+00
-2.588810731666528753e+01,5.502687079374914525e+00,0.000000000000000000e+00
-2.602580401041528546e+01,5.058903829102201044e+00,0.000000000000000000e+00
-2.614913697767933343e+01,4.610798371406268359e+00,0.000000000000000000e+00
-2.625796390117188750e+01,4.158852916548990031e+00,0.000000000000000000e+00
-2.635215690165578550e+01,3.703554127167098198e+00,0.000000000000000000e+00
-2.643160268580847827e+01,3.245392729737029303e+00,0.000000000000000000e+00
-2.649620266644105371e+01,2.784863118700671603e+00,0.000000000000000000e+00
-2.654587307273269303e+01,2.322462957262209748e+00,0.000000000000000000e+00
-2.658054505039323701e+01,1.858692775094860528e+00,0.000000000000000000e+00
-2.660016475167219241e+01,1.394055563198168146e+00,0.000000000000000000e+00
-2.660469341513782027e+01,9.290563661486391789e-01,0.000000000000000000e+00
-2.659413956835139814e+01,4.642024328756519935e-01,0.000000000000000000e+00
-2.656865552572523370e+01,3.253721894722804533e-15,0.000000000000000000e+00
-2.655238421936632065e+01,-4.634735905480106277e-01,0.000000000000000000e+00
-2.650922758250616340e+01,-9.257226258129765961e-01,0.000000000000000000e+00
-2.646839405418343460e+01,-1.387149753568198252e+00,0.000000000000000000e+00
-2.642954132966056946e+01,-1.848133566312398335e+00,0.000000000000000000e+00
-2.639231249660360135e+01,-2.309028147686385424e+00,0.000000000000000000e+00
-2.635633710665845797e+01,-2.770162655999697687e+00,0.000000000000000000e+00
-2.632123225717622717e+01,-3.231840945120758590e+00,0.000000000000000000e+00
-2.628660368194771735e+01,-3.694341222951890824e+00,0.000000000000000000e+00
-2.625204684980395697e+01,-4.157915747679703067e+00,0.000000000000000000e+00
-2.621714806993533387e+01,-4.622790561958460387e+00,0.000000000000000000e+00
-2.618148560277946757e+01,-5.089165265152996831e+00,0.000000000000000000e+00
-2.614463077532574076e+01,-5.557212823735476093e+00,0.000000000000000000e+00
-2.610614909968370512e+01,-6.027079419898224266e+00,0.000000000000000000e+00
-2.606560139376211893e+01,-6.498884338413129846e+00,0.000000000000000000e+00
-2.602254490290577138e+01,-6.972719891736218756e+00,0.000000000000000000e+00
-2.597653442133904989e+01,-7.448651383323813491e+00,0.000000000000000000e+00
-2.592712341226710038e+01,-7.926717109095197777e+00,0.000000000000000000e+00
-2.587386512548870954e+01,-8.406928396944987725e+00,0.000000000000000000e+00
-2.581631371137869735e+01,-8.889269684176291264e+00,0.000000000000000000e+00
-2.575402533010264250e+01,-9.373698632695164790e+00,0.000000000000000000e+00
-2.568655925493184355e+01,-9.860146281774445853e+00,0.000000000000000000e+00
-2.561347896853324002e+01,-1.034851723816465174e+01,0.000000000000000000e+00
-2.553435325111571785e+01,-1.083868990329846049e+01,0.000000000000000000e+00
-2.544875725932239519e+01,-1.133051673730416198e+01,0.000000000000000000e+00
-2.535627359476729481e+01,-1.182382455951336020e+01,0.000000000000000000e+00
-2.525649336112416421e+01,-1.231841488511757099e+01,0.000000000000000000e+00
-2.514901720868547841e+01,-1.281406429759857524e+01,0.000000000000000000e+00
-2.503345636532099405e+01,-1.331052485652725714e+01,0.000000000000000000e+00
-2.490943915840112055e+01,-1.380752759211378056e+01,0.000000000000000000e+00
-2.477679605478624225e+01,-1.430488987188729766e+01,0.000000000000000000e+00
-2.463559510408536113e+01,-1.480255892435306464e+01,0.000000000000000000e+00
-2.448591464524908901e+01,-1.530049761528390206e+01,0.000000000000000000e+00
-2.432782814764763302e+01,-1.579867632508650033e+01,0.000000000000000000e+00
-2.416140284476163913e+01,-1.629707199765255510e+01,0.000000000000000000e+00
-2.398664425652967225e+01,-1.679562912477670622e+01,0.000000000000000000e+00
-2.380347067935721128e+01,-1.729423376268167090e+01,0.000000000000000000e+00
-2.361179454521964161e+01,-1.779276340974531223e+01,0.000000000000000000e+00
-2.341152948583026117e+01,-1.829109148181736444e+01,0.000000000000000000e+00
-2.320257450112570652e+01,-1.878907436002921472e+01,0.000000000000000000e+00
-2.298480834883934776e+01,-1.928654420819156101e+01,0.000000000000000000e+00
-2.275811231881029428e+01,-1.978332521647389086e+01,0.000000000000000000e+00
-2.252237445599164545e+01,-2.027923704736524257e+01,0.000000000000000000e+00
-2.227749606512965030e+01,-2.077410116210578650e+01,0.000000000000000000e+00
-2.202338497704896980e+01,-2.126773565559094337e+01,0.000000000000000000e+00
-2.176000235181132680e+01,-2.176000235181131615e+01,0.000000000000000000e+00
-2.148748391935400903e+01,-2.225094096557845447e+01,0.000000000000000000e+00
-2.120598778752105673e+01,-2.274063776850310603e+01,0.000000000000000000e+00
-2.091544062689404981e+01,-2.322895011339545945e+01,0.000000000000000000e+00
-2.061546910701109780e+01,-2.371538436074626333e+01,0.000000000000000000e+00
-2.030578157773885550e+01,-2.419948814570359374e+01,0.000000000000000000e+00
-1.998649973916650779e+01,-2.468127169698528789e+01,0.000000000000000000e+00
-1.965783956225337903e+01,-2.516088725470028109e+01,0.000000000000000000e+00
-1.931978028461212915e+01,-2.563821438153862076e+01,0.000000000000000000e+00
-1.897216058340248424e+01,-2.611293881927100458e+01,0.000000000000000000e+00
-1.861489898123497255e+01,-2.658483087575652348e+01,0.000000000000000000e+00
-1.824798440271654698e+01,-2.705374942949678285e+01,0.000000000000000000e+00
-1.787140357540972957e+01,-2.751954821996411482e+01,0.000000000000000000e+00
-1.748514127110898286e+01,-2.798207532131641528e+01,0.000000000000000000e+00
-1.708921018194645214e+01,-2.844122187538902224e+01,0.000000000000000000e+00
-1.668359974953967750e+01,-2.889684241934608622e+01,0.000000000000000000e+00
-1.626801460865738136e+01,-2.934827523747109979e+01,0.000000000000000000e+00
-1.584228886641787071e+01,-2.979501194273363041e+01,0.000000000000000000e+00
-1.540693915128303004e+01,-3.023782063598667236e+01,0.000000000000000000e+00
-1.496204503661660112e+01,-3.067673841645742883e+01,0.000000000000000000e+00
-1.450713850715357367e+01,-3.111065892538150024e+01,0.000000000000000000e+00
-1.404234429679984331e+01,-3.153962168243659647e+01,0.000000000000000000e+00
-1.356780209588361430e+01,-3.196373866661587115e+01,0.000000000000000000e+00
-1.308331239461515771e+01,-3.238233450705043026e+01,0.000000000000000000e+00
-1.258915594588635045e+01,-3.279587248835344582e+01,0.000000000000000000e+00
-1.208528956130930077e+01,-3.320406017726789827e+01,0.000000000000000000e+00
-1.157105373826935413e+01,-3.360478013285335663e+01,0.000000000000000000e+00
-1.104674645388424992e+01,-3.399838970046864262e+01,0.000000000000000000e+00
-1.051246693255586528e+01,-3.438472999307825262e+01,0.000000000000000000e+00
-9.967953297203804297e+00,-3.476238430420019654e+01,0.000000000000000000e+00
-9.413185172149262314e+00,-3.513048532351505315e+01,0.000000000000000000e+00
-8.848660801020630018e+00,-3.549004002805954627e+01,0.000000000000000000e+00
-8.274595931492152445e+00,-3.584121264670803697e+01,0.000000000000000000e+00
-7.691039733248567600e+00,-3.618349710223626658e+01,0.000000000000000000e+00
-7.098041907910945802e+00,-3.651626000286868390e+01,0.000000000000000000e+00
-6.495525485982944325e+00,-3.683795559751855819e+01,0.000000000000000000e+00
-5.883959093333445800e+00,-3.714985563781998934e+01,0.000000000000000000e+00
-5.263528806362269385e+00,-3.745195350168732773e+01,0.000000000000000000e+00
-4.634356642449130703e+00,-3.774380596689100287e+01,0.000000000000000000e+00
-3.996610868169023778e+00,-3.802521238146707816e+01,0.000000000000000000e+00
-3.350456579234423415e+00,-3.829589393878028147e+01,0.000000000000000000e+00
-2.696070780365319663e+00,-3.855560843447716479e+01,0.000000000000000000e+00
-2.033637511961853050e+00,-3.880411533903527754e+01,0.000000000000000000e+00
-1.363348238273901503e+00,-3.904118546402747114e+01,0.000000000000000000e+00
-6.854010260454593828e-01,-3.926659848382755058e+01,0.000000000000000000e+00
-7.252384689180183075e-15,-3.948014341348365974e+01,0.000000000000000000e+00
6.926452243518339547e-01,-3.968161832684619128e+01,0.000000000000000000e+00
1.392320070151702449e+00,-3.987083017975061949e+01,0.000000000000000000e+00
2.098805496409830162e+00,-4.004759455795115031e+01,0.000000000000000000e+00
2.811878458848218632e+00,-4.021173539442591505e+01,0.000000000000000000e+00
3.531312332202818816e+00,-4.036308465446447968e+01,0.000000000000000000e+00
4.256877292305929039e+00,-4.050148199590299924e+01,0.000000000000000000e+00
4.988340656842262355e+00,-4.062677441007364365e+01,0.000000000000000000e+00
5.725467183982367203e+00,-4.073881584741251771e+01,0.000000000000000000e+00
6.468019329732876521e+00,-4.083746684004845662e+01,0.000000000000000000e+00
7.215757458730899465e+00,-4.092259409047152729e+01,0.000000000000000000e+00
7.968440037383886398e+00,-4.099407019534201169e+01,0.000000000000000000e+00
8.725823671655518865e+00,-4.105177277567054972e+01,0.000000000000000000e+00
9.487663631435427902e+00,-4.109558612288577706e+01,0.000000000000000000e+00
1.025371208352247265e+01,-4.112539292255809187e+01,0.000000000000000000e+00
1.102372513184135450e+01,-4.114110228070578046e+01,0.000000000000000000e+00
1.179743959342428461e+01,-4.114256123844843671e+01,0.000000000000000000e+00
1.257462326055917856e+01,-4.112973941825156743e+01,0.000000000000000000e+00
1.335445967596499983e+01,-4.110080069258827962e+01,0.000000000000000000e+00
1.413717669072709349e+01,-4.105734232483476376e+01,0.000000000000000000e+00
1.492248859385247961e+01,-4.099920045367892385e+01,0.000000000000000000e+00
1.571015060852074718e+01,-4.092634155495017012e+01,0.000000000000000000e+00
1.649989409757326086e+01,-4.083867096366472538e+01,0.000000000000000000e+00
1.729145432889141176e+01,-4.073611358925224124e+01,0.000000000000000000e+00
1.808456637675697465e+01,-4.061860112230785091e+01,0.000000000000000000e+00
1.887874400371372730e+01,-4.048559716649240414e+01,0.000000000000000000e+00
1.967315084983073348e+01,-4.033593676337694944e+01,0.000000000000000000e+00
2.046823234663589730e+01,-4.017116783262795821e+01,0.000000000000000000e+00
2.126366078943295435e+01,-3.999112959683367308e+01,0.000000000000000000e+00
2.205917771908522695e+01,-3.979581004724917648e+01,0.000000000000000000e+00
2.285449215469143525e+01,-3.958514159310986713e+01,0.000000000000000000e+00
2.364931312020843990e+01,-3.935906659764582827e+01,0.000000000000000000e+00
2.444314300565957154e+01,-3.911720575024528301e+01,0.000000000000000000e+00
2.523485539957011525e+01,-3.885826969672530140e+01,0.000000000000000000e+00
2.602516554955923311e+01,-3.858389464285900061e+01,0.000000000000000000e+00
2.681370693088537394e+01,-3.829394210671117094e+01,0.000000000000000000e+00
2.760020596410618055e+01,-3.798842449027641521e+01,0.000000000000000000e+00
2.838434848127509369e+01,-3.766730266714530018e+01,0.000000000000000000e+00
2.916580538297525393e+01,-3.733052854611101168e+01,0.000000000000000000e+00
2.994430160519821982e+01,-3.697813290668725017e+01,0.000000000000000000e+00
3.071878056201681417e+01,-3.660921709489672793e+01,0.000000000000000000e+00
3.148906355609458529e+01,-3.622402388790568750e+01,0.000000000000000000e+00
3.225539736698290483e+01,-3.582324798655984921e+01,0.000000000000000000e+00
3.301742483353766033e+01,-3.540685327707775798e+01,0.000000000000000000e+00
3.377483115297479088e+01,-3.497486150206355404e+01,0.000000000000000000e+00
3.452728065961326820e+01,-3.452728065961328241e+01,0.000000000000000000e+00
3.527444386191771031e+01,-3.406413447501626024e+01,0.000000000000000000e+00
3.601597535312943421e+01,-3.358544035875537048e+01,0.000000000000000000e+00
3.675157448597742160e+01,-3.309126630148737291e+01,0.000000000000000000e+00
3.748078453587377368e+01,-3.258154891998259473e+01,0.000000000000000000e+00
3.820227289407255711e+01,-3.205551309555009709e+01,0.000000000000000000e+00
3.889918943304934373e+01,-3.149994250711133503e+01,0.000000000000000000e+00
3.954959902801408589e+01,-3.089953325469149092e+01,0.000000000000000000e+00
4.015033987758024381e+01,-3.025545122775432105e+01,0.000000000000000000e+00
4.070200792733341189e+01,-2.957173973441906867e+01,0.000000000000000000e+00
4.120329823823380622e+01,-2.885086002551418716e+01,0.000000000000000000e+00
4.165244274006552416e+01,-2.809492737546573338e+01,0.000000000000000000e+00
4.204718305630809994e+01,-2.730575994933218098e+01,0.000000000000000000e+00
4.238329850183368563e+01,-2.648402426662044462e+01,0.000000000000000000e+00
4.265747496836540620e+01,-2.563119681564472074e+01,0.000000000000000000e+00
4.287324674031391680e+01,-2.475288054655351644e+01,0.000000000000000000e+00
4.303615655470198931e+01,-2.385533111800971184e+01,0.000000000000000000e+00
4.313188308744862809e+01,-2.293362904291665672e+01,0.000000000000000000e+00
4.316481922508847191e+01,-2.199357391800897688e+01,0.000000000000000000e+00
4.313398471617011865e+01,-2.103785002077792754e+01,0.000000000000000000e+00
4.303105255223695735e+01,-2.006570934357832314e+01,0.000000000000000000e+00
4.287029267855314174e+01,-1.908708404806437642e+01,0.000000000000000000e+00
4.264673454129817287e+01,-1.810246480635739275e+01,0.000000000000000000e+00
4.235535556648673605e+01,-1.711267445343375115e+01,0.000000000000000000e+00
4.199257270112042306e+01,-1.611943839857016414e+01,0.000000000000000000e+00
4.156024673196507990e+01,-1.512669273919449253e+01,0.000000000000000000e+00
4.106045579777055110e+01,-1.413824874543217547e+01,0.000000000000000000e+00
4.049254671936362371e+01,-1.315682597975240498e+01,0.000000000000000000e+00
3.985690586615466913e+01,-1.218547899129312384e+01,0.000000000000000000e+00
3.915623201784406859e+01,-1.122786885481810870e+01,0.000000000000000000e+00
3.841245230514832798e+01,-1.029258557446351041e+01,0.000000000000000000e+00
3.765852501122148510e+01,-9.389324831067826338e+00,0.000000000000000000e+00
3.690444145716388391e+01,-8.520061643714681665e+00,0.000000000000000000e+00
3.615026505590846284e+01,-7.683976043743871998e+00,0.000000000000000000e+00
3.539723055963506937e+01,-6.880524618800954784e+00,0.000000000000000000e+00
3.464621603366660452e+01,-6.109062666189674751e+00,0.000000000000000000e+00
3.389814131285171328e+01,-5.368938139878070004e+00,0.000000000000000000e+00
3.315387593972931768e+01,-4.659473398189105886e+00,0.000000000000000000e+00
3.241426377200655651e+01,-3.979971144236774006e+00,0.000000000000000000e+00
3.168012095966829378e+01,-3.329714886590062761e+00,0.000000000000000000e+00
3.095223977208491561e+01,-2.707970090793664131e+00,0.000000000000000000e+00
3.023139087163033167e+01,-2.113984784271234929e+00,0.000000000000000000e+00
2.951832540848806019e+01,-1.546989882813045281e+00,0.000000000000000000e+00
2.881377645273220267e+01,-1.006199245692605215e+00,0.000000000000000000e+00
2.811845969029410597e+01,-4.908095395755788237e-01,0.000000000000000000e+00
2.743307320815624450e+01,-6.719165059028711050e-15,0.000000000000000000e+00
