2.860861694654234455e+01,0.000000000000000000e+00,0.000000000000000000e+00
2.765812241630076329e+01,4.827743225691200624e-01,0.000000000000000000e+00
2.673435772377530029e+01,9.335843435818828029e-01,0.000000000000000000e+00
2.583772380868708041e+01,1.354097726541851010e+00,0.000000000000000000e+00
2.497244915759950246e+01,1.746243756012335613e+00,0.000000000000000000e+00
2.415781513064029795e+01,2.113534959486064846e+00,0.000000000000000000e+00
2.339323777163768980e+01,2.458728366376116359e+00,0.000000000000000000e+00
2.267271285531375469e+01,2.783859092417339642e+00,0.000000000000000000e+00
2.199254758483903416e+01,3.090850994805340424e+00,0.000000000000000000e+00
2.134889937836244656e+01,3.381333479586776658e+00,0.000000000000000000e+00
2.073859837650054061e+01,3.656774435853813898e+00,0.000000000000000000e+00
2.015875687862199683e+01,3.918465393898652671e+00,0.000000000000000000e+00
1.960682740044809336e+01,4.167559817496823804e+00,0.000000000000000000e+00
1.908053148705466384e+01,4.405087790130661318e+00,0.000000000000000000e+00
1.857781506349296308e+01,4.631969526970658890e+00,0.000000000000000000e+00
1.809685357878417378e+01,4.849037301979491232e+00,0.000000000000000000e+00
1.763597989375633546e+01,5.057035857869740525e+00,0.000000000000000000e+00
1.719370378489905704e+01,5.256642774955537334e+00,0.000000000000000000e+00
1.676866532790467801e+01,5.448469644574056581e+00,0.000000000000000000e+00
1.635963177508922684e+01,5.633072963414242906e+00,0.000000000000000000e+00
1.596548059500807781e+01,5.810959712337597338e+00,0.000000000000000000e+00
1.558518774619448166e+01,5.982593055038731400e+00,0.000000000000000000e+00
1.521781060015682741e+01,6.148394582255604313e+00,0.000000000000000000e+00
1.486249797720902954e+01,6.308756097291423615e+00,0.000000000000000000e+00
1.451844476702475184e+01,6.464028076347026364e+00,0.000000000000000000e+00
1.418494271654985361e+01,6.614547419217166713e+00,0.000000000000000000e+00
1.386130501698287354e+01,6.760610176834020102e+00,0.000000000000000000e+00
1.354691755846937085e+01,6.902499258243075531e+00,0.000000000000000000e+00
1.324120315472374720e+01,7.040472603912343530e+00,0.000000000000000000e+00
1.294361555637967598e+01,7.174763261426122085e+00,0.000000000000000000e+00
1.265369025834160333e+01,7.305611476895668588e+00,0.000000000000000000e+00
1.237097621815428994e+01,7.433232428415413651e+00,0.000000000000000000e+00
1.209502614888153182e+01,7.557811150977971515e+00,0.000000000000000000e+00
1.182539964782043107e+01,7.679504323889755568e+00,0.000000000000000000e+00
1.156166099143789339e+01,7.798438807569715081e+00,0.000000000000000000e+00
1.130347924493778144e+01,7.914781375302432309e+00,0.000000000000000000e+00
1.105070548878298631e+01,8.028807502063106227e+00,0.000000000000000000e+00
1.080320230015816918e+01,8.140796847364009992e+00,0.000000000000000000e+00
1.056067033205836125e+01,8.250899936713119942e+00,0.000000000000000000e+00
1.032224712167668912e+01,8.358790905826902318e+00,0.000000000000000000e+00
1.008697473036579595e+01,8.463976775944482611e+00,0.000000000000000000e+00
9.853959492986481550e+00,8.565916302231457280e+00,0.000000000000000000e+00
9.622700094866146969e+00,8.664318082482688865e+00,0.000000000000000000e+00
9.393009055123084039e+00,8.759122648129938682e+00,0.000000000000000000e+00
9.164716459531094372e+00,8.850263809258805736e+00,0.000000000000000000e+00
8.937689507199303662e+00,8.937689507199301886e+00,0.000000000000000000e+00
8.711918464484444513e+00,9.021455661245429525e+00,0.000000000000000000e+00
8.487422589055434230e+00,9.101646413259727453e+00,0.000000000000000000e+00
8.264220620216498503e+00,9.178346846121915092e+00,0.000000000000000000e+00
8.042450180616068423e+00,9.251780604429624688e+00,0.000000000000000000e+00
7.822421755104404184e+00,9.322399229432779322e+00,0.000000000000000000e+00
7.604433272486017970e+00,9.390693025253517234e+00,0.000000000000000000e+00
7.388745531632617158e+00,9.457163015617167545e+00,0.000000000000000000e+00
7.175484391286230057e+00,9.522189404074470787e+00,0.000000000000000000e+00
6.964672294374954831e+00,9.586049027984172355e+00,0.000000000000000000e+00
6.756315197222454216e+00,9.649018081834702443e+00,0.000000000000000000e+00
6.550395211802188200e+00,9.711360269350668872e+00,0.000000000000000000e+00
6.346777870253154319e+00,9.773180875516565891e+00,0.000000000000000000e+00
6.145264475758796863e+00,9.834478930646152861e+00,0.000000000000000000e+00
5.945660470664556385e+00,9.895240730349540215e+00,0.000000000000000000e+00
5.747779081004829926e+00,9.955445398981913385e+00,0.000000000000000000e+00
5.551470954843940930e+00,1.001511871454071567e+01,0.000000000000000000e+00
5.356612218705230966e+00,1.007432236431646011e+01,0.000000000000000000e+00
5.163078877724172955e+00,1.013311284617320496e+01,0.000000000000000000e+00
4.970746402365705308e+00,1.019154044428687200e+01,0.000000000000000000e+00
4.779490434771240359e+00,1.024965031387616499e+01,0.000000000000000000e+00
4.589187089800214281e+00,1.030748296601775138e+01,0.000000000000000000e+00
4.399712442475337326e+00,1.036507296654972166e+01,0.000000000000000000e+00
4.210942681036558000e+00,1.042244887032315859e+01,0.000000000000000000e+00
4.022756357115219394e+00,1.047963859584832846e+01,0.000000000000000000e+00
3.835038953915502979e+00,1.053668292861171629e+01,0.000000000000000000e+00
3.647676391539985463e+00,1.059362145455171600e+01,0.000000000000000000e+00
3.460553511906779622e+00,1.065048857310950048e+01,0.000000000000000000e+00
3.273554539151630305e+00,1.070731443613475165e+01,0.000000000000000000e+00
3.086566227788592354e+00,1.076413564466148642e+01,0.000000000000000000e+00
2.899475958962421718e+00,1.082099159417225209e+01,0.000000000000000000e+00
2.712169304511697909e+00,1.087791693505668356e+01,0.000000000000000000e+00
2.524530149403330093e+00,1.093494143604350377e+01,0.000000000000000000e+00
2.336442402089381254e+00,1.099209727393186142e+01,0.000000000000000000e+00
2.147790824622422434e+00,1.104942591227546167e+01,0.000000000000000000e+00
1.958457706661357767e+00,1.110696558627874531e+01,0.000000000000000000e+00
1.768322616185115992e+00,1.116474959637290709e+01,0.000000000000000000e+00
1.577262971222867849e+00,1.122280918967692820e+01,0.000000000000000000e+00
1.385155572853379757e+00,1.128118684195752586e+01,0.000000000000000000e+00
1.191874194586969082e+00,1.133992547088343272e+01,0.000000000000000000e+00
9.972887664339605829e-01,1.139906276129651630e+01,0.000000000000000000e+00
8.012656176099293148e-01,1.145863218041773202e+01,0.000000000000000000e+00
6.036683063834833440e-01,1.151867746815261029e+01,0.000000000000000000e+00
4.043562475533857836e-01,1.157924792146804371e+01,0.000000000000000000e+00
2.031837142208220148e-01,1.164038719170617142e+01,0.000000000000000000e+00
7.165490161858545224e-16,1.170213349162785299e+01,0.000000000000000000e+00
-2.053507157346272649e-01,1.176453462528581007e+01,0.000000000000000000e+00
-4.130305624708445755e-01,1.182764780050028186e+01,0.000000000000000000e+00
-6.232083638781730217e-01,1.189152397609492873e+01,0.000000000000000000e+00
-8.360594974806974111e-01,1.195620784422573202e+01,0.000000000000000000e+00
-1.051767401255392143e+00,1.202175640668849965e+01,0.000000000000000000e+00
-1.270524889390548307e+00,1.208823684582253222e+01,0.000000000000000000e+00
-1.492533326310856889e+00,1.215570846477287681e+01,0.000000000000000000e+00
-1.718002802660573147e+00,1.222422512502226333e+01,0.000000000000000000e+00
-1.947156250709997760e+00,1.229386072722921242e+01,0.000000000000000000e+00
-2.180229096457888982e+00,1.236469363734317461e+01,0.000000000000000000e+00
-2.417467388003772477e+00,1.243679155943206460e+01,0.000000000000000000e+00
-2.659130881535142876e+00,1.251022721031423224e+01,0.000000000000000000e+00
-2.905498703446229847e+00,1.258509753674124987e+01,0.000000000000000000e+00
-3.156864284194824233e+00,1.266149108080887942e+01,0.000000000000000000e+00
-3.413535926767189643e+00,1.273948951215686165e+01,0.000000000000000000e+00
-3.675847503881357170e+00,1.281920367839240171e+01,0.000000000000000000e+00
-3.944153478022752068e+00,1.290074473129405597e+01,0.000000000000000000e+00
-4.218826234054953161e+00,1.298421204675400631e+01,0.000000000000000000e+00
-4.500272006046209583e+00,1.306973891245941033e+01,0.000000000000000000e+00
-4.788926038768186011e+00,1.315746615495386429e+01,0.000000000000000000e+00
-5.085246551154012806e+00,1.324752018168318557e+01,0.000000000000000000e+00
-5.389732155005042991e+00,1.334005520028806302e+01,0.000000000000000000e+00
-5.702912917394801440e+00,1.343522088853138818e+01,0.000000000000000000e+00
-6.025361303723252071e+00,1.353318306422187867e+01,0.000000000000000000e+00
-6.357731076764363110e+00,1.363419829285987106e+01,0.000000000000000000e+00
-6.700715245396797748e+00,1.373850220896600760e+01,0.000000000000000000e+00
-7.054994840412921242e+00,1.384620699007903433e+01,0.000000000000000000e+00
-7.421245049360478241e+00,1.395733197015270832e+01,0.000000000000000000e+00
-7.800418699016707258e+00,1.407232784413833393e+01,0.000000000000000000e+00
-8.193975817466798262e+00,1.419238243184322812e+01,0.000000000000000000e+00
-8.602815894368342597e+00,1.431748998343615575e+01,0.000000000000000000e+00
-9.025966417860006530e+00,1.444456571646633769e+01,0.000000000000000000e+00
-9.462193552648997752e+00,1.457050033255642951e+01,0.000000000000000000e+00
-9.910698007551072664e+00,1.469321403671220949e+01,0.000000000000000000e+00
-1.037112725636953847e+01,1.481150471885298181e+01,0.000000000000000000e+00
-1.084390850852337174e+01,1.492535961837510250e+01,0.000000000000000000e+00
-1.132925515069924849e+01,1.503442938055179390e+01,0.000000000000000000e+00
-1.182703381266735398e+01,1.513791296218818871e+01,0.000000000000000000e+00
-1.233696838269221097e+01,1.523488717604945109e+01,0.000000000000000000e+00
-1.285914485483331582e+01,1.532493207843695515e+01,0.000000000000000000e+00
-1.339465875554191499e+01,1.540879225788169826e+01,0.000000000000000000e+00
-1.394292390258345549e+01,1.548518577952027542e+01,0.000000000000000000e+00
-1.450268894699846989e+01,1.555222983798197589e+01,0.000000000000000000e+00
-1.507552040628586099e+01,1.561115837687734320e+01,0.000000000000000000e+00
-1.566158774749178129e+01,1.566158774749178484e+01,0.000000000000000000e+00
-1.625974634753799464e+01,1.570185452902775403e+01,0.000000000000000000e+00
-1.686971549444760399e+01,1.573126419742265369e+01,0.000000000000000000e+00
-1.749278276900291118e+01,1.575057235123379229e+01,0.000000000000000000e+00
-1.812221056943970154e+01,1.575339730792698134e+01,0.000000000000000000e+00
-1.874490689785830000e+01,1.572884446444535911e+01,0.000000000000000000e+00
-1.935677532061725614e+01,1.567480758877902858e+01,0.000000000000000000e+00
-1.996045344432021551e+01,1.559481537460388800e+01,0.000000000000000000e+00
-2.055440508260454635e+01,1.548885519745010875e+01,0.000000000000000000e+00
-2.113333626635850138e+01,1.535426755614748373e+01,0.000000000000000000e+00
-2.170043564798789149e+01,1.519480862315583991e+01,0.000000000000000000e+00
-2.225450171903931462e+01,1.501085094757644356e+01,0.000000000000000000e+00
-2.279272915589704596e+01,1.480177138353381849e+01,0.000000000000000000e+00
-2.331692542987837413e+01,1.457003208188621635e+01,0.000000000000000000e+00
-2.382505246681621358e+01,1.431553577357530216e+01,0.000000000000000000e+00
-2.431370666181079798e+01,1.403752508619405859e+01,0.000000000000000000e+00
-2.478437162329489141e+01,1.373820152536151795e+01,0.000000000000000000e+00
-2.523774071995219970e+01,1.341914477462555411e+01,0.000000000000000000e+00
-2.567197776083451188e+01,1.308052600800018794e+01,0.000000000000000000e+00
-2.608591646293377764e+01,1.272295156157950835e+01,0.000000000000000000e+00
-2.647915795181569010e+01,1.234743413442748405e+01,0.000000000000000000e+00
-2.685122238189571675e+01,1.195493444001857952e+01,0.000000000000000000e+00
-2.720154267104095780e+01,1.154636982590784378e+01,0.000000000000000000e+00
-2.752949117537156098e+01,1.112263641874763387e+01,0.000000000000000000e+00
-2.783433962282425966e+01,1.068460192016347143e+01,0.000000000000000000e+00
-2.811540636139907789e+01,1.023317103984790322e+01,0.000000000000000000e+00
-2.837229759100554105e+01,9.769365513055065620e+00,0.000000000000000000e+00
-2.860478443843913610e+01,9.294257870545411748e+00,0.000000000000000000e+00
-2.881267282078022873e+01,8.808918096142567933e+00,0.000000000000000000e+00
-2.899568020417485670e+01,8.314377505485165187e+00,0.000000000000000000e+00
-2.915340552921610495e+01,7.811631468170491033e+00,0.000000000000000000e+00
-2.928547023268304628e+01,7.301687805438283441e+00,0.000000000000000000e+00
-2.939152779053745945e+01,6.785568855418094181e+00,0.000000000000000000e+00
-2.947126419718173906e+01,6.264310585821774247e+00,0.000000000000000000e+00
-2.952439842222898747e+01,5.738961692418042659e+00,0.000000000000000000e+00
-2.955068284439468940e+01,5.210582683825546901e+00,0.000000000000000000e+00
-2.954979479253680097e+01,4.680227709920842472e+00,0.000000000000000000e+00
-2.952119681968610365e+01,4.148933642452277581e+00,0.000000000000000000e+00
-2.946503037765041100e+01,3.617850816910552769e+00,0.000000000000000000e+00
-2.938166456835946860e+01,3.088137385290051995e+00,0.000000000000000000e+00
-2.927150727082946702e+01,2.560925050514251122e+00,0.000000000000000000e+00
-2.913500396710570683e+01,2.037317943381237395e+00,0.000000000000000000e+00
-2.897263653867861066e+01,1.518391540966842923e+00,0.000000000000000000e+00
-2.878492203464918120e+01,1.005191627209906180e+00,0.000000000000000000e+00
-2.857241141293821229e+01,4.987332963685794374e-01,0.000000000000000000e+00
-2.833568825584799455e+01,3.470120992416149500e-15,0.000000000000000000e+00
-2.829543130426970876e+01,-4.938985905879391125e-01,0.000000000000000000e+00
-2.803238923186007980e+01,-9.789126026687350324e-01,0.000000000000000000e+00
-2.776146745354695256e+01,-1.454916858878813057e+00,0.000000000000000000e+00
-2.748682934432460812e+01,-1.922066346483937371e+00,0.000000000000000000e+00
-2.721261835319735312e+01,-2.380795610762261205e+00,0.000000000000000000e+00
-2.694290066930958005e+01,-2.831812970686854669e+00,0.000000000000000000e+00
-2.667958996081342349e+01,-3.275841738408024728e+00,0.000000000000000000e+00
-2.642160751109662797e+01,-3.713314773788497281e+00,0.000000000000000000e+00
-2.616764303114081258e+01,-4.144547496099486139e+00,0.000000000000000000e+00
-2.591667253616251898e+01,-4.569808618311536286e+00,0.000000000000000000e+00
-2.566850778928933963e+01,-4.989452479185994882e+00,0.000000000000000000e+00
-2.542309881975965524e+01,-5.403846472125302114e+00,0.000000000000000000e+00
-2.518039529783085939e+01,-5.813352314236844620e+00,0.000000000000000000e+00
-2.494047540780240624e+01,-6.218358923386831272e+00,0.000000000000000000e+00
-2.470348673507735882e+01,-6.619279320896919394e+00,0.000000000000000000e+00
-2.446955976338543692e+01,-7.016533353700157072e+00,0.000000000000000000e+00
-2.423834699622498334e+01,-7.410406344587327609e+00,0.000000000000000000e+00
-2.400826893503454684e+01,-7.800759449449354399e+00,0.000000000000000000e+00
-2.377756656681030378e+01,-8.187272745785936223e+00,0.000000000000000000e+00
-2.354452912250795649e+01,-8.569507780406642183e+00,0.000000000000000000e+00
-2.330792288926282652e+01,-8.947073328566760964e+00,0.000000000000000000e+00
-2.306701728588673816e+01,-9.319679935291141248e+00,0.000000000000000000e+00
-2.282112527548979486e+01,-9.686992957009891825e+00,0.000000000000000000e+00
-2.256973758666939744e+01,-1.004869459347145799e+01,0.000000000000000000e+00
-2.231307574641351721e+01,-1.040475809754517833e+01,0.000000000000000000e+00
-2.205156147777091746e+01,-1.075526516147243328e+01,0.000000000000000000e+00
-2.178558499512986657e+01,-1.110030998714261585e+01,0.000000000000000000e+00
-2.151529091823713813e+01,-1.143988310616724569e+01,0.000000000000000000e+00
-2.124067717798361343e+01,-1.177389961874257018e+01,0.000000000000000000e+00
-2.096174770646478791e+01,-1.210227068101247028e+01,0.000000000000000000e+00
-2.067858274503831595e+01,-1.242494602879635224e+01,0.000000000000000000e+00
-2.039131994119008340e+01,-1.274191087622718754e+01,0.000000000000000000e+00
-2.010009515833559490e+01,-1.305315441981565527e+01,0.000000000000000000e+00
-1.980502283379316708e+01,-1.335865657765221926e+01,0.000000000000000000e+00
-1.950620320715138689e+01,-1.365839052749780613e+01,0.000000000000000000e+00
-1.920372760673355117e+01,-1.395232480252253104e+01,0.000000000000000000e+00
-1.889763095302287255e+01,-1.424038634199830256e+01,0.000000000000000000e+00
-1.858792760128302390e+01,-1.452248066142989735e+01,0.000000000000000000e+00
-1.827469638897514059e+01,-1.479855734727852834e+01,0.000000000000000000e+00
-1.795819808625857661e+01,-1.506871739078810535e+01,0.000000000000000000e+00
-1.763871182812941640e+01,-1.533309826435512058e+01,0.000000000000000000e+00
-1.731632552693211125e+01,-1.559168953682759629e+01,0.000000000000000000e+00
-1.699092326474763937e+01,-1.584429227178453914e+01,0.000000000000000000e+00
-1.666243913923339903e+01,-1.609073043766374411e+01,0.000000000000000000e+00
-1.633109995176935314e+01,-1.633109995176934248e+01,0.000000000000000000e+00
-1.599722217093274956e+01,-1.656560849444343120e+01,0.000000000000000000e+00
-1.566093183823783264e+01,-1.679429327315556719e+01,0.000000000000000000e+00
-1.532210066567514595e+01,-1.701691675277151106e+01,0.000000000000000000e+00
-1.498065485177283485e+01,-1.723327206096158548e+01,0.000000000000000000e+00
-1.463685352633863523e+01,-1.744352277428929199e+01,0.000000000000000000e+00
-1.429104216323957210e+01,-1.764796733130708972e+01,0.000000000000000000e+00
-1.394329509207406659e+01,-1.784660387829903527e+01,0.000000000000000000e+00
-1.359342200477813556e+01,-1.803908027954175708e+01,0.000000000000000000e+00
-1.324138142776636506e+01,-1.822519799924039319e+01,0.000000000000000000e+00
-1.288756173531627702e+01,-1.840534560405787445e+01,0.000000000000000000e+00
-1.253247316600972994e+01,-1.858015555485928871e+01,0.000000000000000000e+00
-1.217721820452536186e+01,-1.875127166987373428e+01,0.000000000000000000e+00
-1.182309885076925049e+01,-1.892091333115158491e+01,0.000000000000000000e+00
-1.147061747559715172e+01,-1.909031331452761648e+01,0.000000000000000000e+00
-1.111937817078197277e+01,-1.925932794036663864e+01,0.000000000000000000e+00
-1.076899920407337241e+01,-1.942778884062832390e+01,0.000000000000000000e+00
-1.041928766779995286e+01,-1.959583006688803408e+01,0.000000000000000000e+00
-1.007007875523250995e+01,-1.976364235628354749e+01,0.000000000000000000e+00
-9.721168733012692798e+00,-1.993134959793644612e+01,0.000000000000000000e+00
-9.372331166396874025e+00,-2.009902904764549092e+01,0.000000000000000000e+00
-9.023345951177573099e+00,-2.026676683000455270e+01,0.000000000000000000e+00
-8.674003964682292178e+00,-2.043467276136138366e+01,0.000000000000000000e+00
-8.324092847639807502e+00,-2.060285277380988589e+01,0.000000000000000000e+00
-7.973398367926608721e+00,-2.077141289673298630e+01,0.000000000000000000e+00
-7.621701891639660609e+00,-2.094045384509450614e+01,0.000000000000000000e+00
-7.268783840528772799e+00,-2.111008109713790759e+01,0.000000000000000000e+00
-6.914422064986133876e+00,-2.128040295848913388e+01,0.000000000000000000e+00
-6.558389800584556006e+00,-2.145152645228164801e+01,0.000000000000000000e+00
-6.200457511334621863e+00,-2.162356508345024153e+01,0.000000000000000000e+00
-5.840389029853828795e+00,-2.179662859538240838e+01,0.000000000000000000e+00
-5.477944546273367799e+00,-2.197083554115988235e+01,0.000000000000000000e+00
-5.112876785125876289e+00,-2.214630244296023776e+01,0.000000000000000000e+00
-4.744932483097980658e+00,-2.232315222742506933e+01,0.000000000000000000e+00
-4.373850564743102076e+00,-2.250151048810305454e+01,0.000000000000000000e+00
-3.999361373788526741e+00,-2.268150544924818135e+01,0.000000000000000000e+00
-3.621186738031929142e+00,-2.286327325217023798e+01,0.000000000000000000e+00
-3.239037533937139113e+00,-2.304694959864241710e+01,0.000000000000000000e+00
-2.852614663177180265e+00,-2.323268204243507640e+01,0.000000000000000000e+00
-2.461605991360869439e+00,-2.342061654450523278e+01,0.000000000000000000e+00
-2.065687231012332425e+00,-2.361091309161719209e+01,0.000000000000000000e+00
-1.664519005571994059e+00,-2.380373077663901071e+01,0.000000000000000000e+00
-1.257747069758097913e+00,-2.399924375664368270e+01,0.000000000000000000e+00
-8.449997515032542372e-01,-2.419762690804746796e+01,0.000000000000000000e+00
-4.258873724889249424e-01,-2.439907122891548141e+01,0.000000000000000000e+00
-4.519639232076754780e-15,-2.460377002971253546e+01,0.000000000000000000e+00
4.330939286902760754e-01,-2.481193455718131702e+01,0.000000000000000000e+00
8.738496408814793170e-01,-2.502377964746666450e+01,0.000000000000000000e+00
1.322748273682554432e+00,-2.523954061359328804e+01,0.000000000000000000e+00
1.780298735622857009e+00,-2.545945805538873330e+01,0.000000000000000000e+00
2.247040904907157799e+00,-2.568379506953307612e+01,0.000000000000000000e+00
2.723547577877047488e+00,-2.591282426433751951e+01,0.000000000000000000e+00
3.210428253367434426e+00,-2.614683987758172989e+01,0.000000000000000000e+00
3.708332179081371027e+00,-2.638615450757864878e+01,0.000000000000000000e+00
4.217951678909391156e+00,-2.663109880154035025e+01,0.000000000000000000e+00
4.740027400233418398e+00,-2.688203121943364238e+01,0.000000000000000000e+00
5.275351477117824039e+00,-2.713933062726149714e+01,0.000000000000000000e+00
5.824774170178435462e+00,-2.740340794193395269e+01,0.000000000000000000e+00
6.389207115094479583e+00,-2.767469647483642348e+01,0.000000000000000000e+00
6.969633240237193661e+00,-2.795367211368102289e+01,0.000000000000000000e+00
7.567118243055679372e+00,-2.824086974996508204e+01,0.000000000000000000e+00
8.182773834976776683e+00,-2.853672366278144779e+01,0.000000000000000000e+00
8.817903283861475927e+00,-2.884206204555820818e+01,0.000000000000000000e+00
9.473683370716569740e+00,-2.915699934646537272e+01,0.000000000000000000e+00
1.014997317872870752e+01,-2.947766251378179803e+01,0.000000000000000000e+00
1.084575796965519068e+01,-2.979847511849769859e+01,0.000000000000000000e+00
1.156093895047897391e+01,-3.011727563748547709e+01,0.000000000000000000e+00
1.229608702336791737e+01,-3.043388334000065498e+01,0.000000000000000000e+00
1.305146434811983447e+01,-3.074732316198250004e+01,0.000000000000000000e+00
1.382739366782146462e+01,-3.105683466517727354e+01,0.000000000000000000e+00
1.462415181680529308e+01,-3.136159477772137194e+01,0.000000000000000000e+00
1.544200194603818233e+01,-3.166079591163704876e+01,0.000000000000000000e+00
1.628119261959270503e+01,-3.195363967736557953e+01,0.000000000000000000e+00
1.714196568563195555e+01,-3.223934853302672821e+01,0.000000000000000000e+00
1.802456336722884345e+01,-3.251717308239678772e+01,0.000000000000000000e+00
1.892923806422729882e+01,-3.278640207580841803e+01,0.000000000000000000e+00
1.985625562698347579e+01,-3.304635883629562443e+01,0.000000000000000000e+00
2.080593705853653574e+01,-3.329645948383083010e+01,0.000000000000000000e+00
2.177853843951813317e+01,-3.353600830610313466e+01,0.000000000000000000e+00
2.277465782095520197e+01,-3.376481875658165421e+01,0.000000000000000000e+00
2.379174697382455861e+01,-3.397813601758028312e+01,0.000000000000000000e+00
2.483168405912826771e+01,-3.417788099383641054e+01,0.000000000000000000e+00
2.589564208088424735e+01,-3.436467772597304560e+01,0.000000000000000000e+00
2.698347460004188747e+01,-3.453727252181807472e+01,0.000000000000000000e+00
2.809098050411263259e+01,-3.468947194881024387e+01,0.000000000000000000e+00
2.922399324714773172e+01,-3.482779894223724426e+01,0.000000000000000000e+00
3.037927075034510338e+01,-3.494735330561032072e+01,0.000000000000000000e+00
3.155563655164925763e+01,-3.504608486766322528e+01,0.000000000000000000e+00
3.275790884915555523e+01,-3.512855645567513108e+01,0.000000000000000000e+00
3.397796586910773442e+01,-3.518521365840246773e+01,0.000000000000000000e+00
3.522513824346560085e+01,-3.522513824346562217e+01,0.000000000000000000e+00
3.648936707596946150e+01,-3.523737218507856994e+01,0.000000000000000000e+00
3.777917764183575144e+01,-3.522965309288646552e+01,0.000000000000000000e+00
3.908836882196479223e+01,-3.519532537230268332e+01,0.000000000000000000e+00
4.041685433916100578e+01,-3.513383546128288515e+01,0.000000000000000000e+00
4.176499327764051372e+01,-3.504499045538975821e+01,0.000000000000000000e+00
4.304645597356680753e+01,-3.485833273302627333e+01,0.000000000000000000e+00
4.428223864412340305e+01,-3.459707656219397620e+01,0.000000000000000000e+00
4.542673277356352912e+01,-3.423149846445613065e+01,0.000000000000000000e+00
4.651180343725168598e+01,-3.379280325138928021e+01,0.000000000000000000e+00
4.751529313717486502e+01,-3.327056643489395782e+01,0.000000000000000000e+00
4.842700759839935643e+01,-3.266442907031331089e+01,0.000000000000000000e+00
4.925744909507832148e+01,-3.198816146388370285e+01,0.000000000000000000e+00
5.000165651918270271e+01,-3.124450270353456460e+01,0.000000000000000000e+00
5.065357988104013032e+01,-3.043574136328377833e+01,0.000000000000000000e+00
5.120037577637583581e+01,-2.956055073710061976e+01,0.000000000000000000e+00
5.166304459883781419e+01,-2.863729324674386945e+01,0.000000000000000000e+00
5.204025589071889613e+01,-2.767029488317206543e+01,0.000000000000000000e+00
5.228065904212886039e+01,-2.663832629830569587e+01,0.000000000000000000e+00
5.243020075046928952e+01,-2.557191753105412246e+01,0.000000000000000000e+00
5.247322966800530253e+01,-2.446866884231698691e+01,0.000000000000000000e+00
5.240787596246735092e+01,-2.333348971458216781e+01,0.000000000000000000e+00
5.225943592840128105e+01,-2.218281446092581177e+01,0.000000000000000000e+00
5.196292165068308577e+01,-2.099438311789345946e+01,0.000000000000000000e+00
5.154028608235764608e+01,-1.978446218245352028e+01,0.000000000000000000e+00
5.101073821455118207e+01,-1.856639033804210470e+01,0.000000000000000000e+00
5.037759682980986753e+01,-1.734639767967749080e+01,0.000000000000000000e+00
4.963269363587620830e+01,-1.612663973938981599e+01,0.000000000000000000e+00
4.876489650672944265e+01,-1.490892504026341214e+01,0.000000000000000000e+00
4.777429761958264720e+01,-1.369905940028336033e+01,0.000000000000000000e+00
4.667795084248489701e+01,-1.250731923258346789e+01,0.000000000000000000e+00
4.547793970526391405e+01,-1.133892388013604702e+01,0.000000000000000000e+00
4.424882643443779529e+01,-1.021564651834767190e+01,0.000000000000000000e+00
4.303713377763489945e+01,-9.147825179906869053e+00,0.000000000000000000e+00
4.182157187587129954e+01,-8.129290069857169954e+00,0.000000000000000000e+00
4.063236489917169791e+01,-7.164582221715597221e+00,0.000000000000000000e+00
3.944179940586038668e+01,-6.246967324289835588e+00,0.000000000000000000e+00
3.827466165356415218e+01,-5.379152896743536694e+00,0.000000000000000000e+00
3.712221715657175736e+01,-4.558035133311958198e+00,0.000000000000000000e+00
3.598131310630711255e+01,-3.781788397893268705e+00,0.000000000000000000e+00
3.486716281975421339e+01,-3.050481476041089213e+00,0.000000000000000000e+00
3.376741335346837047e+01,-2.361247563386746684e+00,0.000000000000000000e+00
3.268657687954073054e+01,-1.713030906621146210e+00,0.000000000000000000e+00
3.163187462728759414e+01,-1.104609402451368849e+00,0.000000000000000000e+00
3.060278511170365690e+01,-5.341736011091063885e-01,0.000000000000000000e+00
2.958999922213183709e+01,-7.247459566831285088e-15,0.000000000000000000e+00
