2.992811301139593638e+01,0.000000000000000000e+00,0.000000000000000000e+00
2.895859813667187410e+01,5.054742107057682565e-01,0.000000000000000000e+00
2.801492830536674816e+01,9.783028536795510544e-01,0.000000000000000000e+00
2.709722852606822840e+01,1.420105571776311582e+00,0.000000000000000000e+00
2.620476904250063299e+01,1.832415956858065353e+00,0.000000000000000000e+00
2.533757778978378639e+01,2.216750817812318530e+00,0.000000000000000000e+00
2.449983264100495006e+01,2.575036173869883704e+00,0.000000000000000000e+00
2.370512832554490856e+01,2.910623772599037817e+00,0.000000000000000000e+00
2.295664432000418387e+01,3.226345954699301188e+00,0.000000000000000000e+00
2.225061856328484211e+01,3.524151768020607367e+00,0.000000000000000000e+00
2.158315207877562614e+01,3.805692040222135475e+00,0.000000000000000000e+00
2.095079871891076095e+01,4.072422731663990270e+00,0.000000000000000000e+00
2.035050081072555628e+01,4.325632480590821061e+00,0.000000000000000000e+00
1.977954345887314602e+01,4.566467419639507419e+00,0.000000000000000000e+00
1.923549718428029465e+01,4.795948096652231207e+00,0.000000000000000000e+00
1.871620050138496438e+01,5.014990809725073717e+00,0.000000000000000000e+00
1.821970664104354753e+01,5.224416809198346279e+00,0.000000000000000000e+00
1.774425475266805208e+01,5.424963097509276189e+00,0.000000000000000000e+00
1.728827456890550351e+01,5.617300921319855256e+00,0.000000000000000000e+00
1.685032037231775703e+01,5.802030596966397447e+00,0.000000000000000000e+00
1.642910324456072502e+01,5.979704556706392005e+00,0.000000000000000000e+00
1.602342986106164346e+01,6.150818441574094741e+00,0.000000000000000000e+00
1.563223010539286584e+01,6.315830930868594706e+00,0.000000000000000000e+00
1.525450745702317867e+01,6.475154249187958122e+00,0.000000000000000000e+00
1.488937039866800482e+01,6.629174807670790592e+00,0.000000000000000000e+00
1.453597458067787329e+01,6.778236265716487630e+00,0.000000000000000000e+00
1.419357161736144590e+01,6.922667425930637997e+00,0.000000000000000000e+00
1.386144133146230040e+01,7.062757125053981788e+00,0.000000000000000000e+00
1.353894862784055420e+01,7.198786680203058452e+00,0.000000000000000000e+00
1.322549380350282711e+01,7.331010925214125784e+00,0.000000000000000000e+00
1.292050948899357010e+01,7.459659631537550517e+00,0.000000000000000000e+00
1.262347658784165993e+01,7.584949956850454811e+00,0.000000000000000000e+00
1.233388927390753054e+01,7.707069397108003983e+00,0.000000000000000000e+00
1.205133020894704465e+01,7.826225345820751578e+00,0.000000000000000000e+00
1.177543787385413765e+01,7.942633135463493588e+00,0.000000000000000000e+00
1.150574136241093015e+01,8.056406834651388849e+00,0.000000000000000000e+00
1.124095299882292487e+01,8.167030408954248699e+00,0.000000000000000000e+00
1.097946205193500901e+01,8.273618097185561737e+00,0.000000000000000000e+00
1.071985073184744763e+01,8.375265295089922901e+00,0.000000000000000000e+00
1.046184162892734548e+01,8.471832308920207666e+00,0.000000000000000000e+00
1.020572462699309568e+01,8.563619770406790010e+00,0.000000000000000000e+00
9.951767635991016547e+00,8.650939623795732558e+00,0.000000000000000000e+00
9.700083673951183982e+00,8.733994570053097206e+00,0.000000000000000000e+00
9.450675197282784268e+00,8.812897195653217608e+00,0.000000000000000000e+00
9.203539448730417405e+00,8.887754734133048728e+00,0.000000000000000000e+00
8.958669869312164025e+00,8.958669869312162248e+00,0.000000000000000000e+00
8.716055946227040607e+00,9.025740149012641211e+00,0.000000000000000000e+00
8.475685128627180376e+00,9.089059527961314444e+00,0.000000000000000000e+00
8.237568015565830848e+00,9.148746129844088415e+00,0.000000000000000000e+00
8.001789073776814476e+00,9.205005351719110607e+00,0.000000000000000000e+00
7.768438039421508456e+00,9.258063942326103302e+00,0.000000000000000000e+00
7.537609869516261440e+00,9.308172994936168010e+00,0.000000000000000000e+00
7.309581553458130543e+00,9.355837744181620508e+00,0.000000000000000000e+00
7.084726705520703938e+00,9.401749887157075491e+00,0.000000000000000000e+00
6.863378068629899964e+00,9.446629487020553384e+00,0.000000000000000000e+00
6.645702607409565310e+00,9.491046932172842787e+00,0.000000000000000000e+00
6.431467052148578389e+00,9.535042021791173994e+00,0.000000000000000000e+00
6.220373357122790381e+00,9.578534994479078080e+00,0.000000000000000000e+00
6.012136355638459939e+00,9.621429403231253730e+00,0.000000000000000000e+00
5.806526903404292561e+00,9.663683589052046941e+00,0.000000000000000000e+00
5.603393789186334573e+00,9.705362737686618502e+00,0.000000000000000000e+00
5.402592747094814740e+00,9.746535318042072404e+00,0.000000000000000000e+00
5.203979571328471998e+00,9.787262104919115302e+00,0.000000000000000000e+00
5.007407600295511685e+00,9.827590761686305854e+00,0.000000000000000000e+00
4.812726963998949614e+00,9.867552582759309132e+00,0.000000000000000000e+00
4.619789374452950348e+00,9.907170284810877803e+00,0.000000000000000000e+00
4.428448830390940394e+00,9.946458924411167857e+00,0.000000000000000000e+00
4.238566147836283271e+00,9.985436087080575618e+00,0.000000000000000000e+00
4.050013772924297761e+00,1.002413584551986325e+01,0.000000000000000000e+00
3.862666148391241006e+00,1.006258934373694380e+01,0.000000000000000000e+00
3.676398403579309360e+00,1.010082159875316954e+01,0.000000000000000000e+00
3.491087396412265509e+00,1.013885399157746647e+01,0.000000000000000000e+00
3.306615198689506041e+00,1.017671516078016936e+01,0.000000000000000000e+00
3.122865458227980451e+00,1.021443266121866422e+01,0.000000000000000000e+00
2.939721906542027696e+00,1.025202863775020212e+01,0.000000000000000000e+00
2.757068675369869659e+00,1.028952037643697714e+01,0.000000000000000000e+00
2.574793053386762232e+00,1.032693088632415801e+01,0.000000000000000000e+00
2.392784576776125327e+00,1.036428866666501492e+01,0.000000000000000000e+00
2.210932098215156572e+00,1.040161771927539469e+01,0.000000000000000000e+00
2.029123824368418205e+00,1.043893711955557357e+01,0.000000000000000000e+00
1.847248282341277026e+00,1.047626559996212237e+01,0.000000000000000000e+00
1.665195577530106608e+00,1.051363109986089128e+01,0.000000000000000000e+00
1.482854707901644753e+00,1.055105949129822385e+01,0.000000000000000000e+00
1.300113145939491233e+00,1.058857185609510587e+01,0.000000000000000000e+00
1.116857106441825120e+00,1.062618555397599351e+01,0.000000000000000000e+00
9.329726414801201573e-01,1.066392608916318530e+01,0.000000000000000000e+00
7.483443274966675718e-01,1.070182247263334929e+01,0.000000000000000000e+00
5.628542521447077451e-01,1.073989892044218131e+01,0.000000000000000000e+00
3.763821550028577101e-01,1.077817472183139991e+01,0.000000000000000000e+00
1.888057252277421938e-01,1.081667275396514150e+01,0.000000000000000000e+00
6.647030908126889116e-16,1.085542527487078068e+01,0.000000000000000000e+00
-1.901635162895601860e-01,1.089446055179922190e+01,0.000000000000000000e+00
-3.818167548365786756e-01,1.093380129916123167e+01,0.000000000000000000e+00
-5.750951916549729148e-01,1.097346996042383616e+01,0.000000000000000000e+00
-7.701390829022449758e-01,1.101350199583519718e+01,0.000000000000000000e+00
-9.670936315087712565e-01,1.105393078981265376e+01,0.000000000000000000e+00
-1.166108713739019143e+00,1.109478329575775923e+01,0.000000000000000000e+00
-1.367339230211208845e+00,1.113608437540020013e+01,0.000000000000000000e+00
-1.570947751651378788e+00,1.117787406754777635e+01,0.000000000000000000e+00
-1.777103781225584989e+00,1.122019169044777165e+01,0.000000000000000000e+00
-1.985982914955472856e+00,1.126306879965835783e+01,0.000000000000000000e+00
-2.197767890407659852e+00,1.130653562676732271e+01,0.000000000000000000e+00
-2.412653108660157475e+00,1.135064045872938365e+01,0.000000000000000000e+00
-2.630842059555364987e+00,1.139542891001611302e+01,0.000000000000000000e+00
-2.852545993460836371e+00,1.144093708260678355e+01,0.000000000000000000e+00
-3.077987759071408647e+00,1.148720670192956383e+01,0.000000000000000000e+00
-3.307406452473946157e+00,1.153429703401026529e+01,0.000000000000000000e+00
-3.541051798926842409e+00,1.158225854870784488e+01,0.000000000000000000e+00
-3.779184435011846865e+00,1.163113371958492692e+01,0.000000000000000000e+00
-4.022086735879558006e+00,1.168098804929706702e+01,0.000000000000000000e+00
-4.270058943382575301e+00,1.173189052668388932e+01,0.000000000000000000e+00
-4.523413876689676982e+00,1.178389602524847390e+01,0.000000000000000000e+00
-4.782487579247921339e+00,1.183707213402325564e+01,0.000000000000000000e+00
-5.047642164862613967e+00,1.189149973592332366e+01,0.000000000000000000e+00
-5.319255436507121182e+00,1.194724332018492419e+01,0.000000000000000000e+00
-5.597739254382463336e+00,1.200439057023121059e+01,0.000000000000000000e+00
-5.883548656551679912e+00,1.206306241264661239e+01,0.000000000000000000e+00
-6.177159777160843745e+00,1.212335867283972846e+01,0.000000000000000000e+00
-6.479067592898921646e+00,1.218535389273276515e+01,0.000000000000000000e+00
-6.789784937621722527e+00,1.224909627549219771e+01,0.000000000000000000e+00
-7.109875911092495393e+00,1.231466631352227203e+01,0.000000000000000000e+00
-7.440118081696546426e+00,1.238243586963265841e+01,0.000000000000000000e+00
-7.781383770613668815e+00,1.245281713183270433e+01,0.000000000000000000e+00
-8.134176781535249035e+00,1.252553383536019815e+01,0.000000000000000000e+00
-8.498509828943170419e+00,1.259955896291303290e+01,0.000000000000000000e+00
-8.874027541857529400e+00,1.267342474567846544e+01,0.000000000000000000e+00
-9.259585801271828842e+00,1.274472648792213292e+01,0.000000000000000000e+00
-9.654152271592224110e+00,1.281149277915137574e+01,0.000000000000000000e+00
-1.005786364597946658e+01,1.287347841141039062e+01,0.000000000000000000e+00
-1.047104998994364777e+01,1.293066985851779549e+01,0.000000000000000000e+00
-1.089372893194122938e+01,1.298264059138844573e+01,0.000000000000000000e+00
-1.132586399952278278e+01,1.302891612953279044e+01,0.000000000000000000e+00
-1.176751323981899766e+01,1.306914747256120002e+01,0.000000000000000000e+00
-1.221875830148015218e+01,1.310301407786165484e+01,0.000000000000000000e+00
-1.267969470843989477e+01,1.313020824019939781e+01,0.000000000000000000e+00
-1.315035817349444258e+01,1.315035817349444613e+01,0.000000000000000000e+00
-1.363069169160049832e+01,1.316300595943464202e+01,0.000000000000000000e+00
-1.412044584160761751e+01,1.316752877028891611e+01,0.000000000000000000e+00
-1.461904477811405023e+01,1.316304704198511466e+01,0.000000000000000000e+00
-1.512508256603125822e+01,1.314803368302639619e+01,0.000000000000000000e+00
-1.563342112152964880e+01,1.311799789711463227e+01,0.000000000000000000e+00
-1.613624975340336221e+01,1.306687740595292269e+01,0.000000000000000000e+00
-1.663309416056501178e+01,1.299519739198225921e+01,0.000000000000000000e+00
-1.712540061452624585e+01,1.290491499270912712e+01,0.000000000000000000e+00
-1.761299120061654833e+01,1.279658715263212798e+01,0.000000000000000000e+00
-1.809384552490901754e+01,1.266944703174332609e+01,0.000000000000000000e+00
-1.856545897925822430e+01,1.252256020059837738e+01,0.000000000000000000e+00
-1.902859170187938886e+01,1.235731193905560943e+01,0.000000000000000000e+00
-1.948404885244268314e+01,1.217498497899553556e+01,0.000000000000000000e+00
-1.993083763861828572e+01,1.197565544127798809e+01,0.000000000000000000e+00
-2.036805553721077189e+01,1.175950234727788413e+01,0.000000000000000000e+00
-2.079513569480674562e+01,1.152693194181994762e+01,0.000000000000000000e+00
-2.121151120918656474e+01,1.127836056971768386e+01,0.000000000000000000e+00
-2.161660842201296973e+01,1.101421212277121597e+01,0.000000000000000000e+00
-2.200987858251723495e+01,1.073493505507144086e+01,0.000000000000000000e+00
-2.239081865923726511e+01,1.044101021316217626e+01,0.000000000000000000e+00
-2.275922665110174492e+01,1.013306056050903692e+01,0.000000000000000000e+00
-2.311508730570649561e+01,9.811772435758742361e+00,0.000000000000000000e+00
-2.345785540091199195e+01,9.477588783817326501e+00,0.000000000000000000e+00
-2.378641150475409916e+01,9.130747899227744213e+00,0.000000000000000000e+00
-2.409991498949597144e+01,8.771651704522414050e+00,0.000000000000000000e+00
-2.439841873611224798e+01,8.401049291447391099e+00,0.000000000000000000e+00
-2.468215041585694536e+01,8.019716815495144147e+00,0.000000000000000000e+00
-2.495098581323668796e+01,7.628281895746226837e+00,0.000000000000000000e+00
-2.520438487945243722e+01,7.227241065072068871e+00,0.000000000000000000e+00
-2.544179940777571503e+01,6.817109605308125708e+00,0.000000000000000000e+00
-2.566282138764111309e+01,6.398460003901821125e+00,0.000000000000000000e+00
-2.586725106442090549e+01,5.971925462633644877e+00,0.000000000000000000e+00
-2.605492517828976418e+01,5.538145310466958904e+00,0.000000000000000000e+00
-2.622570052582454991e+01,5.097759775563007523e+00,0.000000000000000000e+00
-2.637941426663925171e+01,4.651402470494303110e+00,0.000000000000000000e+00
-2.651586341361282706e+01,4.199700186486919229e+00,0.000000000000000000e+00
-2.663485958807767773e+01,3.743285398689439436e+00,0.000000000000000000e+00
-2.673623408541909541e+01,3.282796762375456368e+00,0.000000000000000000e+00
-2.681983806166192252e+01,2.818878569420266711e+00,0.000000000000000000e+00
-2.688554270621753162e+01,2.352180199536137994e+00,0.000000000000000000e+00
-2.693323940065233657e+01,1.883355566598967190e+00,0.000000000000000000e+00
-2.696283986334678318e+01,1.413062560402262413e+00,0.000000000000000000e+00
-2.697427627992101407e+01,9.419624841778329039e-01,0.000000000000000000e+00
-2.696754632496180193e+01,4.707202720569216847e-01,0.000000000000000000e+00
-2.694284803531559547e+01,3.299547260636279668e-15,0.000000000000000000e+00
-2.692302154767115852e+01,-4.699430891783925590e-01,0.000000000000000000e+00
-2.684699798658041203e+01,-9.375178282347877978e-01,0.000000000000000000e+00
-2.675692663748854017e+01,-1.402271105510018101e+00,0.000000000000000000e+00
-2.666542845774598902e+01,-1.864628401157921944e+00,0.000000000000000000e+00
-2.657571746704471138e+01,-2.325074003434290049e+00,0.000000000000000000e+00
-2.648588728511238699e+01,-2.783778928434630373e+00,0.000000000000000000e+00
-2.639642989157660935e+01,-3.241074053641546548e+00,0.000000000000000000e+00
-2.630697746355041744e+01,-3.697204571224379066e+00,0.000000000000000000e+00
-2.621822730899451059e+01,-4.152559258636565609e+00,0.000000000000000000e+00
-2.612834446829173274e+01,-4.607132091004607410e+00,0.000000000000000000e+00
-2.602869496643555891e+01,-5.059465774027119167e+00,0.000000000000000000e+00
-2.591788760197911046e+01,-5.509017074426767024e+00,0.000000000000000000e+00
-2.579621961386547824e+01,-5.955526560130893543e+00,0.000000000000000000e+00
-2.566362118366492950e+01,-6.398659415447116139e+00,0.000000000000000000e+00
-2.552054057396136244e+01,-6.838208237198635686e+00,0.000000000000000000e+00
-2.536446016888347188e+01,-7.273141915690405135e+00,0.000000000000000000e+00
-2.519939315452821660e+01,-7.704227641478603061e+00,0.000000000000000000e+00
-2.502274575864182538e+01,-8.130382950811155141e+00,0.000000000000000000e+00
-2.483684047571634324e+01,-8.552010002659567789e+00,0.000000000000000000e+00
-2.463875344515674826e+01,-8.967772863460899302e+00,0.000000000000000000e+00
-2.443121911176467975e+01,-9.378266349076362474e+00,0.000000000000000000e+00
-2.421383318722288891e+01,-9.783023635635730741e+00,0.000000000000000000e+00
-2.398641797350801497e+01,-1.018163036083156747e+01,0.000000000000000000e+00
-2.374914162555624841e+01,-1.057379910315262705e+01,0.000000000000000000e+00
-2.350239276430329483e+01,-1.095934573096124609e+01,0.000000000000000000e+00
-2.324661445485905986e+01,-1.133813144346096813e+01,0.000000000000000000e+00
-2.298115950059953505e+01,-1.170948562444612584e+01,0.000000000000000000e+00
-2.270649705520717987e+01,-1.207325864424725204e+01,0.000000000000000000e+00
-2.242376023126323048e+01,-1.242969326379584061e+01,0.000000000000000000e+00
-2.213169033663841745e+01,-1.277773737347963312e+01,0.000000000000000000e+00
-2.183160473480499419e+01,-1.311775153531994498e+01,0.000000000000000000e+00
-2.152382853957146835e+01,-1.344958079012950591e+01,0.000000000000000000e+00
-2.120766427982413660e+01,-1.377241821730140892e+01,0.000000000000000000e+00
-2.088379957655984143e+01,-1.408630067841987277e+01,0.000000000000000000e+00
-2.055268034935841825e+01,-1.439114171103532414e+01,0.000000000000000000e+00
-2.021451255053995055e+01,-1.468670305086538974e+01,0.000000000000000000e+00
-1.986955490277524206e+01,-1.497278357072610433e+01,0.000000000000000000e+00
-1.951810748163834575e+01,-1.524921683201724854e+01,0.000000000000000000e+00
-1.916019695075839735e+01,-1.551562156359581834e+01,0.000000000000000000e+00
-1.879591156961801701e+01,-1.577164246570724870e+01,0.000000000000000000e+00
-1.842614999865701719e+01,-1.601760782284504003e+01,0.000000000000000000e+00
-1.805134542569103218e+01,-1.625350442630951875e+01,0.000000000000000000e+00
-1.767057640035138277e+01,-1.647807907407580075e+01,0.000000000000000000e+00
-1.728551850637941456e+01,-1.669243118833054496e+01,0.000000000000000000e+00
-1.689557160912027101e+01,-1.689557160912026390e+01,0.000000000000000000e+00
-1.650164694410880983e+01,-1.708795563809417217e+01,0.000000000000000000e+00
-1.610342587296733186e+01,-1.726881003037205531e+01,0.000000000000000000e+00
-1.570215477227667300e+01,-1.743900959987539778e+01,0.000000000000000000e+00
-1.529717767009844387e+01,-1.759738991132791952e+01,0.000000000000000000e+00
-1.489292094226104801e+01,-1.774869203716113830e+01,0.000000000000000000e+00
-1.449316070500298892e+01,-1.789756294381374957e+01,0.000000000000000000e+00
-1.409831773424370738e+01,-1.804502381194452454e+01,0.000000000000000000e+00
-1.370785105490874756e+01,-1.819093275796053177e+01,0.000000000000000000e+00
-1.332133955707874229e+01,-1.833525092282064861e+01,0.000000000000000000e+00
-1.293855844305267411e+01,-1.847817645056201741e+01,0.000000000000000000e+00
-1.255923838952191041e+01,-1.861983663055196914e+01,0.000000000000000000e+00
-1.218308684189822699e+01,-1.876030857894953741e+01,0.000000000000000000e+00
-1.180983802463034493e+01,-1.889969157319788806e+01,0.000000000000000000e+00
-1.143923664658331063e+01,-1.903808684466073586e+01,0.000000000000000000e+00
-1.107103163245582600e+01,-1.917558927961567505e+01,0.000000000000000000e+00
-1.070497590357218520e+01,-1.931228774907409473e+01,0.000000000000000000e+00
-1.034083035790481730e+01,-1.944827332776837281e+01,0.000000000000000000e+00
-9.978359445282233509e+00,-1.958363307501744899e+01,0.000000000000000000e+00
-9.617332675783419660e+00,-1.971845413090481713e+01,0.000000000000000000e+00
-9.257522213850382542e+00,-1.985282045437308440e+01,0.000000000000000000e+00
-8.898704076056448642e+00,-1.998681659491412788e+01,0.000000000000000000e+00
-8.540656075555832061e+00,-2.012052482128521191e+01,0.000000000000000000e+00
-8.183158408879091184e+00,-2.025402779723963675e+01,0.000000000000000000e+00
-7.825992231321743375e+00,-2.038740678219489055e+01,0.000000000000000000e+00
-7.468939792369694075e+00,-2.052074342680178987e+01,0.000000000000000000e+00
-7.111783433859552694e+00,-2.065411880828962765e+01,0.000000000000000000e+00
-6.754305338630509858e+00,-2.078761434575803690e+01,0.000000000000000000e+00
-6.396286892008371083e+00,-2.092131172930134042e+01,0.000000000000000000e+00
-6.037508092805088822e+00,-2.105529292765486815e+01,0.000000000000000000e+00
-5.677747214036299006e+00,-2.118964107531612129e+01,0.000000000000000000e+00
-5.316779903542125041e+00,-2.132443946493329889e+01,0.000000000000000000e+00
-4.954379100414080028e+00,-2.145977354550119287e+01,0.000000000000000000e+00
-4.590313845895697575e+00,-2.159572873135669369e+01,0.000000000000000000e+00
-4.224349406188130374e+00,-2.173239370246686519e+01,0.000000000000000000e+00
-3.856245827570958351e+00,-2.186985685387982414e+01,0.000000000000000000e+00
-3.485758188713203420e+00,-2.200821104377889270e+01,0.000000000000000000e+00
-3.112634972593654847e+00,-2.214754864082717489e+01,0.000000000000000000e+00
-2.736618315556429426e+00,-2.228796760303191604e+01,0.000000000000000000e+00
-2.357442332793839856e+00,-2.242956553401330311e+01,0.000000000000000000e+00
-1.974833158794899513e+00,-2.257244629425307991e+01,0.000000000000000000e+00
-1.588507413789697509e+00,-2.271671437091896451e+01,0.000000000000000000e+00
-1.198171817594676281e+00,-2.286248022690756798e+01,0.000000000000000000e+00
-8.035219181614093875e-01,-2.300985716684385807e+01,0.000000000000000000e+00
-4.042412052022094082e-01,-2.315896313560654463e+01,0.000000000000000000e+00
-4.281963232732040749e-15,-2.330992215177639437e+01,0.000000000000000000e+00
4.095457667342833896e-01,-2.346286126224756075e+01,0.000000000000000000e+00
8.247558143930090457e-01,-2.361791639751532657e+01,0.000000000000000000e+00
1.246006847589584021e+00,-2.377522697270213570e+01,0.000000000000000000e+00
1.673694125213971429e+00,-2.393494110050446011e+01,0.000000000000000000e+00
2.108233083902280036e+00,-2.409721441541498521e+01,0.000000000000000000e+00
2.550060909855077274e+00,-2.426220887682776350e+01,0.000000000000000000e+00
2.999638862075514556e+00,-2.443009805155845271e+01,0.000000000000000000e+00
3.457453984000703251e+00,-2.460106339429525946e+01,0.000000000000000000e+00
3.924021484418091177e+00,-2.477529659086216896e+01,0.000000000000000000e+00
4.399887636106980970e+00,-2.495300275901431775e+01,0.000000000000000000e+00
4.885632047128475541e+00,-2.513439796860812692e+01,0.000000000000000000e+00
5.381870836866730734e+00,-2.531971158444732595e+01,0.000000000000000000e+00
5.889260453387992200e+00,-2.550918957122587116e+01,0.000000000000000000e+00
6.408500962259713774e+00,-2.570309347197740735e+01,0.000000000000000000e+00
6.940340126786353814e+00,-2.590170197497565141e+01,0.000000000000000000e+00
7.485578288388456514e+00,-2.610531384342779049e+01,0.000000000000000000e+00
8.045073579501318406e+00,-2.631424998340946431e+01,0.000000000000000000e+00
8.619747355591561799e+00,-2.652885453091409218e+01,0.000000000000000000e+00
9.210590608627301279e+00,-2.674949743539421476e+01,0.000000000000000000e+00
9.818671170817545146e+00,-2.697657733087132925e+01,0.000000000000000000e+00
1.044514178392050319e+01,-2.721052464046767483e+01,0.000000000000000000e+00
1.109124916615989420e+01,-2.745180499912681427e+01,0.000000000000000000e+00
1.175834416741711763e+01,-2.770092292497956521e+01,0.000000000000000000e+00
1.244789328716317911e+01,-2.795842608060390333e+01,0.000000000000000000e+00
1.316149176944557908e+01,-2.822491018380562267e+01,0.000000000000000000e+00
1.390087851010911635e+01,-2.850102461060380321e+01,0.000000000000000000e+00
1.466795299168583888e+01,-2.878747863573833854e+01,0.000000000000000000e+00
1.546479464475251930e+01,-2.908504856953231510e+01,0.000000000000000000e+00
1.629368671174017180e+01,-2.939458893741072743e+01,0.000000000000000000e+00
1.715713117903831630e+01,-2.971702291421848230e+01,0.000000000000000000e+00
1.805792460505263364e+01,-3.005343341402168988e+01,0.000000000000000000e+00
1.899918447971365865e+01,-3.040505094650661633e+01,0.000000000000000000e+00
1.998211226484468028e+01,-3.076975457964401883e+01,0.000000000000000000e+00
2.099908726091938860e+01,-3.113242714743224582e+01,0.000000000000000000e+00
2.204286285684058555e+01,-3.148047065188668014e+01,0.000000000000000000e+00
2.311989321782405327e+01,-3.182180302823715223e+01,0.000000000000000000e+00
2.422496265151384165e+01,-3.214761124063931419e+01,0.000000000000000000e+00
2.536075031689837900e+01,-3.246028015425202540e+01,0.000000000000000000e+00
2.653001082903962526e+01,-3.276183493562515281e+01,0.000000000000000000e+00
2.772623617070196644e+01,-3.304284156554960816e+01,0.000000000000000000e+00
2.895364581559437056e+01,-3.330735942012656636e+01,0.000000000000000000e+00
3.021319414500497302e+01,-3.355515153040665410e+01,0.000000000000000000e+00
3.150406616893215883e+01,-3.378397479811007287e+01,0.000000000000000000e+00
3.282555998371510242e+01,-3.399186243028772481e+01,0.000000000000000000e+00
3.417730408484700177e+01,-3.417730408484701599e+01,0.000000000000000000e+00
3.555912140373068553e+01,-3.433904438158471351e+01,0.000000000000000000e+00
3.697084084030910134e+01,-3.447586683078259284e+01,0.000000000000000000e+00
3.841215147090042592e+01,-3.458645653457995905e+01,0.000000000000000000e+00
3.987987407394010120e+01,-3.466704563825730645e+01,0.000000000000000000e+00
4.132653824496731687e+01,-3.467708299918585624e+01,0.000000000000000000e+00
4.271287660126017727e+01,-3.458820548352915125e+01,0.000000000000000000e+00
4.403285144505832704e+01,-3.440223392812966097e+01,0.000000000000000000e+00
4.528501958668896066e+01,-3.412470991853383140e+01,0.000000000000000000e+00
4.645111000375777621e+01,-3.374870689078528585e+01,0.000000000000000000e+00
4.753675637970101064e+01,-3.328559515910519195e+01,0.000000000000000000e+00
4.855020491051587328e+01,-3.274752670658799758e+01,0.000000000000000000e+00
4.946804232275246704e+01,-3.212492230501126755e+01,0.000000000000000000e+00
5.029302075131815286e+01,-3.142656728243860442e+01,0.000000000000000000e+00
5.102869328061632359e+01,-3.066113223275865707e+01,0.000000000000000000e+00
5.166868608475634517e+01,-2.983092981970838409e+01,0.000000000000000000e+00
5.221055171112132598e+01,-2.894078139481738887e+01,0.000000000000000000e+00
5.265064647993115443e+01,-2.799484531645363106e+01,0.000000000000000000e+00
5.298608369200254486e+01,-2.699775811011702942e+01,0.000000000000000000e+00
5.321434805279724145e+01,-2.595437172463547526e+01,0.000000000000000000e+00
5.333315239584467093e+01,-2.486965739573002310e+01,0.000000000000000000e+00
5.334037731637057078e+01,-2.374866606642892819e+01,0.000000000000000000e+00
5.323261499984613465e+01,-2.259590446841639633e+01,0.000000000000000000e+00
5.300357382050844990e+01,-2.141483388647516861e+01,0.000000000000000000e+00
5.265706266549283754e+01,-2.021315254788886051e+01,0.000000000000000000e+00
5.219992314218727358e+01,-1.899921825473964887e+01,0.000000000000000000e+00
5.162846930832231607e+01,-1.777710761473340995e+01,0.000000000000000000e+00
5.092744356907444114e+01,-1.654732949438215783e+01,0.000000000000000000e+00
5.010797678673969102e+01,-1.531954588952463503e+01,0.000000000000000000e+00
4.917559167710243884e+01,-1.410087400536839830e+01,0.000000000000000000e+00
4.811671859912637927e+01,-1.289283589107149020e+01,0.000000000000000000e+00
4.693045766862969970e+01,-1.170107728303588601e+01,0.000000000000000000e+00
4.571675858380771018e+01,-1.055454535836776309e+01,0.000000000000000000e+00
4.448964227393643256e+01,-9.456565391677216326e+00,0.000000000000000000e+00
4.328660325917739016e+01,-8.414063323040666731e+00,0.000000000000000000e+00
4.207734642958827465e+01,-7.419371452153451507e+00,0.000000000000000000e+00
4.089541646280203224e+01,-6.477197648299737764e+00,0.000000000000000000e+00
3.971226702472597481e+01,-5.581195155579261602e+00,0.000000000000000000e+00
3.855378867635866413e+01,-4.733810013770098912e+00,0.000000000000000000e+00
3.740666832483444182e+01,-3.931599268118525004e+00,0.000000000000000000e+00
3.627496007626289298e+01,-3.173647776528496056e+00,0.000000000000000000e+00
3.516999446991601275e+01,-2.459325589352098884e+00,0.000000000000000000e+00
3.407341869983574156e+01,-1.785712206639658461e+00,0.000000000000000000e+00
3.300219440991242692e+01,-1.152462023710392192e+00,0.000000000000000000e+00
3.195679177380501912e+01,-5.578078753093260733e-01,0.000000000000000000e+00
3.092861315707546410e+01,-7.575325420975836727e-15,0.000000000000000000e+00
