2.362516740216661049e+01,0.000000000000000000e+00,0.000000000000000000e+00
2.296443350468841160e+01,4.008456778640714924e-01,0.000000000000000000e+00
2.233911516840904454e+01,7.800990914456173986e-01,0.000000000000000000e+00
2.174633389699036101e+01,1.139677067088788132e+00,0.000000000000000000e+00
2.118315544618662116e+01,1.481270527255640346e+00,0.000000000000000000e+00
2.064715355501540017e+01,1.806391870142827871e+00,0.000000000000000000e+00
2.013608183197420232e+01,2.116387482196730119e+00,0.000000000000000000e+00
1.964795344427278678e+01,2.412465336295745999e+00,0.000000000000000000e+00
1.918098503674013955e+01,2.695711647477539330e+00,0.000000000000000000e+00
1.873355658094610732e+01,2.967103874361182836e+00,0.000000000000000000e+00
1.830421181140703268e+01,3.227526402953623919e+00,0.000000000000000000e+00
1.789163490095337750e+01,3.477781523026510779e+00,0.000000000000000000e+00
1.749461562668310677e+01,3.718595345346400016e+00,0.000000000000000000e+00
1.711207269944045350e+01,3.950633270528949303e+00,0.000000000000000000e+00
1.674299662342452066e+01,4.174497909728553502e+00,0.000000000000000000e+00
1.638648592712371155e+01,4.390745670956754942e+00,0.000000000000000000e+00
1.604169244527163229e+01,4.599881288443568472e+00,0.000000000000000000e+00
1.570785900541731372e+01,4.802374437982790845e+00,0.000000000000000000e+00
1.538426494899935904e+01,4.998650693995419836e+00,0.000000000000000000e+00
1.507027088378359103e+01,5.189110405041938101e+00,0.000000000000000000e+00
1.476525996005493191e+01,5.374115126662570852e+00,0.000000000000000000e+00
1.446868458275095470e+01,5.554007645589493336e+00,0.000000000000000000e+00
1.418002043641684828e+01,5.729100139190892449e+00,0.000000000000000000e+00
1.389878521934391031e+01,5.899684301517775786e+00,0.000000000000000000e+00
1.362453836049763289e+01,6.066035302180079469e+00,0.000000000000000000e+00
1.335684982687041789e+01,6.228401363095943388e+00,0.000000000000000000e+00
1.309533964992655974e+01,6.387023905607843055e+00,0.000000000000000000e+00
1.283964021263903810e+01,6.542123450691649467e+00,0.000000000000000000e+00
1.258940261125630578e+01,6.693904107388625846e+00,0.000000000000000000e+00
1.234431598117608786e+01,6.842566082358974455e+00,0.000000000000000000e+00
1.210407265243923014e+01,6.988289604176576297e+00,0.000000000000000000e+00
1.186838488089633081e+01,7.131245086392707933e+00,0.000000000000000000e+00
1.163699311859403984e+01,7.271600348189160457e+00,0.000000000000000000e+00
1.140963891453858103e+01,7.409506146743158439e+00,0.000000000000000000e+00
1.118607874067748753e+01,7.545105380656972116e+00,0.000000000000000000e+00
1.096609322499993233e+01,7.678541140855378089e+00,0.000000000000000000e+00
1.074946411689870729e+01,7.809942834194502304e+00,0.000000000000000000e+00
1.053598029090551691e+01,7.939430620015067497e+00,0.000000000000000000e+00
1.032545279104490632e+01,8.067127852817051803e+00,0.000000000000000000e+00
1.011769575348115247e+01,8.193148473893963057e+00,0.000000000000000000e+00
9.912524410975652955e+00,8.317595577285453956e+00,0.000000000000000000e+00
9.709770747770894772e+00,8.440574938273181616e+00,0.000000000000000000e+00
9.509275200159168051e+00,8.562189848564466743e+00,0.000000000000000000e+00
9.310877300853947602e+00,8.682533548223016595e+00,0.000000000000000000e+00
9.114421865958826530e+00,8.801694884812583553e+00,0.000000000000000000e+00
8.919766131432545819e+00,8.919766131432544043e+00,0.000000000000000000e+00
8.726767907038208705e+00,9.036832709152745835e+00,0.000000000000000000e+00
8.535284702021801451e+00,9.152972245600524914e+00,0.000000000000000000e+00
8.345185599141215604e+00,9.268267564978586392e+00,0.000000000000000000e+00
8.156349060407483975e+00,9.382806277359534874e+00,0.000000000000000000e+00
7.968652010511922512e+00,9.496669661660657624e+00,0.000000000000000000e+00
7.781953576279097007e+00,9.609912343634826826e+00,0.000000000000000000e+00
7.595991328058859793e+00,9.722425538560129255e+00,0.000000000000000000e+00
7.410458804276674805e+00,9.834010982046736515e+00,0.000000000000000000e+00
7.225066235884286314e+00,9.944450541277843669e+00,0.000000000000000000e+00
7.039578470040681601e+00,1.005355996029330079e+01,0.000000000000000000e+00
6.853935603869116377e+00,1.016137740699614866e+01,0.000000000000000000e+00
6.668120183133298795e+00,1.026800464451184425e+01,0.000000000000000000e+00
6.482108981371398571e+00,1.037354282389576099e+01,0.000000000000000000e+00
6.295863680945073426e+00,1.047807674787268795e+01,0.000000000000000000e+00
6.109317127970212091e+00,1.058164766519517563e+01,0.000000000000000000e+00
5.922396622041913972e+00,1.068428633182177379e+01,0.000000000000000000e+00
5.735028453875098187e+00,1.078601979271715194e+01,0.000000000000000000e+00
5.547141671070478175e+00,1.088687851916831661e+01,0.000000000000000000e+00
5.358669579398622318e+00,1.098690082439510540e+01,0.000000000000000000e+00
5.169543942325231178e+00,1.108612276019472453e+01,0.000000000000000000e+00
4.979694379372176627e+00,1.118457669887404116e+01,0.000000000000000000e+00
4.789045837644546388e+00,1.128228496665329494e+01,0.000000000000000000e+00
4.597519688015838213e+00,1.137926053813059468e+01,0.000000000000000000e+00
4.405036480662003484e+00,1.147551236534985186e+01,0.000000000000000000e+00
4.211516535116604842e+00,1.157104658189263802e+01,0.000000000000000000e+00
4.016881907897467130e+00,1.166587213125503375e+01,0.000000000000000000e+00
3.821054606545652987e+00,1.175999685721322052e+01,0.000000000000000000e+00
3.623955676125934833e+00,1.185342491252697528e+01,0.000000000000000000e+00
3.425505004615883031e+00,1.194615563054675000e+01,0.000000000000000000e+00
3.225621192665480752e+00,1.203818217699849491e+01,0.000000000000000000e+00
3.024222401464443877e+00,1.212949354656556622e+01,0.000000000000000000e+00
2.821226714036147776e+00,1.222007544773354404e+01,0.000000000000000000e+00
2.616553608307870871e+00,1.230991688870969725e+01,0.000000000000000000e+00
2.410122981243242979e+00,1.239900786213725681e+01,0.000000000000000000e+00
2.201854029968465021e+00,1.248733472961213664e+01,0.000000000000000000e+00
1.991666795650045341e+00,1.257488924776346018e+01,0.000000000000000000e+00
1.779483058552737473e+00,1.266167987632177017e+01,0.000000000000000000e+00
1.565222491731890209e+00,1.274771420952211365e+01,0.000000000000000000e+00
1.348801745713055222e+00,1.283299138520566629e+01,0.000000000000000000e+00
1.130132798366173530e+00,1.291747699439141073e+01,0.000000000000000000e+00
9.091269442481078045e-01,1.300112101467651016e+01,0.000000000000000000e+00
6.856965236208104608e-01,1.308386909350870475e+01,0.000000000000000000e+00
4.597550286619413451e-01,1.316566144885743483e+01,0.000000000000000000e+00
2.312173517104518239e-01,1.324643320785769518e+01,0.000000000000000000e+00
8.159892287120344058e-16,1.332611540372551318e+01,0.000000000000000000e+00
-2.339788035532319732e-01,1.340463667797568803e+01,0.000000000000000000e+00
-4.707991390296616951e-01,1.348192339063207967e+01,0.000000000000000000e+00
-7.105393212414732318e-01,1.355789791061423166e+01,0.000000000000000000e+00
-9.532756752294653246e-01,1.363247728209828402e+01,0.000000000000000000e+00
-1.199082278337606722e+00,1.370557315671306853e+01,0.000000000000000000e+00
-1.448030949477937757e+00,1.377709419432709126e+01,0.000000000000000000e+00
-1.700193171306586315e+00,1.384696218159760583e+01,0.000000000000000000e+00
-1.955641109019674140e+00,1.391510953496847591e+01,0.000000000000000000e+00
-2.214445000685535181e+00,1.398145547724286075e+01,0.000000000000000000e+00
-2.476659238226492032e+00,1.404583251114215159e+01,0.000000000000000000e+00
-2.742322854663047593e+00,1.410802805504394897e+01,0.000000000000000000e+00
-3.011475958495953176e+00,1.416788046831056391e+01,0.000000000000000000e+00
-3.284194837209854612e+00,1.422541070382307637e+01,0.000000000000000000e+00
-3.560570743180285103e+00,1.428066924925303560e+01,0.000000000000000000e+00
-3.840658306843812486e+00,1.433353193565256234e+01,0.000000000000000000e+00
-4.124451373215502592e+00,1.438367129187121840e+01,0.000000000000000000e+00
-4.411939518683468009e+00,1.443080392727948436e+01,0.000000000000000000e+00
-4.703192091725107105e+00,1.447493687287520991e+01,0.000000000000000000e+00
-4.998314508684043034e+00,1.451615936616509472e+01,0.000000000000000000e+00
-5.297351009986062564e+00,1.455435228286184568e+01,0.000000000000000000e+00
-5.600258741552726072e+00,1.458917280707487585e+01,0.000000000000000000e+00
-5.906999965899912830e+00,1.462033795872938136e+01,0.000000000000000000e+00
-6.217611124798169797e+00,1.464777387812785747e+01,0.000000000000000000e+00
-6.532142973165623978e+00,1.467143333013001794e+01,0.000000000000000000e+00
-6.850619790416038413e+00,1.469120155032694086e+01,0.000000000000000000e+00
-7.173049736672207466e+00,1.470693143093838096e+01,0.000000000000000000e+00
-7.499431189955496180e+00,1.471846243871965143e+01,0.000000000000000000e+00
-7.829752577723380291e+00,1.472562289003803571e+01,0.000000000000000000e+00
-8.163998113359276942e+00,1.472824247044594692e+01,0.000000000000000000e+00
-8.502148800526697414e+00,1.472615369602303836e+01,0.000000000000000000e+00
-8.844180576845809938e+00,1.471918827224745563e+01,0.000000000000000000e+00
-9.190064228859855078e+00,1.470717710954944657e+01,0.000000000000000000e+00
-9.539765751716320352e+00,1.468995104406624819e+01,0.000000000000000000e+00
-9.893247168170415051e+00,1.466734210337866173e+01,0.000000000000000000e+00
-1.025046593445736320e+01,1.463918249247323899e+01,0.000000000000000000e+00
-1.061137558996640173e+01,1.460530551335888916e+01,0.000000000000000000e+00
-1.097592558114732064e+01,1.456554520495253691e+01,0.000000000000000000e+00
-1.134406238232575426e+01,1.451973772133413654e+01,0.000000000000000000e+00
-1.171572791673016312e+01,1.446771909110840859e+01,0.000000000000000000e+00
-1.209085944659666367e+01,1.440932518303321608e+01,0.000000000000000000e+00
-1.246939406989599952e+01,1.434439699519735356e+01,0.000000000000000000e+00
-1.285127140598504880e+01,1.427278285495355270e+01,0.000000000000000000e+00
-1.323641106221319674e+01,1.419431305614200767e+01,0.000000000000000000e+00
-1.362471405063811680e+01,1.410880441616408199e+01,0.000000000000000000e+00
-1.401616153894236838e+01,1.401616153894237016e+01,0.000000000000000000e+00
-1.441075175045986612e+01,1.391630120195048015e+01,0.000000000000000000e+00
-1.480809565663806637e+01,1.380877259678458202e+01,0.000000000000000000e+00
-1.520775425487808796e+01,1.369312343577991697e+01,0.000000000000000000e+00
-1.560991169630457343e+01,1.356948921607996361e+01,0.000000000000000000e+00
-1.601474618859298360e+01,1.343796762024612867e+01,0.000000000000000000e+00
-1.642205453289069084e+01,1.329831755299258056e+01,0.000000000000000000e+00
-1.683174874952471356e+01,1.315040336697607692e+01,0.000000000000000000e+00
-1.724386421051973173e+01,1.299418371525976035e+01,0.000000000000000000e+00
-1.765781287919530129e+01,1.282915200829617852e+01,0.000000000000000000e+00
-1.807290943138928085e+01,1.265478742124014211e+01,0.000000000000000000e+00
-1.848951775438698775e+01,1.247133719764328141e+01,0.000000000000000000e+00
-1.890800350450093958e+01,1.227900104802804471e+01,0.000000000000000000e+00
-1.932824330716977101e+01,1.207762686889697079e+01,0.000000000000000000e+00
-1.974967175126643326e+01,1.186679999405707697e+01,0.000000000000000000e+00
-2.017155821419777340e+01,1.164605456494128966e+01,0.000000000000000000e+00
-2.059394734292164131e+01,1.141541141732316866e+01,0.000000000000000000e+00
-2.101708887449571606e+01,1.117498438063691424e+01,0.000000000000000000e+00
-2.144108985957064561e+01,1.092478094834817703e+01,0.000000000000000000e+00
-2.186549594702981736e+01,1.066451493852120080e+01,0.000000000000000000e+00
-2.228948303271328513e+01,1.039375663447011000e+01,0.000000000000000000e+00
-2.271290865871689135e+01,1.011243846165339555e+01,0.000000000000000000e+00
-2.313591468156642250e+01,9.820613132299014225e+00,0.000000000000000000e+00
-2.355868534457374253e+01,9.518326725406156541e+00,0.000000000000000000e+00
-2.398089806239747190e+01,9.205404294004877030e+00,0.000000000000000000e+00
-2.440179341772772403e+01,8.881526466765839345e+00,0.000000000000000000e+00
-2.482098926814740025e+01,8.546551994189597323e+00,0.000000000000000000e+00
-2.523835797632906619e+01,8.200439607086190463e+00,0.000000000000000000e+00
-2.565401745676980028e+01,7.843220239210607403e+00,0.000000000000000000e+00
-2.606807809386878105e+01,7.474901109017147327e+00,0.000000000000000000e+00
-2.648046464247670784e+01,7.095419116152540617e+00,0.000000000000000000e+00
-2.688988868869185467e+01,6.704402243426975438e+00,0.000000000000000000e+00
-2.729601118947403293e+01,6.301780728256992425e+00,0.000000000000000000e+00
-2.770646825526572954e+01,5.889191628358899422e+00,0.000000000000000000e+00
-2.812628355405147929e+01,5.467195692131658902e+00,0.000000000000000000e+00
-2.855604563207614177e+01,5.035201307277133331e+00,0.000000000000000000e+00
-2.899638369479120925e+01,4.592576002935018664e+00,0.000000000000000000e+00
-2.944797152357354619e+01,4.138642498215289400e+00,0.000000000000000000e+00
-2.991153185264219516e+01,3.672674304459918382e+00,0.000000000000000000e+00
-3.038784125385631185e+01,3.193890816361351082e+00,0.000000000000000000e+00
-3.087773559896348630e+01,2.701451820260176273e+00,0.000000000000000000e+00
-3.138211618564540473e+01,2.194451336903027627e+00,0.000000000000000000e+00
-3.190195662179065650e+01,1.671910701331958737e+00,0.000000000000000000e+00
-3.243831058107035403e+01,1.132770766503270465e+00,0.000000000000000000e+00
-3.299232056406255253e+01,5.758830975782774919e-01,0.000000000000000000e+00
-3.356522551819386280e+01,4.110554599351516565e-15,0.000000000000000000e+00
-3.355993556330329142e+01,-5.857908542442465949e-01,0.000000000000000000e+00
-3.367793147869254966e+01,-1.176059282126294736e+00,0.000000000000000000e+00
-3.378227935891953138e+01,-1.770454240320284311e+00,0.000000000000000000e+00
-3.387266287628695238e+01,-2.368607326976027938e+00,0.000000000000000000e+00
-3.394898813674345917e+01,-2.970151600141126114e+00,0.000000000000000000e+00
-3.400928107639504105e+01,-3.574519479469928207e+00,0.000000000000000000e+00
-3.405415192502992028e+01,-4.181324091035610202e+00,0.000000000000000000e+00
-3.408485707398607900e+01,-4.790314263889717594e+00,0.000000000000000000e+00
-3.410130024975664043e+01,-5.401115354396671897e+00,0.000000000000000000e+00
-3.410266265687104692e+01,-6.013219540405394525e+00,0.000000000000000000e+00
-3.408840384503645282e+01,-6.626114477409574377e+00,0.000000000000000000e+00
-3.405892108917512928e+01,-7.239447160905660539e+00,0.000000000000000000e+00
-3.401435614397803420e+01,-7.852832875260892465e+00,0.000000000000000000e+00
-3.395472941194974936e+01,-8.465864871362029476e+00,0.000000000000000000e+00
-3.388007199795378455e+01,-9.078137931359995250e+00,0.000000000000000000e+00
-3.379042564350436351e+01,-9.689248636100970202e+00,0.000000000000000000e+00
-3.368584265470085626e+01,-1.029879563033088985e+01,0.000000000000000000e+00
-3.356638582387059699e+01,-1.090637988552857784e+01,0.000000000000000000e+00
-3.343212834498963559e+01,-1.151160496022405155e+01,0.000000000000000000e+00
-3.328315372295341490e+01,-1.211407725766137666e+01,0.000000000000000000e+00
-3.311955539802064408e+01,-1.271340617366319847e+01,0.000000000000000000e+00
-3.294143039240353943e+01,-1.330920179505433154e+01,0.000000000000000000e+00
-3.274887934288541658e+01,-1.390107454014179922e+01,0.000000000000000000e+00
-3.254201289926565721e+01,-1.448863762043345460e+01,0.000000000000000000e+00
-3.232095180151516445e+01,-1.507150734390511637e+01,0.000000000000000000e+00
-3.208580591752805589e+01,-1.564929317637777828e+01,0.000000000000000000e+00
-3.183665322726060509e+01,-1.622158504601819118e+01,0.000000000000000000e+00
-3.157357883342152505e+01,-1.678796965703745414e+01,0.000000000000000000e+00
-3.129669258825650147e+01,-1.734803998220535703e+01,0.000000000000000000e+00
-3.100617565024749922e+01,-1.790142385821121707e+01,0.000000000000000000e+00
-3.070223695468247982e+01,-1.844776510212135534e+01,0.000000000000000000e+00
-3.038511711475642585e+01,-1.898672843918685516e+01,0.000000000000000000e+00
-3.005512538038423287e+01,-1.951802663652474124e+01,0.000000000000000000e+00
-2.971257847048025980e+01,-2.004138723568785352e+01,0.000000000000000000e+00
-2.935770671521868280e+01,-2.055648754654592381e+01,0.000000000000000000e+00
-2.899068710294533346e+01,-2.106296709638630915e+01,0.000000000000000000e+00
-2.861169246085121642e+01,-2.156045673416999975e+01,0.000000000000000000e+00
-2.822088857859585076e+01,-2.204857461370450267e+01,0.000000000000000000e+00
-2.781849074413052136e+01,-2.252696963218000192e+01,0.000000000000000000e+00
-2.740479459791794170e+01,-2.299535303960205823e+01,0.000000000000000000e+00
-2.698009972494908837e+01,-2.345344287585747978e+01,0.000000000000000000e+00
-2.654469842971965221e+01,-2.390095382078609276e+01,0.000000000000000000e+00
-2.609902443965370011e+01,-2.433773402345260095e+01,0.000000000000000000e+00
-2.564363654716987639e+01,-2.476377195883438631e+01,0.000000000000000000e+00
-2.517851293960389825e+01,-2.517851293960388404e+01,0.000000000000000000e+00
-2.470337275601764304e+01,-2.558109134172433485e+01,0.000000000000000000e+00
-2.421869258790556856e+01,-2.597136812897660363e+01,0.000000000000000000e+00
-2.372533733644669596e+01,-2.634965656440199311e+01,0.000000000000000000e+00
-2.322431661075858145e+01,-2.671652010831475366e+01,0.000000000000000000e+00
-2.271498402463892674e+01,-2.707066381708351344e+01,0.000000000000000000e+00
-2.219659383670811437e+01,-2.741051061371431530e+01,0.000000000000000000e+00
-2.167165353477404111e+01,-2.773845159762160506e+01,0.000000000000000000e+00
-2.114013865160122663e+01,-2.805391152594488702e+01,0.000000000000000000e+00
-2.060040198583593707e+01,-2.835402084774303688e+01,0.000000000000000000e+00
-2.005486925552305877e+01,-2.864132155274894487e+01,0.000000000000000000e+00
-1.950392667233884225e+01,-2.891576041714410650e+01,0.000000000000000000e+00
-1.894648944713103234e+01,-2.917503528691981174e+01,0.000000000000000000e+00
-1.838382848660438640e+01,-2.942027550308146999e+01,0.000000000000000000e+00
-1.781683456978977986e+01,-2.965219221493452650e+01,0.000000000000000000e+00
-1.724539869394526548e+01,-2.986990673469512103e+01,0.000000000000000000e+00
-1.666900060946904105e+01,-3.007167313213063409e+01,0.000000000000000000e+00
-1.608927772620527819e+01,-3.025953042798152381e+01,0.000000000000000000e+00
-1.550654064392566944e+01,-3.043329957181110856e+01,0.000000000000000000e+00
-1.492092937626335569e+01,-3.059243882008609816e+01,0.000000000000000000e+00
-1.433562067252221439e+01,-3.074283774202373110e+01,0.000000000000000000e+00
-1.375309873239983816e+01,-3.088996550810550801e+01,0.000000000000000000e+00
-1.317391890430483770e+01,-3.103580801787680699e+01,0.000000000000000000e+00
-1.259742061024150139e+01,-3.117971013936420732e+01,0.000000000000000000e+00
-1.202341264359661110e+01,-3.132206079813468236e+01,0.000000000000000000e+00
-1.145165613740277877e+01,-3.146316665287301362e+01,0.000000000000000000e+00
-1.088182892819535397e+01,-3.160312594227238847e+01,0.000000000000000000e+00
-1.031360132311983513e+01,-3.174200100115481149e+01,0.000000000000000000e+00
-9.746708832973958181e+00,-3.188004810793534105e+01,0.000000000000000000e+00
-9.180848622909179468e+00,-3.201742409425042979e+01,0.000000000000000000e+00
-8.615689122490913121e+00,-3.215418954735461909e+01,0.000000000000000000e+00
-8.050911785921160302e+00,-3.229044348855159541e+01,0.000000000000000000e+00
-7.486208214157890062e+00,-3.242633026949273045e+01,0.000000000000000000e+00
-6.921249211284876246e+00,-3.256191743461475596e+01,0.000000000000000000e+00
-6.355691292144275195e+00,-3.269719716126824949e+01,0.000000000000000000e+00
-5.789217332128544946e+00,-3.283228300551635925e+01,0.000000000000000000e+00
-5.221496896244004482e+00,-3.296723393753158149e+01,0.000000000000000000e+00
-4.652186726275230555e+00,-3.310202857501661100e+01,0.000000000000000000e+00
-4.080944420019824825e+00,-3.323662510995140451e+01,0.000000000000000000e+00
-3.507444783851278558e+00,-3.337110797662306538e+01,0.000000000000000000e+00
-2.931346943352830969e+00,-3.350544888006241706e+01,0.000000000000000000e+00
-2.352303046413558363e+00,-3.363950080140691057e+01,0.000000000000000000e+00
-1.769980991809541493e+00,-3.377324923939829660e+01,0.000000000000000000e+00
-1.184049774347216699e+00,-3.390674923778530570e+01,0.000000000000000000e+00
-5.941680791642127701e-01,-3.403986645753981577e+01,0.000000000000000000e+00
-6.277350408979150937e-15,-3.417230401097245363e+01,0.000000000000000000e+00
5.987800605193217551e-01,-3.430408669241650443e+01,0.000000000000000000e+00
1.202504498549157752e+00,-3.443522339429879509e+01,0.000000000000000000e+00
1.811502134952851728e+00,-3.456551984714676706e+01,0.000000000000000000e+00
2.426085622433445721e+00,-3.469464079662797218e+01,0.000000000000000000e+00
3.046565076848538389e+00,-3.482239817214503574e+01,0.000000000000000000e+00
3.673264862038612577e+00,-3.494878063432516058e+01,0.000000000000000000e+00
4.306510373572968398e+00,-3.507371237804447617e+01,0.000000000000000000e+00
4.946598480389237551e+00,-3.519687705615332618e+01,0.000000000000000000e+00
5.593790475862071787e+00,-3.531780308974902738e+01,0.000000000000000000e+00
6.248363491505982914e+00,-3.543623027174099605e+01,0.000000000000000000e+00
6.910637160168525028e+00,-3.555214615525875388e+01,0.000000000000000000e+00
7.580904705070562244e+00,-3.566535253256198246e+01,0.000000000000000000e+00
8.259430064535751015e+00,-3.577552205987384326e+01,0.000000000000000000e+00
8.946483891705765856e+00,-3.588238701503910022e+01,0.000000000000000000e+00
9.642308134618769344e+00,-3.598558386063186987e+01,0.000000000000000000e+00
1.034706715135499522e+01,-3.608451143502719560e+01,0.000000000000000000e+00
1.106098432810642862e+01,-3.617884955259895463e+01,0.000000000000000000e+00
1.178435076297909134e+01,-3.626850233951941505e+01,0.000000000000000000e+00
1.251738732414621502e+01,-3.635313242686694224e+01,0.000000000000000000e+00
1.326028981695717590e+01,-3.643234684751396912e+01,0.000000000000000000e+00
1.401324869495427805e+01,-3.650576093606016315e+01,0.000000000000000000e+00
1.477644030398550790e+01,-3.657297313668523486e+01,0.000000000000000000e+00
1.555003014497815172e+01,-3.663357530567748199e+01,0.000000000000000000e+00
1.633417209039662055e+01,-3.668715118631067185e+01,0.000000000000000000e+00
1.712900913293384875e+01,-3.673327862704805113e+01,0.000000000000000000e+00
1.793467381648694570e+01,-3.677153062341480450e+01,0.000000000000000000e+00
1.875128926453332312e+01,-3.680147730233906600e+01,0.000000000000000000e+00
1.957896919971741312e+01,-3.682268553810926903e+01,0.000000000000000000e+00
2.041782237672978439e+01,-3.683472662627007566e+01,0.000000000000000000e+00
2.126794266266642452e+01,-3.683715726419995917e+01,0.000000000000000000e+00
2.212944219135048485e+01,-3.682957659492650748e+01,0.000000000000000000e+00
2.300205492759054593e+01,-3.681098273952201794e+01,0.000000000000000000e+00
2.388562128916028371e+01,-3.678063136212167450e+01,0.000000000000000000e+00
2.478061779275986254e+01,-3.673877671517816168e+01,0.000000000000000000e+00
2.568708103412484789e+01,-3.668495357790857980e+01,0.000000000000000000e+00
2.660509746827900202e+01,-3.661877514771263264e+01,0.000000000000000000e+00
2.753471764532931942e+01,-3.653980446601443788e+01,0.000000000000000000e+00
2.847578062620921102e+01,-3.644733713268225017e+01,0.000000000000000000e+00
2.942670479344634771e+01,-3.633895407562325630e+01,0.000000000000000000e+00
3.038922186754295396e+01,-3.621646433678684929e+01,0.000000000000000000e+00
3.136320659839610769e+01,-3.607924201994041624e+01,0.000000000000000000e+00
3.234901702646494925e+01,-3.592722315201466188e+01,0.000000000000000000e+00
3.334347139114842662e+01,-3.575649540347080091e+01,0.000000000000000000e+00
3.433959185865126784e+01,-3.555968833282930319e+01,0.000000000000000000e+00
3.531240179701467952e+01,-3.531240179701469373e+01,0.000000000000000000e+00
3.624887985077907615e+01,-3.500513637122770660e+01,0.000000000000000000e+00
3.713700066645043307e+01,-3.463081337536940651e+01,0.000000000000000000e+00
3.798069430873833596e+01,-3.419797076082793552e+01,0.000000000000000000e+00
3.877852117936268428e+01,-3.370965417334564052e+01,0.000000000000000000e+00
3.952808987111186667e+01,-3.316800563199236507e+01,0.000000000000000000e+00
4.022715067352570628e+01,-3.257530431635092327e+01,0.000000000000000000e+00
4.087059247688560504e+01,-3.193160644900434875e+01,0.000000000000000000e+00
4.145397921195033319e+01,-3.123781392804221113e+01,0.000000000000000000e+00
4.198396779989459304e+01,-3.050313810103109091e+01,0.000000000000000000e+00
4.245879821971791301e+01,-2.972997057677150679e+01,0.000000000000000000e+00
4.286770764187197358e+01,-2.891463390195385585e+01,0.000000000000000000e+00
4.321012260458230969e+01,-2.806098172241113531e+01,0.000000000000000000e+00
4.348781548352351223e+01,-2.717420307714181504e+01,0.000000000000000000e+00
4.369974211972343170e+01,-2.625745410140179459e+01,0.000000000000000000e+00
4.384412025966351933e+01,-2.531341463429908956e+01,0.000000000000000000e+00
4.391924955985832923e+01,-2.434483756404249277e+01,0.000000000000000000e+00
4.392351406933014601e+01,-2.335454670237849584e+01,0.000000000000000000e+00
4.385471991317056251e+01,-2.234509587621051452e+01,0.000000000000000000e+00
4.370937819415468795e+01,-2.131848817123925954e+01,0.000000000000000000e+00
4.348867757975763482e+01,-2.027910339847460719e+01,0.000000000000000000e+00
4.319533148801383504e+01,-1.923180064987480975e+01,0.000000000000000000e+00
4.283150741714873533e+01,-1.818089623887458117e+01,0.000000000000000000e+00
4.239078411560322479e+01,-1.712698851642009856e+01,0.000000000000000000e+00
4.186464175877313920e+01,-1.607033031083485142e+01,0.000000000000000000e+00
4.126323723438260060e+01,-1.501859012278010930e+01,0.000000000000000000e+00
4.058798277426072332e+01,-1.397556323690328561e+01,0.000000000000000000e+00
3.983300690971895364e+01,-1.294252850514914854e+01,0.000000000000000000e+00
3.899986243461453483e+01,-1.192345451892868979e+01,0.000000000000000000e+00
3.810160976070654471e+01,-1.092546078886538830e+01,0.000000000000000000e+00
3.717064091002138326e+01,-9.959843213987477739e+00,0.000000000000000000e+00
3.623707854186128685e+01,-9.034918421713756587e+00,0.000000000000000000e+00
3.531339893882642400e+01,-8.152740535502248420e+00,0.000000000000000000e+00
3.440028615730413009e+01,-7.312006546061442513e+00,0.000000000000000000e+00
3.348864934301992946e+01,-6.509534011900861117e+00,0.000000000000000000e+00
3.258662108178331351e+01,-5.745900506841695510e+00,0.000000000000000000e+00
3.169760511331460506e+01,-5.020407445500501886e+00,0.000000000000000000e+00
3.082215615753051452e+01,-4.331771553706805555e+00,0.000000000000000000e+00
2.995655401721558064e+01,-3.678202331167976791e+00,0.000000000000000000e+00
2.910200446488007131e+01,-3.058743923979520662e+00,0.000000000000000000e+00
2.826369057976687671e+01,-2.472752515134056583e+00,0.000000000000000000e+00
2.744165057992821843e+01,-1.918907139522149086e+00,0.000000000000000000e+00
2.663646517511692835e+01,-1.395957987777955989e+00,0.000000000000000000e+00
2.584850020541347959e+01,-9.026495173806339256e-01,0.000000000000000000e+00
2.507869645773167022e+01,-4.377502749847901331e-01,0.000000000000000000e+00
2.432916504634509280e+01,-5.958926819986836829e-15,0.000000000000000000e+00
