2.654948112630502877e+01,0.000000000000000000e+00,0.000000000000000000e+00
2.568835291059328085e+01,4.483918679533728802e-01,0.000000000000000000e+00
2.488125292836872759e+01,8.688724981774375022e-01,0.000000000000000000e+00
2.412234143413536103e+01,1.264198345670325407e+00,0.000000000000000000e+00
2.340710734474151877e+01,1.636784393437301643e+00,0.000000000000000000e+00
2.273145888968000961e+01,1.988744958252588235e+00,0.000000000000000000e+00
2.209182815578502357e+01,2.321944703934524235e+00,0.000000000000000000e+00
2.148504734887427503e+01,2.638032104709642223e+00,0.000000000000000000e+00
2.090830781283317918e+01,2.938471032230107305e+00,0.000000000000000000e+00
2.035910249991264820e+01,3.224565054958532961e+00,0.000000000000000000e+00
1.983519548538662391e+01,3.497480131700398509e+00,0.000000000000000000e+00
1.933458399393255434e+01,3.758262413789792866e+00,0.000000000000000000e+00
1.885545717685409883e+01,4.007851146228449402e+00,0.000000000000000000e+00
1.839618801213445209e+01,4.247094649967249502e+00,0.000000000000000000e+00
1.795530936698354196e+01,4.476761424901462227e+00,0.000000000000000000e+00
1.753147530155181144e+01,4.697544649176981224e+00,0.000000000000000000e+00
1.712348341722049128e+01,4.910079858005440556e+00,0.000000000000000000e+00
1.673021626719161503e+01,5.114940420319257441e+00,0.000000000000000000e+00
1.635067305379924107e+01,5.312655721844016021e+00,0.000000000000000000e+00
1.598391932581483665e+01,5.503704792472376539e+00,0.000000000000000000e+00
1.562911596624381261e+01,5.688532999607403440e+00,0.000000000000000000e+00
1.528547185446630330e+01,5.867542903475714944e+00,0.000000000000000000e+00
1.495228090625600181e+01,6.041113622181690346e+00,0.000000000000000000e+00
1.462886582085108245e+01,6.209585130660731700e+00,0.000000000000000000e+00
1.431462688544898043e+01,6.373282508890674158e+00,0.000000000000000000e+00
1.400898570892076656e+01,6.532497319053685914e+00,0.000000000000000000e+00
1.371141936301740216e+01,6.687506058836552469e+00,0.000000000000000000e+00
1.342144131834635878e+01,6.838565920593527636e+00,0.000000000000000000e+00
1.313858452192995507e+01,6.985909308991677946e+00,0.000000000000000000e+00
1.286243528215734244e+01,7.129764300625265783e+00,0.000000000000000000e+00
1.259258909198216614e+01,7.270334702050247344e+00,0.000000000000000000e+00
1.232867107302111442e+01,7.407812932722642962e+00,0.000000000000000000e+00
1.207034135658740936e+01,7.542386380815126579e+00,0.000000000000000000e+00
1.181726346863028532e+01,7.674220627344059409e+00,0.000000000000000000e+00
1.156912992155154463e+01,7.803476664543071983e+00,0.000000000000000000e+00
1.132565736380896126e+01,7.930310661319344590e+00,0.000000000000000000e+00
1.108656417633167202e+01,8.054860363565685688e+00,0.000000000000000000e+00
1.085159111470378690e+01,8.177260434544534107e+00,0.000000000000000000e+00
1.062049986264944046e+01,8.297643889004572060e+00,0.000000000000000000e+00
1.039305302658949337e+01,8.416128397081214629e+00,0.000000000000000000e+00
1.016902606467390413e+01,8.532826020300021241e+00,0.000000000000000000e+00
9.948215787417556299e+00,8.647852048936091052e+00,0.000000000000000000e+00
9.730420853840207940e+00,8.761310289517766137e+00,0.000000000000000000e+00
9.515443703571817124e+00,8.873294804874342745e+00,0.000000000000000000e+00
9.303105892112087716e+00,8.983904930854192727e+00,0.000000000000000000e+00
9.093234795959562078e+00,9.093234795959560302e+00,0.000000000000000000e+00
8.885657765883351544e+00,9.201367974540795913e+00,0.000000000000000000e+00
8.680211219148333157e+00,9.308386907819876654e+00,0.000000000000000000e+00
8.476744041875679869e+00,9.414378017910921770e+00,0.000000000000000000e+00
8.275105429924526135e+00,9.519419853008201926e+00,0.000000000000000000e+00
8.075145172082294209e+00,9.623583269548861452e+00,0.000000000000000000e+00
7.876723467279621360e+00,9.726943412556511959e+00,0.000000000000000000e+00
7.679706237883564768e+00,9.829575736880057590e+00,0.000000000000000000e+00
7.483958519464025017e+00,9.931548398476683914e+00,0.000000000000000000e+00
7.289346377244163122e+00,1.003292456569090874e+01,0.000000000000000000e+00
7.095744959475686287e+00,1.013377402022560503e+01,0.000000000000000000e+00
6.903031430699985371e+00,1.023416496357245720e+01,0.000000000000000000e+00
6.711081521576475417e+00,1.033415930437907093e+01,0.000000000000000000e+00
6.519771767817565511e+00,1.043381588150546158e+01,0.000000000000000000e+00
6.328985273055399041e+00,1.053320033404468781e+01,0.000000000000000000e+00
6.138605096738673161e+00,1.063237591515264313e+01,0.000000000000000000e+00
5.948512342669658892e+00,1.073140033899755430e+01,0.000000000000000000e+00
5.758588808121767322e+00,1.083033037448179847e+01,0.000000000000000000e+00
5.568722087228856310e+00,1.092923247063392189e+01,0.000000000000000000e+00
5.378798482171204931e+00,1.102817119107650612e+01,0.000000000000000000e+00
5.188701443954476744e+00,1.112720615501831389e+01,0.000000000000000000e+00
4.998312784147811882e+00,1.122639432067155241e+01,0.000000000000000000e+00
4.807514417116809824e+00,1.132579421329643132e+01,0.000000000000000000e+00
4.616185703648280736e+00,1.142546054802811462e+01,0.000000000000000000e+00
4.424203093521264840e+00,1.152544309891673180e+01,0.000000000000000000e+00
4.231446841188510888e+00,1.162580464778801925e+01,0.000000000000000000e+00
4.037807264588455070e+00,1.172664377977624639e+01,0.000000000000000000e+00
3.843169856000179241e+00,1.182806059637993989e+01,0.000000000000000000e+00
3.647412946994141869e+00,1.193015018836874397e+01,0.000000000000000000e+00
3.450393356233680375e+00,1.203295162746204738e+01,0.000000000000000000e+00
3.251943530064362875e+00,1.213641847754509229e+01,0.000000000000000000e+00
3.051896968907809704e+00,1.224049017401127060e+01,0.000000000000000000e+00
2.850090436506222069e+00,1.234509796525470549e+01,0.000000000000000000e+00
2.646361116503463951e+00,1.245015018925520955e+01,0.000000000000000000e+00
2.440548680807858695e+00,1.255553451702110479e+01,0.000000000000000000e+00
2.232499005017027471e+00,1.266113101946768893e+01,0.000000000000000000e+00
2.022053799839270916e+00,1.276674524148962142e+01,0.000000000000000000e+00
1.809016628858046483e+00,1.287182214826607130e+01,0.000000000000000000e+00
1.593213373906889441e+00,1.297568165077992575e+01,0.000000000000000000e+00
1.374515211229699885e+00,1.307763866751210635e+01,0.000000000000000000e+00
1.152852703710642190e+00,1.317716670079247443e+01,0.000000000000000000e+00
9.282046560976036087e-01,1.327394500477786998e+01,0.000000000000000000e+00
7.005695870832677752e-01,1.336766405040111039e+01,0.000000000000000000e+00
4.699664449308942338e-01,1.345807815151245457e+01,0.000000000000000000e+00
2.364316067737975702e-01,1.354515768036976908e+01,0.000000000000000000e+00
8.345305363165873311e-16,1.362891793613668945e+01,0.000000000000000000e+00
-2.392978182473236570e-01,1.370936282571364551e+01,0.000000000000000000e+00
-4.814325853989400716e-01,1.378642545413303822e+01,0.000000000000000000e+00
-7.263724296811755465e-01,1.386001161694381345e+01,0.000000000000000000e+00
-9.740825098584647845e-01,1.393002887998620309e+01,0.000000000000000000e+00
-1.224526404295603887e+00,1.399640084721102262e+01,0.000000000000000000e+00
-1.477666643486345466e+00,1.405905898797690057e+01,0.000000000000000000e+00
-1.733464306675426059e+00,1.411793383409347413e+01,0.000000000000000000e+00
-1.991878026533860924e+00,1.417294860068145113e+01,0.000000000000000000e+00
-2.252863940940673437e+00,1.422402311947094589e+01,0.000000000000000000e+00
-2.516375260741166020e+00,1.427107326757715100e+01,0.000000000000000000e+00
-2.782358202314659135e+00,1.431399206358581111e+01,0.000000000000000000e+00
-3.050753135182203479e+00,1.435266505636400325e+01,0.000000000000000000e+00
-3.321499930041207804e+00,1.438699681341001302e+01,0.000000000000000000e+00
-3.594549824447100583e+00,1.441695190053704501e+01,0.000000000000000000e+00
-3.869858055173818201e+00,1.444250687998836824e+01,0.000000000000000000e+00
-4.147383113722073134e+00,1.446364377493624787e+01,0.000000000000000000e+00
-4.427088339816347862e+00,1.448035348854891424e+01,0.000000000000000000e+00
-4.708936015896506788e+00,1.449261485373630975e+01,0.000000000000000000e+00
-4.992835095402824663e+00,1.450024599451049845e+01,0.000000000000000000e+00
-5.278643539600563095e+00,1.450295393040257075e+01,0.000000000000000000e+00
-5.566231850189709007e+00,1.450052972447955746e+01,0.000000000000000000e+00
-5.855591921296628755e+00,1.449309858337195323e+01,0.000000000000000000e+00
-6.146760696551789138e+00,1.448086072912399835e+01,0.000000000000000000e+00
-6.439700480537007721e+00,1.446380409221477414e+01,0.000000000000000000e+00
-6.734251006404534223e+00,1.444164788768298813e+01,0.000000000000000000e+00
-7.030246252386691097e+00,1.441414089851687841e+01,0.000000000000000000e+00
-7.327636833827098961e+00,1.438129703059556519e+01,0.000000000000000000e+00
-7.626429851210629884e+00,1.434322845727913176e+01,0.000000000000000000e+00
-7.926573314848885943e+00,1.429991679564750662e+01,0.000000000000000000e+00
-8.227901590756978578e+00,1.425114359486788551e+01,0.000000000000000000e+00
-8.530246825134875976e+00,1.419671477045762309e+01,0.000000000000000000e+00
-8.833576713226579002e+00,1.413667782910945547e+01,0.000000000000000000e+00
-9.137924693177383872e+00,1.407117007699997657e+01,0.000000000000000000e+00
-9.443217254196831334e+00,1.400014531825827824e+01,0.000000000000000000e+00
-9.749201837847655483e+00,1.392330317204869772e+01,0.000000000000000000e+00
-1.005564436123083283e+01,1.384040709748602360e+01,0.000000000000000000e+00
-1.036257981568090614e+01,1.375160788302752657e+01,0.000000000000000000e+00
-1.067014367067911884e+01,1.365716110558368257e+01,0.000000000000000000e+00
-1.097824377271327201e+01,1.355700201867226262e+01,0.000000000000000000e+00
-1.128650482747552353e+01,1.345073267597584810e+01,0.000000000000000000e+00
-1.159461691967366370e+01,1.333808099822275572e+01,0.000000000000000000e+00
-1.190265202743227668e+01,1.321923430132335220e+01,0.000000000000000000e+00
-1.221077265381638099e+01,1.309445051917774627e+01,0.000000000000000000e+00
-1.251888774957734185e+01,1.296368775962875119e+01,0.000000000000000000e+00
-1.282668772525942735e+01,1.282668772525942913e+01,0.000000000000000000e+00
-1.313392242973242752e+01,1.268328145957945274e+01,0.000000000000000000e+00
-1.344053879257486095e+01,1.253350518989453022e+01,0.000000000000000000e+00
-1.374651606013755156e+01,1.237741865555306475e+01,0.000000000000000000e+00
-1.405180539833933473e+01,1.221504807515084323e+01,0.000000000000000000e+00
-1.435634050042506260e+01,1.204640001896212276e+01,0.000000000000000000e+00
-1.465991971057920829e+01,1.187136890954782054e+01,0.000000000000000000e+00
-1.496207477279741660e+01,1.168965396270538548e+01,0.000000000000000000e+00
-1.526247137898393902e+01,1.150109712221132341e+01,0.000000000000000000e+00
-1.556219680183613541e+01,1.130659780572297279e+01,0.000000000000000000e+00
-1.586306843361999164e+01,1.110744009635721952e+01,0.000000000000000000e+00
-1.616647695919256833e+01,1.090442639631224431e+01,0.000000000000000000e+00
-1.647295386197960809e+01,1.069766132036180650e+01,0.000000000000000000e+00
-1.678290399032448477e+01,1.048712233959052575e+01,0.000000000000000000e+00
-1.709641593813490701e+01,1.027256306374039596e+01,0.000000000000000000e+00
-1.741343625092395797e+01,1.005365210698733414e+01,0.000000000000000000e+00
-1.773391003435140334e+01,9.830066849690069830e+00,0.000000000000000000e+00
-1.805778442189307853e+01,9.601494292030281485e+00,0.000000000000000000e+00
-1.838500785077669164e+01,9.367629389125598394e+00,0.000000000000000000e+00
-1.871555518838492205e+01,9.128186178478213009e+00,0.000000000000000000e+00
-1.904939878866516523e+01,8.882880538403123083e+00,0.000000000000000000e+00
-1.938650751523213600e+01,8.631429253730866336e+00,0.000000000000000000e+00
-1.972684143955029867e+01,8.373547394449138537e+00,0.000000000000000000e+00
-2.007032921183137475e+01,8.108939362725333666e+00,0.000000000000000000e+00
-2.041687189457496387e+01,7.837302828252717291e+00,0.000000000000000000e+00
-2.076635949277521931e+01,7.558336729441574420e+00,0.000000000000000000e+00
-2.111867176100024324e+01,7.271741843313073161e+00,0.000000000000000000e+00
-2.147368488883135385e+01,6.977223171080236597e+00,0.000000000000000000e+00
-2.183127824083063828e+01,6.674491573682781898e+00,0.000000000000000000e+00
-2.219129454727753625e+01,6.363251315446440515e+00,0.000000000000000000e+00
-2.255349759907288743e+01,6.043191468168851443e+00,0.000000000000000000e+00
-2.291771496394571273e+01,5.714028101689861749e+00,0.000000000000000000e+00
-2.328403265061490401e+01,5.375542500156007542e+00,0.000000000000000000e+00
-2.365227961640598764e+01,5.027447230921205268e+00,0.000000000000000000e+00
-2.402117618066895943e+01,4.669243651850035981e+00,0.000000000000000000e+00
-2.439283296615499808e+01,4.301114587848019255e+00,0.000000000000000000e+00
-2.477364446965271938e+01,3.923759814124992751e+00,0.000000000000000000e+00
-2.516433415496550197e+01,3.536616526868757937e+00,0.000000000000000000e+00
-2.556553904352908546e+01,3.139053485705783686e+00,0.000000000000000000e+00
-2.597794409572792063e+01,2.730391947955985277e+00,0.000000000000000000e+00
-2.640228710907058485e+01,2.309900813200329583e+00,0.000000000000000000e+00
-2.683936421741481482e+01,1.876791174314554445e+00,0.000000000000000000e+00
-2.729003607714328794e+01,1.430210187357156437e+00,0.000000000000000000e+00
-2.775523484384699557e+01,9.692341581712980991e-01,0.000000000000000000e+00
-2.823597206071045207e+01,4.928607256310363893e-01,0.000000000000000000e+00
-2.873334631384006244e+01,3.518820059203662905e-15,0.000000000000000000e+00
-2.872896907239766051e+01,-5.014660204794468834e-01,0.000000000000000000e+00
-2.902738999717136181e+01,-1.013658795038282712e+00,0.000000000000000000e+00
-2.930629975588443514e+01,-1.535878089209027797e+00,0.000000000000000000e+00
-2.956617623466157241e+01,-2.067468445449851977e+00,0.000000000000000000e+00
-2.980583336488399482e+01,-2.607672526370088395e+00,0.000000000000000000e+00
-3.002557606031832904e+01,-3.155815210231147638e+00,0.000000000000000000e+00
-3.022495892416577945e+01,-3.711158309812030875e+00,0.000000000000000000e+00
-3.040376193880890554e+01,-4.272970080973006013e+00,0.000000000000000000e+00
-3.056250894924262340e+01,-4.840625874839420639e+00,0.000000000000000000e+00
-3.070075065694431160e+01,-5.413370668822416576e+00,0.000000000000000000e+00
-3.081795914991164764e+01,-5.990404426553403994e+00,0.000000000000000000e+00
-3.091393582250079319e+01,-6.570959906118487126e+00,0.000000000000000000e+00
-3.098916934979681059e+01,-7.154413472271331287e+00,0.000000000000000000e+00
-3.104415475777602040e+01,-7.740177105710913885e+00,0.000000000000000000e+00
-3.107867178901140548e+01,-8.327505007697507011e+00,0.000000000000000000e+00
-3.109354042422618392e+01,-8.915929243551818928e+00,0.000000000000000000e+00
-3.108427967227347821e+01,-9.503418006855742561e+00,0.000000000000000000e+00
-3.105577006571699528e+01,-1.009063137603176230e+01,0.000000000000000000e+00
-3.100682303949799135e+01,-1.067650537288535162e+01,0.000000000000000000e+00
-3.093701924566100914e+01,-1.126015414234124634e+01,0.000000000000000000e+00
-3.084655844096048938e+01,-1.184088439010286464e+01,0.000000000000000000e+00
-3.073566019705691943e+01,-1.241801278796875962e+01,0.000000000000000000e+00
-3.060456352738275854e+01,-1.299086647846096021e+01,0.000000000000000000e+00
-3.045352650219915347e+01,-1.355878356758277725e+01,0.000000000000000000e+00
-3.028282585218336465e+01,-1.412111360544726857e+01,0.000000000000000000e+00
-3.009275585053739022e+01,-1.467721770806305770e+01,0.000000000000000000e+00
-2.988358222269067710e+01,-1.522644566452016868e+01,0.000000000000000000e+00
-2.965551605140337799e+01,-1.576811758531955476e+01,0.000000000000000000e+00
-2.940878343694380348e+01,-1.630155485131221837e+01,0.000000000000000000e+00
-2.914363735530633903e+01,-1.682608687225095423e+01,0.000000000000000000e+00
-2.886043719364619164e+01,-1.734110015758027856e+01,0.000000000000000000e+00
-2.855962983625370910e+01,-1.784603738655014027e+01,0.000000000000000000e+00
-2.824166637909674904e+01,-1.834035259113627347e+01,0.000000000000000000e+00
-2.790685994610118570e+01,-1.882341471197402782e+01,0.000000000000000000e+00
-2.755544137942843008e+01,-1.929452777257153784e+01,0.000000000000000000e+00
-2.718769940502962257e+01,-1.975301985638006386e+01,0.000000000000000000e+00
-2.680403722454661875e+01,-2.019829080966314905e+01,0.000000000000000000e+00
-2.640493618103566220e+01,-2.062979710707031700e+01,0.000000000000000000e+00
-2.599113029871067226e+01,-2.104720232058688723e+01,0.000000000000000000e+00
-2.556336095136788344e+01,-2.145020674594447385e+01,0.000000000000000000e+00
-2.512190085468685297e+01,-2.183813524171341669e+01,0.000000000000000000e+00
-2.466690787543283037e+01,-2.221018361136195907e+01,0.000000000000000000e+00
-2.419877318688064349e+01,-2.256572106278973067e+01,0.000000000000000000e+00
-2.371815523773475931e+01,-2.290435627221206971e+01,0.000000000000000000e+00
-2.322621768685612054e+01,-2.322621768685610988e+01,0.000000000000000000e+00
-2.272384096189901470e+01,-2.353122616180226601e+01,0.000000000000000000e+00
-2.221137290613503978e+01,-2.381878131122918774e+01,0.000000000000000000e+00
-2.168846627256380089e+01,-2.408748206976019901e+01,0.000000000000000000e+00
-2.115547304382801030e+01,-2.433658782943540899e+01,0.000000000000000000e+00
-2.061515541673735896e+01,-2.456818552978472070e+01,0.000000000000000000e+00
-2.006716035492311079e+01,-2.478087926202748648e+01,0.000000000000000000e+00
-1.951005166706272220e+01,-2.497172737491156980e+01,0.000000000000000000e+00
-1.894723319987889454e+01,-2.514382770193359917e+01,0.000000000000000000e+00
-1.837921518474379923e+01,-2.529681949273062003e+01,0.000000000000000000e+00
-1.780461999182377397e+01,-2.542763255212390305e+01,0.000000000000000000e+00
-1.722513332388009388e+01,-2.553731034341271666e+01,0.000000000000000000e+00
-1.664385406859141270e+01,-2.562928774306672253e+01,0.000000000000000000e+00
-1.606534297641419329e+01,-2.570992308604274967e+01,0.000000000000000000e+00
-1.549506294314616994e+01,-2.578811533400797984e+01,0.000000000000000000e+00
-1.493353317265571079e+01,-2.586563819155491117e+01,0.000000000000000000e+00
-1.437979108649595794e+01,-2.594182983086507477e+01,0.000000000000000000e+00
-1.383349416302333346e+01,-2.601701858061199246e+01,0.000000000000000000e+00
-1.329417312823272113e+01,-2.609128384347379637e+01,0.000000000000000000e+00
-1.276134555252059499e+01,-2.616463581005382011e+01,0.000000000000000000e+00
-1.223458536810801078e+01,-2.623715299147257696e+01,0.000000000000000000e+00
-1.171347523381521682e+01,-2.630889612536526911e+01,0.000000000000000000e+00
-1.119760979368182241e+01,-2.637991552401653905e+01,0.000000000000000000e+00
-1.068660116723817843e+01,-2.645026605673443498e+01,0.000000000000000000e+00
-1.018007433903198944e+01,-2.652000033838217519e+01,0.000000000000000000e+00
-9.677665364717645602e+00,-2.658916706259976337e+01,0.000000000000000000e+00
-9.179022065410261888e+00,-2.665781572879088657e+01,0.000000000000000000e+00
-8.683801568638012114e+00,-2.672599312789383674e+01,0.000000000000000000e+00
-8.191669929665753358e+00,-2.679374503920498896e+01,0.000000000000000000e+00
-7.702301366215065670e+00,-2.686111703535402029e+01,0.000000000000000000e+00
-7.215376588878396724e+00,-2.692815202543720332e+01,0.000000000000000000e+00
-6.730583019622125462e+00,-2.699489404668052117e+01,0.000000000000000000e+00
-6.247612967813139129e+00,-2.706138484194740812e+01,0.000000000000000000e+00
-5.766163455544017324e+00,-2.712766620912664806e+01,0.000000000000000000e+00
-5.285935322362287359e+00,-2.719377979081812313e+01,0.000000000000000000e+00
-4.806632145782881338e+00,-2.725976550196851633e+01,0.000000000000000000e+00
-4.327960134875824316e+00,-2.732566485702540504e+01,0.000000000000000000e+00
-3.849626687662507596e+00,-2.739151717587612112e+01,0.000000000000000000e+00
-3.371340287258566715e+00,-2.745736322602122570e+01,0.000000000000000000e+00
-2.892809408186598930e+00,-2.752324300609128471e+01,0.000000000000000000e+00
-2.413741916021564293e+00,-2.758919634549383559e+01,0.000000000000000000e+00
-1.933844475856840717e+00,-2.765526444161457675e+01,0.000000000000000000e+00
-1.452821567667051283e+00,-2.772148691553433508e+01,0.000000000000000000e+00
-9.703750541453399769e-01,-2.778790582992836278e+01,0.000000000000000000e+00
-4.862031891998072064e-01,-2.785456205400984331e+01,0.000000000000000000e+00
-5.129095949942029374e-15,-2.792149787466942357e+01,0.000000000000000000e+00
4.885455623945417214e-01,-2.798875652446169582e+01,0.000000000000000000e+00
9.797504044853817540e-01,-2.805638073688215783e+01,0.000000000000000000e+00
1.473938193330612378e+00,-2.812441613620452330e+01,0.000000000000000000e+00
1.971440138628235195e+00,-2.819290746760832178e+01,0.000000000000000000e+00
2.472596021716422232e+00,-2.826190185181841841e+01,0.000000000000000000e+00
2.977755146223907357e+00,-2.833144771661124750e+01,0.000000000000000000e+00
3.487277207609813079e+00,-2.840159366915414907e+01,0.000000000000000000e+00
4.001533720157324225e+00,-2.847239187550687234e+01,0.000000000000000000e+00
4.520908777605002982e+00,-2.854389464231131868e+01,0.000000000000000000e+00
5.045800494931621749e+00,-2.861615661232380958e+01,0.000000000000000000e+00
5.576622466491012453e+00,-2.868923550553668633e+01,0.000000000000000000e+00
6.113804692912484740e+00,-2.876318964174686243e+01,0.000000000000000000e+00
6.657795616942856043e+00,-2.883808109070279002e+01,0.000000000000000000e+00
7.209063593312101226e+00,-2.891397480870362102e+01,0.000000000000000000e+00
7.768098256753723341e+00,-2.899093737239207158e+01,0.000000000000000000e+00
8.335413036302236733e+00,-2.906903981818020100e+01,0.000000000000000000e+00
8.911546989767893834e+00,-2.914835680622677572e+01,0.000000000000000000e+00
9.497066666235767229e+00,-2.922896573012970478e+01,0.000000000000000000e+00
1.009256901095701231e+01,-2.931094870531531171e+01,0.000000000000000000e+00
1.069868412085543241e+01,-2.939439303992807595e+01,0.000000000000000000e+00
1.131607769773236605e+01,-2.947939026558806574e+01,0.000000000000000000e+00
1.194545430288608578e+01,-2.956603690315847999e+01,0.000000000000000000e+00
1.258756127954986503e+01,-2.965443602037904114e+01,0.000000000000000000e+00
1.324319242877407987e+01,-2.974469719891644459e+01,0.000000000000000000e+00
1.391319205673863380e+01,-2.983693665205460732e+01,0.000000000000000000e+00
1.459845972589517693e+01,-2.993127805714351908e+01,0.000000000000000000e+00
1.529995552067497577e+01,-3.002785343863824252e+01,0.000000000000000000e+00
1.601870593599897319e+01,-3.012680419443368862e+01,0.000000000000000000e+00
1.675581018915639930e+01,-3.022828175950170149e+01,0.000000000000000000e+00
1.751244728878950596e+01,-3.033244846905525804e+01,0.000000000000000000e+00
1.828988402003627911e+01,-3.043947870911699738e+01,0.000000000000000000e+00
1.908948386683800180e+01,-3.054956017367294407e+01,0.000000000000000000e+00
1.991271700562090174e+01,-3.066289525131049487e+01,0.000000000000000000e+00
2.076117153459968634e+01,-3.077970257779529106e+01,0.000000000000000000e+00
2.163656611134206997e+01,-3.090021876465716488e+01,0.000000000000000000e+00
2.254076426600194694e+01,-3.102470040932777806e+01,0.000000000000000000e+00
2.347579044868021825e+01,-3.115342614836699298e+01,0.000000000000000000e+00
2.444384862486590748e+01,-3.128669950599139682e+01,0.000000000000000000e+00
2.544734337530113066e+01,-3.142485197553043719e+01,0.000000000000000000e+00
2.648889549836940560e+01,-3.156823637403434546e+01,0.000000000000000000e+00
2.757142355342395845e+01,-3.171729459796816641e+01,0.000000000000000000e+00
2.869809395139403563e+01,-3.187246229416221155e+01,0.000000000000000000e+00
2.987044130662281205e+01,-3.203212661185114740e+01,0.000000000000000000e+00
3.108416653025249587e+01,-3.218859672099074487e+01,0.000000000000000000e+00
3.232246725689988409e+01,-3.232246725689989830e+01,0.000000000000000000e+00
3.359551698006386999e+01,-3.244281363148816411e+01,0.000000000000000000e+00
3.489279989862070863e+01,-3.253806230304645908e+01,0.000000000000000000e+00
3.622174942937663644e+01,-3.261420967775369206e+01,0.000000000000000000e+00
3.758085856973225702e+01,-3.266854195041553766e+01,0.000000000000000000e+00
3.896209266704306629e+01,-3.269307758681085829e+01,0.000000000000000000e+00
4.035685943124460096e+01,-3.268034039731724505e+01,0.000000000000000000e+00
4.170011173676864047e+01,-3.257969792366144901e+01,0.000000000000000000e+00
4.294672183341193517e+01,-3.236267617620566028e+01,0.000000000000000000e+00
4.413512522074325517e+01,-3.206604545171197174e+01,0.000000000000000000e+00
4.522189100611075219e+01,-3.166470897457664790e+01,0.000000000000000000e+00
4.622019892635624672e+01,-3.117591782597851235e+01,0.000000000000000000e+00
4.712961007017283777e+01,-3.060632664400809233e+01,0.000000000000000000e+00
4.794159831647112213e+01,-2.995723546951068528e+01,0.000000000000000000e+00
4.865448655356685492e+01,-2.923456490904431604e+01,0.000000000000000000e+00
4.926435744281194218e+01,-2.844279003106145254e+01,0.000000000000000000e+00
4.976503420028527103e+01,-2.758520890307471873e+01,0.000000000000000000e+00
5.015771592866606454e+01,-2.666933062986893432e+01,0.000000000000000000e+00
5.044061271040587258e+01,-2.570077586404396186e+01,0.000000000000000000e+00
5.060955098220997428e+01,-2.468392730670917601e+01,0.000000000000000000e+00
5.066043946395392794e+01,-2.362335088753946621e+01,0.000000000000000000e+00
5.058829830728363675e+01,-2.252336154734793539e+01,0.000000000000000000e+00
5.038716855659548344e+01,-2.138808411238330009e+01,0.000000000000000000e+00
5.006227831022585661e+01,-2.022647336238979676e+01,0.000000000000000000e+00
4.962205796321544682e+01,-1.904812339652120201e+01,0.000000000000000000e+00
4.906081388587708858e+01,-1.785667592333322773e+01,0.000000000000000000e+00
4.835983962089741794e+01,-1.665162815573464883e+01,0.000000000000000000e+00
4.753854484380311618e+01,-1.544620955000291218e+01,0.000000000000000000e+00
4.658026775296448818e+01,-1.424101700264067105e+01,0.000000000000000000e+00
4.548419672150001958e+01,-1.304238353483606083e+01,0.000000000000000000e+00
4.429453323191875569e+01,-1.186868440860615515e+01,0.000000000000000000e+00
4.306595030073876984e+01,-1.073754737902688028e+01,0.000000000000000000e+00
4.184455525423513933e+01,-9.660576779998960362e+00,0.000000000000000000e+00
4.064215500832980865e+01,-8.638756727430676463e+00,0.000000000000000000e+00
3.943771813172884322e+01,-7.665915842131652447e+00,0.000000000000000000e+00
3.826141737418586075e+01,-6.746520203216634037e+00,0.000000000000000000e+00
3.708699929600284406e+01,-5.874003626813892431e+00,0.000000000000000000e+00
3.593993153355221892e+01,-5.051027976872243919e+00,0.000000000000000000e+00
3.480154589333020709e+01,-4.273092531254854443e+00,0.000000000000000000e+00
3.369178428967551042e+01,-3.541149222502474547e+00,0.000000000000000000e+00
3.259199579735864916e+01,-2.851430153953444790e+00,0.000000000000000000e+00
3.152551256726415829e+01,-2.204478588713837617e+00,0.000000000000000000e+00
3.047072464200286745e+01,-1.596903011632427427e+00,0.000000000000000000e+00
2.944527175014222564e+01,-1.028251547408583377e+00,0.000000000000000000e+00
2.844876303951414087e+01,-4.965750059822225948e-01,0.000000000000000000e+00
2.747108081892200815e+01,-6.728474238802218333e-15,0.000000000000000000e+00
