2.678157164767970499e+01,0.000000000000000000e+00,0.000000000000000000e+00
2.609015231700825055e+01,4.554053026804654736e-01,0.000000000000000000e+00
2.541305278733901929e+01,8.874433584682829279e-01,0.000000000000000000e+00
2.475086775162864683e+01,1.297138014191096422e+00,0.000000000000000000e+00
2.410409064523803835e+01,1.685522213618888987e+00,0.000000000000000000e+00
2.347225916121671219e+01,2.053556583948976222e+00,0.000000000000000000e+00
2.285661630959836899e+01,2.402327177981324446e+00,0.000000000000000000e+00
2.225770347304713326e+01,2.732902347645146612e+00,0.000000000000000000e+00
2.167880773828920837e+01,3.046757734891828218e+00,0.000000000000000000e+00
2.112450921809364601e+01,3.345793569638269904e+00,0.000000000000000000e+00
2.059567971932467856e+01,3.631574020547085446e+00,0.000000000000000000e+00
2.008949234568480335e+01,3.905001732574041373e+00,0.000000000000000000e+00
1.960437472540620618e+01,4.167038485323026009e+00,0.000000000000000000e+00
1.913880795182075190e+01,4.418541972136400098e+00,0.000000000000000000e+00
1.869131766030984210e+01,4.660268902752525477e+00,0.000000000000000000e+00
1.826062597149629596e+01,4.892919982349217101e+00,0.000000000000000000e+00
1.784556388585525610e+01,5.117133100533017398e+00,0.000000000000000000e+00
1.744504675773687552e+01,5.333486033321089614e+00,0.000000000000000000e+00
1.705809619167646574e+01,5.542511432911211955e+00,0.000000000000000000e+00
1.668380968567330669e+01,5.744696369646890233e+00,0.000000000000000000e+00
1.632135605840340631e+01,5.940487788119187762e+00,0.000000000000000000e+00
1.596997615844059837e+01,6.130299487598397157e+00,0.000000000000000000e+00
1.562896202954477332e+01,6.314510542517946412e+00,0.000000000000000000e+00
1.529766529728905233e+01,6.493473665502818015e+00,0.000000000000000000e+00
1.497547539750376977e+01,6.667511223100930806e+00,0.000000000000000000e+00
1.466184299463473018e+01,6.836929671064392977e+00,0.000000000000000000e+00
1.435625964948955513e+01,7.002015680969167377e+00,0.000000000000000000e+00
1.405822477034726603e+01,7.163023295204903995e+00,0.000000000000000000e+00
1.376724714541029471e+01,7.320175155229223130e+00,0.000000000000000000e+00
1.348290312031145177e+01,7.473695239449420491e+00,0.000000000000000000e+00
1.320494178444737976e+01,7.623876693884031219e+00,0.000000000000000000e+00
1.293306738970820824e+01,7.770970877705227764e+00,0.000000000000000000e+00
1.266628514794672533e+01,7.914773391496209953e+00,0.000000000000000000e+00
1.240321586012550270e+01,8.054742559633293553e+00,0.000000000000000000e+00
1.214286339296893225e+01,8.190464777411671449e+00,0.000000000000000000e+00
1.188521414781461338e+01,8.322116539536482449e+00,0.000000000000000000e+00
1.163040822878108749e+01,8.449986196272963213e+00,0.000000000000000000e+00
1.137845904397856955e+01,8.574283896518817727e+00,0.000000000000000000e+00
1.112924801889725401e+01,8.695121510992782632e+00,0.000000000000000000e+00
1.088267630802701547e+01,8.812617512669866926e+00,0.000000000000000000e+00
1.063889947782231538e+01,8.927096627972860077e+00,0.000000000000000000e+00
1.039819738099000368e+01,9.039015080490027998e+00,0.000000000000000000e+00
1.016079219891962104e+01,9.148818389177169053e+00,0.000000000000000000e+00
9.926699736708933131e+00,9.256797260039832054e+00,0.000000000000000000e+00
9.695861715565554206e+00,9.363184820803313713e+00,0.000000000000000000e+00
9.468188021461653392e+00,9.468188021461653392e+00,0.000000000000000000e+00
9.243479132609959237e+00,9.571902846708168155e+00,0.000000000000000000e+00
9.021507531843489858e+00,9.674382394400957708e+00,0.000000000000000000e+00
8.802056670246344083e+00,9.775674294211359694e+00,0.000000000000000000e+00
8.584954808455432129e+00,9.875860789067219869e+00,0.000000000000000000e+00
8.370044246816220834e+00,9.975030301315728209e+00,0.000000000000000000e+00
8.157167223939753242e+00,1.007326261022411806e+01,0.000000000000000000e+00
7.946169880226799265e+00,1.017063364618096877e+01,0.000000000000000000e+00
7.736900310121299640e+00,1.026721349193981325e+01,0.000000000000000000e+00
7.529206799276373374e+00,1.036306411401262828e+01,0.000000000000000000e+00
7.322945357618147355e+00,1.045824981596377690e+01,0.000000000000000000e+00
7.117979823068687040e+00,1.055283906034285479e+01,0.000000000000000000e+00
6.914173620825339484e+00,1.064689371243994920e+01,0.000000000000000000e+00
6.711392186245168645e+00,1.074047265358444747e+01,0.000000000000000000e+00
6.509507463039473585e+00,1.083363971094416378e+01,0.000000000000000000e+00
6.308391376907496628e+00,1.092645437883316895e+01,0.000000000000000000e+00
6.107915326134818024e+00,1.101897093350144274e+01,0.000000000000000000e+00
5.907955623085896057e+00,1.111124849642932233e+01,0.000000000000000000e+00
5.708390240930502735e+00,1.120334665637328087e+01,0.000000000000000000e+00
5.509095391088759008e+00,1.129531944397607823e+01,0.000000000000000000e+00
5.309948483005250353e+00,1.138722126935399181e+01,0.000000000000000000e+00
5.110829974759971250e+00,1.147911206848285381e+01,0.000000000000000000e+00
4.911618333730825903e+00,1.157104767154307901e+01,0.000000000000000000e+00
4.712190327387944855e+00,1.166308033011333478e+01,0.000000000000000000e+00
4.512424905741943881e+00,1.175526877720029262e+01,0.000000000000000000e+00
4.312199793158303152e+00,1.184767155987932696e+01,0.000000000000000000e+00
4.111389587675635227e+00,1.194034236289069462e+01,0.000000000000000000e+00
3.909868699048538954e+00,1.203333852757851119e+01,0.000000000000000000e+00
3.707511608732680042e+00,1.212672405348363291e+01,0.000000000000000000e+00
3.504188827645132509e+00,1.222055873147557747e+01,0.000000000000000000e+00
3.299767439602223629e+00,1.231489973775696534e+01,0.000000000000000000e+00
3.094112980862316231e+00,1.240980934984832729e+01,0.000000000000000000e+00
2.887086884455770885e+00,1.250534718698238379e+01,0.000000000000000000e+00
2.678546341185437996e+00,1.260156976637435022e+01,0.000000000000000000e+00
2.468349249528033695e+00,1.269855604447674047e+01,0.000000000000000000e+00
2.256350216690396149e+00,1.279639796260671680e+01,0.000000000000000000e+00
2.042396099758050809e+00,1.289518146841379043e+01,0.000000000000000000e+00
1.826322197026304606e+00,1.299495766403915198e+01,0.000000000000000000e+00
1.607953956935108453e+00,1.309573406551206354e+01,0.000000000000000000e+00
1.387113656778849791e+00,1.319750487002339767e+01,0.000000000000000000e+00
1.163580795369162812e+00,1.329978934955818382e+01,0.000000000000000000e+00
9.371023113207165300e-01,1.340118740259089414e+01,0.000000000000000000e+00
7.075146899086817154e-01,1.350018450672316206e+01,0.000000000000000000e+00
4.747741862576150274e-01,1.359575384986317204e+01,0.000000000000000000e+00
2.389240147705167239e-01,1.368794763887000876e+01,0.000000000000000000e+00
8.435954766918036873e-16,1.377695964712679100e+01,0.000000000000000000e+00
-2.419772729010515877e-01,1.386286868001707973e+01,0.000000000000000000e+00
-4.869893634716955244e-01,1.394555075846141534e+01,0.000000000000000000e+00
-7.350119033716013828e-01,1.402486259534086166e+01,0.000000000000000000e+00
-9.860175497641849862e-01,1.410070790243844385e+01,0.000000000000000000e+00
-1.239980439805475454e+00,1.417304128137758745e+01,0.000000000000000000e+00
-1.496874323864458844e+00,1.424180785941449301e+01,0.000000000000000000e+00
-1.756660398521755262e+00,1.430685084186509748e+01,0.000000000000000000e+00
-2.019285231547889747e+00,1.436796099741345145e+01,0.000000000000000000e+00
-2.284697575422823590e+00,1.442501277740023546e+01,0.000000000000000000e+00
-2.552884136528855485e+00,1.447812539108655550e+01,0.000000000000000000e+00
-2.823849438686427238e+00,1.452744597028976692e+01,0.000000000000000000e+00
-3.097551481463036716e+00,1.457283396535060938e+01,0.000000000000000000e+00
-3.373882118422591780e+00,1.461388899862618729e+01,0.000000000000000000e+00
-3.652735280451107069e+00,1.465032101808700382e+01,0.000000000000000000e+00
-3.934101156355892304e+00,1.468226539763565697e+01,0.000000000000000000e+00
-4.218005868208273945e+00,1.470993458899525308e+01,0.000000000000000000e+00
-4.504414705597524993e+00,1.473327663454213976e+01,0.000000000000000000e+00
-4.793225088201502615e+00,1.475202994393317191e+01,0.000000000000000000e+00
-5.084335916062237004e+00,1.476598367318582739e+01,0.000000000000000000e+00
-5.377679502679224122e+00,1.477505300267513455e+01,0.000000000000000000e+00
-5.673194854088481343e+00,1.477917787626305035e+01,0.000000000000000000e+00
-5.970837926265639695e+00,1.477834245517950151e+01,0.000000000000000000e+00
-6.270573864680767606e+00,1.477254627418078670e+01,0.000000000000000000e+00
-6.572358204257898961e+00,1.476175821803432342e+01,0.000000000000000000e+00
-6.876134668735252475e+00,1.474591838345845574e+01,0.000000000000000000e+00
-7.181809283277073241e+00,1.472489116299283296e+01,0.000000000000000000e+00
-7.489208208896553032e+00,1.469839870869578924e+01,0.000000000000000000e+00
-7.798171099301330678e+00,1.466622676775492096e+01,0.000000000000000000e+00
-8.108682758959899317e+00,1.462845092950970738e+01,0.000000000000000000e+00
-8.420763182733248087e+00,1.458518967099939978e+01,0.000000000000000000e+00
-8.734341667759474959e+00,1.453638562949129920e+01,0.000000000000000000e+00
-9.049299443373525875e+00,1.448190636286261679e+01,0.000000000000000000e+00
-9.365536503604277030e+00,1.442166152922675515e+01,0.000000000000000000e+00
-9.682969430205105255e+00,1.435559253652414391e+01,0.000000000000000000e+00
-1.000150587719323170e+01,1.428363068293307059e+01,0.000000000000000000e+00
-1.032104127780369396e+01,1.420569461520570798e+01,0.000000000000000000e+00
-1.064147726817956574e+01,1.412171730312899776e+01,0.000000000000000000e+00
-1.096273214820695330e+01,1.403165727907154903e+01,0.000000000000000000e+00
-1.128469677139528926e+01,1.393543995535632796e+01,0.000000000000000000e+00
-1.160717700916870498e+01,1.383289490055372362e+01,0.000000000000000000e+00
-1.192999013870286440e+01,1.372388375402195848e+01,0.000000000000000000e+00
-1.225309382699941096e+01,1.360843934964187518e+01,0.000000000000000000e+00
-1.257647246828420862e+01,1.348661555747487562e+01,0.000000000000000000e+00
-1.290001831111753106e+01,1.335836000961563919e+01,0.000000000000000000e+00
-1.322358756362555710e+01,1.322358756362555887e+01,0.000000000000000000e+00
-1.354705769533445370e+01,1.308224154804826789e+01,0.000000000000000000e+00
-1.387031720635994958e+01,1.293428004444544044e+01,0.000000000000000000e+00
-1.419324922138548040e+01,1.277965900066265803e+01,0.000000000000000000e+00
-1.451573199258916880e+01,1.261833331085247423e+01,0.000000000000000000e+00
-1.483763791263690024e+01,1.245025650003565687e+01,0.000000000000000000e+00
-1.515883358547575988e+01,1.227538139937850126e+01,0.000000000000000000e+00
-1.547920203858851629e+01,1.209367806254268984e+01,0.000000000000000000e+00
-1.579865272993892944e+01,1.190513875081304107e+01,0.000000000000000000e+00
-1.611704529189799828e+01,1.170971883035247352e+01,0.000000000000000000e+00
-1.643412213744428385e+01,1.150729620449756396e+01,0.000000000000000000e+00
-1.674964757829566508e+01,1.129777994566955179e+01,0.000000000000000000e+00
-1.706353685656041819e+01,1.108119040145590972e+01,0.000000000000000000e+00
-1.737573283135940727e+01,1.085756291328117662e+01,0.000000000000000000e+00
-1.768613236507143327e+01,1.062690044108019549e+01,0.000000000000000000e+00
-1.799461582320316211e+01,1.038919628949024165e+01,0.000000000000000000e+00
-1.830108151459820220e+01,1.014445513491673623e+01,0.000000000000000000e+00
-1.860543788929998499e+01,9.892686805932644489e+00,0.000000000000000000e+00
-1.890750778425300638e+01,9.633856402590927459e+00,0.000000000000000000e+00
-1.920700269413703509e+01,9.367881142602929145e+00,0.000000000000000000e+00
-1.950366218891979031e+01,9.094707040761383254e+00,0.000000000000000000e+00
-1.979733232799165066e+01,8.814340245007912245e+00,0.000000000000000000e+00
-2.008789716082264576e+01,8.526806455377645477e+00,0.000000000000000000e+00
-2.037538848780969758e+01,8.232191310654858540e+00,0.000000000000000000e+00
-2.065989873771852459e+01,7.930592092883725464e+00,0.000000000000000000e+00
-2.094122206499185879e+01,7.621981500815656396e+00,0.000000000000000000e+00
-2.121877427220526258e+01,7.306209902080598617e+00,0.000000000000000000e+00
-2.149207323963578276e+01,6.983197908437836610e+00,0.000000000000000000e+00
-2.176123285654805173e+01,6.653076550613032936e+00,0.000000000000000000e+00
-2.202652974338969116e+01,6.316005768196144565e+00,0.000000000000000000e+00
-2.228791921611153271e+01,5.972029954927192463e+00,0.000000000000000000e+00
-2.254495465998179426e+01,5.621088519563320673e+00,0.000000000000000000e+00
-2.279722636867011687e+01,5.263154414414853655e+00,0.000000000000000000e+00
-2.304485653001515999e+01,4.898335468198977694e+00,0.000000000000000000e+00
-2.328822755044063797e+01,4.526772870524187198e+00,0.000000000000000000e+00
-2.352586547049522281e+01,4.148244826965950871e+00,0.000000000000000000e+00
-2.375883286012607343e+01,3.763029445315273058e+00,0.000000000000000000e+00
-2.399513706269157254e+01,3.372296591588970660e+00,0.000000000000000000e+00
-2.423499745376857462e+01,2.975683520843987573e+00,0.000000000000000000e+00
-2.447864446790217841e+01,2.572809207139246990e+00,0.000000000000000000e+00
-2.472632056429964820e+01,2.163272740084158929e+00,0.000000000000000000e+00
-2.497828128430927563e+01,1.746651578040006259e+00,0.000000000000000000e+00
-2.523479640493118836e+01,1.322499640242114749e+00,0.000000000000000000e+00
-2.549615120164438409e+01,8.903452190393635890e-01,0.000000000000000000e+00
-2.576264783282817206e+01,4.496886906448177568e-01,0.000000000000000000e+00
-2.603460675093156240e+01,3.188319782458841328e-15,0.000000000000000000e+00
-2.603063414373661288e+01,-4.543664091015917617e-01,0.000000000000000000e+00
-2.613664831185856485e+01,-9.127118709852882761e-01,0.000000000000000000e+00
-2.623410916162603002e+01,-1.374871402629699091e+00,0.000000000000000000e+00
-2.632180522094557062e+01,-1.840599923698759133e+00,0.000000000000000000e+00
-2.639986555634728660e+01,-2.309688954788892357e+00,0.000000000000000000e+00
-2.646903196741267195e+01,-2.782007363157641411e+00,0.000000000000000000e+00
-2.652842302991522061e+01,-3.257280773174649369e+00,0.000000000000000000e+00
-2.657729234212854408e+01,-3.735194849892223612e+00,0.000000000000000000e+00
-2.661804610669446447e+01,-4.215884335141502071e+00,0.000000000000000000e+00
-2.664752779577511177e+01,-4.698678119573926004e+00,0.000000000000000000e+00
-2.666811769716189318e+01,-5.183756962095388054e+00,0.000000000000000000e+00
-2.667884412939562111e+01,-5.670763377474780320e+00,0.000000000000000000e+00
-2.667937561487572395e+01,-6.159419188565816938e+00,0.000000000000000000e+00
-2.666962925768694248e+01,-6.649485399387138784e+00,0.000000000000000000e+00
-2.664973002976804040e+01,-7.140773639983772902e+00,0.000000000000000000e+00
-2.661968571194791622e+01,-7.633072048250727271e+00,0.000000000000000000e+00
-2.657946324170097085e+01,-8.126157409690641487e+00,0.000000000000000000e+00
-2.652903456928633474e+01,-8.619805853604795232e+00,0.000000000000000000e+00
-2.646837666646835885e+01,-9.113792965216921615e+00,0.000000000000000000e+00
-2.639747153276614355e+01,-9.607893897816298434e+00,0.000000000000000000e+00
-2.631630619923575409e+01,-1.010188348486616938e+01,0.000000000000000000e+00
-2.622487272979019934e+01,-1.059553635202445854e+01,0.000000000000000000e+00
-2.612316822006280148e+01,-1.108862702902373876e+01,0.000000000000000000e+00
-2.601119479382144561e+01,-1.158093006135734804e+01,0.000000000000000000e+00
-2.588895959694171012e+01,-1.207222012171926018e+01,0.000000000000000000e+00
-2.575647603026878585e+01,-1.256227272657754312e+01,0.000000000000000000e+00
-2.561377545860974081e+01,-1.305087045379747934e+01,0.000000000000000000e+00
-2.546090145902281066e+01,-1.353780144436593602e+01,0.000000000000000000e+00
-2.529790183467239117e+01,-1.402285596972251369e+01,0.000000000000000000e+00
-2.512482842266465966e+01,-1.450582645316860564e+01,0.000000000000000000e+00
-2.494172619694066739e+01,-1.498650104230968694e+01,0.000000000000000000e+00
-2.474855912351873499e+01,-1.546461610020281974e+01,0.000000000000000000e+00
-2.454525881760376294e+01,-1.593987745315003224e+01,0.000000000000000000e+00
-2.433176674533803663e+01,-1.641198389955382808e+01,0.000000000000000000e+00
-2.410809002105419196e+01,-1.688066636458041359e+01,0.000000000000000000e+00
-2.387446607555854428e+01,-1.734581493731452895e+01,0.000000000000000000e+00
-2.363118497250106032e+01,-1.780737514475644900e+01,0.000000000000000000e+00
-2.337848114749075279e+01,-1.826527129009277672e+01,0.000000000000000000e+00
-2.311622908307849755e+01,-1.871915321915503228e+01,0.000000000000000000e+00
-2.284416158128552610e+01,-1.916852755741087222e+01,0.000000000000000000e+00
-2.256216287776866736e+01,-1.961298896609390496e+01,0.000000000000000000e+00
-2.227068192930105539e+01,-2.005261207841349247e+01,0.000000000000000000e+00
-2.197028656816242176e+01,-2.048762367157908315e+01,0.000000000000000000e+00
-2.166109608266143738e+01,-2.091787733704363816e+01,0.000000000000000000e+00
-2.134270135173181515e+01,-2.134270135173180449e+01,0.000000000000000000e+00
-2.101485725106974911e+01,-2.176152172346426639e+01,0.000000000000000000e+00
-2.067791912254930509e+01,-2.217435345544288694e+01,0.000000000000000000e+00
-2.033231864360209329e+01,-2.258132754107939277e+01,0.000000000000000000e+00
-1.997819449676169512e+01,-2.298228378239126357e+01,0.000000000000000000e+00
-1.961557708429188907e+01,-2.337693446101350148e+01,0.000000000000000000e+00
-1.924456118706967089e+01,-2.376505388867717272e+01,0.000000000000000000e+00
-1.886528497882674316e+01,-2.414646364758708685e+01,0.000000000000000000e+00
-1.847795567719965959e+01,-2.452107539555926152e+01,0.000000000000000000e+00
-1.808277543450921243e+01,-2.488880517999874087e+01,0.000000000000000000e+00
-1.767968107698942859e+01,-2.524920128993871415e+01,0.000000000000000000e+00
-1.726858085789373831e+01,-2.560172396151947183e+01,0.000000000000000000e+00
-1.684966276964699361e+01,-2.594620535107039672e+01,0.000000000000000000e+00
-1.642375762512538628e+01,-2.628350642408938853e+01,0.000000000000000000e+00
-1.599283080230742904e+01,-2.661654016898360453e+01,0.000000000000000000e+00
-1.555814006103456926e+01,-2.694748905698459396e+01,0.000000000000000000e+00
-1.512005997756757303e+01,-2.727731026210009091e+01,0.000000000000000000e+00
-1.467837944911034498e+01,-2.760601669833754102e+01,0.000000000000000000e+00
-1.423278480743429419e+01,-2.793341298566463848e+01,0.000000000000000000e+00
-1.378325394175372764e+01,-2.825985850624062223e+01,0.000000000000000000e+00
-1.332957373242772370e+01,-2.858536311663364060e+01,0.000000000000000000e+00
-1.287136343591844145e+01,-2.890955560735895347e+01,0.000000000000000000e+00
-1.240848593917908005e+01,-2.923256095610580374e+01,0.000000000000000000e+00
-1.194081805613544134e+01,-2.955456178977673432e+01,0.000000000000000000e+00
-1.146812637863022921e+01,-2.987549062149609824e+01,0.000000000000000000e+00
-1.099013321531228904e+01,-3.019514284586868413e+01,0.000000000000000000e+00
-1.050660973096636219e+01,-3.051341026816716351e+01,0.000000000000000000e+00
-1.001744583965945345e+01,-3.083052814526461916e+01,0.000000000000000000e+00
-9.522388248638485209e+00,-3.114632853728176087e+01,0.000000000000000000e+00
-9.021152948625086765e+00,-3.146049909313316917e+01,0.000000000000000000e+00
-8.513573595665702598e+00,-3.177308921300127409e+01,0.000000000000000000e+00
-7.999507405015334527e+00,-3.208427177771429228e+01,0.000000000000000000e+00
-7.478699717359639010e+00,-3.239380739675897303e+01,0.000000000000000000e+00
-6.950801339548958957e+00,-3.270094926704513227e+01,0.000000000000000000e+00
-6.415779740816011767e+00,-3.300632543119585449e+01,0.000000000000000000e+00
-5.873441071733424224e+00,-3.330993956871773065e+01,0.000000000000000000e+00
-5.323454941796991413e+00,-3.361097170207505513e+01,0.000000000000000000e+00
-4.765639878339813507e+00,-3.390928969812600258e+01,0.000000000000000000e+00
-4.199861994669317866e+00,-3.420513103427140322e+01,0.000000000000000000e+00
-3.625961290465583353e+00,-3.449871721439284045e+01,0.000000000000000000e+00
-3.043683093221693614e+00,-3.478945694855435988e+01,0.000000000000000000e+00
-2.452756045673497365e+00,-3.507604561830903123e+01,0.000000000000000000e+00
-1.853106345665517907e+00,-3.535937547853995255e+01,0.000000000000000000e+00
-1.244557343067462796e+00,-3.563945930119165695e+01,0.000000000000000000e+00
-6.269138306831038010e-01,-3.591586930562746005e+01,0.000000000000000000e+00
-6.647710205574054932e-15,-3.618844883930316314e+01,0.000000000000000000e+00
6.363561825067383104e-01,-3.645682127930837879e+01,0.000000000000000000e+00
1.282299302379175998e+00,-3.672024760743574490e+01,0.000000000000000000e+00
1.937965282172376291e+00,-3.697858044520280174e+01,0.000000000000000000e+00
2.603509664931637602e+00,-3.723192281431128947e+01,0.000000000000000000e+00
3.279076875377632483e+00,-3.748002019034170473e+01,0.000000000000000000e+00
3.964798979045752958e+00,-3.772254247437108177e+01,0.000000000000000000e+00
4.660801778569495291e+00,-3.795918431679003646e+01,0.000000000000000000e+00
5.367201814729853915e+00,-3.818962528645438681e+01,0.000000000000000000e+00
6.084107830134766637e+00,-3.841354502795972081e+01,0.000000000000000000e+00
6.811620612887607784e+00,-3.863062014400281186e+01,0.000000000000000000e+00
7.549833603762678536e+00,-3.884052678614501275e+01,0.000000000000000000e+00
8.298833320028522920e+00,-3.904294111094938557e+01,0.000000000000000000e+00
9.058700401186195350e+00,-3.923754224010622949e+01,0.000000000000000000e+00
9.829509064501110061e+00,-3.942400754191886136e+01,0.000000000000000000e+00
1.061133313156452651e+01,-3.960203438303770440e+01,0.000000000000000000e+00
1.140422996598841188e+01,-3.977127630427127514e+01,0.000000000000000000e+00
1.220828582288180897e+01,-3.993150365097577037e+01,0.000000000000000000e+00
1.302313277776248590e+01,-4.008108135256705395e+01,0.000000000000000000e+00
1.384901109225115157e+01,-4.022044865916896583e+01,0.000000000000000000e+00
1.468606080399055536e+01,-4.034962043970171663e+01,0.000000000000000000e+00
1.553433794718002936e+01,-4.046833391345675324e+01,0.000000000000000000e+00
1.639386696103719032e+01,-4.057624459191892896e+01,0.000000000000000000e+00
1.726478361342486423e+01,-4.067328132112216110e+01,0.000000000000000000e+00
1.814601299007840041e+01,-4.075661247545964727e+01,0.000000000000000000e+00
1.903818951104102553e+01,-4.082752916039994773e+01,0.000000000000000000e+00
1.994161719963275203e+01,-4.088637435171079915e+01,0.000000000000000000e+00
2.085648501042211933e+01,-4.093315658936516854e+01,0.000000000000000000e+00
2.178123534401876071e+01,-4.096454575943304377e+01,0.000000000000000000e+00
2.271653971126603722e+01,-4.098172247364371401e+01,0.000000000000000000e+00
2.366321386196413101e+01,-4.098588867929002788e+01,0.000000000000000000e+00
2.462022704246361471e+01,-4.097493871758357642e+01,0.000000000000000000e+00
2.558648963828869682e+01,-4.094694284510448767e+01,0.000000000000000000e+00
2.656422564354778260e+01,-4.090532035936416833e+01,0.000000000000000000e+00
2.755146895986344191e+01,-4.084673250508389941e+01,0.000000000000000000e+00
2.854778071645251103e+01,-4.077045612711263090e+01,0.000000000000000000e+00
2.955568177279474540e+01,-4.067990603927411541e+01,0.000000000000000000e+00
3.057058550068026648e+01,-4.056853718258177821e+01,0.000000000000000000e+00
3.159356666543329695e+01,-4.043792128455552159e+01,0.000000000000000000e+00
3.260461216870729828e+01,-4.026334285706476379e+01,0.000000000000000000e+00
3.358843495816124403e+01,-4.002913803100562973e+01,0.000000000000000000e+00
3.455199047513494293e+01,-3.974751824919649579e+01,0.000000000000000000e+00
3.548194833094606082e+01,-3.940669586687153014e+01,0.000000000000000000e+00
3.637993272526683342e+01,-3.901270152737919261e+01,0.000000000000000000e+00
3.724755289449370110e+01,-3.857097013676598607e+01,0.000000000000000000e+00
3.808134671092327039e+01,-3.808134671092328460e+01,0.000000000000000000e+00
3.887839375913738138e+01,-3.754442843572839905e+01,0.000000000000000000e+00
3.963594793627305535e+01,-3.696111940394152384e+01,0.000000000000000000e+00
4.035163077602143744e+01,-3.633277154474287585e+01,0.000000000000000000e+00
4.102350762947649088e+01,-3.566119112100670918e+01,0.000000000000000000e+00
4.165026394760486284e+01,-3.494872111687162430e+01,0.000000000000000000e+00
4.223077224736694291e+01,-3.419780507541261017e+01,0.000000000000000000e+00
4.276676616678443565e+01,-3.341305969828250966e+01,0.000000000000000000e+00
4.325475616289144654e+01,-3.259479669275564362e+01,0.000000000000000000e+00
4.368834999735291547e+01,-3.174144425145979653e+01,0.000000000000000000e+00
4.406991749817650827e+01,-3.085808844050320943e+01,0.000000000000000000e+00
4.440027370312842692e+01,-2.994836276289499111e+01,0.000000000000000000e+00
4.467706226335371156e+01,-2.901362347557985188e+01,0.000000000000000000e+00
4.489830097177527080e+01,-2.805557223006320910e+01,0.000000000000000000e+00
4.506271425198750791e+01,-2.707641038051130522e+01,0.000000000000000000e+00
4.516914062953524933e+01,-2.607841550152626908e+01,0.000000000000000000e+00
4.521649007191447822e+01,-2.506390972178644461e+01,0.000000000000000000e+00
4.520374540527240725e+01,-2.403525777840757627e+01,0.000000000000000000e+00
4.512967358546323027e+01,-2.299471721917001332e+01,0.000000000000000000e+00
4.499245011046647846e+01,-2.194428415829816714e+01,0.000000000000000000e+00
4.479207285106893011e+01,-2.088688659509007906e+01,0.000000000000000000e+00
4.452916827325157101e+01,-1.982566304818237057e+01,0.000000000000000000e+00
4.420445769519705692e+01,-1.876367905581406959e+01,0.000000000000000000e+00
4.381820365444472287e+01,-1.770370344538159202e+01,0.000000000000000000e+00
4.337014095738431507e+01,-1.664823730795631818e+01,0.000000000000000000e+00
4.285918659622539906e+01,-1.559946818588702833e+01,0.000000000000000000e+00
4.228271579503005029e+01,-1.455910661310796961e+01,0.000000000000000000e+00
4.163770695478032025e+01,-1.352891109558200178e+01,0.000000000000000000e+00
4.093061291780016830e+01,-1.251374417987967114e+01,0.000000000000000000e+00
4.016461847000565655e+01,-1.151701901703714093e+01,0.000000000000000000e+00
3.934307760874693116e+01,-1.054194587301872232e+01,0.000000000000000000e+00
3.851539156671254460e+01,-9.602965658051529019e+00,0.000000000000000000e+00
3.768919151863239847e+01,-8.701235470891589330e+00,0.000000000000000000e+00
3.686627457964881671e+01,-7.836168566233113530e+00,0.000000000000000000e+00
3.604720140845783760e+01,-7.006866153325630009e+00,0.000000000000000000e+00
3.523320715499433931e+01,-6.212565038316071764e+00,0.000000000000000000e+00
3.441961835794318603e+01,-5.451531989806976064e+00,0.000000000000000000e+00
3.361242396428231416e+01,-4.723918120310917068e+00,0.000000000000000000e+00
3.281303606459945854e+01,-4.028934225083038889e+00,0.000000000000000000e+00
3.202221643110127047e+01,-3.365670569502877019e+00,0.000000000000000000e+00
3.124059840009976696e+01,-2.733198201774852620e+00,0.000000000000000000e+00
3.046884350433696298e+01,-2.130589089864002972e+00,0.000000000000000000e+00
2.970755763455266418e+01,-1.556907123549877481e+00,0.000000000000000000e+00
2.895743035662091458e+01,-1.011215750556892612e+00,0.000000000000000000e+00
2.821795288903387799e+01,-4.925461998194977098e-01,0.000000000000000000e+00
2.749092230542909121e+01,-6.733334001390462964e-15,0.000000000000000000e+00
