2.724258660603074134e+01,0.000000000000000000e+00,0.000000000000000000e+00
2.667822633340088601e+01,4.656701728191966483e-01,0.000000000000000000e+00
2.612101812269440160e+01,9.121660527523761663e-01,0.000000000000000000e+00
2.556985381501485577e+01,1.340059255036927466e+00,0.000000000000000000e+00
2.502250315266681113e+01,1.749743872312428561e+00,0.000000000000000000e+00
2.448246993057115262e+01,2.141938574039291332e+00,0.000000000000000000e+00
2.395088928094429903e+01,2.517339901806537661e+00,0.000000000000000000e+00
2.342650726301025799e+01,2.876413407777419717e+00,0.000000000000000000e+00
2.290910167725981950e+01,3.219664272004050698e+00,0.000000000000000000e+00
2.240065993991265358e+01,3.547915987483326372e+00,0.000000000000000000e+00
2.190151916480685657e+01,3.861828747258974293e+00,0.000000000000000000e+00
2.140985350412820054e+01,4.161653942725703992e+00,0.000000000000000000e+00
2.092760999181827941e+01,4.448300823832092910e+00,0.000000000000000000e+00
2.045569746183942783e+01,4.722569871226640181e+00,0.000000000000000000e+00
1.999283147535608762e+01,4.984772742930815070e+00,0.000000000000000000e+00
1.953954744969520974e+01,5.235605959615433846e+00,0.000000000000000000e+00
1.909663523439686728e+01,5.475872036982372570e+00,0.000000000000000000e+00
1.866412660664334666e+01,5.706196146279784998e+00,0.000000000000000000e+00
1.824201122826195132e+01,5.927188746964137778e+00,0.000000000000000000e+00
1.783029983952960507e+01,6.139464587984329924e+00,0.000000000000000000e+00
1.742898626324649669e+01,6.343632213256250374e+00,0.000000000000000000e+00
1.703818730088676503e+01,6.540347327007574485e+00,0.000000000000000000e+00
1.665846830532834133e+01,6.730458077596391142e+00,0.000000000000000000e+00
1.628931204727405913e+01,6.914402737447555403e+00,0.000000000000000000e+00
1.592727841943201916e+01,7.091281231226737702e+00,0.000000000000000000e+00
1.556946703400325305e+01,7.260161711347509872e+00,0.000000000000000000e+00
1.521545662151392619e+01,7.421074044222563337e+00,0.000000000000000000e+00
1.486524982057542843e+01,7.574223096675672728e+00,0.000000000000000000e+00
1.451892866725430231e+01,7.719851309999336664e+00,0.000000000000000000e+00
1.417659612284135129e+01,7.858215549681190737e+00,0.000000000000000000e+00
1.383840058460010880e+01,7.989604302672745462e+00,0.000000000000000000e+00
1.350449801715754461e+01,8.114321038245744688e+00,0.000000000000000000e+00
1.317505722316383832e+01,8.232689468406691802e+00,0.000000000000000000e+00
1.285023237741076230e+01,8.345038480243047729e+00,0.000000000000000000e+00
1.252992845255888987e+01,8.451543456677219623e+00,0.000000000000000000e+00
1.221384677843077426e+01,8.552227584795605964e+00,0.000000000000000000e+00
1.190219182936303000e+01,8.647448540510167092e+00,0.000000000000000000e+00
1.159613094299704450e+01,8.738311437617756638e+00,0.000000000000000000e+00
1.129675465595140338e+01,8.825992038867667588e+00,0.000000000000000000e+00
1.100434492247245721e+01,8.911142813988742972e+00,0.000000000000000000e+00
1.071887178563591014e+01,8.994201361963643393e+00,0.000000000000000000e+00
1.044012493373990047e+01,9.075462146044603884e+00,0.000000000000000000e+00
1.016764439200565207e+01,9.154988131544140373e+00,0.000000000000000000e+00
9.900967296894512160e+00,9.232801371709754790e+00,0.000000000000000000e+00
9.639734446146679403e+00,9.308983346764932776e+00,0.000000000000000000e+00
9.383651118996210627e+00,9.383651118996208851e+00,0.000000000000000000e+00
9.132427228760988669e+00,9.456905233868402760e+00,0.000000000000000000e+00
8.885782973830629317e+00,9.528835625206038884e+00,0.000000000000000000e+00
8.643444799110385546e+00,9.599517965127288832e+00,0.000000000000000000e+00
8.405146606236801432e+00,9.669015113875701672e+00,0.000000000000000000e+00
8.170649780781580773e+00,9.737401230075541037e+00,0.000000000000000000e+00
7.939727924724659935e+00,9.804747437904424601e+00,0.000000000000000000e+00
7.712158586292076734e+00,9.871112848670547280e+00,0.000000000000000000e+00
7.487735413868508161e+00,9.936560506637960088e+00,0.000000000000000000e+00
7.266262413001565612e+00,1.000115221465459747e+01,0.000000000000000000e+00
7.047546040126037248e+00,1.006493882962928055e+01,0.000000000000000000e+00
6.831402916422613103e+00,1.012797132407226641e+01,0.000000000000000000e+00
6.617662173627041788e+00,1.019030612352933574e+01,0.000000000000000000e+00
6.406155170657977571e+00,1.025199131799882579e+01,0.000000000000000000e+00
6.196717012303934347e+00,1.031306898150983464e+01,0.000000000000000000e+00
5.989194193632716434e+00,1.037358863976837320e+01,0.000000000000000000e+00
5.783437097613567168e+00,1.043359671370322950e+01,0.000000000000000000e+00
5.579297195911365748e+00,1.049313189438308491e+01,0.000000000000000000e+00
5.376631748509061559e+00,1.055223395385641183e+01,0.000000000000000000e+00
5.175305118273088034e+00,1.061094796534030671e+01,0.000000000000000000e+00
4.975182413269130244e+00,1.066931311605309673e+01,0.000000000000000000e+00
4.776129752279621776e+00,1.072736306055806565e+01,0.000000000000000000e+00
4.578019139962167472e+00,1.078513722166628952e+01,0.000000000000000000e+00
4.380725479471837325e+00,1.084267604266654672e+01,0.000000000000000000e+00
4.184123387611573541e+00,1.090001408239649194e+01,0.000000000000000000e+00
3.988088475475898953e+00,1.095718303315723752e+01,0.000000000000000000e+00
3.792500794254005658e+00,1.101422206026667716e+01,0.000000000000000000e+00
3.597240682508652476e+00,1.107116842781394972e+01,0.000000000000000000e+00
3.402187533731261482e+00,1.112805400327899719e+01,0.000000000000000000e+00
3.207221570188714121e+00,1.118491082847424245e+01,0.000000000000000000e+00
3.012225345272915078e+00,1.124177803240522522e+01,0.000000000000000000e+00
2.817080130569069141e+00,1.129869127592908207e+01,0.000000000000000000e+00
2.621665604953790307e+00,1.135568131829792193e+01,0.000000000000000000e+00
2.425861791223726360e+00,1.141278242442447244e+01,0.000000000000000000e+00
2.229548827037287406e+00,1.147003437193656517e+01,0.000000000000000000e+00
2.032604423363345347e+00,1.152747251269507345e+01,0.000000000000000000e+00
1.834904031469890784e+00,1.158512810797636305e+01,0.000000000000000000e+00
1.636322501533396201e+00,1.164303958346669354e+01,0.000000000000000000e+00
1.436732609982595887e+00,1.170124810006637084e+01,0.000000000000000000e+00
1.236003697167811444e+00,1.175978964162112206e+01,0.000000000000000000e+00
1.034002124624811891e+00,1.181869836562796117e+01,0.000000000000000000e+00
8.305919846819248553e-01,1.187801876843616533e+01,0.000000000000000000e+00
6.256332748596666882e-01,1.193779403398830397e+01,0.000000000000000000e+00
4.189815464617009377e-01,1.199806168534490247e+01,0.000000000000000000e+00
2.104882443632483946e-01,1.205886344329650761e+01,0.000000000000000000e+00
7.421512549041828941e-16,1.212024978011451992e+01,0.000000000000000000e+00
-2.126422415166232815e-01,1.218226585756605473e+01,0.000000000000000000e+00
-4.276031938927966625e-01,1.224495336489787789e+01,0.000000000000000000e+00
-6.450542218302315334e-01,1.230836777773885338e+01,0.000000000000000000e+00
-8.651740444255537898e-01,1.237256526329949402e+01,0.000000000000000000e+00
-1.088148544676167839e+00,1.243759477882222697e+01,0.000000000000000000e+00
-1.314172034356422269e+00,1.250351169041414323e+01,0.000000000000000000e+00
-1.543448382531972918e+00,1.257037832103745068e+01,0.000000000000000000e+00
-1.776190033545511859e+00,1.263824878589033496e+01,0.000000000000000000e+00
-2.012620644919004054e+00,1.270718664532361153e+01,0.000000000000000000e+00
-2.252979710675328207e+00,1.277728287312055855e+01,0.000000000000000000e+00
-2.497519063449888499e+00,1.284862172783353174e+01,0.000000000000000000e+00
-2.746500511081285456e+00,1.292126900013099267e+01,0.000000000000000000e+00
-3.000192577508828062e+00,1.299526176768589636e+01,0.000000000000000000e+00
-3.258872348955762277e+00,1.307062308201893863e+01,0.000000000000000000e+00
-3.522855659518279392e+00,1.314747630905378095e+01,0.000000000000000000e+00
-3.792537315348123439e+00,1.322614941235067398e+01,0.000000000000000000e+00
-4.068343029986370318e+00,1.330695045252262609e+01,0.000000000000000000e+00
-4.350540770560458625e+00,1.338958770736366688e+01,0.000000000000000000e+00
-4.639185865512260420e+00,1.347317405418064418e+01,0.000000000000000000e+00
-4.934271035804375316e+00,1.355679825234149405e+01,0.000000000000000000e+00
-5.235730029232470883e+00,1.363954304484246727e+01,0.000000000000000000e+00
-5.543444848548523041e+00,1.372050746728073811e+01,0.000000000000000000e+00
-5.857383494630823861e+00,1.379913076336303313e+01,0.000000000000000000e+00
-6.177652441784679205e+00,1.387523456064756999e+01,0.000000000000000000e+00
-6.504356065527417741e+00,1.394863659598187589e+01,0.000000000000000000e+00
-6.837569225951755314e+00,1.401909445103325602e+01,0.000000000000000000e+00
-7.177358594722728746e+00,1.408635937978051444e+01,0.000000000000000000e+00
-7.523808157919530615e+00,1.415022512278790678e+01,0.000000000000000000e+00
-7.877004006968169492e+00,1.421049139703493935e+01,0.000000000000000000e+00
-8.237001179963440833e+00,1.426690454570148070e+01,0.000000000000000000e+00
-8.603832484272713188e+00,1.431918187315596214e+01,0.000000000000000000e+00
-8.977525950610891314e+00,1.436704476412469234e+01,0.000000000000000000e+00
-9.358107320691946285e+00,1.441022159075028597e+01,0.000000000000000000e+00
-9.745632711096108736e+00,1.444849467093209228e+01,0.000000000000000000e+00
-1.014015918713243636e+01,1.448164813115093885e+01,0.000000000000000000e+00
-1.054159311251707720e+01,1.450925817303195231e+01,0.000000000000000000e+00
-1.094978593722653848e+01,1.453085672584846044e+01,0.000000000000000000e+00
-1.136473724481246528e+01,1.454620033857074368e+01,0.000000000000000000e+00
-1.178650032576833517e+01,1.455511573779078383e+01,0.000000000000000000e+00
-1.221514698827138723e+01,1.455744530733877085e+01,0.000000000000000000e+00
-1.265078167098011797e+01,1.455305956094613329e+01,0.000000000000000000e+00
-1.309348628892808897e+01,1.454178973522797946e+01,0.000000000000000000e+00
-1.354268911231968353e+01,1.452275605364357780e+01,0.000000000000000000e+00
-1.399783694872197515e+01,1.449518448789930680e+01,0.000000000000000000e+00
-1.445985910322387191e+01,1.445985910322387369e+01,0.000000000000000000e+00
-1.492884325146170177e+01,1.441661634879089959e+01,0.000000000000000000e+00
-1.540365473127478069e+01,1.436414041856950341e+01,0.000000000000000000e+00
-1.588450020128129303e+01,1.430246822288353314e+01,0.000000000000000000e+00
-1.637097366442344182e+01,1.423107029162200909e+01,0.000000000000000000e+00
-1.686101898382088038e+01,1.414807481059722427e+01,0.000000000000000000e+00
-1.735469973334996752e+01,1.405355874496046198e+01,0.000000000000000000e+00
-1.785214535751665110e+01,1.394762457013638901e+01,0.000000000000000000e+00
-1.835206967037126446e+01,1.382927642787691092e+01,0.000000000000000000e+00
-1.885526242727680923e+01,1.369915003011819543e+01,0.000000000000000000e+00
-1.936164948482461057e+01,1.355717292144834474e+01,0.000000000000000000e+00
-1.986909463597504555e+01,1.340187355391334556e+01,0.000000000000000000e+00
-2.037957808703324147e+01,1.323465275588097612e+01,0.000000000000000000e+00
-2.089279940476270170e+01,1.305527002362565270e+01,0.000000000000000000e+00
-2.140542743233995893e+01,1.286167837754531540e+01,0.000000000000000000e+00
-2.192012961840507401e+01,1.265559273585765609e+01,0.000000000000000000e+00
-2.243688225283612070e+01,1.243696691912706243e+01,0.000000000000000000e+00
-2.295322845347427432e+01,1.220444805579290026e+01,0.000000000000000000e+00
-2.347008262091018338e+01,1.195860439709064593e+01,0.000000000000000000e+00
-2.398782679389167072e+01,1.169964485625430939e+01,0.000000000000000000e+00
-2.450549048842837507e+01,1.142709788159863038e+01,0.000000000000000000e+00
-2.502148218624058273e+01,1.114028161825085839e+01,0.000000000000000000e+00
-2.553785728901478791e+01,1.084017727914168105e+01,0.000000000000000000e+00
-2.605404905150394868e+01,1.052651910600319596e+01,0.000000000000000000e+00
-2.656632651999600725e+01,1.019785729403404062e+01,0.000000000000000000e+00
-2.707789954667176957e+01,9.855549441438823166e+00,0.000000000000000000e+00
-2.758855989001629183e+01,9.499502981028308923e+00,0.000000000000000000e+00
-2.809532734650858288e+01,9.128725226991635466e+00,0.000000000000000000e+00
-2.859999946145226701e+01,8.743897325067127468e+00,0.000000000000000000e+00
-2.910213150467712850e+01,8.344901924712216257e+00,0.000000000000000000e+00
-2.960023329236238609e+01,7.931358606461341054e+00,0.000000000000000000e+00
-3.009496020958652451e+01,7.503516324701199558e+00,0.000000000000000000e+00
-3.058569034761481831e+01,7.061263004880420802e+00,0.000000000000000000e+00
-3.107167048309544555e+01,6.604487443230681265e+00,0.000000000000000000e+00
-3.155357238174849499e+01,6.133393153963653255e+00,0.000000000000000000e+00
-3.203009445637245989e+01,5.647769847299095147e+00,0.000000000000000000e+00
-3.250022269572032485e+01,5.147529582084460209e+00,0.000000000000000000e+00
-3.296647158712175951e+01,4.633135434046772971e+00,0.000000000000000000e+00
-3.342643198008902772e+01,4.104249773226042564e+00,0.000000000000000000e+00
-3.388403064903903328e+01,3.561355129085999494e+00,0.000000000000000000e+00
-3.435246815126770770e+01,3.005451527371297171e+00,0.000000000000000000e+00
-3.483255014890185208e+01,2.435729183775163786e+00,0.000000000000000000e+00
-3.532502007259259358e+01,1.851305855133431599e+00,0.000000000000000000e+00
-3.583067573015379281e+01,1.251234767906250545e+00,0.000000000000000000e+00
-3.635037475570728560e+01,6.344981515259092708e-01,0.000000000000000000e+00
-3.688504033332396403e+01,4.517114658062621218e-15,0.000000000000000000e+00
-3.687941411875384290e+01,-6.437325679574609216e-01,0.000000000000000000e+00
-3.718872549369122282e+01,-1.298658910657070731e+00,0.000000000000000000e+00
-3.747972634717926610e+01,-1.964229225991744876e+00,0.000000000000000000e+00
-3.775297889764220116e+01,-2.639945455682725317e+00,0.000000000000000000e+00
-3.800745765064479542e+01,-3.325221673873060002e+00,0.000000000000000000e+00
-3.824359023202211461e+01,-4.019563305150563259e+00,0.000000000000000000e+00
-3.846035007969287989e+01,-4.722337196707092843e+00,0.000000000000000000e+00
-3.865847013645634433e+01,-5.433093661295051113e+00,0.000000000000000000e+00
-3.883633206118532399e+01,-6.151070717768677198e+00,0.000000000000000000e+00
-3.899519975294102636e+01,-6.875905834559574714e+00,0.000000000000000000e+00
-3.913438256040880248e+01,-7.606953380005998966e+00,0.000000000000000000e+00
-3.925399424346694843e+01,-8.343694048206165448e+00,0.000000000000000000e+00
-3.935372051865867604e+01,-9.085522270203682638e+00,0.000000000000000000e+00
-3.943247811975977157e+01,-9.831621016757114973e+00,0.000000000000000000e+00
-3.949090535156501147e+01,-1.058155619732572994e+01,0.000000000000000000e+00
-3.952887440828304477e+01,-1.133472234081458474e+01,0.000000000000000000e+00
-3.954820138619953696e+01,-1.209109856026710439e+01,0.000000000000000000e+00
-3.954823227148106213e+01,-1.284999961619806363e+01,0.000000000000000000e+00
-3.952608760220314110e+01,-1.360992340674484247e+01,0.000000000000000000e+00
-3.948325017915821888e+01,-1.437072781729929005e+01,0.000000000000000000e+00
-3.942020726048254176e+01,-1.513199982094123186e+01,0.000000000000000000e+00
-3.933690465070772291e+01,-1.589314112206286644e+01,0.000000000000000000e+00
-3.923330554443705864e+01,-1.665355016027017854e+01,0.000000000000000000e+00
-3.910939066884148474e+01,-1.741262259070620644e+01,0.000000000000000000e+00
-3.896515841354585774e+01,-1.816975176945910064e+01,0.000000000000000000e+00
-3.880062494774750803e+01,-1.892432924373801484e+01,0.000000000000000000e+00
-3.861582432452635061e+01,-1.967574524655215740e+01,0.000000000000000000e+00
-3.841083831231998857e+01,-2.042340500868462172e+01,0.000000000000000000e+00
-3.818587802406310772e+01,-2.116677782640955030e+01,0.000000000000000000e+00
-3.794119360529228402e+01,-2.190535834139121363e+01,0.000000000000000000e+00
-3.767704640465007770e+01,-2.263865342582816353e+01,0.000000000000000000e+00
-3.739371818788204394e+01,-2.336618844954187679e+01,0.000000000000000000e+00
-3.709151510894732695e+01,-2.408751155495058427e+01,0.000000000000000000e+00
-3.677074078246426581e+01,-2.480217782837729246e+01,0.000000000000000000e+00
-3.643142469843167675e+01,-2.550955820156124076e+01,0.000000000000000000e+00
-3.607333672440211103e+01,-2.620881325733573064e+01,0.000000000000000000e+00
-3.569646604622391806e+01,-2.689921656348888845e+01,0.000000000000000000e+00
-3.530144431336341171e+01,-2.758051103695809658e+01,0.000000000000000000e+00
-3.488888309293697887e+01,-2.825246046466761385e+01,0.000000000000000000e+00
-3.445873113846420921e+01,-2.891430858912237056e+01,0.000000000000000000e+00
-3.401088727342044393e+01,-2.956521324814708862e+01,0.000000000000000000e+00
-3.354577759499419898e+01,-3.020475381564864392e+01,0.000000000000000000e+00
-3.306418297167780196e+01,-3.083284943190552596e+01,0.000000000000000000e+00
-3.256732583335485742e+01,-3.144990098275522783e+01,0.000000000000000000e+00
-3.205494267568637667e+01,-3.205494267568636246e+01,0.000000000000000000e+00
-3.152581107613909595e+01,-3.264593303617650832e+01,0.000000000000000000e+00
-3.098192477417190105e+01,-3.322404670416043615e+01,0.000000000000000000e+00
-3.042407145132174762e+01,-3.378935450589547429e+01,0.000000000000000000e+00
-2.985049483750153954e+01,-3.433906620097558005e+01,0.000000000000000000e+00
-2.926358084843723262e+01,-3.487497760829616311e+01,0.000000000000000000e+00
-2.866395337244988184e+01,-3.539703451469168272e+01,0.000000000000000000e+00
-2.805001757097004855e+01,-3.590238527283196390e+01,0.000000000000000000e+00
-2.742326235947535551e+01,-3.639189830607968190e+01,0.000000000000000000e+00
-2.678470337283472347e+01,-3.686598146755297023e+01,0.000000000000000000e+00
-2.613506301831875689e+01,-3.732473815569144904e+01,0.000000000000000000e+00
-2.547423376394477046e+01,-3.776710468119386377e+01,0.000000000000000000e+00
-2.480112089214962268e+01,-3.819037712515108751e+01,0.000000000000000000e+00
-2.411782201179819296e+01,-3.859658333074692393e+01,0.000000000000000000e+00
-2.342505643668687654e+01,-3.898584080048087941e+01,0.000000000000000000e+00
-2.272307943474285707e+01,-3.935752808539806580e+01,0.000000000000000000e+00
-2.201240140362433095e+01,-3.971142334034203003e+01,0.000000000000000000e+00
-2.129346699714938396e+01,-4.004718692051753948e+01,0.000000000000000000e+00
-2.056675796880979235e+01,-4.036453525376785478e+01,0.000000000000000000e+00
-1.983259606499034788e+01,-4.066284790054010756e+01,0.000000000000000000e+00
-1.909116623428094428e+01,-4.094113811001383141e+01,0.000000000000000000e+00
-1.834357918635184959e+01,-4.120035341757024128e+01,0.000000000000000000e+00
-1.759039998120210058e+01,-4.144038541150106170e+01,0.000000000000000000e+00
-1.683214191712942664e+01,-4.166101317392438119e+01,0.000000000000000000e+00
-1.606931560980918761e+01,-4.186199837222726217e+01,0.000000000000000000e+00
-1.530275610643766981e+01,-4.204397685785875183e+01,0.000000000000000000e+00
-1.453431249108112056e+01,-4.221070843613738077e+01,0.000000000000000000e+00
-1.376554744226989691e+01,-4.236599874327895776e+01,0.000000000000000000e+00
-1.299683969057928934e+01,-4.251074713394982751e+01,0.000000000000000000e+00
-1.222820702422334094e+01,-4.264482579855339139e+01,0.000000000000000000e+00
-1.145974507350780769e+01,-4.276835085611829612e+01,0.000000000000000000e+00
-1.069152577348732081e+01,-4.288136772271001007e+01,0.000000000000000000e+00
-9.923624396271906178e+00,-4.298393965790937443e+01,0.000000000000000000e+00
-9.156112670987965885e+00,-4.307612335770707546e+01,0.000000000000000000e+00
-8.389060505603382012e+00,-4.315797491431965227e+01,0.000000000000000000e+00
-7.622536013639422237e+00,-4.322954991353450538e+01,0.000000000000000000e+00
-6.856604703184880911e+00,-4.329089833026150558e+01,0.000000000000000000e+00
-6.091331911813325561e+00,-4.334207865430941098e+01,0.000000000000000000e+00
-5.326778198860481872e+00,-4.338312699650241910e+01,0.000000000000000000e+00
-4.562976322272477070e+00,-4.341381972608861162e+01,0.000000000000000000e+00
-3.800007599229046740e+00,-4.343428561007853261e+01,0.000000000000000000e+00
-3.037953035350136055e+00,-4.344475246210708974e+01,0.000000000000000000e+00
-2.276870134614694674e+00,-4.344527025878872450e+01,0.000000000000000000e+00
-1.516814157987471434e+00,-4.343587441124076065e+01,0.000000000000000000e+00
-7.578396490082478509e-01,-4.341660441395074344e+01,0.000000000000000000e+00
-7.970153607191228097e-15,-4.338749541359113948e+01,0.000000000000000000e+00
7.566523033566258105e-01,-4.334858142712779028e+01,0.000000000000000000e+00
1.512065623684458071e+00,-4.329989418021750680e+01,0.000000000000000000e+00
2.266189074397704228e+00,-4.324146348881877344e+01,0.000000000000000000e+00
3.018972424677990318e+00,-4.317331708353638220e+01,0.000000000000000000e+00
3.770366019182315842e+00,-4.309548079980808666e+01,0.000000000000000000e+00
4.520320642835099711e+00,-4.300797804587905659e+01,0.000000000000000000e+00
5.268787597065333728e+00,-4.291083144591582510e+01,0.000000000000000000e+00
6.015718039919532245e+00,-4.280405799964392344e+01,0.000000000000000000e+00
6.761064649424871398e+00,-4.268768217112222629e+01,0.000000000000000000e+00
7.504777080344392282e+00,-4.256170581604092007e+01,0.000000000000000000e+00
8.246761879565235986e+00,-4.242591194626834294e+01,0.000000000000000000e+00
8.986914409869651621e+00,-4.228010812397872087e+01,0.000000000000000000e+00
9.725256217479493870e+00,-4.212471267724443180e+01,0.000000000000000000e+00
1.046174518449003443e+01,-4.195976811746312052e+01,0.000000000000000000e+00
1.119632683936469952e+01,-4.178526062265603969e+01,0.000000000000000000e+00
1.192895288853335956e+01,-4.160120260336893239e+01,0.000000000000000000e+00
1.265957184777943212e+01,-4.140759372719745812e+01,0.000000000000000000e+00
1.338813229277336347e+01,-4.120443435099299023e+01,0.000000000000000000e+00
1.411458358888798159e+01,-4.099172719271318499e+01,0.000000000000000000e+00
1.483886909325441295e+01,-4.076945776395965737e+01,0.000000000000000000e+00
1.556094640832783682e+01,-4.053765132462123688e+01,0.000000000000000000e+00
1.628074035895842897e+01,-4.029624642634212250e+01,0.000000000000000000e+00
1.699800329077889671e+01,-4.004478626686142917e+01,0.000000000000000000e+00
1.771268285376810425e+01,-3.978333705406579668e+01,0.000000000000000000e+00
1.842486635429237651e+01,-3.951225340624369409e+01,0.000000000000000000e+00
1.913451523592917525e+01,-3.923157009498316228e+01,0.000000000000000000e+00
1.984155722462750049e+01,-3.894124865463555807e+01,0.000000000000000000e+00
2.054594029033487956e+01,-3.864129365945834138e+01,0.000000000000000000e+00
2.124758670694600227e+01,-3.833166110360093626e+01,0.000000000000000000e+00
2.194647014935936014e+01,-3.801240134548413607e+01,0.000000000000000000e+00
2.264246097194469698e+01,-3.768338322552994413e+01,0.000000000000000000e+00
2.333507076742694863e+01,-3.734391948672981698e+01,0.000000000000000000e+00
2.402443467667642096e+01,-3.699438523406618629e+01,0.000000000000000000e+00
2.471066662961541383e+01,-3.663506985099814273e+01,0.000000000000000000e+00
2.539372436773093966e+01,-3.626599683953360653e+01,0.000000000000000000e+00
2.607350428405821674e+01,-3.588709989990544358e+01,0.000000000000000000e+00
2.674999870298234228e+01,-3.549844725714542903e+01,0.000000000000000000e+00
2.742301853315043303e+01,-3.509986310098160089e+01,0.000000000000000000e+00
2.809195738359045436e+01,-3.469067829449969054e+01,0.000000000000000000e+00
2.875689940782253373e+01,-3.427113818114282395e+01,0.000000000000000000e+00
2.941809570336497259e+01,-3.384164789775521598e+01,0.000000000000000000e+00
3.007549605746790888e+01,-3.340222231111994233e+01,0.000000000000000000e+00
3.072910809985527791e+01,-3.295293401325088212e+01,0.000000000000000000e+00
3.137864508394803309e+01,-3.249353819010367772e+01,0.000000000000000000e+00
3.202320358204149642e+01,-3.202320358204151063e+01,0.000000000000000000e+00
3.266317701053009159e+01,-3.154246338860541954e+01,0.000000000000000000e+00
3.329882817958315400e+01,-3.105165962816716174e+01,0.000000000000000000e+00
3.393014466064624202e+01,-3.055083947605663042e+01,0.000000000000000000e+00
3.455698988535719707e+01,-3.003993300619050899e+01,0.000000000000000000e+00
3.517806529619440425e+01,-2.951790161556701264e+01,0.000000000000000000e+00
3.578759980646219674e+01,-2.898022690964585024e+01,0.000000000000000000e+00
3.637174622251132661e+01,-2.841672253459813646e+01,0.000000000000000000e+00
3.691712959249630899e+01,-2.781905252259530670e+01,0.000000000000000000e+00
3.741733027410752044e+01,-2.718528172856160907e+01,0.000000000000000000e+00
3.787558683146871630e+01,-2.652077141351083256e+01,0.000000000000000000e+00
3.829272602056498442e+01,-2.582876983398471893e+01,0.000000000000000000e+00
3.866522475100620682e+01,-2.510949054599175057e+01,0.000000000000000000e+00
3.899121422559313288e+01,-2.436441476330418610e+01,0.000000000000000000e+00
3.927018191283453064e+01,-2.359590581347067939e+01,0.000000000000000000e+00
3.950145565971271822e+01,-2.280617605851723440e+01,0.000000000000000000e+00
3.968391814293245545e+01,-2.199715502373820541e+01,0.000000000000000000e+00
3.981645389187214334e+01,-2.117078406962280823e+01,0.000000000000000000e+00
3.989800702810574506e+01,-2.032904996492747074e+01,0.000000000000000000e+00
3.992758278660505766e+01,-1.947398330768859154e+01,0.000000000000000000e+00
3.990411859064190736e+01,-1.860759609074159826e+01,0.000000000000000000e+00
3.982637482480444646e+01,-1.773184450385265976e+01,0.000000000000000000e+00
3.969419822544858789e+01,-1.684918749633495239e+01,0.000000000000000000e+00
3.950781562979159389e+01,-1.596219363989592743e+01,0.000000000000000000e+00
3.926754817121451424e+01,-1.507339948694998988e+01,0.000000000000000000e+00
3.897378386497803149e+01,-1.418529724357638244e+01,0.000000000000000000e+00
3.862594954070343078e+01,-1.329998101639749386e+01,0.000000000000000000e+00
3.822214089751143717e+01,-1.241912640979077054e+01,0.000000000000000000e+00
3.776108998130612804e+01,-1.154472377260649552e+01,0.000000000000000000e+00
3.724386692323009385e+01,-1.067950698805134735e+01,0.000000000000000000e+00
3.668497710438685999e+01,-9.829709989474681109e+00,0.000000000000000000e+00
3.610568670738937413e+01,-9.002158758034974895e+00,0.000000000000000000e+00
3.551859333132608754e+01,-8.200113393727756161e+00,0.000000000000000000e+00
3.492849459365852738e+01,-7.424280715138032782e+00,0.000000000000000000e+00
3.433719872980790200e+01,-6.674475304023328448e+00,0.000000000000000000e+00
3.374392655814371267e+01,-5.949964687245698158e+00,0.000000000000000000e+00
3.314647239841172421e+01,-5.249885479555140400e+00,0.000000000000000000e+00
3.254787442372931849e+01,-4.574305439299551246e+00,0.000000000000000000e+00
3.194987383945074910e+01,-3.922951230280179669e+00,0.000000000000000000e+00
3.135379184333473290e+01,-3.295416314372900057e+00,0.000000000000000000e+00
3.075919783276634334e+01,-2.691081109518230097e+00,0.000000000000000000e+00
3.016349058086623103e+01,-2.109236733408064168e+00,0.000000000000000000e+00
2.957036188075633731e+01,-1.549716998766349274e+00,0.000000000000000000e+00
2.898142012136448997e+01,-1.012053491601664357e+00,0.000000000000000000e+00
2.839685347800950410e+01,-4.956689212157638358e-01,0.000000000000000000e+00
2.781631054510381063e+01,-6.813031134630029743e-15,0.000000000000000000e+00
