1.480607231650039246e+01,0.000000000000000000e+00,0.000000000000000000e+00
1.466795613279761845e+01,2.560301266622297400e-01,0.000000000000000000e+00
1.452150844809312780e+01,5.071022491883273586e-01,0.000000000000000000e+00
1.436667719734509419e+01,7.529256475891626943e-01,0.000000000000000000e+00
1.420373652711970713e+01,9.932220130270696945e-01,0.000000000000000000e+00
1.403258632063439570e+01,1.227692223004466454e+00,0.000000000000000000e+00
1.385348124358980471e+01,1.456059551874898883e+00,0.000000000000000000e+00
1.366635645221941964e+01,1.678017576128338462e+00,0.000000000000000000e+00
1.347195333340973811e+01,1.893359566549069228e+00,0.000000000000000000e+00
1.326993159777888920e+01,2.101750689259088922e+00,0.000000000000000000e+00
1.306086299317733967e+01,2.302982537033884558e+00,0.000000000000000000e+00
1.284470834749503254e+01,2.496758379369917513e+00,0.000000000000000000e+00
1.262511830667992108e+01,2.683551737945135240e+00,0.000000000000000000e+00
1.240883134333363280e+01,2.864804446217626754e+00,0.000000000000000000e+00
1.219998555255141603e+01,3.041798032533303164e+00,0.000000000000000000e+00
1.199583772954645511e+01,3.214275032166765023e+00,0.000000000000000000e+00
1.179648043312250927e+01,3.382586332391943174e+00,0.000000000000000000e+00
1.160186569841681603e+01,3.547046306168830654e+00,0.000000000000000000e+00
1.141154955176809871e+01,3.707837213907248408e+00,0.000000000000000000e+00
1.122529540311342799e+01,3.865179174625497094e+00,0.000000000000000000e+00
1.104288985901902720e+01,4.019283208963026155e+00,0.000000000000000000e+00
1.086409580041828882e+01,4.170335650959879459e+00,0.000000000000000000e+00
1.068869987043111003e+01,4.318515067735010149e+00,0.000000000000000000e+00
1.051650374634424168e+01,4.463990994897090836e+00,0.000000000000000000e+00
1.034731975561599882e+01,4.606923571259954997e+00,0.000000000000000000e+00
1.018096726086892900e+01,4.747463001168501506e+00,0.000000000000000000e+00
1.001727802141263624e+01,4.885752939767496805e+00,0.000000000000000000e+00
9.856090522795312836e+00,5.021928953885062441e+00,0.000000000000000000e+00
9.697252352853936941e+00,5.156120537213904953e+00,0.000000000000000000e+00
9.540617342707168547e+00,5.288450549509849274e+00,0.000000000000000000e+00
9.386046795484276117e+00,5.419036643999270098e+00,0.000000000000000000e+00
9.233407513281363777e+00,5.547990954163966926e+00,0.000000000000000000e+00
9.082572496068356926e+00,5.675421189287717105e+00,0.000000000000000000e+00
8.933419276322364766e+00,5.801430311260753925e+00,0.000000000000000000e+00
8.785830897016124297e+00,5.926117767574713646e+00,0.000000000000000000e+00
8.639693767499508681e+00,6.049578703826602677e+00,0.000000000000000000e+00
8.494899478616030564e+00,6.171905742345112245e+00,0.000000000000000000e+00
8.351341755690505408e+00,6.293187403793159440e+00,0.000000000000000000e+00
8.208919352930898583e+00,6.413510699597732234e+00,0.000000000000000000e+00
8.067532055642779198e+00,6.532958645948414578e+00,0.000000000000000000e+00
7.927084415170487119e+00,6.651613609080719414e+00,0.000000000000000000e+00
7.787481329453795453e+00,6.769554240685660140e+00,0.000000000000000000e+00
7.648631762373653054e+00,6.886858972186152172e+00,0.000000000000000000e+00
7.510444984396991153e+00,7.003603251557128040e+00,0.000000000000000000e+00
7.372833075201933539e+00,7.119862139248826161e+00,0.000000000000000000e+00
7.235708939736185563e+00,7.235708939736184675e+00,0.000000000000000000e+00
7.098986711054776855e+00,7.351215936493632697e+00,0.000000000000000000e+00
6.962582062649537384e+00,7.466455144964478485e+00,0.000000000000000000e+00
6.826410396548172166e+00,7.581496817766510965e+00,0.000000000000000000e+00
6.690389100166421521e+00,7.696412252847248503e+00,0.000000000000000000e+00
6.554434338214668365e+00,7.811270669990183713e+00,0.000000000000000000e+00
6.418463991675757541e+00,7.926142932643005068e+00,0.000000000000000000e+00
6.282394600759189096e+00,8.041098399376700456e+00,0.000000000000000000e+00
6.146143358915612254e+00,8.156207717385635547e+00,0.000000000000000000e+00
6.009626612160125170e+00,8.271541417759621595e+00,0.000000000000000000e+00
5.872759941150668794e+00,8.387170404029264503e+00,0.000000000000000000e+00
5.735458659184224040e+00,8.503167144624944385e+00,0.000000000000000000e+00
5.597636020250305044e+00,8.619603587769939068e+00,0.000000000000000000e+00
5.459205236976750086e+00,8.736554641855622805e+00,0.000000000000000000e+00
5.320076639067153224e+00,8.854094394931760093e+00,0.000000000000000000e+00
5.180160131244719857e+00,8.972300538658515734e+00,0.000000000000000000e+00
5.039362456726690809e+00,9.091250528056871616e+00,0.000000000000000000e+00
4.897589019491181972e+00,9.211025285346657654e+00,0.000000000000000000e+00
4.754742080011837402e+00,9.331706757198643842e+00,0.000000000000000000e+00
4.610721424050510997e+00,9.453379848182725809e+00,0.000000000000000000e+00
4.465423690285381220e+00,9.576132006824332521e+00,0.000000000000000000e+00
4.318741910313001142e+00,9.700053147564347000e+00,0.000000000000000000e+00
4.170565758568246295e+00,9.825237209146534312e+00,0.000000000000000000e+00
4.020780262804018790e+00,9.951780368941946620e+00,0.000000000000000000e+00
3.869266606382460338e+00,1.007978412467184093e+01,0.000000000000000000e+00
3.715900371279503123e+00,1.020935236303347793e+01,0.000000000000000000e+00
3.560552524604531310e+00,1.034059537249259009e+01,0.000000000000000000e+00
3.403087509186849768e+00,1.047362640259110478e+01,0.000000000000000000e+00
3.243364103133198562e+00,1.060856596943068730e+01,0.000000000000000000e+00
3.081233617245069834e+00,1.074553862162862750e+01,0.000000000000000000e+00
2.916540345169851278e+00,1.088467675049835748e+01,0.000000000000000000e+00
2.749120113690152856e+00,1.102611853598835268e+01,0.000000000000000000e+00
2.578800034266856223e+00,1.117001013303004520e+01,0.000000000000000000e+00
2.405397633209688468e+00,1.131650613046650378e+01,0.000000000000000000e+00
2.228719681909979489e+00,1.146576879004205018e+01,0.000000000000000000e+00
2.048561941329912095e+00,1.161797209422508637e+01,0.000000000000000000e+00
1.864707199968695495e+00,1.177329790822780531e+01,0.000000000000000000e+00
1.676925117001987653e+00,1.193194220422151908e+01,0.000000000000000000e+00
1.484970208390931301e+00,1.209411181235736876e+01,0.000000000000000000e+00
1.288580799787936826e+00,1.226002735789605858e+01,0.000000000000000000e+00
1.087477605278987847e+00,1.242992590642049144e+01,0.000000000000000000e+00
8.813616651183230344e-01,1.260405902431701186e+01,0.000000000000000000e+00
6.699127816199028640e-01,1.278269735494555093e+01,0.000000000000000000e+00
4.527873045300241928e-01,1.296613193581037216e+01,0.000000000000000000e+00
2.296156956702311014e-01,1.315467439476777578e+01,0.000000000000000000e+00
8.173697247229463875e-16,1.334866061450584951e+01,0.000000000000000000e+00
-2.364891429332710571e-01,1.354845392473831112e+01,0.000000000000000000e+00
-4.803158549120415954e-01,1.375444647706146029e+01,0.000000000000000000e+00
-7.319827363583741864e-01,1.396706264551151833e+01,0.000000000000000000e+00
-9.920351039584299757e-01,1.418676293665201982e+01,0.000000000000000000e+00
-1.261065825537084795e+00,1.441404834311378202e+01,0.000000000000000000e+00
-1.539720777674125518e+00,1.464946463653067532e+01,0.000000000000000000e+00
-1.828705058875705447e+00,1.489360751407343386e+01,0.000000000000000000e+00
-2.128790110020278625e+00,1.514712869414924867e+01,0.000000000000000000e+00
-2.440821881222896117e+00,1.541074284962303054e+01,0.000000000000000000e+00
-2.765730226896739641e+00,1.568523555376664547e+01,0.000000000000000000e+00
-3.104539749535661919e+00,1.597147243621314949e+01,0.000000000000000000e+00
-3.458382355557132470e+00,1.627040976004312611e+01,0.000000000000000000e+00
-3.828511836005580093e+00,1.658310665206952095e+01,0.000000000000000000e+00
-4.216320964505039015e+00,1.691073973410426845e+01,0.000000000000000000e+00
-4.623361580365351386e+00,1.725462031968542576e+01,0.000000000000000000e+00
-5.051367936945859505e+00,1.761621350445985001e+01,0.000000000000000000e+00
-5.502284517178511081e+00,1.799716172065808806e+01,0.000000000000000000e+00
-5.978299564678231093e+00,1.839931415051217911e+01,0.000000000000000000e+00
-6.481883924210962711e+00,1.882475780052554271e+01,0.000000000000000000e+00
-7.015839205600937767e+00,1.927585979591303200e+01,0.000000000000000000e+00
-7.583354790139217094e+00,1.975531463748503214e+01,0.000000000000000000e+00
-8.188077632794554361e+00,2.026620330368182721e+01,0.000000000000000000e+00
-8.834197733821030241e+00,2.081206563137711996e+01,0.000000000000000000e+00
-9.526553362915894496e+00,2.139698918166998354e+01,0.000000000000000000e+00
-1.027076172093428319e+01,2.202571958944824004e+01,0.000000000000000000e+00
-1.107338237159188488e+01,2.270379841575129376e+01,0.000000000000000000e+00
-1.194212429189461844e+01,2.343773859332063836e+01,0.000000000000000000e+00
-1.288610898470553146e+01,2.423524620287285813e+01,0.000000000000000000e+00
-1.391621017323200959e+01,2.510550772490456595e+01,0.000000000000000000e+00
-1.504549593358597193e+01,2.605956338204185840e+01,0.000000000000000000e+00
-1.628980556124065870e+01,2.711078916705219655e+01,0.000000000000000000e+00
-1.766308988420894721e+01,2.826685263125527570e+01,0.000000000000000000e+00
-1.910808857790240367e+01,2.942387612657753593e+01,0.000000000000000000e+00
-2.055440949713451815e+01,3.047316525127922660e+01,0.000000000000000000e+00
-2.200046472027193900e+01,3.141991983765660734e+01,0.000000000000000000e+00
-2.344203018988823217e+01,3.226518653250160185e+01,0.000000000000000000e+00
-2.487521520431486621e+01,3.301052552357933223e+01,0.000000000000000000e+00
-2.629626230720728230e+01,3.365768089806422836e+01,0.000000000000000000e+00
-2.769810643376866821e+01,3.420431287646615459e+01,0.000000000000000000e+00
-2.907632386564032601e+01,3.465181342630963002e+01,0.000000000000000000e+00
-3.043379761564776587e+01,3.501007928879926823e+01,0.000000000000000000e+00
-3.175741896261573416e+01,3.527018693855495002e+01,0.000000000000000000e+00
-3.305321275140194359e+01,3.544523112039230739e+01,0.000000000000000000e+00
-3.430800528077339351e+01,3.552697947392782396e+01,0.000000000000000000e+00
-3.552310391354532015e+01,3.552310391354532726e+01,0.000000000000000000e+00
-3.669550579424243608e+01,3.543643803136785664e+01,0.000000000000000000e+00
-3.782227863973378135e+01,3.526984542365399022e+01,0.000000000000000000e+00
-3.889397933160128673e+01,3.502029628901040326e+01,0.000000000000000000e+00
-3.991607467364170958e+01,3.469851433947890484e+01,0.000000000000000000e+00
-4.087716376486086034e+01,3.430001303866804108e+01,0.000000000000000000e+00
-4.178002701846314437e+01,3.383279878600747992e+01,0.000000000000000000e+00
-4.262097113086224454e+01,3.329915213230043491e+01,0.000000000000000000e+00
-4.339678791912597688e+01,3.270182529790937309e+01,0.000000000000000000e+00
-4.410001383119597307e+01,3.204053553398851761e+01,0.000000000000000000e+00
-4.473187491147475470e+01,3.132159601126843640e+01,0.000000000000000000e+00
-4.529255060194571314e+01,3.055021113052896808e+01,0.000000000000000000e+00
-4.578098940705949360e+01,2.973052214503921675e+01,0.000000000000000000e+00
-4.617991557472539910e+01,2.885641391640611886e+01,0.000000000000000000e+00
-4.650427165818970821e+01,2.794258545596571253e+01,0.000000000000000000e+00
-4.674813932812008943e+01,2.699005082520425702e+01,0.000000000000000000e+00
-4.690979764101894034e+01,2.600252543423455265e+01,0.000000000000000000e+00
-4.698405061297247443e+01,2.498186284857776585e+01,0.000000000000000000e+00
-4.696692278802931497e+01,2.393084244494077240e+01,0.000000000000000000e+00
-4.686012632006754330e+01,2.285521071060978571e+01,0.000000000000000000e+00
-4.666156672392802562e+01,2.175864590487809380e+01,0.000000000000000000e+00
-4.636778870320935653e+01,2.064426960499391228e+01,0.000000000000000000e+00
-4.597712390360901935e+01,1.951613121883069013e+01,0.000000000000000000e+00
-4.549706624962909274e+01,1.838200796340974819e+01,0.000000000000000000e+00
-4.492617805663910246e+01,1.724554398754103701e+01,0.000000000000000000e+00
-4.425392431809997618e+01,1.610711120125764495e+01,0.000000000000000000e+00
-4.348245236313722017e+01,1.497220904218061932e+01,0.000000000000000000e+00
-4.262852655521638212e+01,1.385084789917729076e+01,0.000000000000000000e+00
-4.165709249170444650e+01,1.273585127507525527e+01,0.000000000000000000e+00
-4.061633353821856929e+01,1.164654622852491528e+01,0.000000000000000000e+00
-3.945380051755678608e+01,1.057161398701796351e+01,0.000000000000000000e+00
-3.819940887506216853e+01,9.524182324609320460e+00,0.000000000000000000e+00
-3.685451939012544642e+01,8.508536226400241986e+00,0.000000000000000000e+00
-3.539759035694301303e+01,7.523990097675735456e+00,0.000000000000000000e+00
-3.385108062043097021e+01,6.579983515645207781e+00,0.000000000000000000e+00
-3.222135416772614036e+01,5.681494094733261946e+00,0.000000000000000000e+00
-3.065515812298899689e+01,4.855300062369778402e+00,0.000000000000000000e+00
-2.923794547798958021e+01,4.109125262459675909e+00,0.000000000000000000e+00
-2.795201314572428686e+01,3.432075660449975807e+00,0.000000000000000000e+00
-2.677925540473404808e+01,2.814613160298812478e+00,0.000000000000000000e+00
-2.570473413319143674e+01,2.248872835602131470e+00,0.000000000000000000e+00
-2.471602584378852185e+01,1.728312891169548893e+00,0.000000000000000000e+00
-2.380270993302330140e+01,1.247447168508137194e+00,0.000000000000000000e+00
-2.295597574788461159e+01,8.016403375500233963e-01,0.000000000000000000e+00
-2.216832307820615711e+01,3.869495186797911046e-01,0.000000000000000000e+00
-2.143376308210353898e+01,2.624878935218080559e-15,0.000000000000000000e+00
-2.142806184956380733e+01,-3.740282108699916064e-01,0.000000000000000000e+00
-2.073635890747909372e+01,-7.241296095062256244e-01,0.000000000000000000e+00
-2.008487573974532836e+01,-1.052603734695876758e+00,0.000000000000000000e+00
-1.947230525395986334e+01,-1.361636227600271809e+00,0.000000000000000000e+00
-1.889453768348148444e+01,-1.653057849867999085e+00,0.000000000000000000e+00
-1.834847617413969090e+01,-1.928502556573429505e+00,0.000000000000000000e+00
-1.783124401239475176e+01,-2.189401466414440556e+00,0.000000000000000000e+00
-1.734032943430040774e+01,-2.437024372711027898e+00,0.000000000000000000e+00
-1.687349972680275911e+01,-2.672499810545869714e+00,0.000000000000000000e+00
-1.642876040391954717e+01,-2.896833718805917890e+00,0.000000000000000000e+00
-1.600432289275747522e+01,-3.110925231434062077e+00,0.000000000000000000e+00
-1.559858884412844837e+01,-3.315582411612302938e+00,0.000000000000000000e+00
-1.521012059398685246e+01,-3.511533028335419360e+00,0.000000000000000000e+00
-1.483760850604725157e+01,-3.699431295781747675e+00,0.000000000000000000e+00
-1.447988511972350167e+01,-3.879873524325335943e+00,0.000000000000000000e+00
-1.413587354570364596e+01,-4.053396512900516946e+00,0.000000000000000000e+00
-1.380460814492080779e+01,-4.220492255416406380e+00,0.000000000000000000e+00
-1.348519788808280850e+01,-4.381606401436500597e+00,0.000000000000000000e+00
-1.317683710575179568e+01,-4.537148871330218824e+00,0.000000000000000000e+00
-1.287877884369213533e+01,-4.687492152801235434e+00,0.000000000000000000e+00
-1.259034919841724687e+01,-4.832982245809359867e+00,0.000000000000000000e+00
-1.231091220306919176e+01,-4.973931393994020844e+00,0.000000000000000000e+00
-1.203990272122571525e+01,-5.110635494773802634e+00,0.000000000000000000e+00
-1.177677489308488568e+01,-5.243358002822754216e+00,0.000000000000000000e+00
-1.152104644123205546e+01,-5.372352185505897992e+00,0.000000000000000000e+00
-1.127225579595298655e+01,-5.497846498336679488e+00,0.000000000000000000e+00
-1.102997567364407416e+01,-5.620053313026104114e+00,0.000000000000000000e+00
-1.079382087234308685e+01,-5.739176361489351841e+00,0.000000000000000000e+00
-1.056341302272918803e+01,-5.855395452732841122e+00,0.000000000000000000e+00
-1.033841472502036751e+01,-5.968886524484502409e+00,0.000000000000000000e+00
-1.011850896915906262e+01,-6.079813562844834429e+00,0.000000000000000000e+00
-9.903385568981819986e+00,-6.188322122197853936e+00,0.000000000000000000e+00
-9.692770249910269698e+00,-6.294558599410660094e+00,0.000000000000000000e+00
-9.486400480906100441e+00,-6.398657918549254475e+00,0.000000000000000000e+00
-9.284018630280998607e+00,-6.500739829802134828e+00,0.000000000000000000e+00
-9.085395781268537974e+00,-6.600926418852083088e+00,0.000000000000000000e+00
-8.890313677878848964e+00,-6.699331878649869232e+00,0.000000000000000000e+00
-8.698555778599626365e+00,-6.796056601186828416e+00,0.000000000000000000e+00
-8.509925318111394077e+00,-6.891201646288553029e+00,0.000000000000000000e+00
-8.324239412413721340e+00,-6.984866220787731450e+00,0.000000000000000000e+00
-8.141315611394084328e+00,-7.077137689361085116e+00,0.000000000000000000e+00
-7.960979816599296655e+00,-7.168098423439482225e+00,0.000000000000000000e+00
-7.783075481496402048e+00,-7.257835303043537856e+00,0.000000000000000000e+00
-7.607448217020994718e+00,-7.346427348103265587e+00,0.000000000000000000e+00
-7.433944597564710044e+00,-7.433944597564706491e+00,0.000000000000000000e+00
-7.262423315010116731e+00,-7.520459494272366818e+00,0.000000000000000000e+00
-7.092751791220961444e+00,-7.606045088876871141e+00,0.000000000000000000e+00
-6.924797380649166278e+00,-7.690766633605372604e+00,0.000000000000000000e+00
-6.758429185398022732e+00,-7.774683417322299839e+00,0.000000000000000000e+00
-6.593527393654566637e+00,-7.857859959256161986e+00,0.000000000000000000e+00
-6.429975979563536725e+00,-7.940359053751698148e+00,0.000000000000000000e+00
-6.267658391819045605e+00,-8.022236912053521962e+00,0.000000000000000000e+00
-6.106459746373070985e+00,-8.103545784857866252e+00,0.000000000000000000e+00
-5.946273873027252854e+00,-8.184343853004811820e+00,0.000000000000000000e+00
-5.786996296836109721e+00,-8.264687226350481808e+00,0.000000000000000000e+00
-5.628521640332060372e+00,-8.344626494385604332e+00,0.000000000000000000e+00
-5.470745391957316350e+00,-8.424209155025151219e+00,0.000000000000000000e+00
-5.313569604282234238e+00,-8.503488910195848405e+00,0.000000000000000000e+00
-5.156897112366697122e+00,-8.582518056704520504e+00,0.000000000000000000e+00
-5.000629375926491704e+00,-8.661344148926120923e+00,0.000000000000000000e+00
-4.844667661176994322e+00,-8.740011819182420538e+00,0.000000000000000000e+00
-4.688917954287053824e+00,-8.818572090465245594e+00,0.000000000000000000e+00
-4.533286548704597685e+00,-8.897075804952825351e+00,0.000000000000000000e+00
-4.377677789652363316e+00,-8.975569589320594233e+00,0.000000000000000000e+00
-4.221994796465025068e+00,-9.054097059374578649e+00,0.000000000000000000e+00
-4.066143698833822206e+00,-9.132708275559675570e+00,0.000000000000000000e+00
-3.910030539766258695e+00,-9.211454697551461734e+00,0.000000000000000000e+00
-3.753558739460460369e+00,-9.290383889564420627e+00,0.000000000000000000e+00
-3.596629541264114494e+00,-9.369540287701815018e+00,0.000000000000000000e+00
-3.439145609079942822e+00,-9.448974903163637862e+00,0.000000000000000000e+00
-3.281008927124662300e+00,-9.528741815906926149e+00,0.000000000000000000e+00
-3.122118057845247652e+00,-9.608891347747889000e+00,0.000000000000000000e+00
-2.962368454052811462e+00,-9.689470614853442854e+00,0.000000000000000000e+00
-2.801655524844193668e+00,-9.770533944008336746e+00,0.000000000000000000e+00
-2.639872953455844939e+00,-9.852139987824127587e+00,0.000000000000000000e+00
-2.476910031683473346e+00,-9.934343529159734842e+00,0.000000000000000000e+00
-2.312651981997891681e+00,-1.001719626563928855e+01,0.000000000000000000e+00
-2.146982668785938575e+00,-1.010075930809871103e+01,0.000000000000000000e+00
-1.979782580263984348e+00,-1.018509842404510657e+01,0.000000000000000000e+00
-1.810926584668176798e+00,-1.027027501629102346e+01,0.000000000000000000e+00
-1.640284425376679733e+00,-1.035634827521988122e+01,0.000000000000000000e+00
-1.467722701456280809e+00,-1.044338967079801606e+01,0.000000000000000000e+00
-1.293102254581001809e+00,-1.053147272810270429e+01,0.000000000000000000e+00
-1.116276944353629341e+00,-1.062066568042638615e+01,0.000000000000000000e+00
-9.370946294074683491e-01,-1.071104062676411317e+01,0.000000000000000000e+00
-7.553975675264155143e-01,-1.080268850432723760e+01,0.000000000000000000e+00
-5.710193394137031975e-01,-1.089569806668903951e+01,0.000000000000000000e+00
-3.837845791453731725e-01,-1.099015241448386426e+01,0.000000000000000000e+00
-1.935092855390145861e-01,-1.108613954372582633e+01,0.000000000000000000e+00
-2.054421258645537395e-15,-1.118374843574438948e+01,0.000000000000000000e+00
1.969465622335782040e-01,-1.128306099367191528e+01,0.000000000000000000e+00
3.975448401081664307e-01,-1.138419473265353865e+01,0.000000000000000000e+00
6.020255630915573031e-01,-1.148733205885652175e+01,0.000000000000000000e+00
8.106372285096126173e-01,-1.159265246018190787e+01,0.000000000000000000e+00
1.023639966650331301e+00,-1.170025835801020087e+01,0.000000000000000000e+00
1.241289060583095294e+00,-1.181007651542720005e+01,0.000000000000000000e+00
1.463837595365114597e+00,-1.192200049094677006e+01,0.000000000000000000e+00
1.691592769672200847e+00,-1.203630797592962232e+01,0.000000000000000000e+00
1.925021870769475729e+00,-1.215410975235337965e+01,0.000000000000000000e+00
2.164680705538974070e+00,-1.227651433060044894e+01,0.000000000000000000e+00
2.410718547433304604e+00,-1.240207178457215775e+01,0.000000000000000000e+00
2.662583917551769819e+00,-1.252647246752720278e+01,0.000000000000000000e+00
2.919479219922040514e+00,-1.264565380656625315e+01,0.000000000000000000e+00
3.180845522216560806e+00,-1.275767457302906749e+01,0.000000000000000000e+00
3.446198769797160555e+00,-1.286138890186434303e+01,0.000000000000000000e+00
3.715081800371139220e+00,-1.295602993066478703e+01,0.000000000000000000e+00
3.987120525769038970e+00,-1.304128361192352159e+01,0.000000000000000000e+00
4.261966304892724544e+00,-1.311698353256399585e+01,0.000000000000000000e+00
4.539386543977119715e+00,-1.318333577899362652e+01,0.000000000000000000e+00
4.819183402695088603e+00,-1.324059757911526880e+01,0.000000000000000000e+00
5.101087467261918640e+00,-1.328878717901065620e+01,0.000000000000000000e+00
5.384784652657048198e+00,-1.332780970226929895e+01,0.000000000000000000e+00
5.669979801940707276e+00,-1.335763533057491870e+01,0.000000000000000000e+00
5.956402227213726697e+00,-1.337829844248699018e+01,0.000000000000000000e+00
6.243742186849551068e+00,-1.338974832957634042e+01,0.000000000000000000e+00
6.531602886498736105e+00,-1.339177048985877683e+01,0.000000000000000000e+00
6.819603028291956193e+00,-1.338422454670053519e+01,0.000000000000000000e+00
7.107486855430988015e+00,-1.336723863111025068e+01,0.000000000000000000e+00
7.395029655776116151e+00,-1.334098665066853329e+01,0.000000000000000000e+00
7.681976957046019905e+00,-1.330557439217706417e+01,0.000000000000000000e+00
7.968063759391788459e+00,-1.326108502881649187e+01,0.000000000000000000e+00
8.253017347209894439e+00,-1.320758862951477575e+01,0.000000000000000000e+00
8.536559894807700388e+00,-1.314514949351909401e+01,0.000000000000000000e+00
8.818412067252847208e+00,-1.307383353517083613e+01,0.000000000000000000e+00
9.098291961863445465e+00,-1.299370753009308466e+01,0.000000000000000000e+00
9.375879782126437689e+00,-1.290479142063004403e+01,0.000000000000000000e+00
9.650762714035874268e+00,-1.280699468434865196e+01,0.000000000000000000e+00
9.922561484111568575e+00,-1.270029954150993134e+01,0.000000000000000000e+00
1.019118554952284939e+01,-1.258506605682686974e+01,0.000000000000000000e+00
1.045664278306610306e+01,-1.246174160319334945e+01,0.000000000000000000e+00
1.071866356636061468e+01,-1.233041193437213501e+01,0.000000000000000000e+00
1.097672907418805366e+01,-1.219089268168272611e+01,0.000000000000000000e+00
1.123044044405738262e+01,-1.204317293200285555e+01,0.000000000000000000e+00
1.147974356090754178e+01,-1.188762245186187982e+01,0.000000000000000000e+00
1.172462949826823397e+01,-1.172462949826823930e+01,0.000000000000000000e+00
1.196481072925589118e+01,-1.155428341393366587e+01,0.000000000000000000e+00
1.219981026620885523e+01,-1.137650712125687136e+01,0.000000000000000000e+00
1.242922617671928087e+01,-1.119132551701061473e+01,0.000000000000000000e+00
1.265295127789541318e+01,-1.099904274010936156e+01,0.000000000000000000e+00
1.287095375568151923e+01,-1.080001254929219812e+01,0.000000000000000000e+00
1.308313032141811227e+01,-1.059451003849386019e+01,0.000000000000000000e+00
1.328923056579528250e+01,-1.038268482838960161e+01,0.000000000000000000e+00
1.348899016667604300e+01,-1.016468317189549708e+01,0.000000000000000000e+00
1.368211780247475495e+01,-9.940640456677165560e+00,0.000000000000000000e+00
1.386827104179113057e+01,-9.710667925397581612e+00,0.000000000000000000e+00
1.404710120288324227e+01,-9.474889398292255294e+00,0.000000000000000000e+00
1.421829303146633450e+01,-9.233467456941486518e+00,0.000000000000000000e+00
1.438168551894446523e+01,-8.986674509586608295e+00,0.000000000000000000e+00
1.453716929754900633e+01,-8.734812543033747545e+00,0.000000000000000000e+00
1.468464560773154659e+01,-8.478184094578073982e+00,0.000000000000000000e+00
1.482400913179065327e+01,-8.217082440570058210e+00,0.000000000000000000e+00
1.495511282983771828e+01,-7.951774543186303390e+00,0.000000000000000000e+00
1.507780792040011875e+01,-7.682526858032534101e+00,0.000000000000000000e+00
1.519195332476992633e+01,-7.409610720461771827e+00,0.000000000000000000e+00
1.529741582342594164e+01,-7.133302148444982116e+00,0.000000000000000000e+00
1.539407452024087242e+01,-6.853883560188475776e+00,0.000000000000000000e+00
1.548182773811871016e+01,-6.571645983726718043e+00,0.000000000000000000e+00
1.556058419602832643e+01,-6.286884104511517357e+00,0.000000000000000000e+00
1.563026142892951675e+01,-5.999895220767318627e+00,0.000000000000000000e+00
1.569078585430424688e+01,-5.710979003211927640e+00,0.000000000000000000e+00
1.574209283258658232e+01,-5.420437253228899799e+00,0.000000000000000000e+00
1.578412672145789664e+01,-5.128573659637802429e+00,0.000000000000000000e+00
1.581684092397706110e+01,-4.835693554210725331e+00,0.000000000000000000e+00
1.584019793051877656e+01,-4.542103666082488722e+00,0.000000000000000000e+00
1.585416935449687692e+01,-4.248111875203691490e+00,0.000000000000000000e+00
1.585873596185230916e+01,-3.954026964985967396e+00,0.000000000000000000e+00
1.585388769428963407e+01,-3.660158374288477567e+00,0.000000000000000000e+00
1.583938519836649483e+01,-3.366765256731832245e+00,0.000000000000000000e+00
1.581457886885445241e+01,-3.074042729410756625e+00,0.000000000000000000e+00
1.578073419410090672e+01,-2.782569213808659292e+00,0.000000000000000000e+00
1.573880529227468550e+01,-2.492781867593779843e+00,0.000000000000000000e+00
1.568583921347628163e+01,-2.204500936069467176e+00,0.000000000000000000e+00
1.562453281459075427e+01,-1.918451400952559727e+00,0.000000000000000000e+00
1.555383501541585822e+01,-1.634773934743783963e+00,0.000000000000000000e+00
1.547412569600892773e+01,-1.353810576375981789e+00,0.000000000000000000e+00
1.538506895771680760e+01,-1.075828823744194640e+00,0.000000000000000000e+00
1.528646371387612568e+01,-8.011296163350465349e-01,0.000000000000000000e+00
1.517883690778941919e+01,-5.300566648097447819e-01,0.000000000000000000e+00
1.506254521916529932e+01,-2.629177047847577886e-01,0.000000000000000000e+00
1.493742623528215141e+01,-3.658614245307597110e-15,0.000000000000000000e+00
