1.366113944615178077e+01,0.000000000000000000e+00,0.000000000000000000e+00
1.348434102678356972e+01,2.353700481367353714e-01,0.000000000000000000e+00
1.329652360022974023e+01,4.643248356852063274e-01,0.000000000000000000e+00
1.309710667296111986e+01,6.863902757629924967e-01,0.000000000000000000e+00
1.288793601026483948e+01,9.012122777297854048e-01,0.000000000000000000e+00
1.267440564312483176e+01,1.108866810702420880e+00,0.000000000000000000e+00
1.246210886009384211e+01,1.309820421537774227e+00,0.000000000000000000e+00
1.225441120766732439e+01,1.504652499257065346e+00,0.000000000000000000e+00
1.205191255947314666e+01,1.693785850868590570e+00,0.000000000000000000e+00
1.185501449812608676e+01,1.877649836324963628e+00,0.000000000000000000e+00
1.166374993197286614e+01,2.056633809243339162e+00,0.000000000000000000e+00
1.147766714017946121e+01,2.231032486887916555e+00,0.000000000000000000e+00
1.129627426375272137e+01,2.401097217184838595e+00,0.000000000000000000e+00
1.111914116282244791e+01,2.567056007130608997e+00,0.000000000000000000e+00
1.094604026036543587e+01,2.729154357157963950e+00,0.000000000000000000e+00
1.077677734590049141e+01,2.887628786844054662e+00,0.000000000000000000e+00
1.061115202145730585e+01,3.042698879738129136e+00,0.000000000000000000e+00
1.044896584482179591e+01,3.194569448275634382e+00,0.000000000000000000e+00
1.029002304612020602e+01,3.343431162374982613e+00,0.000000000000000000e+00
1.013412361614980917e+01,3.489458597531294615e+00,0.000000000000000000e+00
9.981066090687551906e+00,3.632810963253996217e+00,0.000000000000000000e+00
9.830681346942569121e+00,3.773645008984770843e+00,0.000000000000000000e+00
9.682823733382468490e+00,3.912114728425600596e+00,0.000000000000000000e+00
9.537344610575049231e+00,4.048362600701507219e+00,0.000000000000000000e+00
9.394092650185166704e+00,4.182519520308523475e+00,0.000000000000000000e+00
9.252930301768270027e+00,4.314712260088986895e+00,0.000000000000000000e+00
9.113737440681202173e+00,4.445066753453051689e+00,0.000000000000000000e+00
8.976392238896558240e+00,4.573700290362070930e+00,0.000000000000000000e+00
8.840770286300061898e+00,4.700720944378294242e+00,0.000000000000000000e+00
8.706749755876701968e+00,4.826230198416642025e+00,0.000000000000000000e+00
8.574228429067156654e+00,4.950333091615263470e+00,0.000000000000000000e+00
8.443107700198616783e+00,5.073130919257701876e+00,0.000000000000000000e+00
8.313286526131440368e+00,5.194717963820297157e+00,0.000000000000000000e+00
8.184661775421574248e+00,5.315181504712187532e+00,0.000000000000000000e+00
8.057136030053969833e+00,5.434606873629380885e+00,0.000000000000000000e+00
7.930624806900252288e+00,5.553083272504479417e+00,0.000000000000000000e+00
7.805042957435561313e+00,5.670695641485671068e+00,0.000000000000000000e+00
7.680303065579974664e+00,5.787523481084695831e+00,0.000000000000000000e+00
7.556315784218252674e+00,5.903640911555553927e+00,0.000000000000000000e+00
7.432997549206417531e+00,6.019122734124975338e+00,0.000000000000000000e+00
7.310274652796636019e+00,6.134048764966275158e+00,0.000000000000000000e+00
7.188071850898802850e+00,6.248495530456465552e+00,0.000000000000000000e+00
7.066311413329009916e+00,6.362535374829426438e+00,0.000000000000000000e+00
6.944913321067170742e+00,6.476236443813546906e+00,0.000000000000000000e+00
6.823799740674739489e+00,6.589666811101017707e+00,0.000000000000000000e+00
6.702898459385295382e+00,6.702898459385294494e+00,0.000000000000000000e+00
6.582135371610295493e+00,6.816000706775614759e+00,0.000000000000000000e+00
6.461433692998936884e+00,6.929039314271291161e+00,0.000000000000000000e+00
6.340714093730571932e+00,7.042076425451014643e+00,0.000000000000000000e+00
6.219901250278510929e+00,7.155177894354855184e+00,0.000000000000000000e+00
6.098933465953426669e+00,7.268425869043052323e+00,0.000000000000000000e+00
5.977747527379587922e+00,7.381903424045485274e+00,0.000000000000000000e+00
5.856275944389779831e+00,7.495691390835317769e+00,0.000000000000000000e+00
5.734447004325305741e+00,7.609868201946569322e+00,0.000000000000000000e+00
5.612158604176501697e+00,7.724473637605270504e+00,0.000000000000000000e+00
5.489215733491891847e+00,7.839412508363897913e+00,0.000000000000000000e+00
5.365411273833040617e+00,7.954549334603088440e+00,0.000000000000000000e+00
5.240548345238620342e+00,8.069736788009436168e+00,0.000000000000000000e+00
5.114440775568843023e+00,8.184816169878308401e+00,0.000000000000000000e+00
4.986969331851728526e+00,8.299710738112098696e+00,0.000000000000000000e+00
4.858210035602286148e+00,8.414666615504161840e+00,0.000000000000000000e+00
4.728261567747262362e+00,8.530009667630588766e+00,0.000000000000000000e+00
4.597199368923273965e+00,8.646074519607454434e+00,0.000000000000000000e+00
4.465074689341775205e+00,8.763202493167314699e+00,0.000000000000000000e+00
4.331862942543951434e+00,8.881635232292858007e+00,0.000000000000000000e+00
4.197430667467041410e+00,9.001419114742125416e+00,0.000000000000000000e+00
4.061631713933532950e+00,9.122574191550324230e+00,0.000000000000000000e+00
3.924318405424149336e+00,9.245114799664175820e+00,0.000000000000000000e+00
3.785344773359067272e+00,9.369057084189117646e+00,0.000000000000000000e+00
3.644594253697455599e+00,9.494492635553104520e+00,0.000000000000000000e+00
3.501960970350241897e+00,9.621558689848683343e+00,0.000000000000000000e+00
3.357328695254502726e+00,9.750390516691300746e+00,0.000000000000000000e+00
3.210570630252079116e+00,9.881120373665199352e+00,0.000000000000000000e+00
3.061550780923078641e+00,1.001388138840441577e+01,0.000000000000000000e+00
2.910124242290364371e+00,1.014880931593499902e+01,0.000000000000000000e+00
2.756135082010387816e+00,1.028603615858578380e+01,0.000000000000000000e+00
2.599416311496916432e+00,1.042568938047389970e+01,0.000000000000000000e+00
2.439794846439946152e+00,1.056791251555744715e+01,0.000000000000000000e+00
2.277093387396055046e+00,1.071288211243775912e+01,0.000000000000000000e+00
2.111120472691962568e+00,1.086077330598456925e+01,0.000000000000000000e+00
1.941669763242117597e+00,1.101175642797644016e+01,0.000000000000000000e+00
1.768524800742289571e+00,1.116602613942700550e+01,0.000000000000000000e+00
1.591456643822575234e+00,1.132380241794232312e+01,0.000000000000000000e+00
1.410217419137396400e+00,1.148529920021920248e+01,0.000000000000000000e+00
1.224541633045237665e+00,1.165073538616128879e+01,0.000000000000000000e+00
1.034149155825133448e+00,1.182037893993777367e+01,0.000000000000000000e+00
8.387374187377107937e-01,1.199450390238401631e+01,0.000000000000000000e+00
6.379798442395433478e-01,1.217338061195025034e+01,0.000000000000000000e+00
4.315275589783030274e-01,1.235733247746094854e+01,0.000000000000000000e+00
2.190035490767680559e-01,1.254670492360827971e+01,0.000000000000000000e+00
7.802126270699214469e-16,1.274183915906424325e+01,0.000000000000000000e+00
-2.259233865655499440e-01,1.294314214783161532e+01,0.000000000000000000e+00
-4.592445940236919988e-01,1.315104451327228219e+01,0.000000000000000000e+00
-7.004817178734517036e-01,1.336598740599805524e+01,0.000000000000000000e+00
-9.502003412499654411e-01,1.358849795722953147e+01,0.000000000000000000e+00
-1.209015389893426162e+00,1.381910914132524759e+01,0.000000000000000000e+00
-1.477599917966670784e+00,1.405842413706431948e+01,0.000000000000000000e+00
-1.756691866913481226e+00,1.430710713134884493e+01,0.000000000000000000e+00
-2.047098675443468796e+00,1.456586393398328738e+01,0.000000000000000000e+00
-2.349713525132978376e+00,1.483550732836076236e+01,0.000000000000000000e+00
-2.665516006098855861e+00,1.511689246528845132e+01,0.000000000000000000e+00
-2.995596403192678281e+00,1.541100750627111005e+01,0.000000000000000000e+00
-3.341157472036651033e+00,1.571891004345256349e+01,0.000000000000000000e+00
-3.703543001347559649e+00,1.604180715971090265e+01,0.000000000000000000e+00
-4.084249241075839976e+00,1.638102898391521833e+01,0.000000000000000000e+00
-4.484950487757054738e+00,1.673806308974014101e+01,0.000000000000000000e+00
-4.907531836253276936e+00,1.711459740935878671e+01,0.000000000000000000e+00
-5.354113289762159944e+00,1.751251547347930426e+01,0.000000000000000000e+00
-5.827095057381442622e+00,1.793395452765816245e+01,0.000000000000000000e+00
-6.329206396764896603e+00,1.838135006454002607e+01,0.000000000000000000e+00
-6.863559545998609401e+00,1.885747486971339981e+01,0.000000000000000000e+00
-7.433721366137706177e+00,1.936550624090600436e+01,0.000000000000000000e+00
-8.043800444202805267e+00,1.990910473095052424e+01,0.000000000000000000e+00
-8.698554129074238972e+00,2.049250932422552651e+01,0.000000000000000000e+00
-9.403521955779060804e+00,2.112065611689547495e+01,0.000000000000000000e+00
-1.016519384301503592e+01,2.179932854466690983e+01,0.000000000000000000e+00
-1.099122180145592687e+01,2.253534428317519556e+01,0.000000000000000000e+00
-1.189069017771270076e+01,2.333679346048585757e+01,0.000000000000000000e+00
-1.287448328169187839e+01,2.421338143553682798e+01,0.000000000000000000e+00
-1.395431912486151838e+01,2.517425809354752886e+01,0.000000000000000000e+00
-1.511620212333817292e+01,2.618203009510227730e+01,0.000000000000000000e+00
-1.634606628400396744e+01,2.720442273360938401e+01,0.000000000000000000e+00
-1.764426031615094459e+01,2.823671902332512218e+01,0.000000000000000000e+00
-1.901171097522246356e+01,2.927546763291424625e+01,0.000000000000000000e+00
-2.040015992398244293e+01,3.024448085471421166e+01,0.000000000000000000e+00
-2.179025111809323079e+01,3.111970370071500369e+01,0.000000000000000000e+00
-2.318093315606004978e+01,3.190581729565183977e+01,0.000000000000000000e+00
-2.456608450098348939e+01,3.260029522451954165e+01,0.000000000000000000e+00
-2.593154008052099257e+01,3.319085773594228783e+01,0.000000000000000000e+00
-2.727988972208046903e+01,3.368785824838696641e+01,0.000000000000000000e+00
-2.861039713838274068e+01,3.409654357521473855e+01,0.000000000000000000e+00
-2.991871297726718026e+01,3.441754219376137769e+01,0.000000000000000000e+00
-3.120010961857068565e+01,3.465123220642727375e+01,0.000000000000000000e+00
-3.245023907377380823e+01,3.479862101553538167e+01,0.000000000000000000e+00
-3.366533641306332214e+01,3.486147637968457502e+01,0.000000000000000000e+00
-3.484241712270893743e+01,3.484241712270893743e+01,0.000000000000000000e+00
-3.597977534698697610e+01,3.474526517266561143e+01,0.000000000000000000e+00
-3.707685218469926269e+01,3.457472400872818241e+01,0.000000000000000000e+00
-3.812195213393423643e+01,3.432515987792307044e+01,0.000000000000000000e+00
-3.911165612609273268e+01,3.399924396444119168e+01,0.000000000000000000e+00
-4.006192953461039252e+01,3.361595029674177226e+01,0.000000000000000000e+00
-4.093896701181316899e+01,3.315172182166344328e+01,0.000000000000000000e+00
-4.176713920533584457e+01,3.263206552143410732e+01,0.000000000000000000e+00
-4.253775798669445862e+01,3.205449981316607477e+01,0.000000000000000000e+00
-4.323530888711322717e+01,3.141229061793589850e+01,0.000000000000000000e+00
-4.386825832896131772e+01,3.071688517006961661e+01,0.000000000000000000e+00
-4.443431371543413633e+01,2.997132304110857959e+01,0.000000000000000000e+00
-4.492254576461711935e+01,2.917304232530500840e+01,0.000000000000000000e+00
-4.534039542271425205e+01,2.833182350310409348e+01,0.000000000000000000e+00
-4.568675249465444921e+01,2.745137038529702167e+01,0.000000000000000000e+00
-4.595497253694542650e+01,2.653211576480729761e+01,0.000000000000000000e+00
-4.614248990601053180e+01,2.557719981146967569e+01,0.000000000000000000e+00
-4.624757262326946972e+01,2.459027055524159522e+01,0.000000000000000000e+00
-4.626861118654702665e+01,2.357503491230833959e+01,0.000000000000000000e+00
-4.620648003788861047e+01,2.253640611739620780e+01,0.000000000000000000e+00
-4.605865199722791914e+01,2.147750215060339940e+01,0.000000000000000000e+00
-4.581596339654725369e+01,2.039858114918876453e+01,0.000000000000000000e+00
-4.549751439673975995e+01,1.931254906154997997e+01,0.000000000000000000e+00
-4.508532261255881934e+01,1.821565273571260590e+01,0.000000000000000000e+00
-4.458850660885686779e+01,1.711592406307909897e+01,0.000000000000000000e+00
-4.399727133363361986e+01,1.601369715437630248e+01,0.000000000000000000e+00
-4.331323121263267950e+01,1.491394152730925882e+01,0.000000000000000000e+00
-4.254051487740809989e+01,1.382225117155887517e+01,0.000000000000000000e+00
-4.167553565348745082e+01,1.274148991549542842e+01,0.000000000000000000e+00
-4.072109512342684923e+01,1.167658612968816811e+01,0.000000000000000000e+00
-3.967304846306858934e+01,1.063036129696003407e+01,0.000000000000000000e+00
-3.853032622468611379e+01,9.606689286497218205e+00,0.000000000000000000e+00
-3.730037055765868814e+01,8.611469078959862244e+00,0.000000000000000000e+00
-3.597642793775226977e+01,7.647025823617944695e+00,0.000000000000000000e+00
-3.456326187477935719e+01,6.718417528027536889e+00,0.000000000000000000e+00
-3.305870282581147990e+01,5.829141255413732736e+00,0.000000000000000000e+00
-3.146210326903754151e+01,4.983107617699277903e+00,0.000000000000000000e+00
-2.984900420063113202e+01,4.195003965391896905e+00,0.000000000000000000e+00
-2.839421728710775383e+01,3.486371501779189863e+00,0.000000000000000000e+00
-2.708002892128546080e+01,2.846225730744117222e+00,0.000000000000000000e+00
-2.588630398817796774e+01,2.264758139551499294e+00,0.000000000000000000e+00
-2.479657048275633713e+01,1.733945120991709166e+00,0.000000000000000000e+00
-2.379722335781006848e+01,1.247159629285342186e+00,0.000000000000000000e+00
-2.287692667037507732e+01,7.988798829357777187e-01,0.000000000000000000e+00
-2.202615807338502663e+01,3.844680192901179239e-01,0.000000000000000000e+00
-2.123687358640734502e+01,2.600766926149072561e-15,0.000000000000000000e+00
-2.123302297690159790e+01,-3.706237946841464681e-01,0.000000000000000000e+00
-2.049280451185762431e+01,-7.156245025980263463e-01,0.000000000000000000e+00
-1.980113076615477041e+01,-1.037733290747270498e+00,0.000000000000000000e+00
-1.915347193707331996e+01,-1.339341230209021072e+00,0.000000000000000000e+00
-1.854540251032892328e+01,-1.622512480178989414e+00,0.000000000000000000e+00
-1.797306221207452381e+01,-1.889044959182512251e+00,0.000000000000000000e+00
-1.743307271205184250e+01,-2.140512178137698118e+00,0.000000000000000000e+00
-1.692246355427810300e+01,-2.378297153139043552e+00,0.000000000000000000e+00
-1.643861395560969285e+01,-2.603620671070351111e+00,0.000000000000000000e+00
-1.597920073401627050e+01,-2.817564219563578387e+00,0.000000000000000000e+00
-1.554215909297515452e+01,-3.021089689160112002e+00,0.000000000000000000e+00
-1.512564603414636544e+01,-3.215055314055953239e+00,0.000000000000000000e+00
-1.472801148330082555e+01,-3.400229370026182529e+00,0.000000000000000000e+00
-1.434777385448044562e+01,-3.577301800383211106e+00,0.000000000000000000e+00
-1.398359888352573677e+01,-3.746894028121463993e+00,0.000000000000000000e+00
-1.363428143985839469e+01,-3.909567291016347479e+00,0.000000000000000000e+00
-1.329873015364272959e+01,-4.065829832408021538e+00,0.000000000000000000e+00
-1.297595416421859049e+01,-4.216143085370024579e+00,0.000000000000000000e+00
-1.266505164108845172e+01,-4.360927003766346566e+00,0.000000000000000000e+00
-1.236519980844364497e+01,-4.500564671027633246e+00,0.000000000000000000e+00
-1.207564642692257451e+01,-4.635406363099503046e+00,0.000000000000000000e+00
-1.179570235693888414e+01,-4.765773104348880906e+00,0.000000000000000000e+00
-1.152473484874476384e+01,-4.891959706785358186e+00,0.000000000000000000e+00
-1.126216155746291570e+01,-5.014237383961543948e+00,0.000000000000000000e+00
-1.100744517582552895e+01,-5.132855982208736734e+00,0.000000000000000000e+00
-1.076008975729210171e+01,-5.248046430525082684e+00,0.000000000000000000e+00
-1.051963693704386493e+01,-5.360022738865464653e+00,0.000000000000000000e+00
-1.028566100823246110e+01,-5.468982968949916312e+00,0.000000000000000000e+00
-1.005776612290961580e+01,-5.575110799323820920e+00,0.000000000000000000e+00
-9.835585499547736532e+00,-5.678577935801467191e+00,0.000000000000000000e+00
-9.618776210472070431e+00,-5.779543828111819437e+00,0.000000000000000000e+00
-9.407017735272944492e+00,-5.878157075639552254e+00,0.000000000000000000e+00
-9.200012006463831327e+00,-5.974557654505876947e+00,0.000000000000000000e+00
-8.997477819982711011e+00,-6.068875419679166328e+00,0.000000000000000000e+00
-8.799152840524332220e+00,-6.161233148794512893e+00,0.000000000000000000e+00
-8.604790076837248947e+00,-6.251745935380777830e+00,0.000000000000000000e+00
-8.414156404586746518e+00,-6.340521636874703937e+00,0.000000000000000000e+00
-8.227033549782673205e+00,-6.427663061233731767e+00,0.000000000000000000e+00
-8.043213313469209425e+00,-6.513265716828875895e+00,0.000000000000000000e+00
-7.862501121879517996e+00,-6.597421791500052812e+00,0.000000000000000000e+00
-7.684710203730753086e+00,-6.680216664064179355e+00,0.000000000000000000e+00
-7.509665680198881255e+00,-6.761733349775761681e+00,0.000000000000000000e+00
-7.337199031569158869e+00,-6.842048786932879878e+00,0.000000000000000000e+00
-7.167151971378039832e+00,-6.921238206096165690e+00,0.000000000000000000e+00
-6.999371389337558647e+00,-6.999371389337555094e+00,0.000000000000000000e+00
-6.833713068146897385e+00,-7.076517037812866562e+00,0.000000000000000000e+00
-6.670036873129814303e+00,-7.152738837455278720e+00,0.000000000000000000e+00
-6.508210476850315729e+00,-7.228100004732424644e+00,0.000000000000000000e+00
-6.348104713350827488e+00,-7.302659107969566854e+00,0.000000000000000000e+00
-6.189597169138227883e+00,-7.376474663031429735e+00,0.000000000000000000e+00
-6.032568033498174387e+00,-7.449601111171148204e+00,0.000000000000000000e+00
-5.876902985848288630e+00,-7.522092799947039943e+00,0.000000000000000000e+00
-5.722490227558851394e+00,-7.594001023255375848e+00,0.000000000000000000e+00
-5.569221919209334182e+00,-7.665376360691496416e+00,0.000000000000000000e+00
-5.416993044752277164e+00,-7.736267819398856993e+00,0.000000000000000000e+00
-5.265700916324382419e+00,-7.806722650404291031e+00,0.000000000000000000e+00
-5.115246045409383768e+00,-7.876788166617011200e+00,0.000000000000000000e+00
-4.965529902857589661e+00,-7.946508958528851529e+00,0.000000000000000000e+00
-4.816457156123703065e+00,-8.015930822556997626e+00,0.000000000000000000e+00
-4.667932773862181861e+00,-8.085096730645210172e+00,0.000000000000000000e+00
-4.519864149575415269e+00,-8.154050773173317168e+00,0.000000000000000000e+00
-4.372159134428510896e+00,-8.222835394825414923e+00,0.000000000000000000e+00
-4.224726654131453429e+00,-8.291492914286012095e+00,0.000000000000000000e+00
-4.077476598796756946e+00,-8.360065934462665993e+00,0.000000000000000000e+00
-3.930318603527720445e+00,-8.428595445072648573e+00,0.000000000000000000e+00
-3.783163480071349394e+00,-8.497124297931703651e+00,0.000000000000000000e+00
-3.635921046459088313e+00,-8.565693199249015066e+00,0.000000000000000000e+00
-3.488501768573777806e+00,-8.634344865516446532e+00,0.000000000000000000e+00
-3.340815112203058934e+00,-8.703120915963973303e+00,0.000000000000000000e+00
-3.192770083116469149e+00,-8.772063708872739340e+00,0.000000000000000000e+00
-3.044274982218230008e+00,-8.841216517994556767e+00,0.000000000000000000e+00
-2.895236511292900161e+00,-8.910621747034870310e+00,0.000000000000000000e+00
-2.745560720116569264e+00,-8.980324470600473674e+00,0.000000000000000000e+00
-2.595151305634745942e+00,-9.050368147223215587e+00,0.000000000000000000e+00
-2.443910830325078720e+00,-9.120799387941040948e+00,0.000000000000000000e+00
-2.291739206391894879e+00,-9.191663913633176364e+00,0.000000000000000000e+00
-2.138534302693423150e+00,-9.263009738445639130e+00,0.000000000000000000e+00
-1.984191216111608425e+00,-9.334885738281320400e+00,0.000000000000000000e+00
-1.828601988423767644e+00,-9.407341703156754775e+00,0.000000000000000000e+00
-1.671655633077214098e+00,-9.480430200532337537e+00,0.000000000000000000e+00
-1.513237184560896287e+00,-9.554203566083943500e+00,0.000000000000000000e+00
-1.353228122848288750e+00,-9.628718412793567438e+00,0.000000000000000000e+00
-1.191505138763722105e+00,-9.704030620803717255e+00,0.000000000000000000e+00
-1.027940570590956337e+00,-9.780201225883891070e+00,0.000000000000000000e+00
-8.624011896362004936e-01,-9.857290703505366736e+00,0.000000000000000000e+00
-6.947484083772869079e-01,-9.935365120585343490e+00,0.000000000000000000e+00
-5.248372096557422095e-01,-1.001449053624699381e+01,0.000000000000000000e+00
-3.525160520896560290e-01,-1.009473895393266396e+01,0.000000000000000000e+00
-1.776259344160834586e-01,-1.017618296732521976e+01,0.000000000000000000e+00
-1.884529687696533980e-15,-1.025890179932487278e+01,0.000000000000000000e+00
1.805373127058109983e-01,-1.034297571783655556e+01,0.000000000000000000e+00
3.641709729103911330e-01,-1.042849221854766562e+01,0.000000000000000000e+00
5.510961283559236978e-01,-1.051554055323716774e+01,0.000000000000000000e+00
7.415192471764182613e-01,-1.060421927679825060e+01,0.000000000000000000e+00
9.356587442011956579e-01,-1.069462838375569902e+01,0.000000000000000000e+00
1.133746032755285293e+00,-1.078687295416280989e+01,0.000000000000000000e+00
1.336027756683256129e+00,-1.088107288781816884e+01,0.000000000000000000e+00
1.542767476910503754e+00,-1.097736099388807851e+01,0.000000000000000000e+00
1.754238703167982694e+00,-1.107582726922844962e+01,0.000000000000000000e+00
1.970738848365747087e+00,-1.117661540195102887e+01,0.000000000000000000e+00
2.192614231536677227e+00,-1.128002235032570510e+01,0.000000000000000000e+00
2.419875094933996884e+00,-1.138461723280355820e+01,0.000000000000000000e+00
2.652009325990921873e+00,-1.148711441390626753e+01,0.000000000000000000e+00
2.887773616343660255e+00,-1.158222736079902226e+01,0.000000000000000000e+00
3.127158747871356059e+00,-1.167071533038935449e+01,0.000000000000000000e+00
3.369885568205519100e+00,-1.175218760465094725e+01,0.000000000000000000e+00
3.615695927615262928e+00,-1.182640849248282500e+01,0.000000000000000000e+00
3.864342485375853897e+00,-1.189322324924817664e+01,0.000000000000000000e+00
4.115588624188602829e+00,-1.195253725040742765e+01,0.000000000000000000e+00
4.369174731813293633e+00,-1.200420891730875006e+01,0.000000000000000000e+00
4.624890392124978433e+00,-1.204825138593223954e+01,0.000000000000000000e+00
4.882555033728269933e+00,-1.208474777506240194e+01,0.000000000000000000e+00
5.141941547516880817e+00,-1.211365515964510386e+01,0.000000000000000000e+00
5.402821878616866691e+00,-1.213493662222773040e+01,0.000000000000000000e+00
5.664967217495180840e+00,-1.214856140237818494e+01,0.000000000000000000e+00
5.928130484852217386e+00,-1.215446870647583744e+01,0.000000000000000000e+00
6.192041863092535792e+00,-1.215256641103309931e+01,0.000000000000000000e+00
6.456517251322065221e+00,-1.214294286852657478e+01,0.000000000000000000e+00
6.721332824576736975e+00,-1.212560539460982056e+01,0.000000000000000000e+00
6.986266339802669201e+00,-1.210056825574647732e+01,0.000000000000000000e+00
7.251096552322525035e+00,-1.206785121657296145e+01,0.000000000000000000e+00
7.515602608230912196e+00,-1.202747836050291497e+01,0.000000000000000000e+00
7.779563561987187903e+00,-1.197947736287266274e+01,0.000000000000000000e+00
8.042758186434159740e+00,-1.192387936639361712e+01,0.000000000000000000e+00
8.304965144310457958e+00,-1.186071941690971876e+01,0.000000000000000000e+00
8.565963505969552472e+00,-1.179003730103236514e+01,0.000000000000000000e+00
8.825533549907989439e+00,-1.171187859544260412e+01,0.000000000000000000e+00
9.083457785618932689e+00,-1.162629578408201780e+01,0.000000000000000000e+00
9.339522184046204600e+00,-1.153334938847469004e+01,0.000000000000000000e+00
9.593517642994685346e+00,-1.143310911665485641e+01,0.000000000000000000e+00
9.845241652505968943e+00,-1.132565495849923920e+01,0.000000000000000000e+00
1.009449979111333739e+01,-1.121107779895115897e+01,0.000000000000000000e+00
1.034110586756532335e+01,-1.108947835942971771e+01,0.000000000000000000e+00
1.058487811746968532e+01,-1.096096215841833654e+01,0.000000000000000000e+00
1.082562359634903082e+01,-1.082562359634903615e+01,0.000000000000000000e+00
1.106277086789600439e+01,-1.068319364538989369e+01,0.000000000000000000e+00
1.129625923312339353e+01,-1.053393215180940956e+01,0.000000000000000000e+00
1.152619734472372492e+01,-1.037823470456426378e+01,0.000000000000000000e+00
1.175257910832751485e+01,-1.021636115400516509e+01,0.000000000000000000e+00
1.197524955644148470e+01,-1.004842748606594149e+01,0.000000000000000000e+00
1.219279039512719187e+01,-9.873526982067451385e+00,0.000000000000000000e+00
1.240618941901357530e+01,-9.692777472795041760e+00,0.000000000000000000e+00
1.261582974631094345e+01,-9.506709600739918997e+00,0.000000000000000000e+00
1.281956284532697410e+01,-9.313957597567460667e+00,0.000000000000000000e+00
1.301916489954636091e+01,-9.116117403857627366e+00,0.000000000000000000e+00
1.321296436037527222e+01,-8.912256993808579608e+00,0.000000000000000000e+00
1.339930462100183561e+01,-8.701610164445080287e+00,0.000000000000000000e+00
1.357661686284431823e+01,-8.483611780206794961e+00,0.000000000000000000e+00
1.374663342492021201e+01,-8.259810669242517278e+00,0.000000000000000000e+00
1.390587589352386644e+01,-8.028561190443541662e+00,0.000000000000000000e+00
1.405631635817818470e+01,-7.791543387421784317e+00,0.000000000000000000e+00
1.419757807186609000e+01,-7.548986167561392513e+00,0.000000000000000000e+00
1.432926046739812520e+01,-7.301122880573782226e+00,0.000000000000000000e+00
1.445106927928826046e+01,-7.048257427131852104e+00,0.000000000000000000e+00
1.456278837913035495e+01,-6.790739745279115169e+00,0.000000000000000000e+00
1.466481397366784023e+01,-6.529195845790380481e+00,0.000000000000000000e+00
1.475675142902136905e+01,-6.263869350684684534e+00,0.000000000000000000e+00
1.483698472400243951e+01,-5.994530940812586195e+00,0.000000000000000000e+00
1.490656255473905922e+01,-5.722093250769980877e+00,0.000000000000000000e+00
1.496609332306499596e+01,-5.447212492845809884e+00,0.000000000000000000e+00
1.501509027454412681e+01,-5.170110197562658882e+00,0.000000000000000000e+00
1.505320092894347894e+01,-4.891081473165221460e+00,0.000000000000000000e+00
1.508027867088211948e+01,-4.610503874635283772e+00,0.000000000000000000e+00
1.509619786676200270e+01,-4.328765080795974107e+00,0.000000000000000000e+00
1.510084435627864075e+01,-4.046259050292936976e+00,0.000000000000000000e+00
1.509416216747921524e+01,-3.763397307808690861e+00,0.000000000000000000e+00
1.507625508446146156e+01,-3.480627740297197459e+00,0.000000000000000000e+00
1.504712959495441282e+01,-3.198366129706751160e+00,0.000000000000000000e+00
1.500676534502896864e+01,-2.917019686923929100e+00,0.000000000000000000e+00
1.495515452563929593e+01,-2.636997243534527247e+00,0.000000000000000000e+00
1.489230193944814040e+01,-2.358708907823503953e+00,0.000000000000000000e+00
1.481822505894365172e+01,-2.082565718591841364e+00,0.000000000000000000e+00
1.473295407578477523e+01,-1.808979296997901498e+00,0.000000000000000000e+00
1.463653194131717505e+01,-1.538361496633787739e+00,0.000000000000000000e+00
1.452901439820639595e+01,-1.271124052047986730e+00,0.000000000000000000e+00
1.441047007019978921e+01,-1.007678230616438020e+00,0.000000000000000000e+00
1.428101793594828450e+01,-7.484364359243380616e-01,0.000000000000000000e+00
1.414088991381222371e+01,-4.938107570884148756e-01,0.000000000000000000e+00
1.399034740003052413e+01,-2.442024222358659680e-01,0.000000000000000000e+00
1.382966437892020117e+01,-3.387290842985358614e-15,0.000000000000000000e+00
