1.466640713496295234e+01,0.000000000000000000e+00,0.000000000000000000e+00
1.469390835554278674e+01,2.564831243952782058e-01,0.000000000000000000e+00
1.471913501682730008e+01,5.140035210405384802e-01,0.000000000000000000e+00
1.474205706609803102e+01,7.725984728980634930e-01,0.000000000000000000e+00
1.476264178432352558e+01,1.032304475841800295e+00,0.000000000000000000e+00
1.478085380568787244e+01,1.293157145231699445e+00,0.000000000000000000e+00
1.479665513977212399e+01,1.555191122955689842e+00,0.000000000000000000e+00
1.481000519637786361e+01,1.818439985006991444e+00,0.000000000000000000e+00
1.482086081298027302e+01,2.082936149664211367e+00,0.000000000000000000e+00
1.482917628479662397e+01,2.348710786341399626e+00,0.000000000000000000e+00
1.483490339745446640e+01,2.615793725174894835e+00,0.000000000000000000e+00
1.483799146224213672e+01,2.884213367413453799e+00,0.000000000000000000e+00
1.483838735392266628e+01,3.153996596677739461e+00,0.000000000000000000e+00
1.483603592782966452e+01,3.425168778131900016e+00,0.000000000000000000e+00
1.483088068910593904e+01,3.697753862620279275e+00,0.000000000000000000e+00
1.482286122666059391e+01,3.971773695202306609e+00,0.000000000000000000e+00
1.481191438340166933e+01,4.247248103694946764e+00,0.000000000000000000e+00
1.479797480389189879e+01,4.524194921001956970e+00,0.000000000000000000e+00
1.478097498917419195e+01,4.802629903508664810e+00,0.000000000000000000e+00
1.476084535396351960e+01,5.082566650868101554e+00,0.000000000000000000e+00
1.473751428617182313e+01,5.364016527239461318e+00,0.000000000000000000e+00
1.471090820873088134e+01,5.646988584039057457e+00,0.000000000000000000e+00
1.468095164367673711e+01,5.931489484263153145e+00,0.000000000000000000e+00
1.464756727845796469e+01,6.217523428441264599e+00,0.000000000000000000e+00
1.461067603442841545e+01,6.505092082277499799e+00,0.000000000000000000e+00
1.457019713748388590e+01,6.794194506036775216e+00,0.000000000000000000e+00
1.452604819080071863e+01,7.084827085731682850e+00,0.000000000000000000e+00
1.447814524963295923e+01,7.376983466164863223e+00,0.000000000000000000e+00
1.442640289812347021e+01,7.670654485880739948e+00,0.000000000000000000e+00
1.437073432808292139e+01,7.965828114079389621e+00,0.000000000000000000e+00
1.431105141968960837e+01,8.262489389544368734e+00,0.000000000000000000e+00
1.424726520515983985e+01,8.560620590622162851e+00,0.000000000000000000e+00
1.417928707943521616e+01,8.860201927862984661e+00,0.000000000000000000e+00
1.410702767474496611e+01,9.161210889426802950e+00,0.000000000000000000e+00
1.403039654474989995e+01,9.463621964110362939e+00,0.000000000000000000e+00
1.394930224736727098e+01,9.767406586372208821e+00,0.000000000000000000e+00
1.386365242937278097e+01,1.007253308342416354e+01,0.000000000000000000e+00
1.377335391314654700e+01,1.037896662475074905e+01,0.000000000000000000e+00
1.367831303514284436e+01,1.068666936921657573e+01,0.000000000000000000e+00
1.357843613850069886e+01,1.099560078071593239e+01,0.000000000000000000e+00
1.347362906755347112e+01,1.130571718120359570e+01,0.000000000000000000e+00
1.336379714141324548e+01,1.161697162189693344e+01,0.000000000000000000e+00
1.324884524233025651e+01,1.192931383847035853e+01,0.000000000000000000e+00
1.312867406819965055e+01,1.224268662958048104e+01,0.000000000000000000e+00
1.300317305676116497e+01,1.255701825778804448e+01,0.000000000000000000e+00
1.287223047099510431e+01,1.287223047099510254e+01,0.000000000000000000e+00
1.273573573938981340e+01,1.318824042656409823e+01,0.000000000000000000e+00
1.259357753542124492e+01,1.350495849625550271e+01,0.000000000000000000e+00
1.244563794867942796e+01,1.382228126083649222e+01,0.000000000000000000e+00
1.229179944752278075e+01,1.414009775232686295e+01,0.000000000000000000e+00
1.213195683593086649e+01,1.445830314441849396e+01,0.000000000000000000e+00
1.196624008334871014e+01,1.477707585334307261e+01,0.000000000000000000e+00
1.179499893144089739e+01,1.509691018402408069e+01,0.000000000000000000e+00
1.161855132073742602e+01,1.541833836491557364e+01,0.000000000000000000e+00
1.143704784998553770e+01,1.574174588428379273e+01,0.000000000000000000e+00
1.125043718156667083e+01,1.606728943583181035e+01,0.000000000000000000e+00
1.105863570094448889e+01,1.639510165522182561e+01,0.000000000000000000e+00
1.086143909769928229e+01,1.672514952315299652e+01,0.000000000000000000e+00
1.065854303360265654e+01,1.705723444594427463e+01,0.000000000000000000e+00
1.044967303727584351e+01,1.739117643320959772e+01,0.000000000000000000e+00
1.023469326005991498e+01,1.772700872630651858e+01,0.000000000000000000e+00
1.001350319494688890e+01,1.806483796124715724e+01,0.000000000000000000e+00
9.785922239143577173e+00,1.840464294297856185e+01,0.000000000000000000e+00
9.551687528846258601e+00,1.874624228941619464e+01,0.000000000000000000e+00
9.310546788611206992e+00,1.908944984789333787e+01,0.000000000000000000e+00
9.062275088701685632e+00,1.943411164328214014e+01,0.000000000000000000e+00
8.806665578299135433e+00,1.978009474433630288e+01,0.000000000000000000e+00
8.543555557941569845e+00,2.012735557372331030e+01,0.000000000000000000e+00
8.272773696807240285e+00,2.047583341825573555e+01,0.000000000000000000e+00
7.994081323962060281e+00,2.082529383932650191e+01,0.000000000000000000e+00
7.707249144962918130e+00,2.117549299189655443e+01,0.000000000000000000e+00
7.412114756946807326e+00,2.152634430370639507e+01,0.000000000000000000e+00
7.108550188461156161e+00,2.187786788821094319e+01,0.000000000000000000e+00
6.796456379230617628e+00,2.223020714441970469e+01,0.000000000000000000e+00
6.475550430115873723e+00,2.258292810180630994e+01,0.000000000000000000e+00
6.145471467319351788e+00,2.293521175250068467e+01,0.000000000000000000e+00
5.806201561322689386e+00,2.328740251841907849e+01,0.000000000000000000e+00
5.457630200900383421e+00,2.363959354596461182e+01,0.000000000000000000e+00
5.099418633908867626e+00,2.399087844592313346e+01,0.000000000000000000e+00
4.731568045430312175e+00,2.434180738995529225e+01,0.000000000000000000e+00
4.353902929045550430e+00,2.469221052587631249e+01,0.000000000000000000e+00
3.965995196470784023e+00,2.504030817891135285e+01,0.000000000000000000e+00
3.567927358749321431e+00,2.538712230011113391e+01,0.000000000000000000e+00
3.159642848485261890e+00,2.573322594673641461e+01,0.000000000000000000e+00
2.740859696467159434e+00,2.607753807007845381e+01,0.000000000000000000e+00
2.311330576313112672e+00,2.641862937623040963e+01,0.000000000000000000e+00
1.871052066943347247e+00,2.675729115828777438e+01,0.000000000000000000e+00
1.419913560903131033e+00,2.709356474035146789e+01,0.000000000000000000e+00
9.577738916388434109e-01,2.742705574873359708e+01,0.000000000000000000e+00
4.845077431891156028e-01,2.775743001711049374e+01,0.000000000000000000e+00
1.719669223446954092e-15,2.808432969643581600e+01,0.000000000000000000e+00
-4.958531352592860930e-01,2.840740709349632453e+01,0.000000000000000000e+00
-1.003145121702770037e+00,2.872631778460192109e+01,0.000000000000000000e+00
-1.521959928046305199e+00,2.904072542029665982e+01,0.000000000000000000e+00
-2.052373150765074428e+00,2.935030346332762008e+01,0.000000000000000000e+00
-2.594453356628164897e+00,2.965473756333463129e+01,0.000000000000000000e+00
-3.148263638635591999e+00,2.995372765595597642e+01,0.000000000000000000e+00
-3.713863384154479252e+00,3.024698998672419492e+01,0.000000000000000000e+00
-4.291310238786151032e+00,3.053425894241634708e+01,0.000000000000000000e+00
-4.880662294935278922e+00,3.081528895726495421e+01,0.000000000000000000e+00
-5.481980331807120521e+00,3.108985539127958830e+01,0.000000000000000000e+00
-6.095330782496370503e+00,3.135775845575916065e+01,0.000000000000000000e+00
-6.720661286471029783e+00,3.161822544393784540e+01,0.000000000000000000e+00
-7.357592603599502290e+00,3.186923485530281752e+01,0.000000000000000000e+00
-8.006631419424421026e+00,3.211284463887649565e+01,0.000000000000000000e+00
-8.667815517331439068e+00,3.234872790131483100e+01,0.000000000000000000e+00
-9.341170116335533180e+00,3.257653158608361110e+01,0.000000000000000000e+00
-1.002566152994801563e+01,3.279246126726619792e+01,0.000000000000000000e+00
-1.072243068736236360e+01,3.300024840499789036e+01,0.000000000000000000e+00
-1.143157809364414490e+01,3.319971344856199380e+01,0.000000000000000000e+00
-1.215129114349325867e+01,3.338539803396666628e+01,0.000000000000000000e+00
-1.288357479313829579e+01,3.356285980776928568e+01,0.000000000000000000e+00
-1.362724476365972848e+01,3.372861436282025238e+01,0.000000000000000000e+00
-1.438206608563170263e+01,3.388202441326902203e+01,0.000000000000000000e+00
-1.514917554441820080e+01,3.402560536709371064e+01,0.000000000000000000e+00
-1.592632869222595637e+01,3.415412209878852678e+01,0.000000000000000000e+00
-1.671609067358760825e+01,3.427306492424450823e+01,0.000000000000000000e+00
-1.751537948940999811e+01,3.437586779382550617e+01,0.000000000000000000e+00
-1.832690803695589921e+01,3.446790097307137302e+01,0.000000000000000000e+00
-1.914818988722412740e+01,3.454424898355767937e+01,0.000000000000000000e+00
-1.998041195385726709e+01,3.460708866023735197e+01,0.000000000000000000e+00
-2.082365698746391658e+01,3.465638507174119809e+01,0.000000000000000000e+00
-2.167560277780942712e+01,3.468821556310653875e+01,0.000000000000000000e+00
-2.253916842502236761e+01,3.470727577120785412e+01,0.000000000000000000e+00
-2.341179256672116082e+01,3.470940986233750181e+01,0.000000000000000000e+00
-2.429282386330507038e+01,3.469374797851644132e+01,0.000000000000000000e+00
-2.518118629532608921e+01,3.465892955290332367e+01,0.000000000000000000e+00
-2.605599793752611149e+01,3.457747713514610410e+01,0.000000000000000000e+00
-2.690802549837646751e+01,3.444070207548497109e+01,0.000000000000000000e+00
-2.774530289321731757e+01,3.426259565003782370e+01,0.000000000000000000e+00
-2.855170973568847259e+01,3.402660265221381763e+01,0.000000000000000000e+00
-2.933926283463217288e+01,3.375096105611435604e+01,0.000000000000000000e+00
-3.009288532265751215e+01,3.342153504666315911e+01,0.000000000000000000e+00
-3.082477491745003917e+01,3.305552411502710441e+01,0.000000000000000000e+00
-3.151859255677286953e+01,3.263845804055214472e+01,0.000000000000000000e+00
-3.218138270182456750e+01,3.218138270182456750e+01,0.000000000000000000e+00
-3.281144135409850549e+01,3.168564060089353163e+01,0.000000000000000000e+00
-3.340575613299957070e+01,3.115137155785781786e+01,0.000000000000000000e+00
-3.396156269403579131e+01,3.057912840038448365e+01,0.000000000000000000e+00
-3.447667915603000921e+01,2.997011995428202979e+01,0.000000000000000000e+00
-3.494975928326483938e+01,2.932633012432225428e+01,0.000000000000000000e+00
-3.537980904060202647e+01,2.865000445856790634e+01,0.000000000000000000e+00
-3.576921338190467026e+01,2.794597228673385914e+01,0.000000000000000000e+00
-3.611569099628248836e+01,2.721512522250967692e+01,0.000000000000000000e+00
-3.641209727664826801e+01,2.645493720535315774e+01,0.000000000000000000e+00
-3.665895363692418130e+01,2.566887567945457960e+01,0.000000000000000000e+00
-3.685794366237365693e+01,2.486099691356938024e+01,0.000000000000000000e+00
-3.700826851213522417e+01,2.403345058287293767e+01,0.000000000000000000e+00
-3.710872568520226622e+01,2.318810536909335340e+01,0.000000000000000000e+00
-3.715816811033506895e+01,2.232687989270609208e+01,0.000000000000000000e+00
-3.715279186900919228e+01,2.145017438671859367e+01,0.000000000000000000e+00
-3.708762541059134321e+01,2.055800646198050430e+01,0.000000000000000000e+00
-3.698037142654998632e+01,1.966281227384129693e+01,0.000000000000000000e+00
-3.681135257100091707e+01,1.875632096523714765e+01,0.000000000000000000e+00
-3.658524330559668414e+01,1.784381542075051641e+01,0.000000000000000000e+00
-3.630653996301771969e+01,1.693001762586566628e+01,0.000000000000000000e+00
-3.597017371217530979e+01,1.601495315219149518e+01,0.000000000000000000e+00
-3.557986969063086491e+01,1.510275864769224263e+01,0.000000000000000000e+00
-3.512870315939774457e+01,1.419291735597502857e+01,0.000000000000000000e+00
-3.462178033030949820e+01,1.329005629770239416e+01,0.000000000000000000e+00
-3.405494407927767497e+01,1.239498597445712313e+01,0.000000000000000000e+00
-3.343226778964570656e+01,1.151165297486966921e+01,0.000000000000000000e+00
-3.275233090954331772e+01,1.064187741004844590e+01,0.000000000000000000e+00
-3.201485956038976610e+01,9.787924830201278681e+00,0.000000000000000000e+00
-3.122018306384103070e+01,8.952243436101715801e+00,0.000000000000000000e+00
-3.036701939786253490e+01,8.136818324197513164e+00,0.000000000000000000e+00
-2.945971715574142991e+01,7.345132442765998526e+00,0.000000000000000000e+00
-2.849455854080636641e+01,6.578487187237423761e+00,0.000000000000000000e+00
-2.747330408356399900e+01,5.839631053717340592e+00,0.000000000000000000e+00
-2.638670182445812529e+01,5.129055257762975550e+00,0.000000000000000000e+00
-2.526494018166726718e+01,4.454890620013363112e+00,0.000000000000000000e+00
-2.421690470229010472e+01,3.835580897664852440e+00,0.000000000000000000e+00
-2.325704225053956975e+01,3.268564130599623141e+00,0.000000000000000000e+00
-2.237455944992354517e+01,2.747250457454798678e+00,0.000000000000000000e+00
-2.155997109044231053e+01,2.266044273811037790e+00,0.000000000000000000e+00
-2.080528900408578608e+01,1.820226929238077496e+00,0.000000000000000000e+00
-2.010372731564452664e+01,1.405789559364692742e+00,0.000000000000000000e+00
-1.944948386460272971e+01,1.019304257545170733e+00,0.000000000000000000e+00
-1.883757044395974489e+01,6.578224552580729245e-01,0.000000000000000000e+00
-1.826359548564598256e+01,3.187922450246507555e-01,0.000000000000000000e+00
-1.772489023490335569e+01,2.170673009141257534e-15,0.000000000000000000e+00
-1.772114933167503636e+01,-3.093238121870217072e-01,0.000000000000000000e+00
-1.720745458268508088e+01,-6.008975550216625328e-01,0.000000000000000000e+00
-1.672199850234908070e+01,-8.763628066824517004e-01,0.000000000000000000e+00
-1.626235344120475901e+01,-1.137174530842016917e+00,0.000000000000000000e+00
-1.582627531897259487e+01,-1.384619676250225195e+00,0.000000000000000000e+00
-1.541173947285183132e+01,-1.619839091407925036e+00,0.000000000000000000e+00
-1.501695704884822113e+01,-1.843850477340610805e+00,0.000000000000000000e+00
-1.464032372816350858e+01,-2.057563317069328157e+00,0.000000000000000000e+00
-1.428040165248209270e+01,-2.261793423337957964e+00,0.000000000000000000e+00
-1.393589772631522550e+01,-2.457274769543127846e+00,0.000000000000000000e+00
-1.360564561338725298e+01,-2.644669600348456662e+00,0.000000000000000000e+00
-1.328858974118717029e+01,-2.824576944830270442e+00,0.000000000000000000e+00
-1.298377105271389809e+01,-2.997539736928505061e+00,0.000000000000000000e+00
-1.269031989541777428e+01,-3.164052114965592910e+00,0.000000000000000000e+00
-1.240744435402636725e+01,-3.324564694795452358e+00,0.000000000000000000e+00
-1.213441700143368251e+01,-3.479488084034336293e+00,0.000000000000000000e+00
-1.187057561209118894e+01,-3.629199171191189066e+00,0.000000000000000000e+00
-1.161531242850821677e+01,-3.774043785921194605e+00,0.000000000000000000e+00
-1.136806453954312879e+01,-3.914338530623765244e+00,0.000000000000000000e+00
-1.112832036234221000e+01,-4.050377369271043193e+00,0.000000000000000000e+00
-1.089559987421125697e+01,-4.182428931846104980e+00,0.000000000000000000e+00
-1.066946660832343241e+01,-4.310744325435146962e+00,0.000000000000000000e+00
-1.044950963824047463e+01,-4.435553683172616779e+00,0.000000000000000000e+00
-1.023535337340495666e+01,-4.557072926109374755e+00,0.000000000000000000e+00
-1.002664314295126502e+01,-4.675500483145476949e+00,0.000000000000000000e+00
-9.823054291791303072e+00,-4.791023697358362199e+00,0.000000000000000000e+00
-9.624277601319413122e+00,-4.903814370871430128e+00,0.000000000000000000e+00
-9.430031384320002985e+00,-5.014036627906697241e+00,0.000000000000000000e+00
-9.240043783914213549e+00,-5.121839905243539270e+00,0.000000000000000000e+00
-9.054068431150762208e+00,-5.227368845986187118e+00,0.000000000000000000e+00
-8.871866219652430274e+00,-5.330755028670060902e+00,0.000000000000000000e+00
-8.693217867015798461e+00,-5.432125414568746535e+00,0.000000000000000000e+00
-8.517914502448212133e+00,-5.531598356097064517e+00,0.000000000000000000e+00
-8.345757239474190570e+00,-5.629284337524679493e+00,0.000000000000000000e+00
-8.176563246006189445e+00,-5.725291221501982442e+00,0.000000000000000000e+00
-8.010152739526256838e+00,-5.819716621084473296e+00,0.000000000000000000e+00
-7.846360745344725274e+00,-5.912656918222092273e+00,0.000000000000000000e+00
-7.685028714764827740e+00,-6.004202474137145806e+00,0.000000000000000000e+00
-7.526003022395809872e+00,-6.094437081313494708e+00,0.000000000000000000e+00
-7.369142691510376153e+00,-6.183444914539104609e+00,0.000000000000000000e+00
-7.214308510197405155e+00,-6.271302710429346838e+00,0.000000000000000000e+00
-7.061368210280469349e+00,-6.358084494812734633e+00,0.000000000000000000e+00
-6.910198022576730104e+00,-6.443863904251436736e+00,0.000000000000000000e+00
-6.760674718230125890e+00,-6.528707685516812020e+00,0.000000000000000000e+00
-6.612682189791923903e+00,-6.612682189791921239e+00,0.000000000000000000e+00
-6.466109827058280857e+00,-6.695852738217941358e+00,0.000000000000000000e+00
-6.320847166274130124e+00,-6.778278721960552033e+00,0.000000000000000000e+00
-6.176790008993365610e+00,-6.860020285459950351e+00,0.000000000000000000e+00
-6.033837944217742333e+00,-6.941136545319448459e+00,0.000000000000000000e+00
-5.891890345913934901e+00,-7.021681486914070902e+00,0.000000000000000000e+00
-5.750851606562111584e+00,-7.101710296598588990e+00,0.000000000000000000e+00
-5.610629033673715682e+00,-7.181277682990215183e+00,0.000000000000000000e+00
-5.471129295435231299e+00,-7.260433799923045939e+00,0.000000000000000000e+00
-5.332262703796947001e+00,-7.339229980708851464e+00,0.000000000000000000e+00
-5.193942072133327592e+00,-7.417718017451214507e+00,0.000000000000000000e+00
-5.056079156575227884e+00,-7.495945611249239526e+00,0.000000000000000000e+00
-4.918587946203889949e+00,-7.573961249800098550e+00,0.000000000000000000e+00
-4.781384713549906351e+00,-7.651815053722965665e+00,0.000000000000000000e+00
-4.644384318352273944e+00,-7.729553529184180150e+00,0.000000000000000000e+00
-4.507502478691612247e+00,-7.807223308336514123e+00,0.000000000000000000e+00
-4.370656970735937286e+00,-7.884873897117573804e+00,0.000000000000000000e+00
-4.233763875916637609e+00,-7.962551769463685147e+00,0.000000000000000000e+00
-4.096738877355329933e+00,-8.040302759008943312e+00,0.000000000000000000e+00
-3.959499330359016245e+00,-8.118176687765734201e+00,0.000000000000000000e+00
-3.821960660904899942e+00,-8.196221087225833202e+00,0.000000000000000000e+00
-3.684036815001229481e+00,-8.274482162909729155e+00,0.000000000000000000e+00
-3.545642785880688486e+00,-8.353010945482939320e+00,0.000000000000000000e+00
-3.406691393705760795e+00,-8.431857082207558918e+00,0.000000000000000000e+00
-3.267093063537362951e+00,-8.511068413158143997e+00,0.000000000000000000e+00
-3.126758426112016043e+00,-8.590698171832222840e+00,0.000000000000000000e+00
-2.985595594844151268e+00,-8.670799202887403467e+00,0.000000000000000000e+00
-2.843509463675372828e+00,-8.751422264155724662e+00,0.000000000000000000e+00
-2.700404177365489211e+00,-8.832624074501410405e+00,0.000000000000000000e+00
-2.556180787346157501e+00,-8.914461798859626640e+00,0.000000000000000000e+00
-2.410736326376889060e+00,-8.996990453690502321e+00,0.000000000000000000e+00
-2.263966061631745852e+00,-9.080271914164837810e+00,0.000000000000000000e+00
-2.115761257499757519e+00,-9.164368842605295384e+00,0.000000000000000000e+00
-1.966008348502502390e+00,-9.249342071850861657e+00,0.000000000000000000e+00
-1.814590866050820317e+00,-9.335260727284758531e+00,0.000000000000000000e+00
-1.661387049484252421e+00,-9.422194169088349724e+00,0.000000000000000000e+00
-1.506269483283471988e+00,-9.510211231589803305e+00,0.000000000000000000e+00
-1.349106370304573366e+00,-9.599390619540853820e+00,0.000000000000000000e+00
-1.189759016331671582e+00,-9.689809594811439553e+00,0.000000000000000000e+00
-1.028082185931025849e+00,-9.781548605841619448e+00,0.000000000000000000e+00
-8.639241141949906000e-01,-9.874697810865496805e+00,0.000000000000000000e+00
-6.971244709830027864e-01,-9.969344398914740779e+00,0.000000000000000000e+00
-5.275149818083405551e-01,-1.006558547270931570e+01,0.000000000000000000e+00
-3.549180477029521552e-01,-1.016352310869946507e+01,0.000000000000000000e+00
-1.791458693210405406e-01,-1.026325997971146364e+01,0.000000000000000000e+00
-1.904003757806392678e-15,-1.036491369937320961e+01,0.000000000000000000e+00
1.827300926716976248e-01,-1.046859999794690133e+01,0.000000000000000000e+00
3.692678355975774762e-01,-1.057444726940617308e+01,0.000000000000000000e+00
5.598507615639802815e-01,-1.068258890613101819e+01,0.000000000000000000e+00
7.547318274674577054e-01,-1.079316797793041438e+01,0.000000000000000000e+00
9.541816022634110883e-01,-1.090634562020344589e+01,0.000000000000000000e+00
1.158488314226259419e+00,-1.102228003750661856e+01,0.000000000000000000e+00
1.367959161417763747e+00,-1.114113330990786643e+01,0.000000000000000000e+00
1.582923808230381368e+00,-1.126308813792356389e+01,0.000000000000000000e+00
1.803748370799613587e+00,-1.138841900822871622e+01,0.000000000000000000e+00
2.030816967587463218e+00,-1.151733534724997376e+01,0.000000000000000000e+00
2.264492084144951622e+00,-1.164980184562092447e+01,0.000000000000000000e+00
2.505234161043904173e+00,-1.178620006534119291e+01,0.000000000000000000e+00
2.753761020473529442e+00,-1.192784942372521506e+01,0.000000000000000000e+00
3.009657697824841271e+00,-1.207107771090527315e+01,0.000000000000000000e+00
3.270673990985415891e+00,-1.220632150935162485e+01,0.000000000000000000e+00
3.535297642159665354e+00,-1.232904806054431646e+01,0.000000000000000000e+00
3.802883249128946819e+00,-1.243867063320289112e+01,0.000000000000000000e+00
4.073628070438171100e+00,-1.253733804896256032e+01,0.000000000000000000e+00
4.347132710307763936e+00,-1.262499010397620580e+01,0.000000000000000000e+00
4.622190827347527176e+00,-1.269936492654763072e+01,0.000000000000000000e+00
4.898777030120157860e+00,-1.276175047153923181e+01,0.000000000000000000e+00
5.176821490823247274e+00,-1.281308281441957142e+01,0.000000000000000000e+00
5.455411821969928354e+00,-1.285214484733073625e+01,0.000000000000000000e+00
5.734120220065057616e+00,-1.287904488025384175e+01,0.000000000000000000e+00
6.012734736744856257e+00,-1.289435125413755756e+01,0.000000000000000000e+00
6.290864041416399211e+00,-1.289818271096910074e+01,0.000000000000000000e+00
6.567826396581147641e+00,-1.289008508426420363e+01,0.000000000000000000e+00
6.843100626075552029e+00,-1.287000045248835711e+01,0.000000000000000000e+00
7.116911143580403554e+00,-1.283924757304242981e+01,0.000000000000000000e+00
7.388483327444742343e+00,-1.279722851400985029e+01,0.000000000000000000e+00
7.656658480942952316e+00,-1.274281961319844569e+01,0.000000000000000000e+00
7.921935968287071361e+00,-1.267774766690205901e+01,0.000000000000000000e+00
8.184188752780597653e+00,-1.260254551765222608e+01,0.000000000000000000e+00
8.442248035568232112e+00,-1.251614742403683778e+01,0.000000000000000000e+00
8.695713117322268815e+00,-1.241876535570505879e+01,0.000000000000000000e+00
8.944479193292092845e+00,-1.231101944967783091e+01,0.000000000000000000e+00
9.188321894615613772e+00,-1.219331498963109617e+01,0.000000000000000000e+00
9.426891563686751851e+00,-1.206587097453237867e+01,0.000000000000000000e+00
9.659719333085194037e+00,-1.192875993735356666e+01,0.000000000000000000e+00
9.886379524947891184e+00,-1.178212831660649229e+01,0.000000000000000000e+00
1.010648226705278496e+01,-1.162617790815689744e+01,0.000000000000000000e+00
1.031966767561651288e+01,-1.146115206941800047e+01,0.000000000000000000e+00
1.052558980699130231e+01,-1.128731316357222880e+01,0.000000000000000000e+00
1.072389641652736891e+01,-1.110491982126417199e+01,0.000000000000000000e+00
1.091426941804433071e+01,-1.091426941804433604e+01,0.000000000000000000e+00
1.109662512684650792e+01,-1.071588632323780566e+01,0.000000000000000000e+00
1.127098059965611121e+01,-1.051035944474422656e+01,0.000000000000000000e+00
1.143694576176609168e+01,-1.029787221830922483e+01,0.000000000000000000e+00
1.159372568049579044e+01,-1.007827197593439905e+01,0.000000000000000000e+00
1.174070349699694837e+01,-9.851619974091946119e+00,0.000000000000000000e+00
1.187818402483028812e+01,-9.618763766659583325e+00,0.000000000000000000e+00
1.200676741326932628e+01,-9.380714800796578601e+00,0.000000000000000000e+00
1.212724419177620305e+01,-9.138533977298544997e+00,0.000000000000000000e+00
1.224108198027997396e+01,-8.893666647473484232e+00,0.000000000000000000e+00
1.235001444795263126e+01,-8.647573213455265417e+00,0.000000000000000000e+00
1.245585765420426405e+01,-8.401582072337715701e+00,0.000000000000000000e+00
1.255973044199697597e+01,-8.156384317546761409e+00,0.000000000000000000e+00
1.266146955027705978e+01,-7.911764272101327933e+00,0.000000000000000000e+00
1.276076922067295705e+01,-7.667443693201398069e+00,0.000000000000000000e+00
1.285730582529965993e+01,-7.423168979290110769e+00,0.000000000000000000e+00
1.295088786479786513e+01,-7.178794367807276977e+00,0.000000000000000000e+00
1.304161145482487960e+01,-6.934347814594767456e+00,0.000000000000000000e+00
1.312960851725230604e+01,-6.689869681438865179e+00,0.000000000000000000e+00
1.321501251621433326e+01,-6.445392262463466082e+00,0.000000000000000000e+00
1.329795238782556410e+01,-6.200937036223620247e+00,0.000000000000000000e+00
1.337849326555333818e+01,-5.956488968031415254e+00,0.000000000000000000e+00
1.345665805468168585e+01,-5.712012454556521845e+00,0.000000000000000000e+00
1.353246614765436284e+01,-5.467471223878821007e+00,0.000000000000000000e+00
1.360593403820476155e+01,-5.222828740330997199e+00,0.000000000000000000e+00
1.367707561243578063e+01,-4.978048414734811189e+00,0.000000000000000000e+00
1.374591131547851930e+01,-4.733096835750134623e+00,0.000000000000000000e+00
1.381247044185119321e+01,-4.487943700192289498e+00,0.000000000000000000e+00
1.387678059052192836e+01,-4.242557586392572411e+00,0.000000000000000000e+00
1.393886694465906828e+01,-3.996905779086970423e+00,0.000000000000000000e+00
1.399875222965659383e+01,-3.750954354979861183e+00,0.000000000000000000e+00
1.405645667153401313e+01,-3.504668268965280387e+00,0.000000000000000000e+00
1.411199713081616913e+01,-3.258011250760670663e+00,0.000000000000000000e+00
1.416538577948942468e+01,-3.010945696017706119e+00,0.000000000000000000e+00
1.421663181964012601e+01,-2.763433287998770638e+00,0.000000000000000000e+00
1.426574178725782183e+01,-2.515435176913766391e+00,0.000000000000000000e+00
1.431271953537621222e+01,-2.266912073132622218e+00,0.000000000000000000e+00
1.435756621986297965e+01,-2.017824340834408314e+00,0.000000000000000000e+00
1.440028028786880121e+01,-1.768132092024732538e+00,0.000000000000000000e+00
1.444085746894602273e+01,-1.517795280854203233e+00,0.000000000000000000e+00
1.447929089163205951e+01,-1.266773808911975552e+00,0.000000000000000000e+00
1.451557141181930000e+01,-1.015027632366876320e+00,0.000000000000000000e+00
1.454968726433110682e+01,-7.625167987863480379e-01,0.000000000000000000e+00
1.458162395844615844e+01,-5.092015290682420092e-01,0.000000000000000000e+00
1.461136428034163792e+01,-2.550423122032162149e-01,0.000000000000000000e+00
1.463888829821989823e+01,-3.585493539498128235e-15,0.000000000000000000e+00
