1.421175522527499346e+01,0.000000000000000000e+00,0.000000000000000000e+00
1.415235934868056944e+01,2.470303513186864475e-01,0.000000000000000000e+00
1.408790969192259368e+01,4.919606469721875541e-01,0.000000000000000000e+00
1.401845990943468045e+01,7.346763528218145378e-01,0.000000000000000000e+00
1.394406635085455548e+01,9.750641054440380984e-01,0.000000000000000000e+00
1.386479019651166489e+01,1.213011964360138695e+00,0.000000000000000000e+00
1.378070376452963686e+01,1.448410330593716377e+00,0.000000000000000000e+00
1.369188400037324982e+01,1.681151964919334496e+00,0.000000000000000000e+00
1.359841030441018894e+01,1.911131934807408950e+00,0.000000000000000000e+00
1.350036446466153173e+01,2.138247669912674453e+00,0.000000000000000000e+00
1.339783058833304175e+01,2.362399015684282233e+00,0.000000000000000000e+00
1.329089320922587092e+01,2.583487930725727910e+00,0.000000000000000000e+00
1.317962295029124853e+01,2.801415338421220369e+00,0.000000000000000000e+00
1.306408442535039249e+01,3.016081539992286675e+00,0.000000000000000000e+00
1.294434468442709552e+01,3.227387608281949483e+00,0.000000000000000000e+00
1.282047329374530698e+01,3.435235465643830199e+00,0.000000000000000000e+00
1.269254452842354297e+01,3.639528577063655401e+00,0.000000000000000000e+00
1.256065037129955719e+01,3.840176197581389506e+00,0.000000000000000000e+00
1.242489141015586895e+01,4.037091942714692294e+00,0.000000000000000000e+00
1.228537019001562491e+01,4.230192195908081487e+00,0.000000000000000000e+00
1.214219243204165011e+01,4.419396623995507589e+00,0.000000000000000000e+00
1.199548796464659262e+01,4.604636412328008355e+00,0.000000000000000000e+00
1.184540628924928285e+01,4.785854796529417143e+00,0.000000000000000000e+00
1.169209784934530738e+01,4.963001085705563753e+00,0.000000000000000000e+00
1.153580753030595041e+01,5.136072420690428686e+00,0.000000000000000000e+00
1.137764419621157153e+01,5.305482620456229093e+00,0.000000000000000000e+00
1.121915038136340037e+01,5.471945257012042596e+00,0.000000000000000000e+00
1.106182137397521714e+01,5.636279507801802424e+00,0.000000000000000000e+00
1.090669958015072005e+01,5.799195035064427906e+00,0.000000000000000000e+00
1.075360106268452931e+01,5.960818404758149391e+00,0.000000000000000000e+00
1.060212094432870877e+01,6.121137381189147852e+00,0.000000000000000000e+00
1.045186405796219731e+01,6.280113507859074851e+00,0.000000000000000000e+00
1.030258171609202478e+01,6.437767559927309868e+00,0.000000000000000000e+00
1.015423474168847129e+01,6.594237144362455005e+00,0.000000000000000000e+00
1.000679542645712061e+01,6.749668741445170816e+00,0.000000000000000000e+00
9.860228760556211114e+00,6.904206506613641103e+00,0.000000000000000000e+00
9.714464099106711714e+00,7.057971304782310717e+00,0.000000000000000000e+00
9.569395204355419793e+00,7.211056513276282054e+00,0.000000000000000000e+00
9.424911679977178380e+00,7.363548026661446144e+00,0.000000000000000000e+00
9.280901723923877356e+00,7.515526029685570819e+00,0.000000000000000000e+00
9.137270348664172204e+00,7.667080179531202688e+00,0.000000000000000000e+00
8.993937080339438950e+00,7.818310224692665678e+00,0.000000000000000000e+00
8.850818204691076829e+00,7.969312506848792665e+00,0.000000000000000000e+00
8.707826458289609661e+00,8.120179539823743298e+00,0.000000000000000000e+00
8.564876234517075915e+00,8.271004837285021338e+00,0.000000000000000000e+00
8.421882941148643553e+00,8.421882941148641777e+00,0.000000000000000000e+00
8.278758034511328745e+00,8.572904905273711407e+00,0.000000000000000000e+00
8.135409313208228355e+00,8.724158390727897228e+00,0.000000000000000000e+00
7.991748605794478877e+00,8.875736016964099306e+00,0.000000000000000000e+00
7.847690803811448568e+00,9.027735570343539351e+00,0.000000000000000000e+00
7.703146136852813797e+00,9.180252082872549124e+00,0.000000000000000000e+00
7.558020308341767191e+00,9.333377787805416048e+00,0.000000000000000000e+00
7.412221377798123179e+00,9.487210728475361066e+00,0.000000000000000000e+00
7.265658417616235987e+00,9.641854378760367439e+00,0.000000000000000000e+00
7.118234798639995198e+00,9.797409682516850182e+00,0.000000000000000000e+00
6.969848612482778094e+00,9.953975403211570594e+00,0.000000000000000000e+00
6.820400255064315687e+00,1.011165920779269101e+01,0.000000000000000000e+00
6.669789247449161351e+00,1.027057477817419517e+01,0.000000000000000000e+00
6.517908003025340236e+00,1.043083323435445209e+01,0.000000000000000000e+00
6.364643107816768008e+00,1.059254493682307796e+01,0.000000000000000000e+00
6.209883406846525844e+00,1.075583356973709215e+01,0.000000000000000000e+00
6.053513389092341157e+00,1.092082724109754466e+01,0.000000000000000000e+00
5.895408692383910854e+00,1.108765115179923200e+01,0.000000000000000000e+00
5.735439908498063843e+00,1.125643461811179868e+01,0.000000000000000000e+00
5.573478428748672719e+00,1.142732423342274117e+01,0.000000000000000000e+00
5.409386618955956294e+00,1.160046704006285090e+01,0.000000000000000000e+00
5.243016531743411868e+00,1.177600793648344535e+01,0.000000000000000000e+00
5.074218009304293453e+00,1.195410850192500796e+01,0.000000000000000000e+00
4.902835157994508641e+00,1.213494284401941847e+01,0.000000000000000000e+00
4.728698884612575704e+00,1.231868175453399594e+01,0.000000000000000000e+00
4.551631823040649394e+00,1.250550565547525750e+01,0.000000000000000000e+00
4.371452416704656230e+00,1.269561965983592167e+01,0.000000000000000000e+00
4.187964033982334300e+00,1.288922796166949070e+01,0.000000000000000000e+00
4.000956834336975021e+00,1.308654013803311322e+01,0.000000000000000000e+00
3.810214834638101955e+00,1.328779824845381619e+01,0.000000000000000000e+00
3.615504690218248829e+00,1.349324719889808044e+01,0.000000000000000000e+00
3.416576036022271001e+00,1.370313802325359021e+01,0.000000000000000000e+00
3.213168296690125381e+00,1.391776095712799588e+01,0.000000000000000000e+00
3.004999182835241367e+00,1.413740963452481836e+01,0.000000000000000000e+00
2.791766434498455407e+00,1.436239322225013204e+01,0.000000000000000000e+00
2.573151024358297345e+00,1.459306462357389123e+01,0.000000000000000000e+00
2.348805937167648850e+00,1.482977704346997072e+01,0.000000000000000000e+00
2.118361358980451303e+00,1.507292427475814200e+01,0.000000000000000000e+00
1.881419592897951798e+00,1.532293294093984670e+01,0.000000000000000000e+00
1.637549545197866552e+00,1.558024318485894533e+01,0.000000000000000000e+00
1.386289323702893928e+00,1.584535947668373801e+01,0.000000000000000000e+00
1.127136071405790307e+00,1.611879678307559516e+01,0.000000000000000000e+00
8.595473230724071101e-01,1.640113996111544026e+01,0.000000000000000000e+00
5.829325308865895838e-01,1.669300360131935079e+01,0.000000000000000000e+00
2.966500553885176306e-01,1.699507029097096833e+01,0.000000000000000000e+00
1.059813770379232525e-15,1.730807235387568355e+01,0.000000000000000000e+00
-3.077820960166586794e-01,1.763282447142913156e+01,0.000000000000000000e+00
-6.275334283725393369e-01,1.797020619837253719e+01,0.000000000000000000e+00
-9.601725373252668616e-01,1.832118342850630910e+01,0.000000000000000000e+00
-1.306708839487706886e+00,1.868680700820904050e+01,0.000000000000000000e+00
-1.668262817652268470e+00,1.906833126051742155e+01,0.000000000000000000e+00
-2.046060058500434042e+00,1.946696109180114220e+01,0.000000000000000000e+00
-2.441443534756142508e+00,1.988396193139287149e+01,0.000000000000000000e+00
-2.856056191739528849e+00,2.032189575213140387e+01,0.000000000000000000e+00
-3.291340477946175458e+00,2.078070592794392368e+01,0.000000000000000000e+00
-3.747715504128807051e+00,2.125435080366512963e+01,0.000000000000000000e+00
-4.224266732724414553e+00,2.173196838436717471e+01,0.000000000000000000e+00
-4.721301677918432027e+00,2.221197802986622705e+01,0.000000000000000000e+00
-5.239431463390592292e+00,2.269447097864169649e+01,0.000000000000000000e+00
-5.778971906426789928e+00,2.317819033773585957e+01,0.000000000000000000e+00
-6.340331007219953463e+00,2.366243745574920965e+01,0.000000000000000000e+00
-6.923879224156622492e+00,2.414643641373380234e+01,0.000000000000000000e+00
-7.530006211248356784e+00,2.462954053326354398e+01,0.000000000000000000e+00
-8.159129105959104677e+00,2.511121732709778698e+01,0.000000000000000000e+00
-8.811695155034644955e+00,2.559102092001498008e+01,0.000000000000000000e+00
-9.488266206266963820e+00,2.606879715149286270e+01,0.000000000000000000e+00
-1.018857839619179728e+01,2.654215416469476096e+01,0.000000000000000000e+00
-1.091195244649085261e+01,2.700803004541329244e+01,0.000000000000000000e+00
-1.166056571822001331e+01,2.747057133411198038e+01,0.000000000000000000e+00
-1.243549834528084652e+01,2.793058658532582328e+01,0.000000000000000000e+00
-1.323221256378077904e+01,2.837657141668142202e+01,0.000000000000000000e+00
-1.405661807017203557e+01,2.882033802888666685e+01,0.000000000000000000e+00
-1.490477532206569578e+01,2.925226862928005289e+01,0.000000000000000000e+00
-1.577971572268380918e+01,2.967732897529308289e+01,0.000000000000000000e+00
-1.667842791368865107e+01,3.008868043914627677e+01,0.000000000000000000e+00
-1.760593540243856481e+01,3.049437463179922148e+01,0.000000000000000000e+00
-1.855538544817516211e+01,3.088134728850329580e+01,0.000000000000000000e+00
-1.953220502052199947e+01,3.125806212265032968e+01,0.000000000000000000e+00
-2.053634269106880694e+01,3.162319459486653983e+01,0.000000000000000000e+00
-2.156527165174549054e+01,3.197183002625214598e+01,0.000000000000000000e+00
-2.261863307196075112e+01,3.230275573695204372e+01,0.000000000000000000e+00
-2.369791538400825814e+01,3.261738228740466639e+01,0.000000000000000000e+00
-2.479833607045414112e+01,3.290850346709878949e+01,0.000000000000000000e+00
-2.589495352632948766e+01,3.314402908205408949e+01,0.000000000000000000e+00
-2.697757108369461321e+01,3.331452582147672103e+01,0.000000000000000000e+00
-2.804332239889649614e+01,3.342073021716257841e+01,0.000000000000000000e+00
-2.908968100387228262e+01,3.346385000299180490e+01,0.000000000000000000e+00
-3.010706387734262179e+01,3.343728192693863832e+01,0.000000000000000000e+00
-3.109844074187250484e+01,3.334899478214085633e+01,0.000000000000000000e+00
-3.206701637067703103e+01,3.320636752465454578e+01,0.000000000000000000e+00
-3.300404471182646660e+01,3.300404471182647370e+01,0.000000000000000000e+00
-3.390253699287235634e+01,3.273929941149840062e+01,0.000000000000000000e+00
-3.477566365376270596e+01,3.242883098758288440e+01,0.000000000000000000e+00
-3.560016051644031876e+01,3.205452850665515285e+01,0.000000000000000000e+00
-3.639250328400062529e+01,3.163552046071522383e+01,0.000000000000000000e+00
-3.714386518301886753e+01,3.116740357556976093e+01,0.000000000000000000e+00
-3.784479867901631422e+01,3.064611370974693472e+01,0.000000000000000000e+00
-3.850329566438450968e+01,3.008207147572203866e+01,0.000000000000000000e+00
-3.911477046111652101e+01,2.947509369981548488e+01,0.000000000000000000e+00
-3.967686937768685596e+01,2.882693298100310741e+01,0.000000000000000000e+00
-4.018851780425885778e+01,2.814030311601720413e+01,0.000000000000000000e+00
-4.064813102008987045e+01,2.741751056677745524e+01,0.000000000000000000e+00
-4.105289762342118820e+01,2.666006343940973977e+01,0.000000000000000000e+00
-4.140242536293538933e+01,2.587110670401174062e+01,0.000000000000000000e+00
-4.169458870852981391e+01,2.505263638150676542e+01,0.000000000000000000e+00
-4.192689439494522219e+01,2.420650376520663016e+01,0.000000000000000000e+00
-4.209860506947827474e+01,2.333563784354723936e+01,0.000000000000000000e+00
-4.220948495851537530e+01,2.244318125801596508e+01,0.000000000000000000e+00
-4.225942046878394365e+01,2.153225020973120607e+01,0.000000000000000000e+00
-4.224504399715601721e+01,2.060428466281160453e+01,0.000000000000000000e+00
-4.215938885490241006e+01,1.965924588617549773e+01,0.000000000000000000e+00
-4.202132713010090725e+01,1.870910023305476244e+01,0.000000000000000000e+00
-4.180928990062464123e+01,1.774699064642175017e+01,0.000000000000000000e+00
-4.153858178323399386e+01,1.678267642442504126e+01,0.000000000000000000e+00
-4.119530304134773502e+01,1.581339524995847512e+01,0.000000000000000000e+00
-4.078308593150865136e+01,1.484382934058987402e+01,0.000000000000000000e+00
-4.030603840957144257e+01,1.387848200672932286e+01,0.000000000000000000e+00
-3.976354931782910285e+01,1.291996036549122451e+01,0.000000000000000000e+00
-3.914839669655692234e+01,1.196886600005232815e+01,0.000000000000000000e+00
-3.846860523510603969e+01,1.103069504774379972e+01,0.000000000000000000e+00
-3.771647503861615291e+01,1.010609902794580606e+01,0.000000000000000000e+00
-3.689868630802052962e+01,9.199875764715777393e+00,0.000000000000000000e+00
-3.601440187771667922e+01,8.314579815977523936e+00,0.000000000000000000e+00
-3.506156273016867431e+01,7.452565220702443760e+00,0.000000000000000000e+00
-3.403871633290349052e+01,6.616456203440892914e+00,0.000000000000000000e+00
-3.295260288946385430e+01,5.810432973984196892e+00,0.000000000000000000e+00
-3.179771285592501684e+01,5.036262954286000237e+00,0.000000000000000000e+00
-3.058098205073762799e+01,4.297876743429526414e+00,0.000000000000000000e+00
-2.929728437927253282e+01,3.597254198156505822e+00,0.000000000000000000e+00
-2.798422963116664874e+01,2.941261054882861270e+00,0.000000000000000000e+00
-2.678802144773537108e+01,2.343648194966168052e+00,0.000000000000000000e+00
-2.569310588191191869e+01,1.796636983249162212e+00,0.000000000000000000e+00
-2.468654341368377558e+01,1.293766918485553141e+00,0.000000000000000000e+00
-2.375751244874109958e+01,8.296306159198086894e-01,0.000000000000000000e+00
-2.289688987504759865e+01,3.996666994232018766e-01,0.000000000000000000e+00
-2.209699754004199335e+01,2.706101730817936758e-15,0.000000000000000000e+00
-2.209257577883341028e+01,-3.856273446510973257e-01,0.000000000000000000e+00
-2.134117262648733870e+01,-7.452501699731591822e-01,0.000000000000000000e+00
-2.063753311815350955e+01,-1.081567280602636627e+00,0.000000000000000000e+00
-1.997763897429501512e+01,-1.396972603630862286e+00,0.000000000000000000e+00
-1.935717696266073773e+01,-1.693533542097988454e+00,0.000000000000000000e+00
-1.877236548174358077e+01,-1.973055118086433080e+00,0.000000000000000000e+00
-1.821988984782161936e+01,-2.237121174664071788e+00,0.000000000000000000e+00
-1.769682995522786584e+01,-2.487127253494010315e+00,0.000000000000000000e+00
-1.720060313252269779e+01,-2.724307900389071335e+00,0.000000000000000000e+00
-1.672891621192420430e+01,-2.949759286173487816e+00,0.000000000000000000e+00
-1.627972574836121211e+01,-3.164458123643726584e+00,0.000000000000000000e+00
-1.585120486972459908e+01,-3.369277605435767597e+00,0.000000000000000000e+00
-1.544171517295795226e+01,-3.565000849856963860e+00,0.000000000000000000e+00
-1.504978278390157875e+01,-3.752332284733861378e+00,0.000000000000000000e+00
-1.467407786303181361e+01,-3.931907313070782894e+00,0.000000000000000000e+00
-1.431339769568957188e+01,-4.104300743769735860e+00,0.000000000000000000e+00
-1.396665203820382750e+01,-4.270034045336037920e+00,0.000000000000000000e+00
-1.363284960662217138e+01,-4.429581352972577157e+00,0.000000000000000000e+00
-1.331108597252344694e+01,-4.583374463212543048e+00,0.000000000000000000e+00
-1.300053467156853593e+01,-4.731807649996684795e+00,0.000000000000000000e+00
-1.270044156797383117e+01,-4.875242747013960098e+00,0.000000000000000000e+00
-1.241011300085802205e+01,-5.014011117924478178e+00,0.000000000000000000e+00
-1.212890972710114745e+01,-5.148416727234144119e+00,0.000000000000000000e+00
-1.185624702733658964e+01,-5.278741276674303151e+00,0.000000000000000000e+00
-1.159158127360342050e+01,-5.405243118007344805e+00,0.000000000000000000e+00
-1.133441142945028091e+01,-5.528161826356265962e+00,0.000000000000000000e+00
-1.108427458365789242e+01,-5.647719989557952402e+00,0.000000000000000000e+00
-1.084073735659376680e+01,-5.764122298665833810e+00,0.000000000000000000e+00
-1.060340225199917263e+01,-5.877561844477813935e+00,0.000000000000000000e+00
-1.037189285362309121e+01,-5.988215131045249606e+00,0.000000000000000000e+00
-1.014586451072901774e+01,-6.096250430486392702e+00,0.000000000000000000e+00
-9.924988628366808285e+00,-6.201821211915010679e+00,0.000000000000000000e+00
-9.708964134647008137e+00,-6.305075031122063578e+00,0.000000000000000000e+00
-9.497502270964584881e+00,-6.406146170495898851e+00,0.000000000000000000e+00
-9.290338314494048788e+00,-6.505164920327216826e+00,0.000000000000000000e+00
-9.087217020065390116e+00,-6.602249626291650131e+00,0.000000000000000000e+00
-8.887903624151112680e+00,-6.697515772902369768e+00,0.000000000000000000e+00
-8.692171900508144589e+00,-6.791068968992583166e+00,0.000000000000000000e+00
-8.499811129891073236e+00,-6.883011338159006343e+00,0.000000000000000000e+00
-8.310620746467311193e+00,-6.973438803214971671e+00,0.000000000000000000e+00
-8.124409294555292149e+00,-7.062441252347803733e+00,0.000000000000000000e+00
-7.940998224647833226e+00,-7.150106917234875681e+00,0.000000000000000000e+00
-7.760212998743022617e+00,-7.236515692969449631e+00,0.000000000000000000e+00
-7.581891915927926995e+00,-7.321747915012100982e+00,0.000000000000000000e+00
-7.405877461522228700e+00,-7.405877461522225147e+00,0.000000000000000000e+00
-7.232019496577454909e+00,-7.488975418630361425e+00,0.000000000000000000e+00
-7.060176177470472325e+00,-7.571112019980995811e+00,0.000000000000000000e+00
-6.890207694872502842e+00,-7.652350895697801469e+00,0.000000000000000000e+00
-6.721983099181229271e+00,-7.732756991171648053e+00,0.000000000000000000e+00
-6.555374592272689149e+00,-7.812391221141776754e+00,0.000000000000000000e+00
-6.390257676493236616e+00,-7.891311034227788568e+00,0.000000000000000000e+00
-6.226514806489348963e+00,-7.969575524292354274e+00,0.000000000000000000e+00
-6.064029212212660447e+00,-8.047238564221704138e+00,0.000000000000000000e+00
-5.902688489204452438e+00,-8.124353718714312222e+00,0.000000000000000000e+00
-5.742384386733564661e+00,-8.200974815860572420e+00,0.000000000000000000e+00
-5.583008795107155642e+00,-8.277150926489202476e+00,0.000000000000000000e+00
-5.424458033624527609e+00,-8.352932873660959601e+00,0.000000000000000000e+00
-5.266630321050464580e+00,-8.428370354471606873e+00,0.000000000000000000e+00
-5.109423921030820104e+00,-8.503509398402520958e+00,0.000000000000000000e+00
-4.952740908065367265e+00,-8.578398889494025070e+00,0.000000000000000000e+00
-4.796483683416877142e+00,-8.653085622264230281e+00,0.000000000000000000e+00
-4.640554678114187759e+00,-8.727613997016083758e+00,0.000000000000000000e+00
-4.484859166584223011e+00,-8.802031716049267374e+00,0.000000000000000000e+00
-4.329301663752016083e+00,-8.876383832546389741e+00,0.000000000000000000e+00
-4.173786633289336301e+00,-8.950714319819260467e+00,0.000000000000000000e+00
-4.018220274311501861e+00,-9.025070501751123686e+00,0.000000000000000000e+00
-3.862507213093819392e+00,-9.099496755978382367e+00,0.000000000000000000e+00
-3.706551848261598892e+00,-9.174037751138149233e+00,0.000000000000000000e+00
-3.550259148043095614e+00,-9.248741283396187285e+00,0.000000000000000000e+00
-3.393531823469417397e+00,-9.323652057182874486e+00,0.000000000000000000e+00
-3.236272091223974190e+00,-9.398816610451349973e+00,0.000000000000000000e+00
-3.078381497220840757e+00,-9.474284055141485084e+00,0.000000000000000000e+00
-2.919758722350890512e+00,-9.550100462343309005e+00,0.000000000000000000e+00
-2.760301561061941023e+00,-9.626315533404032010e+00,0.000000000000000000e+00
-2.599905785094131616e+00,-9.702980484863555688e+00,0.000000000000000000e+00
-2.438463777568341317e+00,-9.780144026188892781e+00,0.000000000000000000e+00
-2.275866396192755658e+00,-9.857860388202935198e+00,0.000000000000000000e+00
-2.112001019001764401e+00,-9.936183585244853234e+00,0.000000000000000000e+00
-1.946751234339510139e+00,-1.001516688071644801e+01,0.000000000000000000e+00
-1.779997971117262878e+00,-1.009487013255374244e+01,0.000000000000000000e+00
-1.611617267251991281e+00,-1.017535096218870017e+01,0.000000000000000000e+00
-1.441480970956455110e+00,-1.025667005613658844e+01,0.000000000000000000e+00
-1.269456465845185233e+00,-1.033889323307551322e+01,0.000000000000000000e+00
-1.095405126437345444e+00,-1.042208359794868855e+01,0.000000000000000000e+00
-9.191832116153109133e-01,-1.050631218458314287e+01,0.000000000000000000e+00
-7.406403573983776356e-01,-1.059165056740599908e+01,0.000000000000000000e+00
-5.596192872275789210e-01,-1.067817211267836974e+01,0.000000000000000000e+00
-3.759555545202837856e-01,-1.076595848236162567e+01,0.000000000000000000e+00
-1.894762802387613410e-01,-1.085508882481766868e+01,0.000000000000000000e+00
-2.010683800888809455e-15,-1.094565280530258988e+01,0.000000000000000000e+00
1.926644814251823323e-01,-1.103774074845909858e+01,0.000000000000000000e+00
3.887187427689987040e-01,-1.113144837374946583e+01,0.000000000000000000e+00
5.883757499102335586e-01,-1.122687810778173123e+01,0.000000000000000000e+00
7.918606747763852205e-01,-1.132413523179180359e+01,0.000000000000000000e+00
9.994128591606984413e-01,-1.142334125225907648e+01,0.000000000000000000e+00
1.211285756653437407e+00,-1.152461414700962727e+01,0.000000000000000000e+00
1.427747834534944804e+00,-1.162807297624311964e+01,0.000000000000000000e+00
1.649084394810693022e+00,-1.173384517249229120e+01,0.000000000000000000e+00
1.875609429110045134e+00,-1.184213187398235512e+01,0.000000000000000000e+00
2.107655348068845580e+00,-1.195310745752290593e+01,0.000000000000000000e+00
2.345536381879298915e+00,-1.206673861300165740e+01,0.000000000000000000e+00
2.589615193796988457e+00,-1.218318161270024191e+01,0.000000000000000000e+00
2.840488007900881406e+00,-1.230350527741613575e+01,0.000000000000000000e+00
3.098406610393808602e+00,-1.242703015730892879e+01,0.000000000000000000e+00
3.362508390987556606e+00,-1.254905215604221524e+01,0.000000000000000000e+00
3.631386787078346057e+00,-1.266415073243004485e+01,0.000000000000000000e+00
3.903380955766687421e+00,-1.276738382011059336e+01,0.000000000000000000e+00
4.177909398117066964e+00,-1.285828297439467605e+01,0.000000000000000000e+00
4.454953218587731634e+00,-1.293812359695942327e+01,0.000000000000000000e+00
4.734495017597339483e+00,-1.300791815336912727e+01,0.000000000000000000e+00
5.015746225159647409e+00,-1.306646564244264219e+01,0.000000000000000000e+00
5.297603512517233604e+00,-1.311202880844339802e+01,0.000000000000000000e+00
5.580533560320121822e+00,-1.314691319063902242e+01,0.000000000000000000e+00
5.864406178868473596e+00,-1.317167193484968557e+01,0.000000000000000000e+00
6.147939285776947926e+00,-1.318429834522125077e+01,0.000000000000000000e+00
6.431024344561111050e+00,-1.318555391894362039e+01,0.000000000000000000e+00
6.713692959647697300e+00,-1.317636433334054225e+01,0.000000000000000000e+00
6.995333067338986410e+00,-1.315630803365677970e+01,0.000000000000000000e+00
7.275273176747426795e+00,-1.312494024349761723e+01,0.000000000000000000e+00
7.553137675504707715e+00,-1.308241821053684006e+01,0.000000000000000000e+00
7.829239208156949736e+00,-1.303004217654983243e+01,0.000000000000000000e+00
8.102900761759739723e+00,-1.296735187443715098e+01,0.000000000000000000e+00
8.372826464071396302e+00,-1.289302212012309568e+01,0.000000000000000000e+00
8.639244856879704670e+00,-1.280820722223430508e+01,0.000000000000000000e+00
8.902401684088131262e+00,-1.271394722034810698e+01,0.000000000000000000e+00
9.161814771442758243e+00,-1.261015621011955545e+01,0.000000000000000000e+00
9.416752494429971421e+00,-1.249645263421438379e+01,0.000000000000000000e+00
9.666484436447094097e+00,-1.237253586715507936e+01,0.000000000000000000e+00
9.910925087703697400e+00,-1.223897320943719791e+01,0.000000000000000000e+00
1.015005670279655625e+01,-1.209636654059274008e+01,0.000000000000000000e+00
1.038351826685923385e+01,-1.194487136999712185e+01,0.000000000000000000e+00
1.061092978665046793e+01,-1.178463141502787970e+01,0.000000000000000000e+00
1.083196388938840116e+01,-1.161585914309740097e+01,0.000000000000000000e+00
1.104632989837626056e+01,-1.143880946589974279e+01,0.000000000000000000e+00
1.125377851224681081e+01,-1.125377851224681613e+01,0.000000000000000000e+00
1.145403332428541354e+01,-1.106103140752858849e+01,0.000000000000000000e+00
1.164676895014859070e+01,-1.086078775077324998e+01,0.000000000000000000e+00
1.183162170631229060e+01,-1.065324003496569283e+01,0.000000000000000000e+00
1.200813687505627847e+01,-1.043851413136841089e+01,0.000000000000000000e+00
1.217596171720240505e+01,-1.021684498613322667e+01,0.000000000000000000e+00
1.233570663072963391e+01,-9.989258267742645359e+00,0.000000000000000000e+00
1.248850720527687308e+01,-9.757091176008410471e+00,0.000000000000000000e+00
1.263537254328270976e+01,-9.521436154548329256e+00,0.000000000000000000e+00
1.277667866926296369e+01,-9.282800419878487475e+00,0.000000000000000000e+00
1.291268483734139139e+01,-9.041559261632670541e+00,0.000000000000000000e+00
1.304360353534864458e+01,-8.798021674908657275e+00,0.000000000000000000e+00
1.316941803450630211e+01,-8.552320069600625629e+00,0.000000000000000000e+00
1.329005913372676595e+01,-8.304550637728501883e+00,0.000000000000000000e+00
1.340545972539824504e+01,-8.054812828951824599e+00,0.000000000000000000e+00
1.351556479252869103e+01,-7.803214971216277718e+00,0.000000000000000000e+00
1.362032950283805022e+01,-7.549871927192318921e+00,0.000000000000000000e+00
1.371971165459976483e+01,-7.294900086426606478e+00,0.000000000000000000e+00
1.381367188858631145e+01,-7.038417378200499286e+00,0.000000000000000000e+00
1.390217974166102444e+01,-6.780546112108202017e+00,0.000000000000000000e+00
1.398521295329303271e+01,-6.521411901049036786e+00,0.000000000000000000e+00
1.406275241752123328e+01,-6.261140770672415812e+00,0.000000000000000000e+00
1.413478202070427869e+01,-5.999859000401290388e+00,0.000000000000000000e+00
1.420128861026529421e+01,-5.737693039201290368e+00,0.000000000000000000e+00
1.426225995410265845e+01,-5.474768654705879811e+00,0.000000000000000000e+00
1.431768346600234487e+01,-5.211210605270203189e+00,0.000000000000000000e+00
1.436754912587681865e+01,-4.947143899335196160e+00,0.000000000000000000e+00
1.441184977609725593e+01,-4.682693851403803009e+00,0.000000000000000000e+00
1.445058113237240249e+01,-4.417986017073865845e+00,0.000000000000000000e+00
1.448374179317952581e+01,-4.153146127716241587e+00,0.000000000000000000e+00
1.451133324773707400e+01,-3.888300024830048773e+00,0.000000000000000000e+00
1.453335988250901778e+01,-3.623573594107178941e+00,0.000000000000000000e+00
1.454982898623210374e+01,-3.359092699237697044e+00,0.000000000000000000e+00
1.456075075345741610e+01,-3.094983115489100545e+00,0.000000000000000000e+00
1.456613828659858711e+01,-2.831370463091788636e+00,0.000000000000000000e+00
1.456600759647975174e+01,-2.568380140463853323e+00,0.000000000000000000e+00
1.456038273801647875e+01,-2.306138070871782908e+00,0.000000000000000000e+00
1.454930619706034989e+01,-2.044771637275544673e+00,0.000000000000000000e+00
1.453280814378940278e+01,-1.784404466621347218e+00,0.000000000000000000e+00
1.451091648866192685e+01,-1.525158780544906278e+00,0.000000000000000000e+00
1.448366197444783054e+01,-1.267156229105688370e+00,0.000000000000000000e+00
1.445107816711607107e+01,-1.010517825372886813e+00,0.000000000000000000e+00
1.441320144523549196e+01,-7.553638801039198603e-01,0.000000000000000000e+00
1.437007098788832238e+01,-5.018139365480973613e-01,0.000000000000000000e+00
1.432172876109640214e+01,-2.499867054092722862e-01,0.000000000000000000e+00
1.426821950276105078e+01,-3.494705868717632344e-15,0.000000000000000000e+00
