1.536870856297655052e+01,0.000000000000000000e+00,0.000000000000000000e+00
1.536037186854541581e+01,2.681162882870271047e-01,0.000000000000000000e+00
1.534757062391486393e+01,5.359489760160498495e-01,0.000000000000000000e+00
1.533031489024826044e+01,8.034277591076507408e-01,0.000000000000000000e+00
1.530861575098151661e+01,1.070482694734345985e+00,0.000000000000000000e+00
1.528248529973672376e+01,1.337044214228545913e+00,0.000000000000000000e+00
1.525193662812265494e+01,1.603043135619391490e+00,0.000000000000000000e+00
1.521698381343291295e+01,1.868410675798966913e+00,0.000000000000000000e+00
1.517764190625199916e+01,2.133078462318651169e+00,0.000000000000000000e+00
1.513392691797992740e+01,2.396978544816684931e+00,0.000000000000000000e+00
1.508585580828566819e+01,2.660043406078271389e+00,0.000000000000000000e+00
1.503344647249964972e+01,2.922205972729825074e+00,0.000000000000000000e+00
1.497671772895560238e+01,3.183399625569264924e+00,0.000000000000000000e+00
1.491568930629180656e+01,3.443558209534494541e+00,0.000000000000000000e+00
1.485038183072164308e+01,3.702616043312484617e+00,0.000000000000000000e+00
1.478081657217246381e+01,3.960507863986166832e+00,0.000000000000000000e+00
1.470701023057975476e+01,4.217167321926325485e+00,0.000000000000000000e+00
1.462897510382272870e+01,4.472526527533500662e+00,0.000000000000000000e+00
1.454672435983925816e+01,4.726517260182789393e+00,0.000000000000000000e+00
1.446027229210638509e+01,4.979071045859668310e+00,0.000000000000000000e+00
1.436963434056276867e+01,5.230119177254296758e+00,0.000000000000000000e+00
1.427482711212533317e+01,5.479592734693381928e+00,0.000000000000000000e+00
1.417587062985502655e+01,5.727423508507772709e+00,0.000000000000000000e+00
1.407279847946410101e+01,5.973548548125328317e+00,0.000000000000000000e+00
1.396564932316751140e+01,6.217907687633918101e+00,0.000000000000000000e+00
1.385446244507244806e+01,6.460441937758108821e+00,0.000000000000000000e+00
1.373927770827335948e+01,6.701093481681402508e+00,0.000000000000000000e+00
1.362013332524958287e+01,6.939804554721842322e+00,0.000000000000000000e+00
1.349705006819209174e+01,7.176508820864939686e+00,0.000000000000000000e+00
1.337004110581574956e+01,7.411134803249258773e+00,0.000000000000000000e+00
1.323912114827169084e+01,7.643610158788726849e+00,0.000000000000000000e+00
1.310430763852781233e+01,7.873862399613408947e+00,0.000000000000000000e+00
1.296566021906320998e+01,8.101843698162577212e+00,0.000000000000000000e+00
1.282329004253652549e+01,8.327541923397248524e+00,0.000000000000000000e+00
1.267730908532785605e+01,8.550952948697513989e+00,0.000000000000000000e+00
1.252781782664719223e+01,8.772072479536346279e+00,0.000000000000000000e+00
1.237474078062911786e+01,8.990775450169312677e+00,0.000000000000000000e+00
1.221784836413200104e+01,9.206809118333465491e+00,0.000000000000000000e+00
1.205691969656482421e+01,9.419898058871828184e+00,0.000000000000000000e+00
1.189197852079117190e+01,9.629934329234668411e+00,0.000000000000000000e+00
1.172399664185871870e+01,9.837601258107319779e+00,0.000000000000000000e+00
1.155413727994146811e+01,1.004385830436116755e+01,0.000000000000000000e+00
1.138343818502663574e+01,1.024969377981244634e+01,0.000000000000000000e+00
1.121229141669360985e+01,1.045563089623860442e+01,0.000000000000000000e+00
1.104071473235091361e+01,1.066189428287836627e+01,0.000000000000000000e+00
1.086870610162915440e+01,1.086870610162915440e+01,0.000000000000000000e+00
1.069619802096891803e+01,1.107623729302000903e+01,0.000000000000000000e+00
1.052305793778479703e+01,1.128459806625727957e+01,0.000000000000000000e+00
1.034914552325256842e+01,1.149389053591281318e+01,0.000000000000000000e+00
1.017433224112059875e+01,1.170423037475526584e+01,0.000000000000000000e+00
9.998513032708075343e+00,1.191576382732987582e+01,0.000000000000000000e+00
9.821577472535485853e+00,1.212863809352278466e+01,0.000000000000000000e+00
9.643408498540219753e+00,1.234300001352617571e+01,0.000000000000000000e+00
9.463885574758998942e+00,1.255900034439202351e+01,0.000000000000000000e+00
9.282879820307272212e+00,1.277678795457762284e+01,0.000000000000000000e+00
9.100256960870538592e+00,1.299651383950831196e+01,0.000000000000000000e+00
8.915885986097984883e+00,1.321834456269859359e+01,0.000000000000000000e+00
8.729627682998634342e+00,1.344244781619546636e+01,0.000000000000000000e+00
8.541335199093669672e+00,1.366899364322331500e+01,0.000000000000000000e+00
8.350861679703379892e+00,1.389816775347751054e+01,0.000000000000000000e+00
8.158049844955906238e+00,1.413015682214302693e+01,0.000000000000000000e+00
7.962734258668335841e+00,1.436515286517347256e+01,0.000000000000000000e+00
7.764747936152712526e+00,1.460336694026571358e+01,0.000000000000000000e+00
7.563910673415340291e+00,1.484501055034748518e+01,0.000000000000000000e+00
7.360034457645324046e+00,1.509030692266619944e+01,0.000000000000000000e+00
7.152925573875394072e+00,1.533949839506558810e+01,0.000000000000000000e+00
6.942374077214580552e+00,1.559282747562329519e+01,0.000000000000000000e+00
6.728163470992924111e+00,1.585055983078762587e+01,0.000000000000000000e+00
6.510064308613753070e+00,1.611297458514454917e+01,0.000000000000000000e+00
6.287830422339815151e+00,1.638035827388645771e+01,0.000000000000000000e+00
6.061206837263278580e+00,1.665302892002481627e+01,0.000000000000000000e+00
5.829917165842062765e+00,1.693130884898751631e+01,0.000000000000000000e+00
5.593672125372623150e+00,1.721555261261542924e+01,0.000000000000000000e+00
5.352162685703098610e+00,1.750613533508508723e+01,0.000000000000000000e+00
5.105056768685566126e+00,1.780344871174184362e+01,0.000000000000000000e+00
4.852001445459057649e+00,1.810791591285083868e+01,0.000000000000000000e+00
4.592617604603502990e+00,1.841998312356477996e+01,0.000000000000000000e+00
4.326510282813581298e+00,1.874017490984935463e+01,0.000000000000000000e+00
4.053243565411555061e+00,1.906901171888499036e+01,0.000000000000000000e+00
3.772329864480740369e+00,1.940695475387911983e+01,0.000000000000000000e+00
3.483264051154403074e+00,1.975457208623988947e+01,0.000000000000000000e+00
3.185582295358644789e+00,2.011297504244263834e+01,0.000000000000000000e+00
2.878616703637438157e+00,2.048242213541123036e+01,0.000000000000000000e+00
2.561315393164917076e+00,2.086023987323903484e+01,0.000000000000000000e+00
2.232857994495066389e+00,2.124422473415059542e+01,0.000000000000000000e+00
1.892710344816328716e+00,2.163377823522810317e+01,0.000000000000000000e+00
1.540323920293316107e+00,2.202765831134480834e+01,0.000000000000000000e+00
1.175235259145202660e+00,2.242482461998724119e+01,0.000000000000000000e+00
7.971255552501679276e-01,2.282668929842847305e+01,0.000000000000000000e+00
4.055299279979607818e-01,2.323279401512798614e+01,0.000000000000000000e+00
1.447615682011384714e-15,2.364135819436707919e+01,0.000000000000000000e+00
-4.198418083183707017e-01,2.405272108954816446e+01,0.000000000000000000e+00
-8.544083476319030979e-01,2.446705384982474740e+01,0.000000000000000000e+00
-1.304126899250225291e+00,2.488422362273681188e+01,0.000000000000000000e+00
-1.769378840538664788e+00,2.530329628023133992e+01,0.000000000000000000e+00
-2.250427691664037777e+00,2.572250621930241365e+01,0.000000000000000000e+00
-2.747688379599025676e+00,2.614250865013745795e+01,0.000000000000000000e+00
-3.261544378489134033e+00,2.656314730862861850e+01,0.000000000000000000e+00
-3.792333878928798363e+00,2.698385765930185443e+01,0.000000000000000000e+00
-4.340385671553715241e+00,2.740411660804608829e+01,0.000000000000000000e+00
-4.906017712045143142e+00,2.782340905704409906e+01,0.000000000000000000e+00
-5.489550902239989760e+00,2.824129113999218177e+01,0.000000000000000000e+00
-6.091290147674273570e+00,2.865726703431787925e+01,0.000000000000000000e+00
-6.711597776001328342e+00,2.907112384464897303e+01,0.000000000000000000e+00
-7.350185262276093034e+00,2.947998290789310971e+01,0.000000000000000000e+00
-8.007622515714480471e+00,2.988485407647894476e+01,0.000000000000000000e+00
-8.684372331386603250e+00,3.028600550417000292e+01,0.000000000000000000e+00
-9.380874273594878687e+00,3.068345718145833345e+01,0.000000000000000000e+00
-1.009691272614288238e+01,3.107510207354526344e+01,0.000000000000000000e+00
-1.083186126403610494e+01,3.145800930848907129e+01,0.000000000000000000e+00
-1.158772774740606160e+01,3.183702032878593613e+01,0.000000000000000000e+00
-1.236324834485683688e+01,3.220736306728029064e+01,0.000000000000000000e+00
-1.315862013174513301e+01,3.256872769718138727e+01,0.000000000000000000e+00
-1.397529932290608201e+01,3.292374197296339844e+01,0.000000000000000000e+00
-1.481104555868765615e+01,3.326615298478319716e+01,0.000000000000000000e+00
-1.566845144661712474e+01,3.360110256093844328e+01,0.000000000000000000e+00
-1.654580363939191301e+01,3.392392476386192612e+01,0.000000000000000000e+00
-1.744327634166727137e+01,3.423435739858564375e+01,0.000000000000000000e+00
-1.836305285493832784e+01,3.453587948883605208e+01,0.000000000000000000e+00
-1.930157425128993154e+01,3.482096170124432177e+01,0.000000000000000000e+00
-2.026072665417719776e+01,3.509260796329991905e+01,0.000000000000000000e+00
-2.124122518066976895e+01,3.535133524817587869e+01,0.000000000000000000e+00
-2.224160230972841745e+01,3.559400415745759005e+01,0.000000000000000000e+00
-2.324063118192045962e+01,3.578743369397601271e+01,0.000000000000000000e+00
-2.422698489121655641e+01,3.591798218446555779e+01,0.000000000000000000e+00
-2.520220170144071759e+01,3.599247412542531777e+01,0.000000000000000000e+00
-2.616514747117443918e+01,3.601323592578654598e+01,0.000000000000000000e+00
-2.710947646450492954e+01,3.597549035906163795e+01,0.000000000000000000e+00
-2.802912988216613499e+01,3.587565025033153177e+01,0.000000000000000000e+00
-2.893251700270124260e+01,3.572868297803781701e+01,0.000000000000000000e+00
-2.980910407565407638e+01,3.552510687417545654e+01,0.000000000000000000e+00
-3.065811638200614198e+01,3.526812851076473265e+01,0.000000000000000000e+00
-3.148154199644594087e+01,3.496379452737367188e+01,0.000000000000000000e+00
-3.227184200853997709e+01,3.460731358481838527e+01,0.000000000000000000e+00
-3.302890957323600674e+01,3.420243709453345815e+01,0.000000000000000000e+00
-3.375675790934898401e+01,3.375675790934899112e+01,0.000000000000000000e+00
-3.444229716974303557e+01,3.326053975539029040e+01,0.000000000000000000e+00
-3.508963829162297543e+01,3.272161707405219033e+01,0.000000000000000000e+00
-3.569811319655131143e+01,3.214272549597690443e+01,0.000000000000000000e+00
-3.626517358789932644e+01,3.152483444456418482e+01,0.000000000000000000e+00
-3.678864697736101164e+01,3.086934011021479662e+01,0.000000000000000000e+00
-3.726848687310592112e+01,3.017942561117891742e+01,0.000000000000000000e+00
-3.770244170086752433e+01,2.945637578509528254e+01,0.000000000000000000e+00
-3.808394883418862520e+01,2.869831388791041604e+01,0.000000000000000000e+00
-3.841543077179230892e+01,2.791044418735292609e+01,0.000000000000000000e+00
-3.869976350731437265e+01,2.709786613475457884e+01,0.000000000000000000e+00
-3.893825618112768439e+01,2.626418542516288568e+01,0.000000000000000000e+00
-3.912667652032648391e+01,2.540916082888275440e+01,0.000000000000000000e+00
-3.925770623776561052e+01,2.453093745423935701e+01,0.000000000000000000e+00
-3.932379779664294972e+01,2.362812148660550804e+01,0.000000000000000000e+00
-3.931721992751737105e+01,2.269980750893986610e+01,0.000000000000000000e+00
-3.927114524534929529e+01,2.176835127041349693e+01,0.000000000000000000e+00
-3.916586281032495265e+01,2.082485865540934711e+01,0.000000000000000000e+00
-3.899651181573234027e+01,1.986971521162583088e+01,0.000000000000000000e+00
-3.877571565445995105e+01,1.891218016964354121e+01,0.000000000000000000e+00
-3.849569634554457309e+01,1.795083801193683115e+01,0.000000000000000000e+00
-3.815244876921821771e+01,1.698656460682031621e+01,0.000000000000000000e+00
-3.774506692366407634e+01,1.602183034524156113e+01,0.000000000000000000e+00
-3.727897968410017882e+01,1.506168546475248959e+01,0.000000000000000000e+00
-3.675128756972667077e+01,1.410749753926219796e+01,0.000000000000000000e+00
-3.616035752432104999e+01,1.316129379927677334e+01,0.000000000000000000e+00
-3.550876096981556884e+01,1.222664691560982675e+01,0.000000000000000000e+00
-3.479365570210839564e+01,1.130514404156139463e+01,0.000000000000000000e+00
-3.401707853917022106e+01,1.040006460301329128e+01,0.000000000000000000e+00
-3.318005919356163957e+01,9.514228872957930960e+00,0.000000000000000000e+00
-3.227969167354500257e+01,8.649317315852030674e+00,0.000000000000000000e+00
-3.131757451540104142e+01,7.808348307817435163e+00,0.000000000000000000e+00
-3.029505904841980524e+01,6.994165482550796398e+00,0.000000000000000000e+00
-2.921390739020036520e+01,6.209607707807437649e+00,0.000000000000000000e+00
-2.807171032405105038e+01,5.456587730813531323e+00,0.000000000000000000e+00
-2.687014530562127135e+01,4.737931592937930425e+00,0.000000000000000000e+00
-2.569993560671774446e+01,4.070469917446615682e+00,0.000000000000000000e+00
-2.463268332291288587e+01,3.461897875161862537e+00,0.000000000000000000e+00
-2.365531511074258475e+01,2.904507478892373928e+00,0.000000000000000000e+00
-2.275625633083086896e+01,2.391778919161692940e+00,0.000000000000000000e+00
-2.192597549662951906e+01,1.918274292702284445e+00,0.000000000000000000e+00
-2.115642005495740463e+01,1.479401006580923550e+00,0.000000000000000000e+00
-2.044074268059844712e+01,1.071253930786242980e+00,0.000000000000000000e+00
-1.977307896749944405e+01,6.904911327661678033e-01,0.000000000000000000e+00
-1.914838758167185517e+01,3.342363485087560537e-01,0.000000000000000000e+00
-1.856265510439065025e+01,2.273269615726828857e-15,0.000000000000000000e+00
-1.855892747120316955e+01,-3.239472840079263838e-01,0.000000000000000000e+00
-1.800286774006328727e+01,-6.286739945411701225e-01,0.000000000000000000e+00
-1.747795433819610622e+01,-9.159807732752492937e-01,0.000000000000000000e+00
-1.698194166947680372e+01,-1.187493041557159623e+00,0.000000000000000000e+00
-1.651219348157202305e+01,-1.444629739584206707e+00,0.000000000000000000e+00
-1.606640868348538120e+01,-1.688647598143547590e+00,0.000000000000000000e+00
-1.564255046037866670e+01,-1.920663689679126929e+00,0.000000000000000000e+00
-1.523879885257280620e+01,-2.141673510602428276e+00,0.000000000000000000e+00
-1.485352732186150426e+01,-2.352567611718241025e+00,0.000000000000000000e+00
-1.448527584296355641e+01,-2.554144954119030864e+00,0.000000000000000000e+00
-1.413273061873635861e+01,-2.747124546630071773e+00,0.000000000000000000e+00
-1.379470659064324245e+01,-2.932155402153917123e+00,0.000000000000000000e+00
-1.347013152061628105e+01,-3.109824898388111158e+00,0.000000000000000000e+00
-1.315803174339320769e+01,-3.280665775927400496e+00,0.000000000000000000e+00
-1.285752051167270515e+01,-3.445162237769291202e+00,0.000000000000000000e+00
-1.256779241055724050e+01,-3.603756482901852021e+00,0.000000000000000000e+00
-1.228811047159086911e+01,-3.756852388318771219e+00,0.000000000000000000e+00
-1.201779671749345901e+01,-3.904818858836797801e+00,0.000000000000000000e+00
-1.175623400079487091e+01,-4.047995994768512240e+00,0.000000000000000000e+00
-1.150285135149037963e+01,-4.186695501131254993e+00,0.000000000000000000e+00
-1.125712252833375970e+01,-4.321204476614281198e+00,0.000000000000000000e+00
-1.101856526073058262e+01,-4.451789336411347442e+00,0.000000000000000000e+00
-1.078672744146573059e+01,-4.578694148219264903e+00,0.000000000000000000e+00
-1.056119751568119902e+01,-4.702148085190513527e+00,0.000000000000000000e+00
-1.034158554671573782e+01,-4.822360537898593869e+00,0.000000000000000000e+00
-1.012753688152186626e+01,-4.939529779020886302e+00,0.000000000000000000e+00
-9.918713176083757688e+00,-5.053836789450383726e+00,0.000000000000000000e+00
-9.714806718479042758e+00,-5.165454358983608607e+00,0.000000000000000000e+00
-9.515521821326633045e+00,-5.274539874857689270e+00,0.000000000000000000e+00
-9.320589606571202168e+00,-5.381244918359913143e+00,0.000000000000000000e+00
-9.129750537506961194e+00,-5.485707559533635091e+00,0.000000000000000000e+00
-8.942766974765421040e+00,-5.588061003797803572e+00,0.000000000000000000e+00
-8.759411279234939229e+00,-5.688428196675088699e+00,0.000000000000000000e+00
-8.579470166714662227e+00,-5.786925697444551098e+00,0.000000000000000000e+00
-8.402744224092336012e+00,-5.883664847357548133e+00,0.000000000000000000e+00
-8.229040148397594123e+00,-5.978747632474397555e+00,0.000000000000000000e+00
-8.058181150138569393e+00,-6.072275042148906898e+00,0.000000000000000000e+00
-7.889993965248597974e+00,-6.164338878273462718e+00,0.000000000000000000e+00
-7.724316833354994749e+00,-6.255028438990295925e+00,0.000000000000000000e+00
-7.560996632263499606e+00,-6.344429485464958773e+00,0.000000000000000000e+00
-7.399883247293513655e+00,-6.432620368260727695e+00,0.000000000000000000e+00
-7.240838478839267012e+00,-6.519680250454295667e+00,0.000000000000000000e+00
-7.083726927977035182e+00,-6.605682226418176484e+00,0.000000000000000000e+00
-6.928418210131345845e+00,-6.690695692692761654e+00,0.000000000000000000e+00
-6.774790687694954627e+00,-6.774790687694951075e+00,0.000000000000000000e+00
-6.622723466930229286e+00,-6.858030909858423563e+00,0.000000000000000000e+00
-6.472101489978376421e+00,-6.940479125956930062e+00,0.000000000000000000e+00
-6.322815354923970510e+00,-7.022197862132742330e+00,0.000000000000000000e+00
-6.174755808579641680e+00,-7.103244004494431607e+00,0.000000000000000000e+00
-6.027819129864139036e+00,-7.183675103523687433e+00,0.000000000000000000e+00
-5.881905174476436571e+00,-7.263547974969762677e+00,0.000000000000000000e+00
-5.736913628834778400e+00,-7.342914593841508797e+00,0.000000000000000000e+00
-5.592748885401940484e+00,-7.421828446995965223e+00,0.000000000000000000e+00
-5.449317645462243398e+00,-7.500342286118773849e+00,0.000000000000000000e+00
-5.306526082121531651e+00,-7.578504646906901954e+00,0.000000000000000000e+00
-5.164284084496468807e+00,-7.656366013986005470e+00,0.000000000000000000e+00
-5.022503066130215466e+00,-7.733976502185237578e+00,0.000000000000000000e+00
-4.881093484533001181e+00,-7.811382442775457235e+00,0.000000000000000000e+00
-4.739968501334355544e+00,-7.888632323758494991e+00,0.000000000000000000e+00
-4.599042264603664165e+00,-7.965774868450163915e+00,0.000000000000000000e+00
-4.458227500109333441e+00,-8.042855314061577943e+00,0.000000000000000000e+00
-4.317438650476693951e+00,-8.119921132460671487e+00,0.000000000000000000e+00
-4.176590696760762889e+00,-8.197020778657746476e+00,0.000000000000000000e+00
-4.035596710841767631e+00,-8.274199439303641768e+00,0.000000000000000000e+00
-3.894370540232645617e+00,-8.351504574557443661e+00,0.000000000000000000e+00
-3.752826102176915146e+00,-8.428985431556975882e+00,0.000000000000000000e+00
-3.610874891423419442e+00,-8.506688155653446159e+00,0.000000000000000000e+00
-3.468428298592433290e+00,-8.584661283863175285e+00,0.000000000000000000e+00
-3.325397210538812320e+00,-8.662955908937918892e+00,0.000000000000000000e+00
-3.181689529147988527e+00,-8.741620137049290307e+00,0.000000000000000000e+00
-3.037212239664579094e+00,-8.820704824244019804e+00,0.000000000000000000e+00
-2.891871076310009947e+00,-8.900264003192592810e+00,0.000000000000000000e+00
-2.745568149792842583e+00,-8.980348771976567335e+00,0.000000000000000000e+00
-2.598203894493935628e+00,-9.061013789701863885e+00,0.000000000000000000e+00
-2.449676506035783241e+00,-9.142317182633355799e+00,0.000000000000000000e+00
-2.299879830411857728e+00,-9.224314173239527292e+00,0.000000000000000000e+00
-2.148705275341074028e+00,-9.307065061086944979e+00,0.000000000000000000e+00
-1.996040713799654531e+00,-9.390633241886698457e+00,0.000000000000000000e+00
-1.841768882721352529e+00,-9.475079502093251449e+00,0.000000000000000000e+00
-1.685769163839570872e+00,-9.560472010955507471e+00,0.000000000000000000e+00
-1.527915767270946246e+00,-9.646880489902805778e+00,0.000000000000000000e+00
-1.368076991555333688e+00,-9.734373603603334146e+00,0.000000000000000000e+00
-1.206116388299700803e+00,-9.823029698770312734e+00,0.000000000000000000e+00
-1.041890491064670243e+00,-9.912925853378224517e+00,0.000000000000000000e+00
-8.752490882443652032e-01,-1.000414285657726410e+01,0.000000000000000000e+00
-7.060349462988546598e-01,-1.009677013259540779e+01,0.000000000000000000e+00
-5.340821475661722273e-01,-1.019089446018546852e+01,0.000000000000000000e+00
-3.592164859778543828e-01,-1.028661427586054167e+01,0.000000000000000000e+00
-1.812539237263582903e-01,-1.038403033570767064e+01,0.000000000000000000e+00
-1.925741191988277164e-15,-1.048324677955610440e+01,0.000000000000000000e+00
1.847510069869495730e-01,-1.058437810152673997e+01,0.000000000000000000e+00
3.732170750084633504e-01,-1.068753868945117347e+01,0.000000000000000000e+00
5.656300991307787740e-01,-1.079286523620762495e+01,0.000000000000000000e+00
7.622368287966905243e-01,-1.090049449719595209e+01,0.000000000000000000e+00
9.632988601382721505e-01,-1.101055635457086979e+01,0.000000000000000000e+00
1.169092996186791078e+00,-1.112317684660023431e+01,0.000000000000000000e+00
1.379922834232646167e+00,-1.123856960586321030e+01,0.000000000000000000e+00
1.596124271530563243e+00,-1.135701431481112245e+01,0.000000000000000000e+00
1.818019285537384899e+00,-1.147852201777011771e+01,0.000000000000000000e+00
2.045903811716917264e+00,-1.160289709207675202e+01,0.000000000000000000e+00
2.280308937464955221e+00,-1.173117250188836280e+01,0.000000000000000000e+00
2.521953590655186428e+00,-1.186485879730373583e+01,0.000000000000000000e+00
2.770303680323360940e+00,-1.199950355576124927e+01,0.000000000000000000e+00
3.023866877307795242e+00,-1.212806761705669345e+01,0.000000000000000000e+00
3.281655609469475543e+00,-1.224730546748346960e+01,0.000000000000000000e+00
3.543097110650180515e+00,-1.235624803961242080e+01,0.000000000000000000e+00
3.808152227415283697e+00,-1.245590468462749278e+01,0.000000000000000000e+00
4.076173701622305856e+00,-1.254517269614969521e+01,0.000000000000000000e+00
4.346228275696909726e+00,-1.262236343514121550e+01,0.000000000000000000e+00
4.618661534537675806e+00,-1.268966827424592303e+01,0.000000000000000000e+00
4.893344388640044507e+00,-1.274759795662698636e+01,0.000000000000000000e+00
5.169164600121424868e+00,-1.279413134490544657e+01,0.000000000000000000e+00
5.446039322444137909e+00,-1.283006462214922117e+01,0.000000000000000000e+00
5.723939960351126288e+00,-1.285617964256845625e+01,0.000000000000000000e+00
6.002159922346449683e+00,-1.287167349147707185e+01,0.000000000000000000e+00
6.280303001077857772e+00,-1.287652936939191406e+01,0.000000000000000000e+00
6.558170334600172069e+00,-1.287113399557852844e+01,0.000000000000000000e+00
6.835524317397169369e+00,-1.285575148824728942e+01,0.000000000000000000e+00
7.111753135295260542e+00,-1.282994227977394530e+01,0.000000000000000000e+00
7.386358654611217212e+00,-1.279354847271272355e+01,0.000000000000000000e+00
7.659663741304705731e+00,-1.274782120635763150e+01,0.000000000000000000e+00
7.930994422784463538e+00,-1.269224422441398303e+01,0.000000000000000000e+00
8.199251492509549877e+00,-1.262574010281989700e+01,0.000000000000000000e+00
8.464986472757647817e+00,-1.254985854349884455e+01,0.000000000000000000e+00
8.728134736650609682e+00,-1.246506822672418124e+01,0.000000000000000000e+00
8.987598031666562903e+00,-1.237036743924817017e+01,0.000000000000000000e+00
9.243084426345101079e+00,-1.226598732378153578e+01,0.000000000000000000e+00
9.494577892653378370e+00,-1.215250552490708102e+01,0.000000000000000000e+00
9.741884888310515578e+00,-1.203022594786643928e+01,0.000000000000000000e+00
9.984739906078891281e+00,-1.189934965418829727e+01,0.000000000000000000e+00
1.022280143907083705e+01,-1.175998780880057204e+01,0.000000000000000000e+00
1.045551609301186247e+01,-1.161202702189701164e+01,0.000000000000000000e+00
1.068233968318979343e+01,-1.145540682610773331e+01,0.000000000000000000e+00
1.090321886108022120e+01,-1.129061364854167948e+01,0.000000000000000000e+00
1.111815874300306284e+01,-1.111815874300306817e+01,0.000000000000000000e+00
1.132691284892954542e+01,-1.093827259142928554e+01,0.000000000000000000e+00
1.152915642373153560e+01,-1.075111229557058046e+01,0.000000000000000000e+00
1.172446917961552693e+01,-1.055675946657119368e+01,0.000000000000000000e+00
1.191244714869505650e+01,-1.035533232129733783e+01,0.000000000000000000e+00
1.209281812224151409e+01,-1.014707922626678815e+01,0.000000000000000000e+00
1.226540691886667567e+01,-9.932330683537811566e+00,0.000000000000000000e+00
1.243057712295620121e+01,-9.711831235348917346e+00,0.000000000000000000e+00
1.258900940322008033e+01,-9.486499022578652074e+00,0.000000000000000000e+00
1.274147906883539605e+01,-9.257226413199063586e+00,0.000000000000000000e+00
1.288889645673932272e+01,-9.024902458213299283e+00,0.000000000000000000e+00
1.303221872543222659e+01,-8.790342523657400875e+00,0.000000000000000000e+00
1.317189608537911027e+01,-8.553929334653757266e+00,0.000000000000000000e+00
1.330774191696041164e+01,-8.315600067027661524e+00,0.000000000000000000e+00
1.343952737677775211e+01,-8.075282739048532221e+00,0.000000000000000000e+00
1.356710872586576500e+01,-7.832973875003530040e+00,0.000000000000000000e+00
1.369045258655804531e+01,-7.588741787214093648e+00,0.000000000000000000e+00
1.380953347847539092e+01,-7.342659197350313249e+00,0.000000000000000000e+00
1.392433654892712802e+01,-7.094803839003801293e+00,0.000000000000000000e+00
1.403487576198173059e+01,-6.845266285591607769e+00,0.000000000000000000e+00
1.414117243777882393e+01,-6.594137003026666832e+00,0.000000000000000000e+00
1.424324977362777744e+01,-6.341503371233399911e+00,0.000000000000000000e+00
1.434110283406880271e+01,-6.087436989734413828e+00,0.000000000000000000e+00
1.443468377056704277e+01,-5.831990804946197926e+00,0.000000000000000000e+00
1.452394132596651843e+01,-5.575218722003143945e+00,0.000000000000000000e+00
1.460882430077967342e+01,-5.317177203108564676e+00,0.000000000000000000e+00
1.468928851647330092e+01,-5.057927655800553701e+00,0.000000000000000000e+00
1.476532345403304980e+01,-4.797544411465028524e+00,0.000000000000000000e+00
1.483692989267597007e+01,-4.536104686842184819e+00,0.000000000000000000e+00
1.490411005754736351e+01,-4.273684787843158972e+00,0.000000000000000000e+00
1.496686757215981345e+01,-4.010360079183779014e+00,0.000000000000000000e+00
1.502520739144012474e+01,-3.746204951212364964e+00,0.000000000000000000e+00
1.507913079980649762e+01,-3.481291651497097739e+00,0.000000000000000000e+00
1.512862882200121817e+01,-3.215689325186584568e+00,0.000000000000000000e+00
1.517369186709489348e+01,-2.949466915886387763e+00,0.000000000000000000e+00
1.521431131026284156e+01,-2.682693576897311249e+00,0.000000000000000000e+00
1.525047949954965532e+01,-2.415438660216990829e+00,0.000000000000000000e+00
1.528218976257554118e+01,-2.147771705312714552e+00,0.000000000000000000e+00
1.530943641317737125e+01,-1.879762427662932112e+00,0.000000000000000000e+00
1.533221475797711797e+01,-1.611480707066302864e+00,0.000000000000000000e+00
1.535052110287021598e+01,-1.342996575716610463e+00,0.000000000000000000e+00
1.536435275942652012e+01,-1.074380206042164998e+00,0.000000000000000000e+00
1.537370805119619988e+01,-8.057018983090121766e-01,0.000000000000000000e+00
1.537858631991303149e+01,-5.370320679866255054e-01,0.000000000000000000e+00
1.537898793158733213e+01,-2.684412328761459632e-01,0.000000000000000000e+00
1.537491428248096170e+01,-3.765767912641047181e-15,0.000000000000000000e+00
