1.358392331060560387e+01,0.000000000000000000e+00,0.000000000000000000e+00
1.340613390033959540e+01,2.340049376668064951e-01,0.000000000000000000e+00
1.321884314525681958e+01,4.616121744230829438e-01,0.000000000000000000e+00
1.302307769967559636e+01,6.825105816704944983e-01,0.000000000000000000e+00
1.281850454475817891e+01,8.963571566983388195e-01,0.000000000000000000e+00
1.260591156814918712e+01,1.102874355623357117e+00,0.000000000000000000e+00
1.238460867142140032e+01,1.301674823474411324e+00,0.000000000000000000e+00
1.215996883035579579e+01,1.493056433428242791e+00,0.000000000000000000e+00
1.194004747710936165e+01,1.678064238819132692e+00,0.000000000000000000e+00
1.172873122057501583e+01,1.857648530087689265e+00,0.000000000000000000e+00
1.152301581520357487e+01,2.031818587350737282e+00,0.000000000000000000e+00
1.132321085540245065e+01,2.201009226504698102e+00,0.000000000000000000e+00
1.112902588852280772e+01,2.365547477601070536e+00,0.000000000000000000e+00
1.093996710726879051e+01,2.525690417028304768e+00,0.000000000000000000e+00
1.075577041250868326e+01,2.681714755990563859e+00,0.000000000000000000e+00
1.057615270194541246e+01,2.833871575514509189e+00,0.000000000000000000e+00
1.040082618861306507e+01,2.982388917664164474e+00,0.000000000000000000e+00
1.022953896394805184e+01,3.127483918455756573e+00,0.000000000000000000e+00
1.006205369121555293e+01,3.269359428828951586e+00,0.000000000000000000e+00
9.898145202605414639e+00,3.408204713607671188e+00,0.000000000000000000e+00
9.737604035496575605e+00,3.544198021991205483e+00,0.000000000000000000e+00
9.580231496061115237e+00,3.677506318651397876e+00,0.000000000000000000e+00
9.425843160240898300e+00,3.808287837346257199e+00,0.000000000000000000e+00
9.274261706964511021e+00,3.936690533543535153e+00,0.000000000000000000e+00
9.125323122960203648e+00,4.062855617051156720e+00,0.000000000000000000e+00
8.978868696964429574e+00,4.186915234962707899e+00,0.000000000000000000e+00
8.834751456799590841e+00,4.308996197360880132e+00,0.000000000000000000e+00
8.692828454975694896e+00,4.429217325899452717e+00,0.000000000000000000e+00
8.552966961110620048e+00,4.547693201911532590e+00,0.000000000000000000e+00
8.415037578684955832e+00,4.664531498180264357e+00,0.000000000000000000e+00
8.278919334827453014e+00,4.779836306561826120e+00,0.000000000000000000e+00
8.144494633401290429e+00,4.893706087092142276e+00,0.000000000000000000e+00
8.011652032144549906e+00,5.006235813049210392e+00,0.000000000000000000e+00
7.880284285116178289e+00,5.117516451309462866e+00,0.000000000000000000e+00
7.750287655372103401e+00,5.227635031527205989e+00,0.000000000000000000e+00
7.621563759808885230e+00,5.336676397564119156e+00,0.000000000000000000e+00
7.494015394981328626e+00,5.444720889980827927e+00,0.000000000000000000e+00
7.367551187077642894e+00,5.551848036362007299e+00,0.000000000000000000e+00
7.242080123639826894e+00,5.658133106609786189e+00,0.000000000000000000e+00
7.117515685544311133e+00,5.763650558168798455e+00,0.000000000000000000e+00
6.993772837228136474e+00,5.868472208255807843e+00,0.000000000000000000e+00
6.870768335418629746e+00,5.972667792587084357e+00,0.000000000000000000e+00
6.748422185540840168e+00,6.076306628490240946e+00,0.000000000000000000e+00
6.626654020472938278e+00,6.179454844705803751e+00,0.000000000000000000e+00
6.505387040347662797e+00,6.282179240639151452e+00,0.000000000000000000e+00
6.384544159349394121e+00,6.384544159349393233e+00,0.000000000000000000e+00
6.264049850978460121e+00,6.486613507783492771e+00,0.000000000000000000e+00
6.143830043833839127e+00,6.588451098716982202e+00,0.000000000000000000e+00
6.023809847358658764e+00,6.690118603427853472e+00,0.000000000000000000e+00
5.903916727055534608e+00,6.791679281668350221e+00,0.000000000000000000e+00
5.784076905469007990e+00,6.893194431933890698e+00,0.000000000000000000e+00
5.664217469446601427e+00,6.994726047015769055e+00,0.000000000000000000e+00
5.544265731053677371e+00,7.096336529116995528e+00,0.000000000000000000e+00
5.424147599827779054e+00,7.198086984056229376e+00,0.000000000000000000e+00
5.303790226527684837e+00,7.300040977764412631e+00,0.000000000000000000e+00
5.183118671979377368e+00,7.402260600095182497e+00,0.000000000000000000e+00
5.062058099431844482e+00,7.504809758561436617e+00,0.000000000000000000e+00
4.940532707197510476e+00,7.607753218393455974e+00,0.000000000000000000e+00
4.818464681207551337e+00,7.711155406301221760e+00,0.000000000000000000e+00
4.695776269807987902e+00,7.815084099549881813e+00,0.000000000000000000e+00
4.572386653327330741e+00,7.919605995412757338e+00,0.000000000000000000e+00
4.448214405354465661e+00,8.024791212945732610e+00,0.000000000000000000e+00
4.323175561752563567e+00,8.130710693326541616e+00,0.000000000000000000e+00
4.197183703662015652e+00,8.237436830342089067e+00,0.000000000000000000e+00
4.070150789338146780e+00,8.345045799187007063e+00,0.000000000000000000e+00
3.941984730339030296e+00,8.453613534755056946e+00,0.000000000000000000e+00
3.812591846492377812e+00,8.563221491109258565e+00,0.000000000000000000e+00
3.681873847956826928e+00,8.673951215373692847e+00,0.000000000000000000e+00
3.549729727022789660e+00,8.785889380535126136e+00,0.000000000000000000e+00
3.416054010034510036e+00,8.899124945944308251e+00,0.000000000000000000e+00
3.280736909689707659e+00,9.013750578543808345e+00,0.000000000000000000e+00
3.143664262854395375e+00,9.129863947942478575e+00,0.000000000000000000e+00
3.004716080696216984e+00,9.247565215444494058e+00,0.000000000000000000e+00
2.863767640357476996e+00,9.366961885193401116e+00,0.000000000000000000e+00
2.720687110938290409e+00,9.488163527857986779e+00,0.000000000000000000e+00
2.575337071810197997e+00,9.611288798611319351e+00,0.000000000000000000e+00
2.427571827079491484e+00,9.736458798839192852e+00,0.000000000000000000e+00
2.277238836676150679e+00,9.863805081045667222e+00,0.000000000000000000e+00
2.124176049014300460e+00,9.993462598025654842e+00,0.000000000000000000e+00
1.968212984985476810e+00,1.012557801619194109e+01,0.000000000000000000e+00
1.809168229700991226e+00,1.026030288973318427e+01,0.000000000000000000e+00
1.646849980622683507e+00,1.039780155959902963e+01,0.000000000000000000e+00
1.481053850070925382e+00,1.053824572201520482e+01,0.000000000000000000e+00
1.311562604705394985e+00,1.068182021469743859e+01,0.000000000000000000e+00
1.138144478411132976e+00,1.082872136916459027e+01,0.000000000000000000e+00
9.605518632666898426e-01,1.097915803665313206e+01,0.000000000000000000e+00
7.785200892139533257e-01,1.113335596999431587e+01,0.000000000000000000e+00
5.917652677199631839e-01,1.129155396041466730e+01,0.000000000000000000e+00
3.999828780687026963e-01,1.145401100520488491e+01,0.000000000000000000e+00
2.028453928172695986e-01,1.162100477147779110e+01,0.000000000000000000e+00
7.221027542369555898e-16,1.179283291704533276e+01,0.000000000000000000e+00
-2.089339657702691810e-01,1.196981888234115310e+01,0.000000000000000000e+00
-4.243680675172649130e-01,1.215231146660590866e+01,0.000000000000000000e+00
-6.467480264152618563e-01,1.234068749454811709e+01,0.000000000000000000e+00
-8.765575358727472066e-01,1.253535677532194370e+01,0.000000000000000000e+00
-1.114322575659295822e+00,1.273676532193347910e+01,0.000000000000000000e+00
-1.360616214417622150e+00,1.294539854629393716e+01,0.000000000000000000e+00
-1.616064152791148345e+00,1.316178631016239109e+01,0.000000000000000000e+00
-1.881351079357559852e+00,1.338650850723564290e+01,0.000000000000000000e+00
-2.157227956629594878e+00,1.362020127866943753e+01,0.000000000000000000e+00
-2.444520391541393334e+00,1.386356405423347304e+01,0.000000000000000000e+00
-2.744138284559403118e+00,1.411736763220795510e+01,0.000000000000000000e+00
-3.057087023510253854e+00,1.438246365810222116e+01,0.000000000000000000e+00
-3.384480504690241975e+00,1.465979565305085863e+01,0.000000000000000000e+00
-3.727556358887975652e+00,1.495041197290818502e+01,0.000000000000000000e+00
-4.087693825602038977e+00,1.525548104293239859e+01,0.000000000000000000e+00
-4.466434762897894650e+00,1.557630910460327200e+01,0.000000000000000000e+00
-4.865508374031614736e+00,1.591436080545782517e+01,0.000000000000000000e+00
-5.286860799142882428e+00,1.627128444485925840e+01,0.000000000000000000e+00
-5.732690861839675911e+00,1.664894315930758850e+01,0.000000000000000000e+00
-6.205491688600493383e+00,1.704944829104319126e+01,0.000000000000000000e+00
-6.708103002366250678e+00,1.747520577630397653e+01,0.000000000000000000e+00
-7.243772794662773684e+00,1.792896681320445040e+01,0.000000000000000000e+00
-7.816234068843908034e+00,1.841389352291814774e+01,0.000000000000000000e+00
-8.429799142326688255e+00,1.893363887029197201e+01,0.000000000000000000e+00
-9.089476667832968815e+00,1.949244561797796749e+01,0.000000000000000000e+00
-9.801118488358362413e+00,2.009527088845500487e+01,0.000000000000000000e+00
-1.057160493801761092e+01,2.074794291140349145e+01,0.000000000000000000e+00
-1.140908163559778110e+01,2.145736177736557693e+01,0.000000000000000000e+00
-1.232326454326403997e+01,2.223175773689142432e+01,0.000000000000000000e+00
-1.332583804638250236e+01,2.308102854976889873e+01,0.000000000000000000e+00
-1.443098030297046286e+01,2.401718442843820611e+01,0.000000000000000000e+00
-1.565606142593969530e+01,2.505493568871896670e+01,0.000000000000000000e+00
-1.701794351542568506e+01,2.620533497557958924e+01,0.000000000000000000e+00
-1.847228274085605193e+01,2.738628539092473346e+01,0.000000000000000000e+00
-1.993338752770894473e+01,2.846782766531567788e+01,0.000000000000000000e+00
-2.139248808590278372e+01,2.944423383533157690e+01,0.000000000000000000e+00
-2.284505895784059248e+01,3.031641718961531495e+01,0.000000000000000000e+00
-2.428684488074798509e+01,3.108574387748470258e+01,0.000000000000000000e+00
-2.571398258090430033e+01,3.175412397235058393e+01,0.000000000000000000e+00
-2.712325916732765663e+01,3.232424155552657652e+01,0.000000000000000000e+00
-2.851178936351512050e+01,3.279906171712779894e+01,0.000000000000000000e+00
-2.986954547275382410e+01,3.317349101430005476e+01,0.000000000000000000e+00
-3.119818779815039989e+01,3.345596040421034445e+01,0.000000000000000000e+00
-3.249150360102785129e+01,3.364593691949981036e+01,0.000000000000000000e+00
-3.374960560499509654e+01,3.374960560499509654e+01,0.000000000000000000e+00
-3.496306935452481213e+01,3.376344360846580628e+01,0.000000000000000000e+00
-3.613134025108809766e+01,3.369301986651257863e+01,0.000000000000000000e+00
-3.724919541486926278e+01,3.353932619838885643e+01,0.000000000000000000e+00
-3.831352163120472198e+01,3.330543623304138379e+01,0.000000000000000000e+00
-3.932746948845201018e+01,3.299966514289582875e+01,0.000000000000000000e+00
-4.027834861805136768e+01,3.261676359436020078e+01,0.000000000000000000e+00
-4.116800437185480632e+01,3.216397008769587273e+01,0.000000000000000000e+00
-4.199547549851025963e+01,3.164586064789505571e+01,0.000000000000000000e+00
-4.274809862971876129e+01,3.105831164585837811e+01,0.000000000000000000e+00
-4.343849223792778247e+01,3.041595971346101734e+01,0.000000000000000000e+00
-4.405330222812051488e+01,2.971432754790074426e+01,0.000000000000000000e+00
-4.458698537827275032e+01,2.895512686243668554e+01,0.000000000000000000e+00
-4.504204323594040460e+01,2.814539236551398815e+01,0.000000000000000000e+00
-4.542242777796511177e+01,2.729254807240278424e+01,0.000000000000000000e+00
-4.571886795630803135e+01,2.639580072161939128e+01,0.000000000000000000e+00
-4.593188422616270827e+01,2.546045917684266158e+01,0.000000000000000000e+00
-4.606264654971601402e+01,2.449194361777309936e+01,0.000000000000000000e+00
-4.610488471416844192e+01,2.349161210787550047e+01,0.000000000000000000e+00
-4.605300680752931441e+01,2.246155222147750052e+01,0.000000000000000000e+00
-4.590566265684267222e+01,2.140616204956567969e+01,0.000000000000000000e+00
-4.566495326547633482e+01,2.033134710706379167e+01,0.000000000000000000e+00
-4.533377969991885692e+01,1.924304780620978761e+01,0.000000000000000000e+00
-4.491039349327783725e+01,1.814497678386083734e+01,0.000000000000000000e+00
-4.438638642410033697e+01,1.703833739339635400e+01,0.000000000000000000e+00
-4.376708231891966250e+01,1.592991520476535960e+01,0.000000000000000000e+00
-4.305744619805052054e+01,1.482586768372292241e+01,0.000000000000000000e+00
-4.224414065031846377e+01,1.372595334772165110e+01,0.000000000000000000e+00
-4.132462303508981449e+01,1.263420516154027595e+01,0.000000000000000000e+00
-4.031676753544441993e+01,1.156064705949921567e+01,0.000000000000000000e+00
-3.921999261316565821e+01,1.050896534785234770e+01,0.000000000000000000e+00
-3.801562583980285126e+01,9.478360067471658823e+00,0.000000000000000000e+00
-3.670410585793790403e+01,8.473810526303298118e+00,0.000000000000000000e+00
-3.529111772426382743e+01,7.501358640961491631e+00,0.000000000000000000e+00
-3.379718872688186337e+01,6.569507992717116274e+00,0.000000000000000000e+00
-3.219480024121835271e+01,5.676811921046188480e+00,0.000000000000000000e+00
-3.057605520808746746e+01,4.842771391465061193e+00,0.000000000000000000e+00
-2.910972961056350172e+01,4.091105697429523680e+00,0.000000000000000000e+00
-2.778383866454692352e+01,3.411426430623539119e+00,0.000000000000000000e+00
-2.657842969780035602e+01,2.793505527949857736e+00,0.000000000000000000e+00
-2.547714622654698147e+01,2.228961473815144867e+00,0.000000000000000000e+00
-2.446646459777819516e+01,1.710861868851396572e+00,0.000000000000000000e+00
-2.353510074690198550e+01,1.233422365347776939e+00,0.000000000000000000e+00
-2.267355782017235910e+01,7.917780861960468375e-01,0.000000000000000000e+00
-2.187378830421635101e+01,3.818083950761810841e-01,0.000000000000000000e+00
-2.112942515231491214e+01,2.587608288060603378e-15,0.000000000000000000e+00
-2.112406895909104065e+01,-3.687219952290730629e-01,0.000000000000000000e+00
-2.042409004980624943e+01,-7.132249407079807035e-01,0.000000000000000000e+00
-1.976633595972501922e+01,-1.035909772211703883e+00,0.000000000000000000e+00
-1.914880799434962810e+01,-1.339015095563266033e+00,0.000000000000000000e+00
-1.856724170581523126e+01,-1.624423162204567728e+00,0.000000000000000000e+00
-1.801835930715579082e+01,-1.893805875720786069e+00,0.000000000000000000e+00
-1.749914359589614676e+01,-2.148624662598987989e+00,0.000000000000000000e+00
-1.700696822323498481e+01,-2.390173509850493261e+00,0.000000000000000000e+00
-1.653949369569376060e+01,-2.619598452243650843e+00,0.000000000000000000e+00
-1.609464420041448207e+01,-2.837920017436093900e+00,0.000000000000000000e+00
-1.567056571661532693e+01,-3.046049408358618926e+00,0.000000000000000000e+00
-1.526558995982669664e+01,-3.244801313725169223e+00,0.000000000000000000e+00
-1.487822755976265654e+01,-3.434909483876905423e+00,0.000000000000000000e+00
-1.450713472133944926e+01,-3.617034927048524473e+00,0.000000000000000000e+00
-1.415108780364519170e+01,-3.791772549008632698e+00,0.000000000000000000e+00
-1.380899546672241485e+01,-3.959665732046946829e+00,0.000000000000000000e+00
-1.347984618828610159e+01,-4.121202561102629502e+00,0.000000000000000000e+00
-1.316273941559472682e+01,-4.276833292507945750e+00,0.000000000000000000e+00
-1.285683347344302518e+01,-4.426962784373316140e+00,0.000000000000000000e+00
-1.256137831558491236e+01,-4.571967808229833174e+00,0.000000000000000000e+00
-1.227566538744672542e+01,-4.712186448369893199e+00,0.000000000000000000e+00
-1.199906675406843171e+01,-4.847937654190373813e+00,0.000000000000000000e+00
-1.173098010007958436e+01,-4.979505621939809501e+00,0.000000000000000000e+00
-1.147087327847796168e+01,-5.107161829117555563e+00,0.000000000000000000e+00
-1.121823676216868471e+01,-5.231149713195191175e+00,0.000000000000000000e+00
-1.097260661045450547e+01,-5.351697825431854127e+00,0.000000000000000000e+00
-1.073355763648292793e+01,-5.469020779403315657e+00,0.000000000000000000e+00
-1.050067809632215621e+01,-5.583309582655593850e+00,0.000000000000000000e+00
-1.027360549040042059e+01,-5.694752514383814024e+00,0.000000000000000000e+00
-1.005198918818801879e+01,-5.803518663691561663e+00,0.000000000000000000e+00
-9.835498766396087333e+00,-5.909763877221558381e+00,0.000000000000000000e+00
-9.623840304816335234e+00,-6.013642854149446215e+00,0.000000000000000000e+00
-9.416724097075494626e+00,-6.115292131686797639e+00,0.000000000000000000e+00
-9.213879614363895243e+00,-6.214840273049259345e+00,0.000000000000000000e+00
-9.015064225244078244e+00,-6.312415927960575601e+00,0.000000000000000000e+00
-8.820037780807277628e+00,-6.408132546370511662e+00,0.000000000000000000e+00
-8.628572689162107068e+00,-6.502095896524459739e+00,0.000000000000000000e+00
-8.440465951895506080e+00,-6.594414729235291261e+00,0.000000000000000000e+00
-8.255517638136078418e+00,-6.685186369122355643e+00,0.000000000000000000e+00
-8.073532485522813218e+00,-6.774498130899980097e+00,0.000000000000000000e+00
-7.894336318446463885e+00,-6.862441865486489156e+00,0.000000000000000000e+00
-7.717761427684707520e+00,-6.949103602413181591e+00,0.000000000000000000e+00
-7.543640720207422490e+00,-7.034558775995795266e+00,0.000000000000000000e+00
-7.371818330158542487e+00,-7.118882211351134082e+00,0.000000000000000000e+00
-7.202151276317731110e+00,-7.202151276317727557e+00,0.000000000000000000e+00
-7.034497254231924401e+00,-7.284435149033678059e+00,0.000000000000000000e+00
-6.868715627475165952e+00,-7.365795716961913264e+00,0.000000000000000000e+00
-6.704677954246174743e+00,-7.446299243885188268e+00,0.000000000000000000e+00
-6.542261451311477849e+00,-7.526010885368585868e+00,0.000000000000000000e+00
-6.381343126425948142e+00,-7.604988596494486330e+00,0.000000000000000000e+00
-6.221802104636459774e+00,-7.683285727539368004e+00,0.000000000000000000e+00
-6.063527540712946085e+00,-7.760961337307816343e+00,0.000000000000000000e+00
-5.906411007390342860e+00,-7.838072141719143460e+00,0.000000000000000000e+00
-5.750343527400357146e+00,-7.914668867612284053e+00,0.000000000000000000e+00
-5.595217734323794545e+00,-7.990799054562651271e+00,0.000000000000000000e+00
-5.440933906328165648e+00,-8.066516241779682517e+00,0.000000000000000000e+00
-5.287393433188245062e+00,-8.141871897669883396e+00,0.000000000000000000e+00
-5.134496747971036612e+00,-8.216912435027031947e+00,0.000000000000000000e+00
-4.982144862974593913e+00,-8.291681473546642422e+00,0.000000000000000000e+00
-4.830244466868973241e+00,-8.366228829595495853e+00,0.000000000000000000e+00
-4.678702779760338437e+00,-8.440603247408814624e+00,0.000000000000000000e+00
-4.527425563147340348e+00,-8.514849076496723512e+00,0.000000000000000000e+00
-4.376318053899819205e+00,-8.589007788015637246e+00,0.000000000000000000e+00
-4.225289406617871890e+00,-8.663127102172918370e+00,0.000000000000000000e+00
-4.074248990863247322e+00,-8.737255156785307619e+00,0.000000000000000000e+00
-3.923104123134451449e+00,-8.811436128415234492e+00,0.000000000000000000e+00
-3.771760598599897207e+00,-8.885711129532380070e+00,0.000000000000000000e+00
-3.620126450730634105e+00,-8.960127385907981079e+00,0.000000000000000000e+00
-3.468109578401978865e+00,-9.034734337854812836e+00,0.000000000000000000e+00
-3.315615138010515661e+00,-9.109577723285797290e+00,0.000000000000000000e+00
-3.162545850739266307e+00,-9.184700060865518267e+00,0.000000000000000000e+00
-3.008805117940734242e+00,-9.260149978054839082e+00,0.000000000000000000e+00
-2.854295556502746134e+00,-9.335980094914642535e+00,0.000000000000000000e+00
-2.698916224394619867e+00,-9.412239423670381910e+00,0.000000000000000000e+00
-2.542562825250289649e+00,-9.488973645269954460e+00,0.000000000000000000e+00
-2.385130338022821483e+00,-9.566235283739834117e+00,0.000000000000000000e+00
-2.226511792944433576e+00,-9.644082114947961415e+00,0.000000000000000000e+00
-2.066595650599523548e+00,-9.722568121927711360e+00,0.000000000000000000e+00
-1.905266035533520252e+00,-9.801744034595769151e+00,0.000000000000000000e+00
-1.742405003906735583e+00,-9.881669821067195159e+00,0.000000000000000000e+00
-1.577890838227800296e+00,-9.962410669852634015e+00,0.000000000000000000e+00
-1.411595984139306204e+00,-1.004402732578399515e+01,0.000000000000000000e+00
-1.243387483353190159e+00,-1.012657840863590231e+01,0.000000000000000000e+00
-1.073128522041937316e+00,-1.021013586492823855e+01,0.000000000000000000e+00
-9.006760064904084651e-01,-1.029477386202757394e+01,0.000000000000000000e+00
-7.258795411117373586e-01,-1.038056106001412005e+01,0.000000000000000000e+00
-5.485821159731510965e-01,-1.046757033932676961e+01,0.000000000000000000e+00
-3.686198420413771548e-01,-1.055589116180501286e+01,0.000000000000000000e+00
-1.858198061781773103e-01,-1.064560956618294085e+01,0.000000000000000000e+00
-1.972319462436749298e-15,-1.073680707400672674e+01,0.000000000000000000e+00
1.890310229644350526e-01,-1.082958005265592583e+01,0.000000000000000000e+00
3.814754945455808843e-01,-1.092402888303264774e+01,0.000000000000000000e+00
5.775466644326839871e-01,-1.102024684758151629e+01,0.000000000000000000e+00
7.774708193644151999e-01,-1.111835071206287928e+01,0.000000000000000000e+00
9.814901053619062843e-01,-1.121848323892936783e+01,0.000000000000000000e+00
1.189861748073275161e+00,-1.132077832130756967e+01,0.000000000000000000e+00
1.402856391844153672e+00,-1.142534844387724036e+01,0.000000000000000000e+00
1.620756315864807728e+00,-1.153228041726743136e+01,0.000000000000000000e+00
1.843857205458361070e+00,-1.164165622380723342e+01,0.000000000000000000e+00
2.072502337131935324e+00,-1.175374482569158197e+01,0.000000000000000000e+00
2.307100207930742997e+00,-1.186900163995607826e+01,0.000000000000000000e+00
2.548076714598656700e+00,-1.198775843276182229e+01,0.000000000000000000e+00
2.795693722535381731e+00,-1.210947991104967691e+01,0.000000000000000000e+00
3.050084416547321542e+00,-1.223322042356281436e+01,0.000000000000000000e+00
3.310879585218507781e+00,-1.235637082977802059e+01,0.000000000000000000e+00
3.576673777139218746e+00,-1.247334379130231952e+01,0.000000000000000000e+00
3.845856868685691321e+00,-1.257923100925580862e+01,0.000000000000000000e+00
4.118033476727711140e+00,-1.267400383686145737e+01,0.000000000000000000e+00
4.393328057339586756e+00,-1.275915113332403195e+01,0.000000000000000000e+00
4.671552093648418058e+00,-1.283498389110501492e+01,0.000000000000000000e+00
4.952215056905558299e+00,-1.290096129075669396e+01,0.000000000000000000e+00
5.234895602656764346e+00,-1.295682128514253684e+01,0.000000000000000000e+00
5.519317150647599313e+00,-1.300269636708477350e+01,0.000000000000000000e+00
5.805166084227771250e+00,-1.303861650379709936e+01,0.000000000000000000e+00
6.091987464048889578e+00,-1.306430927631031302e+01,0.000000000000000000e+00
6.379337051500467481e+00,-1.307957926342055011e+01,0.000000000000000000e+00
6.666949430207278482e+00,-1.308462499139638879e+01,0.000000000000000000e+00
6.954602004023258566e+00,-1.307970404491719485e+01,0.000000000000000000e+00
7.241985641170801458e+00,-1.306488793966208917e+01,0.000000000000000000e+00
7.528758046598546194e+00,-1.304019145460169504e+01,0.000000000000000000e+00
7.814592793319611985e+00,-1.300566644884605694e+01,0.000000000000000000e+00
8.099174764114163594e+00,-1.296138903174981039e+01,0.000000000000000000e+00
8.382193964881954784e+00,-1.290744680641978093e+01,0.000000000000000000e+00
8.663345490151773021e+00,-1.284393788043991158e+01,0.000000000000000000e+00
8.942323246208866649e+00,-1.277096111971686732e+01,0.000000000000000000e+00
9.218817431083358827e+00,-1.268861364026765060e+01,0.000000000000000000e+00
9.492478778332182898e+00,-1.259694480712736997e+01,0.000000000000000000e+00
9.762855477594099440e+00,-1.249588517485692307e+01,0.000000000000000000e+00
1.002953310598100778e+01,-1.238544191395010508e+01,0.000000000000000000e+00
1.029240978814863539e+01,-1.226601634147794861e+01,0.000000000000000000e+00
1.055148629260191839e+01,-1.213809648023479149e+01,0.000000000000000000e+00
1.080646100114707053e+01,-1.200179082888755744e+01,0.000000000000000000e+00
1.105677463979185227e+01,-1.185693915750722915e+01,0.000000000000000000e+00
1.130200744723549988e+01,-1.170357131829915431e+01,0.000000000000000000e+00
1.154211453500898443e+01,-1.154211453500898976e+01,0.000000000000000000e+00
1.177709779403475387e+01,-1.137301113950452525e+01,0.000000000000000000e+00
1.200663996965450053e+01,-1.119637290552625153e+01,0.000000000000000000e+00
1.223020180783028721e+01,-1.101212317034914179e+01,0.000000000000000000e+00
1.244731792777067803e+01,-1.082028839599320769e+01,0.000000000000000000e+00
1.265788205176646564e+01,-1.062122416112275936e+01,0.000000000000000000e+00
1.286189603200116771e+01,-1.041535804332877646e+01,0.000000000000000000e+00
1.305926332066496265e+01,-1.020301472520193542e+01,0.000000000000000000e+00
1.324956089221408995e+01,-9.984260272411518145e+00,0.000000000000000000e+00
1.343230123850638869e+01,-9.759138098753973978e+00,0.000000000000000000e+00
1.360703727113041950e+01,-9.527750069946005596e+00,0.000000000000000000e+00
1.377354985139944432e+01,-9.290376681922674962e+00,0.000000000000000000e+00
1.393169950228580234e+01,-9.047351442930377630e+00,0.000000000000000000e+00
1.408135848051652417e+01,-8.799009347723293573e+00,0.000000000000000000e+00
1.422238700254777299e+01,-8.545672258400390575e+00,0.000000000000000000e+00
1.435460751826322934e+01,-8.287636514780709618e+00,0.000000000000000000e+00
1.447784549813843036e+01,-8.025200805152850947e+00,0.000000000000000000e+00
1.459193525458160501e+01,-7.758669601054680065e+00,0.000000000000000000e+00
1.469672048725881552e+01,-7.488353112364531938e+00,0.000000000000000000e+00
1.479206195381813593e+01,-7.214570666962305090e+00,0.000000000000000000e+00
1.487783753161873257e+01,-6.937649577779687604e+00,0.000000000000000000e+00
1.495393537783526128e+01,-6.657920988462399770e+00,0.000000000000000000e+00
1.502025374028271898e+01,-6.375719445828153198e+00,0.000000000000000000e+00
1.507670104846892833e+01,-6.091382622657857127e+00,0.000000000000000000e+00
1.512319599758290245e+01,-5.805251038263632424e+00,0.000000000000000000e+00
1.515966762536877077e+01,-5.517667777003230967e+00,0.000000000000000000e+00
1.518605538183792980e+01,-5.228978204912945849e+00,0.000000000000000000e+00
1.520230919177689266e+01,-4.939529684630870499e+00,0.000000000000000000e+00
1.520838951001160844e+01,-4.649671288784582579e+00,0.000000000000000000e+00
1.520426736939361056e+01,-4.359753512016837362e+00,0.000000000000000000e+00
1.518961086920995029e+01,-4.070043965747808912e+00,0.000000000000000000e+00
1.516375216543913851e+01,-3.780748043017899018e+00,0.000000000000000000e+00
1.512879946556078714e+01,-3.492758566515410834e+00,0.000000000000000000e+00
1.508283362690405305e+01,-3.205955255975723173e+00,0.000000000000000000e+00
1.502781116763080860e+01,-2.921110580427332515e+00,0.000000000000000000e+00
1.496157247591978745e+01,-2.638128901329823250e+00,0.000000000000000000e+00
1.488598872196893907e+01,-2.357708992406413628e+00,0.000000000000000000e+00
1.479967122319688144e+01,-2.079958147029058679e+00,0.000000000000000000e+00
1.470325957207460910e+01,-1.805333270398619128e+00,0.000000000000000000e+00
1.459709756547983162e+01,-1.534216776718224651e+00,0.000000000000000000e+00
1.448097484879222385e+01,-1.266921136073353216e+00,0.000000000000000000e+00
1.435472610942742122e+01,-1.003780233154522472e+00,0.000000000000000000e+00
1.421934421532059645e+01,-7.452042531861181596e-01,0.000000000000000000e+00
1.407394856836048191e+01,-4.914731137944272077e-01,0.000000000000000000e+00
1.391907343980590106e+01,-2.429583306324539227e-01,0.000000000000000000e+00
1.375504238637205745e+01,-3.369013726121342516e-15,0.000000000000000000e+00
