2.498880802330623041e+01,0.000000000000000000e+00,0.000000000000000000e+00
2.435886894067760977e+01,4.251856389374704115e-01,0.000000000000000000e+00
2.375817474492421866e+01,8.296537438121610597e-01,0.000000000000000000e+00
2.318624120913689168e+01,1.215139411691800397e+00,0.000000000000000000e+00
2.264020236240173389e+01,1.583157172958686409e+00,0.000000000000000000e+00
2.211795716868031647e+01,1.935070512611470894e+00,0.000000000000000000e+00
2.161780266943343420e+01,2.272122617695099933e+00,0.000000000000000000e+00
2.113806286423095671e+01,2.595427767122592044e+00,0.000000000000000000e+00
2.067721450121184290e+01,2.905992985320704936e+00,0.000000000000000000e+00
2.023390585401959996e+01,3.204735854268253359e+00,0.000000000000000000e+00
1.980690712741533588e+01,3.492492130950121343e+00,0.000000000000000000e+00
1.939508086555049360e+01,3.770021814396753435e+00,0.000000000000000000e+00
1.899739647041466739e+01,4.038021274433554630e+00,0.000000000000000000e+00
1.861290945017652732e+01,4.297128736346154554e+00,0.000000000000000000e+00
1.824074356158520516e+01,4.547928162584645939e+00,0.000000000000000000e+00
1.788011375981874451e+01,4.790962042520036768e+00,0.000000000000000000e+00
1.753026209110242206e+01,5.026721765766170691e+00,0.000000000000000000e+00
1.719052829588046905e+01,5.255671930533920566e+00,0.000000000000000000e+00
1.686026932589544458e+01,5.478233587774935742e+00,0.000000000000000000e+00
1.653890076130646136e+01,5.694800225575280095e+00,0.000000000000000000e+00
1.622589311856968308e+01,5.905742119544168389e+00,0.000000000000000000e+00
1.592072273575355013e+01,6.111392870026441493e+00,0.000000000000000000e+00
1.562293028272529938e+01,6.312073558615280966e+00,0.000000000000000000e+00
1.533208178103625841e+01,6.508082596115994711e+00,0.000000000000000000e+00
1.504774958746924440e+01,6.699689765680998832e+00,0.000000000000000000e+00
1.476956089712526321e+01,6.887159353916122662e+00,0.000000000000000000e+00
1.449715931707651428e+01,7.070737040569425425e+00,0.000000000000000000e+00
1.423019078305002516e+01,7.250644355125041685e+00,0.000000000000000000e+00
1.396834318404471631e+01,7.427099815640906932e+00,0.000000000000000000e+00
1.371132334225140603e+01,7.600310636005586318e+00,0.000000000000000000e+00
1.345883655466216133e+01,7.770462907813373121e+00,0.000000000000000000e+00
1.321061151631054464e+01,7.937736213422970977e+00,0.000000000000000000e+00
1.296640452981422165e+01,8.102308795139180120e+00,0.000000000000000000e+00
1.272597139841414915e+01,8.264342456944490323e+00,0.000000000000000000e+00
1.248907193936943472e+01,8.423985390562444664e+00,0.000000000000000000e+00
1.225549456718943375e+01,8.581389680434185152e+00,0.000000000000000000e+00
1.202503575369532385e+01,8.736699875844649910e+00,0.000000000000000000e+00
1.179749029183195219e+01,8.890046590458361209e+00,0.000000000000000000e+00
1.157266135738841406e+01,9.041553978957281856e+00,0.000000000000000000e+00
1.135037384743643685e+01,9.191351512448207473e+00,0.000000000000000000e+00
1.113045414570857972e+01,9.339559968499695941e+00,0.000000000000000000e+00
1.091272712865118599e+01,9.486288966343824569e+00,0.000000000000000000e+00
1.069702584292069325e+01,9.631645330924303749e+00,0.000000000000000000e+00
1.048319919898954211e+01,9.775741404043996496e+00,0.000000000000000000e+00
1.027109595048962021e+01,9.918682064354220174e+00,0.000000000000000000e+00
1.006056311099718847e+01,1.006056311099718847e+01,0.000000000000000000e+00
9.851452933989524041e+00,1.020147814802719566e+01,0.000000000000000000e+00
9.643630445222695968e+00,1.034152754049821787e+01,0.000000000000000000e+00
9.436960218374130349e+00,1.048080612047153970e+01,0.000000000000000000e+00
9.231304649105563698e+00,1.061940122576346823e+01,0.000000000000000000e+00
9.026527759231314008e+00,1.075739688571528063e+01,0.000000000000000000e+00
8.822504192491857467e+00,1.089488534082676097e+01,0.000000000000000000e+00
8.619108630091464107e+00,1.103195596804871847e+01,0.000000000000000000e+00
8.416212980908019503e+00,1.116869185396845765e+01,0.000000000000000000e+00
8.213687912940297764e+00,1.130517154376362754e+01,0.000000000000000000e+00
8.011411691128973445e+00,1.144148163787631489e+01,0.000000000000000000e+00
7.809263954628177018e+00,1.157770993194518283e+01,0.000000000000000000e+00
7.607120818033359377e+00,1.171393882319409485e+01,0.000000000000000000e+00
7.404855323284619928e+00,1.185024565640580718e+01,0.000000000000000000e+00
7.202344145708934775e+00,1.198671358653074392e+01,0.000000000000000000e+00
6.999466779656275506e+00,1.212343208825517671e+01,0.000000000000000000e+00
6.796098492408938263e+00,1.226048622983384995e+01,0.000000000000000000e+00
6.592110180799721775e+00,1.239795607950902756e+01,0.000000000000000000e+00
6.387372525164598080e+00,1.253592442046300270e+01,0.000000000000000000e+00
6.181759464539361204e+00,1.267448517786422535e+01,0.000000000000000000e+00
5.975140215541427935e+00,1.281372954324356783e+01,0.000000000000000000e+00
5.767378337737094185e+00,1.295374383557608411e+01,0.000000000000000000e+00
5.558334164322445758e+00,1.309461469105802145e+01,0.000000000000000000e+00
5.347870289559835122e+00,1.323644344746515245e+01,0.000000000000000000e+00
5.135844042002605470e+00,1.337933115179379762e+01,0.000000000000000000e+00
4.922105543611185574e+00,1.352337383724414721e+01,0.000000000000000000e+00
4.706499468299106148e+00,1.366866695160973677e+01,0.000000000000000000e+00
4.488870769634153213e+00,1.381532366821024027e+01,0.000000000000000000e+00
4.269057828615717476e+00,1.396345897718793871e+01,0.000000000000000000e+00
4.046889914196423632e+00,1.411318233940270694e+01,0.000000000000000000e+00
3.822189073131541104e+00,1.426460381706150748e+01,0.000000000000000000e+00
3.594775075955332966e+00,1.441785533499150596e+01,0.000000000000000000e+00
3.364458359254780540e+00,1.457307021314574236e+01,0.000000000000000000e+00
3.131037928604106568e+00,1.473037531282992063e+01,0.000000000000000000e+00
2.894304258885556980e+00,1.488990459848965742e+01,0.000000000000000000e+00
2.654041468433258721e+00,1.505181712843702435e+01,0.000000000000000000e+00
2.410020245029047548e+00,1.521626897244966159e+01,0.000000000000000000e+00
2.161997318249858857e+00,1.538341025815087626e+01,0.000000000000000000e+00
1.909719321469623754e+00,1.555341573424519552e+01,0.000000000000000000e+00
1.652919354919476946e+00,1.572647715614239949e+01,0.000000000000000000e+00
1.391312738656473647e+00,1.590277737234162636e+01,0.000000000000000000e+00
1.124598661079285078e+00,1.608251012483991005e+01,0.000000000000000000e+00
8.524600030165672138e-01,1.626590583838028081e+01,0.000000000000000000e+00
5.745580368918056235e-01,1.645318947016846423e+01,0.000000000000000000e+00
2.905323796163277184e-01,1.664458888071277443e+01,0.000000000000000000e+00
1.031175828979355082e-15,1.684037927829150050e+01,0.000000000000000000e+00
-2.974488917534118815e-01,1.704083559566491957e+01,0.000000000000000000e+00
-6.022518563696473981e-01,1.724623669910744894e+01,0.000000000000000000e+00
-9.148782887029544009e-01,1.745691767937601568e+01,0.000000000000000000e+00
-1.235831337437390820e+00,1.767321150627805437e+01,0.000000000000000000e+00
-1.565650934376846326e+00,1.789547206779450761e+01,0.000000000000000000e+00
-1.904920847643126303e+00,1.812411120092334116e+01,0.000000000000000000e+00
-2.254267172241517514e+00,1.835953279194560750e+01,0.000000000000000000e+00
-2.614369464077156646e+00,1.860220532782044600e+01,0.000000000000000000e+00
-2.985962756961242803e+00,1.885262687952729266e+01,0.000000000000000000e+00
-3.369841569800664516e+00,1.911132122980251680e+01,0.000000000000000000e+00
-3.766873290592348766e+00,1.937888311476816838e+01,0.000000000000000000e+00
-4.177996118217010668e+00,1.965592633504787656e+01,0.000000000000000000e+00
-4.604248261180614143e+00,1.994319026251862326e+01,0.000000000000000000e+00
-5.046752271040042537e+00,2.024141778496612076e+01,0.000000000000000000e+00
-5.506721397500569992e+00,2.055136403859881256e+01,0.000000000000000000e+00
-5.985500924916517640e+00,2.087392237917699234e+01,0.000000000000000000e+00
-6.484707960103096802e+00,2.121052401140817523e+01,0.000000000000000000e+00
-7.005744511536077468e+00,2.156146454881048058e+01,0.000000000000000000e+00
-7.549229630686838277e+00,2.192455481151336727e+01,0.000000000000000000e+00
-8.114390430650018970e+00,2.229410448084959384e+01,0.000000000000000000e+00
-8.700059500051578354e+00,2.266442986576979024e+01,0.000000000000000000e+00
-9.307788972193595356e+00,2.303758611944954282e+01,0.000000000000000000e+00
-9.938452867434397930e+00,2.341352770037319786e+01,0.000000000000000000e+00
-1.059183817876149725e+01,2.378965805274098955e+01,0.000000000000000000e+00
-1.126812363081543289e+01,2.416456910744099673e+01,0.000000000000000000e+00
-1.196843686759099867e+01,2.453893208732109343e+01,0.000000000000000000e+00
-1.269348917615516648e+01,2.491237520863805699e+01,0.000000000000000000e+00
-1.344345434901182834e+01,2.528346037986180761e+01,0.000000000000000000e+00
-1.421870641114875511e+01,2.565122538389632112e+01,0.000000000000000000e+00
-1.501944686155239594e+01,2.601444506578968330e+01,0.000000000000000000e+00
-1.584545208833411678e+01,2.637126079918264310e+01,0.000000000000000000e+00
-1.669766495387742111e+01,2.672184978004868938e+01,0.000000000000000000e+00
-1.757637232301703989e+01,2.706523993117427196e+01,0.000000000000000000e+00
-1.848047432912915156e+01,2.739842991996855304e+01,0.000000000000000000e+00
-1.938839030876439651e+01,2.768949097340002652e+01,0.000000000000000000e+00
-2.029409178377133216e+01,2.793242102356545331e+01,0.000000000000000000e+00
-2.119565203874370951e+01,2.812758027888292034e+01,0.000000000000000000e+00
-2.209125677198400339e+01,2.827551924992961929e+01,0.000000000000000000e+00
-2.297907924021655290e+01,2.837679961353707014e+01,0.000000000000000000e+00
-2.385733249018833035e+01,2.843206170489651541e+01,0.000000000000000000e+00
-2.472426170703479542e+01,2.844200955963700395e+01,0.000000000000000000e+00
-2.557816551570979513e+01,2.840743072811979530e+01,0.000000000000000000e+00
-2.641738352910381948e+01,2.832917549733236839e+01,0.000000000000000000e+00
-2.724037912203185385e+01,2.820823834001174646e+01,0.000000000000000000e+00
-2.804556381981965529e+01,2.804556381981965885e+01,0.000000000000000000e+00
-2.883011326508631811e+01,2.784091675651036368e+01,0.000000000000000000e+00
-2.959152706010692668e+01,2.759454540540055945e+01,0.000000000000000000e+00
-3.033032061215354602e+01,2.730954334403320161e+01,0.000000000000000000e+00
-3.104546336085520508e+01,2.698740956895100851e+01,0.000000000000000000e+00
-3.173678900458894248e+01,2.663032794850174412e+01,0.000000000000000000e+00
-3.240163437004702729e+01,2.623832616228666126e+01,0.000000000000000000e+00
-3.303483613157494858e+01,2.580964264360428473e+01,0.000000000000000000e+00
-3.363897723770175929e+01,2.534878753878585655e+01,0.000000000000000000e+00
-3.421277740179350246e+01,2.485703778358373839e+01,0.000000000000000000e+00
-3.475370405624037318e+01,2.433480556088888846e+01,0.000000000000000000e+00
-3.526235141064094591e+01,2.378475635036787850e+01,0.000000000000000000e+00
-3.573700121910598426e+01,2.320787994979610858e+01,0.000000000000000000e+00
-3.617456612136707861e+01,2.260437768785976331e+01,0.000000000000000000e+00
-3.657466532880572885e+01,2.197627605019207309e+01,0.000000000000000000e+00
-3.693784758364512300e+01,2.132607624570287541e+01,0.000000000000000000e+00
-3.726336169770218021e+01,2.065541867659474207e+01,0.000000000000000000e+00
-3.754982146166009471e+01,1.996559422836930509e+01,0.000000000000000000e+00
-3.779596478436051399e+01,1.925800594582689840e+01,0.000000000000000000e+00
-3.800086853523666974e+01,1.853426197844196821e+01,0.000000000000000000e+00
-3.816371797282326384e+01,1.779603395439504965e+01,0.000000000000000000e+00
-3.828375130448389285e+01,1.704502426197433351e+01,0.000000000000000000e+00
-3.836026066593380079e+01,1.628296459592479906e+01,0.000000000000000000e+00
-3.839259306431278418e+01,1.551161447579932329e+01,0.000000000000000000e+00
-3.838191570995071800e+01,1.473343703681089423e+01,0.000000000000000000e+00
-3.832665477590111180e+01,1.394976151742459791e+01,0.000000000000000000e+00
-3.822545956276639600e+01,1.316208125814798002e+01,0.000000000000000000e+00
-3.807920208052208721e+01,1.237268277279469508e+01,0.000000000000000000e+00
-3.789119419588300985e+01,1.158450062278975956e+01,0.000000000000000000e+00
-3.765425458023963756e+01,1.079718375507119532e+01,0.000000000000000000e+00
-3.737251930463548177e+01,1.001393636679363119e+01,0.000000000000000000e+00
-3.704547450473384629e+01,9.236474172643259095e+00,0.000000000000000000e+00
-3.667338738260374953e+01,8.466718607468767033e+00,0.000000000000000000e+00
-3.626918391020701904e+01,7.709253026531289521e+00,0.000000000000000000e+00
-3.586111005510427674e+01,6.970693658532919557e+00,0.000000000000000000e+00
-3.544949601796433569e+01,6.250702600484399518e+00,0.000000000000000000e+00
-3.503604594706119002e+01,5.549164528510028838e+00,0.000000000000000000e+00
-3.462015664122066738e+01,4.865545711884704971e+00,0.000000000000000000e+00
-3.420337516628681840e+01,4.199646401189840894e+00,0.000000000000000000e+00
-3.378555034419543546e+01,3.551004431956682694e+00,0.000000000000000000e+00
-3.336738202139501652e+01,2.919267658410809929e+00,0.000000000000000000e+00
-3.294966407862980162e+01,2.304064963628194018e+00,0.000000000000000000e+00
-3.253230427168600869e+01,1.704945821839258357e+00,0.000000000000000000e+00
-3.212397571879668590e+01,1.121793951234591358e+00,0.000000000000000000e+00
-3.172778861037128806e+01,5.538106102227907668e-01,0.000000000000000000e+00
-3.134097533387303258e+01,3.838162512478375719e-15,0.000000000000000000e+00
-3.096304817856439229e+01,-5.404620163323607951e-01,0.000000000000000000e+00
-3.059400368062122411e+01,-1.068366150360652966e+00,0.000000000000000000e+00
-3.023336392165559516e+01,-1.584463463389979232e+00,0.000000000000000000e+00
-2.988047940850412587e+01,-2.089446664380388619e+00,0.000000000000000000e+00
-2.953486030011161745e+01,-2.583965455081629337e+00,0.000000000000000000e+00
-2.919611739043784837e+01,-3.068635591048874733e+00,0.000000000000000000e+00
-2.886386185262075443e+01,-3.544036603536145247e+00,0.000000000000000000e+00
-2.853771667321018768e+01,-4.010714521753316220e+00,0.000000000000000000e+00
-2.821730061624169039e+01,-4.469181365572629794e+00,0.000000000000000000e+00
-2.790228252846716472e+01,-4.919925233119172958e+00,0.000000000000000000e+00
-2.759234019935515292e+01,-5.363407617783749970e+00,0.000000000000000000e+00
-2.728716302267653404e+01,-5.800065549829484191e+00,0.000000000000000000e+00
-2.698647009598175472e+01,-6.230317535923408201e+00,0.000000000000000000e+00
-2.668997418899373741e+01,-6.654557960477844425e+00,0.000000000000000000e+00
-2.639741385799329620e+01,-7.073165725519418245e+00,0.000000000000000000e+00
-2.610854178252670010e+01,-7.486503885030567851e+00,0.000000000000000000e+00
-2.582310618287771220e+01,-7.894915850670537694e+00,0.000000000000000000e+00
-2.554088225823667457e+01,-8.298735704866695428e+00,0.000000000000000000e+00
-2.526164817928282957e+01,-8.698283025335678431e+00,0.000000000000000000e+00
-2.498518085939856093e+01,-9.093862130578727943e+00,0.000000000000000000e+00
-2.471128119954198255e+01,-9.485772112151000357e+00,0.000000000000000000e+00
-2.443974850100814322e+01,-9.874299347222750711e+00,0.000000000000000000e+00
-2.417038187037677588e+01,-1.025971840214413788e+01,0.000000000000000000e+00
-2.390300068668336309e+01,-1.064230157066105953e+01,0.000000000000000000e+00
-2.363742121191221557e+01,-1.102231053015007056e+01,0.000000000000000000e+00
-2.337345860412856169e+01,-1.139999746872861941e+01,0.000000000000000000e+00
-2.311094542516618944e+01,-1.177561485599899882e+01,0.000000000000000000e+00
-2.284971099179159637e+01,-1.214940684507455693e+01,0.000000000000000000e+00
-2.258958155578543625e+01,-1.252160952490238444e+01,0.000000000000000000e+00
-2.233039834427689030e+01,-1.289246149517984108e+01,0.000000000000000000e+00
-2.207200000231596348e+01,-1.326219558456788228e+01,0.000000000000000000e+00
-2.181421991123815829e+01,-1.363103745834292901e+01,0.000000000000000000e+00
-2.155690378445461519e+01,-1.399921700345297815e+01,0.000000000000000000e+00
-2.129989603399345199e+01,-1.436696128278680540e+01,0.000000000000000000e+00
-2.104303380907983367e+01,-1.473449089991947147e+01,0.000000000000000000e+00
-2.078616342721332444e+01,-1.510203172394014182e+01,0.000000000000000000e+00
-2.052913153959874393e+01,-1.546981021675763301e+01,0.000000000000000000e+00
-2.027177587692737148e+01,-1.583804711640894247e+01,0.000000000000000000e+00
-2.001393979876665341e+01,-1.620696889036733879e+01,0.000000000000000000e+00
-1.975546856572851340e+01,-1.657680638723714139e+01,0.000000000000000000e+00
-1.949619715895585159e+01,-1.694778562813072398e+01,0.000000000000000000e+00
-1.923596265338019506e+01,-1.732013856906573679e+01,0.000000000000000000e+00
-1.897460508338518181e+01,-1.769410549376103958e+01,0.000000000000000000e+00
-1.871195297477942532e+01,-1.806992294246233399e+01,0.000000000000000000e+00
-1.844783381934769295e+01,-1.844783381934768585e+01,0.000000000000000000e+00
-1.818207830241447454e+01,-1.882809324986394728e+01,0.000000000000000000e+00
-1.791450422476888704e+01,-1.921095378624711714e+01,0.000000000000000000e+00
-1.764492596132400948e+01,-1.959667559588095997e+01,0.000000000000000000e+00
-1.737316029986943988e+01,-1.998553474255606233e+01,0.000000000000000000e+00
-1.709900927928864078e+01,-2.037780573839395615e+01,0.000000000000000000e+00
-1.682227017633552890e+01,-2.077377360722115895e+01,0.000000000000000000e+00
-1.654274060575750838e+01,-2.117374241187999928e+01,0.000000000000000000e+00
-1.626020085849762964e+01,-2.157801534777702557e+01,0.000000000000000000e+00
-1.597442652142426134e+01,-2.198691185398356751e+01,0.000000000000000000e+00
-1.568518935863018626e+01,-2.240077191790030753e+01,0.000000000000000000e+00
-1.539224092355716067e+01,-2.281993561121031178e+01,0.000000000000000000e+00
-1.509532960462217765e+01,-2.324476917539073995e+01,0.000000000000000000e+00
-1.479419251014151371e+01,-2.367565710325994743e+01,0.000000000000000000e+00
-1.448854521789994010e+01,-2.411298853525856600e+01,0.000000000000000000e+00
-1.417810049264610051e+01,-2.455719040808034848e+01,0.000000000000000000e+00
-1.386254856493798293e+01,-2.500869962091747922e+01,0.000000000000000000e+00
-1.354156307861095598e+01,-2.546797606410038028e+01,0.000000000000000000e+00
-1.321480789393436872e+01,-2.593552080086798028e+01,0.000000000000000000e+00
-1.288191574693906993e+01,-2.641184134284997853e+01,0.000000000000000000e+00
-1.254250554689452990e+01,-2.689748994584480712e+01,0.000000000000000000e+00
-1.219616567003063956e+01,-2.739303659551697834e+01,0.000000000000000000e+00
-1.184246845143449889e+01,-2.789910731850511283e+01,0.000000000000000000e+00
-1.148096967249932199e+01,-2.841639710087424575e+01,0.000000000000000000e+00
-1.111117007197390016e+01,-2.894558765045220738e+01,0.000000000000000000e+00
-1.073250838275863472e+01,-2.948732443573674189e+01,0.000000000000000000e+00
-1.034441758658700827e+01,-3.004237007818707639e+01,0.000000000000000000e+00
-9.946447910767718170e+00,-3.061201898834098500e+01,0.000000000000000000e+00
-9.537430711305937336e+00,-3.119553021568604834e+01,0.000000000000000000e+00
-9.113283550480431927e+00,-3.178179668476326114e+01,0.000000000000000000e+00
-8.670648902325414298e+00,-3.235930223806977324e+01,0.000000000000000000e+00
-8.209797733855443980e+00,-3.292770021913319312e+01,0.000000000000000000e+00
-7.731526268915025923e+00,-3.348891950519958272e+01,0.000000000000000000e+00
-7.236198730117123112e+00,-3.404363842387869710e+01,0.000000000000000000e+00
-6.723498546969364220e+00,-3.458940145118166498e+01,0.000000000000000000e+00
-6.193078180832422674e+00,-3.512269169442603811e+01,0.000000000000000000e+00
-5.646069729248283764e+00,-3.564788130500221541e+01,0.000000000000000000e+00
-5.082610644971674141e+00,-3.616465389389924923e+01,0.000000000000000000e+00
-4.502122728608053848e+00,-3.666684716304233405e+01,0.000000000000000000e+00
-3.905493847313320277e+00,-3.715829183706291161e+01,0.000000000000000000e+00
-3.293146630480471959e+00,-3.764083822705404714e+01,0.000000000000000000e+00
-2.665014663312108123e+00,-3.811148526926980651e+01,0.000000000000000000e+00
-2.021190604386385203e+00,-3.856661419424825255e+01,0.000000000000000000e+00
-1.362236883288433953e+00,-3.900936042117638181e+01,0.000000000000000000e+00
-6.884284561039096806e-01,-3.944003983571596450e+01,0.000000000000000000e+00
-7.321695724157752749e-15,-3.985745511416244824e+01,0.000000000000000000e+00
7.027643597567397871e-01,-4.026134320592971250e+01,0.000000000000000000e+00
1.419563461612576072e+00,-4.065097883790981115e+01,0.000000000000000000e+00
2.150028359704936776e+00,-4.102498501402187969e+01,0.000000000000000000e+00
2.893794991273620276e+00,-4.138319638554870039e+01,0.000000000000000000e+00
3.650567351745348521e+00,-4.172617576520243432e+01,0.000000000000000000e+00
4.420011439136116493e+00,-4.205359972377407018e+01,0.000000000000000000e+00
5.201773100555706186e+00,-4.236504217064511835e+01,0.000000000000000000e+00
5.995494223617551022e+00,-4.266015806945774358e+01,0.000000000000000000e+00
6.800807224060543277e+00,-4.293860691192529089e+01,0.000000000000000000e+00
7.617338988229153784e+00,-4.320007611780925316e+01,0.000000000000000000e+00
8.444711305433337145e+00,-4.344427346007709190e+01,0.000000000000000000e+00
9.282541185738631739e+00,-4.367092275489996922e+01,0.000000000000000000e+00
1.013044506773255904e+01,-4.387977840664451890e+01,0.000000000000000000e+00
1.098802805025338714e+01,-4.407057340111338561e+01,0.000000000000000000e+00
1.185491450909087341e+01,-4.424314326731251867e+01,0.000000000000000000e+00
1.273034576563480336e+01,-4.439599169816373347e+01,0.000000000000000000e+00
1.361399794346933945e+01,-4.452938082143439402e+01,0.000000000000000000e+00
1.450563149772008664e+01,-4.464374325686396361e+01,0.000000000000000000e+00
1.540483646395911776e+01,-4.473889362744728260e+01,0.000000000000000000e+00
1.631121228542834345e+01,-4.481468743814527045e+01,0.000000000000000000e+00
1.722435700607490361e+01,-4.487098408290790275e+01,0.000000000000000000e+00
1.814385569937496001e+01,-4.490761871180530562e+01,0.000000000000000000e+00
1.906933294124736378e+01,-4.492453312431845802e+01,0.000000000000000000e+00
1.999980350443814103e+01,-4.492029414182642455e+01,0.000000000000000000e+00
2.093441433134294627e+01,-4.489399641037940825e+01,0.000000000000000000e+00
2.187362807473929394e+01,-4.484758367091471598e+01,0.000000000000000000e+00
2.281696910188044214e+01,-4.478082326313698758e+01,0.000000000000000000e+00
2.376402609811626121e+01,-4.469363280590822285e+01,0.000000000000000000e+00
2.471442835932407434e+01,-4.458600900445508586e+01,0.000000000000000000e+00
2.566679968165842496e+01,-4.445620111632507587e+01,0.000000000000000000e+00
2.662032394155927761e+01,-4.430365894946138638e+01,0.000000000000000000e+00
2.757576187576276183e+01,-4.413044389439698278e+01,0.000000000000000000e+00
2.853260585565350027e+01,-4.393636008345168165e+01,0.000000000000000000e+00
2.949036901332229021e+01,-4.372127004618926804e+01,0.000000000000000000e+00
3.044871953192192748e+01,-4.348527810736398891e+01,0.000000000000000000e+00
3.140461364626536422e+01,-4.322474244210197014e+01,0.000000000000000000e+00
3.236006749803222959e+01,-4.294326000055065151e+01,0.000000000000000000e+00
3.331447147712563606e+01,-4.264057899808192786e+01,0.000000000000000000e+00
3.426740585487389978e+01,-4.231672205201634540e+01,0.000000000000000000e+00
3.521845314079752143e+01,-4.197171805615629125e+01,0.000000000000000000e+00
3.616580084230538716e+01,-4.160399471083512424e+01,0.000000000000000000e+00
3.710873307031113910e+01,-4.121342335734353668e+01,0.000000000000000000e+00
3.804853934211484301e+01,-4.080206305262714039e+01,0.000000000000000000e+00
3.898161226943676638e+01,-4.036664118543225044e+01,0.000000000000000000e+00
3.989312262595394287e+01,-3.989312262595396419e+01,0.000000000000000000e+00
4.076527170009155299e+01,-3.936656528273892519e+01,0.000000000000000000e+00
4.159201669114503375e+01,-3.878518302738214629e+01,0.000000000000000000e+00
4.237135872747323617e+01,-3.815134276061147034e+01,0.000000000000000000e+00
4.310145844003606186e+01,-3.746752620246062548e+01,0.000000000000000000e+00
4.378051769863501619e+01,-3.673621625367503896e+01,0.000000000000000000e+00
4.441043085494878540e+01,-3.596285781364845491e+01,0.000000000000000000e+00
4.498761975639128252e+01,-3.514818068641818627e+01,0.000000000000000000e+00
4.550066116096779467e+01,-3.428720750020218588e+01,0.000000000000000000e+00
4.595436023826779603e+01,-3.338779706038013728e+01,0.000000000000000000e+00
4.635243081288741251e+01,-3.245632146952781483e+01,0.000000000000000000e+00
4.669076961371700918e+01,-3.149332176237973968e+01,0.000000000000000000e+00
4.696578898749801567e+01,-3.049993998899322634e+01,0.000000000000000000e+00
4.717590291634448363e+01,-2.947877588107359870e+01,0.000000000000000000e+00
4.731980668872881068e+01,-2.843260833925410580e+01,0.000000000000000000e+00
4.739628772789194500e+01,-2.736425947828740135e+01,0.000000000000000000e+00
4.740422678909632026e+01,-2.627659198631590698e+01,0.000000000000000000e+00
4.734233416032590469e+01,-2.517236558991469764e+01,0.000000000000000000e+00
4.720872876948253349e+01,-2.405404874633117274e+01,0.000000000000000000e+00
4.700290624979353282e+01,-2.292484913533027679e+01,0.000000000000000000e+00
4.672487284199640811e+01,-2.178816603254147566e+01,0.000000000000000000e+00
4.637475698511905620e+01,-2.064737208398740620e+01,0.000000000000000000e+00
4.595260653980733423e+01,-1.950572421533705736e+01,0.000000000000000000e+00
4.545818726639324581e+01,-1.836629983454866277e+01,0.000000000000000000e+00
4.488961296591182304e+01,-1.723150796427306020e+01,0.000000000000000000e+00
4.424315480393201483e+01,-1.610319141866298054e+01,0.000000000000000000e+00
4.352352866051780467e+01,-1.498635274562048103e+01,0.000000000000000000e+00
4.273184846746944743e+01,-1.388441922352076574e+01,0.000000000000000000e+00
4.186365832910813367e+01,-1.279900478931073060e+01,0.000000000000000000e+00
4.091950604704000227e+01,-1.173347954651838698e+01,0.000000000000000000e+00
3.990180697843351254e+01,-1.069165695641379266e+01,0.000000000000000000e+00
3.881949657338288517e+01,-9.678787552019256779e+00,0.000000000000000000e+00
3.765429711270371627e+01,-8.693179462514434519e+00,0.000000000000000000e+00
3.640912214088550769e+01,-7.738997815690519033e+00,0.000000000000000000e+00
3.511578782129215881e+01,-6.825817692317294849e+00,0.000000000000000000e+00
3.384486400759462299e+01,-5.967762682947790331e+00,0.000000000000000000e+00
3.266702869557406785e+01,-5.173949057014074704e+00,0.000000000000000000e+00
3.157414832907681657e+01,-4.437457161185587751e+00,0.000000000000000000e+00
3.055686361152927333e+01,-3.751911081111585222e+00,0.000000000000000000e+00
2.960704195080319323e+01,-3.111825502717969538e+00,0.000000000000000000e+00
2.871766244618960329e+01,-2.512469907005750347e+00,0.000000000000000000e+00
2.788261729670667677e+01,-1.949742536199663423e+00,0.000000000000000000e+00
2.709670378608898744e+01,-1.420078071319313295e+00,0.000000000000000000e+00
2.635498712018340584e+01,-9.203364301819008109e-01,0.000000000000000000e+00
2.565396328243659951e+01,-4.477915947610647818e-01,0.000000000000000000e+00
2.499332189911327973e+01,-6.121598332761705218e-15,0.000000000000000000e+00
