2.378969257547576532e+01,0.000000000000000000e+00,0.000000000000000000e+00
2.325848957349121804e+01,4.059784456375608586e-01,0.000000000000000000e+00
2.274919755348410177e+01,7.944194838874496511e-01,0.000000000000000000e+00
2.226148882453250266e+01,1.166675192827987706e+00,0.000000000000000000e+00
2.179338285258009833e+01,1.523941784345293149e+00,0.000000000000000000e+00
2.134343966201062415e+01,1.867309011075508396e+00,0.000000000000000000e+00
2.091043163472031452e+01,2.197774926042487031e+00,0.000000000000000000e+00
2.049314233514526506e+01,2.516241483141536062e+00,0.000000000000000000e+00
2.009049273841474559e+01,2.823534619039142157e+00,0.000000000000000000e+00
1.970149046175541585e+01,3.120409540344321719e+00,0.000000000000000000e+00
1.932523577564115769e+01,3.407560475798015798e+00,0.000000000000000000e+00
1.896088519194428557e+01,3.685622725134919175e+00,0.000000000000000000e+00
1.860767727502549818e+01,3.955183902244825855e+00,0.000000000000000000e+00
1.826489751993660704e+01,4.216783851521548776e+00,0.000000000000000000e+00
1.793189674972984093e+01,4.470924003800264224e+00,0.000000000000000000e+00
1.760806090086733633e+01,4.718065698665428798e+00,0.000000000000000000e+00
1.729283575779455262e+01,4.958640860232506498e+00,0.000000000000000000e+00
1.698568777093128901e+01,5.193045897250857301e+00,0.000000000000000000e+00
1.668614095451642498e+01,5.421655850240933994e+00,0.000000000000000000e+00
1.639373077043590854e+01,5.644814189097540513e+00,0.000000000000000000e+00
1.610804012173956323e+01,5.862847136678935200e+00,0.000000000000000000e+00
1.582866998730487396e+01,6.076057130570831966e+00,0.000000000000000000e+00
1.555524417743989574e+01,6.284726596955338529e+00,0.000000000000000000e+00
1.528742170575841541e+01,6.489125518870524800e+00,0.000000000000000000e+00
1.502486479131917108e+01,6.689500797977547819e+00,0.000000000000000000e+00
1.476726952912535040e+01,6.886090871470111452e+00,0.000000000000000000e+00
1.451434564294489071e+01,7.079119371773144209e+00,0.000000000000000000e+00
1.426580965576332005e+01,7.268793077254767532e+00,0.000000000000000000e+00
1.402140844972692513e+01,7.455315117897759691e+00,0.000000000000000000e+00
1.378089245645436023e+01,7.638873425709835630e+00,0.000000000000000000e+00
1.354402163553875305e+01,7.819644537188412237e+00,0.000000000000000000e+00
1.331057966206937948e+01,7.997803135366662097e+00,0.000000000000000000e+00
1.308035082617233336e+01,8.173510343496941388e+00,0.000000000000000000e+00
1.285312765673199209e+01,8.346918696618683242e+00,0.000000000000000000e+00
1.262872208139352459e+01,8.518180600735949071e+00,0.000000000000000000e+00
1.240694610991538838e+01,8.687437192324388491e+00,0.000000000000000000e+00
1.218761641626650771e+01,8.854821641433904489e+00,0.000000000000000000e+00
1.197056659574561799e+01,9.020468940249326550e+00,0.000000000000000000e+00
1.175563102973562124e+01,9.184505554048801201e+00,0.000000000000000000e+00
1.154264488931557509e+01,9.347049532207702072e+00,0.000000000000000000e+00
1.133145735411175359e+01,9.508221686536248995e+00,0.000000000000000000e+00
1.112192045384937700e+01,9.668137949578291312e+00,0.000000000000000000e+00
1.091388451571134510e+01,9.826905756946068493e+00,0.000000000000000000e+00
1.070720867603156101e+01,9.984633620823487377e+00,0.000000000000000000e+00
1.050175826021342296e+01,1.014143006762557064e+01,0.000000000000000000e+00
1.029739613902005502e+01,1.029739613902005324e+01,0.000000000000000000e+00
1.009398763959683976e+01,1.045263018782984155e+01,0.000000000000000000e+00
9.891406686405741056e+00,1.060723502863044487e+01,0.000000000000000000e+00
9.689525663398157462e+00,1.076130846452862855e+01,0.000000000000000000e+00
9.488215055813080667e+00,1.091494284112609492e+01,0.000000000000000000e+00
9.287351938783190874e+00,1.106823503873166992e+01,0.000000000000000000e+00
9.086814942706306297e+00,1.122128193470822843e+01,0.000000000000000000e+00
8.886479212152851304e+00,1.137417470725278612e+01,0.000000000000000000e+00
8.686220983219417491e+00,1.152700457523187261e+01,0.000000000000000000e+00
8.485921288554221675e+00,1.167986864010747183e+01,0.000000000000000000e+00
8.285457860679024122e+00,1.183286012867453074e+01,0.000000000000000000e+00
8.084705253721416796e+00,1.198606845109726216e+01,0.000000000000000000e+00
7.883541869126084123e+00,1.213958991503258389e+01,0.000000000000000000e+00
7.681845145543910292e+00,1.229352203316029346e+01,0.000000000000000000e+00
7.479487523743798327e+00,1.244795762426348062e+01,0.000000000000000000e+00
7.276340745852138525e+00,1.260299186499952029e+01,0.000000000000000000e+00
7.072278345235694985e+00,1.275872787337715053e+01,0.000000000000000000e+00
6.867168453245461102e+00,1.291526545201017306e+01,0.000000000000000000e+00
6.660874465658045196e+00,1.307270220215148449e+01,0.000000000000000000e+00
6.453261294686916116e+00,1.323114642321156786e+01,0.000000000000000000e+00
6.244189506418356572e+00,1.339070760948733074e+01,0.000000000000000000e+00
6.033512569253072222e+00,1.355149110635571041e+01,0.000000000000000000e+00
5.821082279168007467e+00,1.371361045903266884e+01,0.000000000000000000e+00
5.606747630965274176e+00,1.387718735182511587e+01,0.000000000000000000e+00
5.390348973901452290e+00,1.404233916679412175e+01,0.000000000000000000e+00
5.171721364331901327e+00,1.420918766821294454e+01,0.000000000000000000e+00
4.950697283189806619e+00,1.437786890191997280e+01,0.000000000000000000e+00
4.727099383088676277e+00,1.454851594992331343e+01,0.000000000000000000e+00
4.500741960297900413e+00,1.472126362596182858e+01,0.000000000000000000e+00
4.271435356813526596e+00,1.489626535928423934e+01,0.000000000000000000e+00
4.038978659488049239e+00,1.507367356789583823e+01,0.000000000000000000e+00
3.803160040475261905e+00,1.525364177752357975e+01,0.000000000000000000e+00
3.563761222153557728e+00,1.543634575546755805e+01,0.000000000000000000e+00
3.320550342203792749e+00,1.562196111997094050e+01,0.000000000000000000e+00
3.073282344607114247e+00,1.581066702815916969e+01,0.000000000000000000e+00
2.821702206988571326e+00,1.600266842686944813e+01,0.000000000000000000e+00
2.565537834740290180e+00,1.619816839004763054e+01,0.000000000000000000e+00
2.304501766338368896e+00,1.639738209338493036e+01,0.000000000000000000e+00
2.038291306416964321e+00,1.660055052058867631e+01,0.000000000000000000e+00
1.766582612827261034e+00,1.680791081693135425e+01,0.000000000000000000e+00
1.489033364047507524e+00,1.701972923161969220e+01,0.000000000000000000e+00
1.205278583189593355e+00,1.723628676455694020e+01,0.000000000000000000e+00
9.149283126537750555e-01,1.745787219321917050e+01,0.000000000000000000e+00
6.175673138071474666e-01,1.768481401743123982e+01,0.000000000000000000e+00
3.127500993634472759e-01,1.791744119254823175e+01,0.000000000000000000e+00
1.111742073779638508e-15,1.815612590591306130e+01,0.000000000000000000e+00
-3.211950865546464584e-01,1.840125418470419305e+01,0.000000000000000000e+00
-6.513857646376617350e-01,1.865324774104986005e+01,0.000000000000000000e+00
-9.911652769280364650e-01,1.891256012919392404e+01,0.000000000000000000e+00
-1.341173710997818791e+00,1.917967763325560782e+01,0.000000000000000000e+00
-1.702103458701459848e+00,1.945513155766865410e+01,0.000000000000000000e+00
-2.074704174639258270e+00,1.973949165221499413e+01,0.000000000000000000e+00
-2.459789609746720895e+00,2.003337872170974521e+01,0.000000000000000000e+00
-2.858245299492724101e+00,2.033747206315753076e+01,0.000000000000000000e+00
-3.271035460773176418e+00,2.065250509501239407e+01,0.000000000000000000e+00
-3.699212787852475870e+00,2.097927823064509312e+01,0.000000000000000000e+00
-4.143929019479717368e+00,2.131866667906029278e+01,0.000000000000000000e+00
-4.606460114967132924e+00,2.167169095498597642e+01,0.000000000000000000e+00
-5.088170701482255254e+00,2.203928863770989466e+01,0.000000000000000000e+00
-5.590595578344720984e+00,2.242265415273480045e+01,0.000000000000000000e+00
-6.115440144069005157e+00,2.282313332831185093e+01,0.000000000000000000e+00
-6.661897217931499249e+00,2.323279658119788849e+01,0.000000000000000000e+00
-7.227628402214879344e+00,2.364050728481489116e+01,0.000000000000000000e+00
-7.811017072045555842e+00,2.403983865122946639e+01,0.000000000000000000e+00
-8.411741473149511705e+00,2.442947108651767962e+01,0.000000000000000000e+00
-9.030512728994219529e+00,2.481112980900916298e+01,0.000000000000000000e+00
-9.667409477634954840e+00,2.518446271410403270e+01,0.000000000000000000e+00
-1.032227903387697232e+01,2.554853713404355631e+01,0.000000000000000000e+00
-1.099506736614733882e+01,2.590275546692975794e+01,0.000000000000000000e+00
-1.168568046857092213e+01,2.624646806050455083e+01,0.000000000000000000e+00
-1.239403764897063809e+01,2.657909951127356152e+01,0.000000000000000000e+00
-1.312006477664767345e+01,2.690011921332992983e+01,0.000000000000000000e+00
-1.386368767804430924e+01,2.720901908197207320e+01,0.000000000000000000e+00
-1.462489244679161793e+01,2.750542227752469060e+01,0.000000000000000000e+00
-1.540353044171211572e+01,2.778870451662579200e+01,0.000000000000000000e+00
-1.619964155624143842e+01,2.805860223981434842e+01,0.000000000000000000e+00
-1.700468271608673021e+01,2.830054454826363397e+01,0.000000000000000000e+00
-1.780873316904008163e+01,2.849993060889350005e+01,0.000000000000000000e+00
-1.861176766349474931e+01,2.865960893967276846e+01,0.000000000000000000e+00
-1.941190116100326435e+01,2.877932698593059513e+01,0.000000000000000000e+00
-2.020759116756169149e+01,2.885943104701280859e+01,0.000000000000000000e+00
-2.099714817192335659e+01,2.890009512528966695e+01,0.000000000000000000e+00
-2.177898390311644761e+01,2.890168780878494559e+01,0.000000000000000000e+00
-2.255039646483878002e+01,2.886319125780678618e+01,0.000000000000000000e+00
-2.330924088860865950e+01,2.878451529433340639e+01,0.000000000000000000e+00
-2.405604693683449824e+01,2.866888036058745470e+01,0.000000000000000000e+00
-2.478919253951001878e+01,2.851670393797105874e+01,0.000000000000000000e+00
-2.550726529138554000e+01,2.832868805168107684e+01,0.000000000000000000e+00
-2.620883902442480817e+01,2.810553889586699938e+01,0.000000000000000000e+00
-2.689261033550557300e+01,2.784811321937361583e+01,0.000000000000000000e+00
-2.755726838289736236e+01,2.755726838289736946e+01,0.000000000000000000e+00
-2.820187120077147469e+01,2.723423044713990038e+01,0.000000000000000000e+00
-2.882507565133165173e+01,2.687981790392614911e+01,0.000000000000000000e+00
-2.942244229746616924e+01,2.649208603775837645e+01,0.000000000000000000e+00
-2.999554188367929086e+01,2.607472675309356092e+01,0.000000000000000000e+00
-3.054449795955261493e+01,2.562987697235579176e+01,0.000000000000000000e+00
-3.106832671765463871e+01,2.515863491404258667e+01,0.000000000000000000e+00
-3.156492869955079072e+01,2.466122509466840995e+01,0.000000000000000000e+00
-3.203071771094285936e+01,2.413687705878028211e+01,0.000000000000000000e+00
-3.246671504105513861e+01,2.358844922195788030e+01,0.000000000000000000e+00
-3.287360911829979671e+01,2.301834891279298034e+01,0.000000000000000000e+00
-3.324905983003925769e+01,2.242677403236488942e+01,0.000000000000000000e+00
-3.359205322275104066e+01,2.181493443394942133e+01,0.000000000000000000e+00
-3.390269091760673348e+01,2.118475250166716251e+01,0.000000000000000000e+00
-3.418022264187725057e+01,2.053754973509820658e+01,0.000000000000000000e+00
-3.442323536453339727e+01,1.987426420409119743e+01,0.000000000000000000e+00
-3.463048057910578592e+01,1.919598884115767135e+01,0.000000000000000000e+00
-3.480131347032536837e+01,1.850418660637968316e+01,0.000000000000000000e+00
-3.493526404705126254e+01,1.780040611678035489e+01,0.000000000000000000e+00
-3.503191502007981484e+01,1.708620659516280327e+01,0.000000000000000000e+00
-3.509090195123316391e+01,1.636315631142620930e+01,0.000000000000000000e+00
-3.511191336042838174e+01,1.563283102413076620e+01,0.000000000000000000e+00
-3.509465967243276197e+01,1.489679921439454269e+01,0.000000000000000000e+00
-3.503873077716450268e+01,1.415656615395193541e+01,0.000000000000000000e+00
-3.494354194808839509e+01,1.341356901062252227e+01,0.000000000000000000e+00
-3.480850272557917435e+01,1.266925889148480167e+01,0.000000000000000000e+00
-3.463306488230953306e+01,1.192512057183177809e+01,0.000000000000000000e+00
-3.441672375966697217e+01,1.118267142932284486e+01,0.000000000000000000e+00
-3.415930495256233002e+01,1.044354758130108252e+01,0.000000000000000000e+00
-3.386772738013432615e+01,9.711414552390776223e+00,0.000000000000000000e+00
-3.355643139456889656e+01,8.991418693045117649e+00,0.000000000000000000e+00
-3.323964025035346026e+01,8.287573118846429665e+00,0.000000000000000000e+00
-3.292485698135320149e+01,7.601302174352873031e+00,0.000000000000000000e+00
-3.261628924856685074e+01,6.932806297110277072e+00,0.000000000000000000e+00
-3.231660739726584097e+01,6.281712136162819426e+00,0.000000000000000000e+00
-3.202508731823309063e+01,5.646886953748989413e+00,0.000000000000000000e+00
-3.174052362826959595e+01,5.027205070471204351e+00,0.000000000000000000e+00
-3.146218766527052324e+01,4.421722116040412764e+00,0.000000000000000000e+00
-3.118987790032658580e+01,3.829635462606809870e+00,0.000000000000000000e+00
-3.092338493311262582e+01,3.250178725220952636e+00,0.000000000000000000e+00
-3.066243141677734485e+01,2.682615145109168875e+00,0.000000000000000000e+00
-3.040667778590368542e+01,2.126242039361809777e+00,0.000000000000000000e+00
-3.015575692388891227e+01,1.580396252980210914e+00,0.000000000000000000e+00
-2.990935832066796962e+01,1.044457807562124918e+00,0.000000000000000000e+00
-2.966724609542954383e+01,5.178437068371299912e-01,0.000000000000000000e+00
-2.942916688020334703e+01,3.604033502141432813e-15,0.000000000000000000e+00
-2.919486863779596675e+01,-5.095983276435025466e-01,0.000000000000000000e+00
-2.896414291009013553e+01,-1.011450158089294504e+00,0.000000000000000000e+00
-2.873677279294851772e+01,-1.506030445839741549e+00,0.000000000000000000e+00
-2.851252717197875697e+01,-1.993790125589175899e+00,0.000000000000000000e+00
-2.829121161354662561e+01,-2.475160293598287709e+00,0.000000000000000000e+00
-2.807265343208670672e+01,-2.950554770857829023e+00,0.000000000000000000e+00
-2.785666510752236746e+01,-3.420368393446404642e+00,0.000000000000000000e+00
-2.764305585784261865e+01,-3.884978143986035359e+00,0.000000000000000000e+00
-2.743167223321744430e+01,-4.344750053824264491e+00,0.000000000000000000e+00
-2.722236141862542524e+01,-4.800036796700831054e+00,0.000000000000000000e+00
-2.701495750910946114e+01,-5.251175791963024864e+00,0.000000000000000000e+00
-2.680929834065228334e+01,-5.698492276074870411e+00,0.000000000000000000e+00
-2.660525261573588196e+01,-6.142306545833599252e+00,0.000000000000000000e+00
-2.640268404695071425e+01,-6.582928483125723318e+00,0.000000000000000000e+00
-2.620144482314347911e+01,-7.020655980889903169e+00,0.000000000000000000e+00
-2.600139158842791787e+01,-7.455779061289581122e+00,0.000000000000000000e+00
-2.580240616489256311e+01,-7.888587220065732097e+00,0.000000000000000000e+00
-2.560436435407297040e+01,-8.319362288162054142e+00,0.000000000000000000e+00
-2.540713113527990785e+01,-8.748376824348479630e+00,0.000000000000000000e+00
-2.521057324072638295e+01,-9.175898248412432068e+00,0.000000000000000000e+00
-2.501457979908101947e+01,-9.602197536390645993e+00,0.000000000000000000e+00
-2.481903447770087467e+01,-1.002754082889811649e+01,0.000000000000000000e+00
-2.462381015741229362e+01,-1.045218729094777643e+01,0.000000000000000000e+00
-2.442877756737530248e+01,-1.087639252001715207e+01,0.000000000000000000e+00
-2.423382800004791449e+01,-1.130041958283337067e+01,0.000000000000000000e+00
-2.403884867200446962e+01,-1.172452988893974890e+01,0.000000000000000000e+00
-2.384371543676728677e+01,-1.214897982553608635e+01,0.000000000000000000e+00
-2.364829837976986227e+01,-1.257402329126850660e+01,0.000000000000000000e+00
-2.345248601022555235e+01,-1.299992527453745517e+01,0.000000000000000000e+00
-2.325616465257097687e+01,-1.342695292248011718e+01,0.000000000000000000e+00
-2.305920806526383160e+01,-1.385537003237973686e+01,0.000000000000000000e+00
-2.286148131576741349e+01,-1.428543901347077849e+01,0.000000000000000000e+00
-2.266286563907242169e+01,-1.471743702962858258e+01,0.000000000000000000e+00
-2.246324150128124231e+01,-1.515164770850245191e+01,0.000000000000000000e+00
-2.226247496285270344e+01,-1.558835278819438130e+01,0.000000000000000000e+00
-2.206042106821730897e+01,-1.602783409176532459e+01,0.000000000000000000e+00
-2.185694977295333175e+01,-1.647039302430232155e+01,0.000000000000000000e+00
-2.165192966349242809e+01,-1.691634143222104214e+01,0.000000000000000000e+00
-2.144521228163015891e+01,-1.736599049414158102e+01,0.000000000000000000e+00
-2.123663676884034857e+01,-1.781965408017980224e+01,0.000000000000000000e+00
-2.102605796804034455e+01,-1.827767334017267586e+01,0.000000000000000000e+00
-2.081332489898737492e+01,-1.874040191433316593e+01,0.000000000000000000e+00
-2.059826583176559822e+01,-1.920819363639534316e+01,0.000000000000000000e+00
-2.038069831713595192e+01,-1.968141158758761833e+01,0.000000000000000000e+00
-2.016045608874206962e+01,-2.016045608874205897e+01,0.000000000000000000e+00
-1.993735702876037053e+01,-2.064573758014682880e+01,0.000000000000000000e+00
-1.971119410935240168e+01,-2.113766780009232704e+01,0.000000000000000000e+00
-1.948176102549824407e+01,-2.163668760582994466e+01,0.000000000000000000e+00
-1.924885904466348663e+01,-2.214327932003123678e+01,0.000000000000000000e+00
-1.901226075951884198e+01,-2.265793006349449001e+01,0.000000000000000000e+00
-1.877171569857444311e+01,-2.318113833945398383e+01,0.000000000000000000e+00
-1.852698423462849675e+01,-2.371345844088584798e+01,0.000000000000000000e+00
-1.827780347008661721e+01,-2.425546444557400605e+01,0.000000000000000000e+00
-1.802387646658491960e+01,-2.480773770541333434e+01,0.000000000000000000e+00
-1.776492321602885127e+01,-2.537093968089830298e+01,0.000000000000000000e+00
-1.750065633818660515e+01,-2.594579001035052102e+01,0.000000000000000000e+00
-1.723073992864592441e+01,-2.653301271672285111e+01,0.000000000000000000e+00
-1.695479402840569350e+01,-2.713334231643662875e+01,0.000000000000000000e+00
-1.667239254223239087e+01,-2.774752082973114398e+01,0.000000000000000000e+00
-1.638307717576704192e+01,-2.837632205275051334e+01,0.000000000000000000e+00
-1.608655757086115656e+01,-2.902091807575661164e+01,0.000000000000000000e+00
-1.578259896269829454e+01,-2.968275156109425339e+01,0.000000000000000000e+00
-1.547046642418112938e+01,-3.036249992916257412e+01,0.000000000000000000e+00
-1.514766079750538452e+01,-3.105730712406536753e+01,0.000000000000000000e+00
-1.481145081371734129e+01,-3.176325877280372723e+01,0.000000000000000000e+00
-1.446016907077844316e+01,-3.247807148984075809e+01,0.000000000000000000e+00
-1.409315395091160994e+01,-3.320139007717347823e+01,0.000000000000000000e+00
-1.370984003402755391e+01,-3.393304483066199140e+01,0.000000000000000000e+00
-1.330975217594440352e+01,-3.467308984733725197e+01,0.000000000000000000e+00
-1.289219273118565745e+01,-3.542100841618954377e+01,0.000000000000000000e+00
-1.245589550671431667e+01,-3.617454722179312654e+01,0.000000000000000000e+00
-1.199899569798381371e+01,-3.692911152232144900e+01,0.000000000000000000e+00
-1.151866090075667870e+01,-3.767584216867082603e+01,0.000000000000000000e+00
-1.101319234508421196e+01,-3.840756605704486049e+01,0.000000000000000000e+00
-1.048241498218420276e+01,-3.912090529953267293e+01,0.000000000000000000e+00
-9.928288099894791330e+00,-3.982018861370883656e+01,0.000000000000000000e+00
-9.351336932950101044e+00,-4.050509031737569643e+01,0.000000000000000000e+00
-8.750464035995312528e+00,-4.116769657565181006e+01,0.000000000000000000e+00
-8.127633394390025856e+00,-4.181304901944346852e+01,0.000000000000000000e+00
-7.483752284973080648e+00,-4.244246827629032737e+01,0.000000000000000000e+00
-6.818984758291891879e+00,-4.305337534621141060e+01,0.000000000000000000e+00
-6.133794020258616086e+00,-4.364421225508962721e+01,0.000000000000000000e+00
-5.428561663108309787e+00,-4.421208678997610519e+01,0.000000000000000000e+00
-4.704423550704804668e+00,-4.475960020843344722e+01,0.000000000000000000e+00
-3.962055949325220983e+00,-4.528650672725398607e+01,0.000000000000000000e+00
-3.202079358565721012e+00,-4.579186823435438924e+01,0.000000000000000000e+00
-2.425180584886771129e+00,-4.627520223264871646e+01,0.000000000000000000e+00
-1.632055714594782492e+00,-4.673596081496511090e+01,0.000000000000000000e+00
-8.234200149048919171e-01,-4.717370105990065099e+01,0.000000000000000000e+00
-8.741778275563745385e-15,-4.758802446359833027e+01,0.000000000000000000e+00
8.374693587486169433e-01,-4.797858742964601930e+01,0.000000000000000000e+00
1.688247554207688239e+00,-4.834508456655373010e+01,0.000000000000000000e+00
2.551591569384185298e+00,-4.868726750667447334e+01,0.000000000000000000e+00
3.426753867071800297e+00,-4.900486339689086890e+01,0.000000000000000000e+00
4.312996516659074686e+00,-4.929777576704086783e+01,0.000000000000000000e+00
5.209382681832077644e+00,-4.956396541646607545e+01,0.000000000000000000e+00
6.115061216763921337e+00,-4.980317697759713269e+01,0.000000000000000000e+00
7.029430905485518188e+00,-5.001699983048347065e+01,0.000000000000000000e+00
7.951728371828677311e+00,-5.020523705191789077e+01,0.000000000000000000e+00
8.881216859053058243e+00,-5.036788370883001420e+01,0.000000000000000000e+00
9.817127735514072029e+00,-5.050474391703259869e+01,0.000000000000000000e+00
1.075876921494832317e+01,-5.061602958957594467e+01,0.000000000000000000e+00
1.170451989358731382e+01,-5.069784553915242498e+01,0.000000000000000000e+00
1.265400995076238111e+01,-5.075246184329068200e+01,0.000000000000000000e+00
1.360677934587706339e+01,-5.078119184619193049e+01,0.000000000000000000e+00
1.456206511438429807e+01,-5.078395621205557120e+01,0.000000000000000000e+00
1.551913833353150096e+01,-5.076081425484910881e+01,0.000000000000000000e+00
1.647676904515052598e+01,-5.071028083609862591e+01,0.000000000000000000e+00
1.743335692294304451e+01,-5.063014481001636113e+01,0.000000000000000000e+00
1.838935303562768553e+01,-5.052433222376646427e+01,0.000000000000000000e+00
1.934391590357222412e+01,-5.039262378875263693e+01,0.000000000000000000e+00
2.029627043343667836e+01,-5.023503212318099997e+01,0.000000000000000000e+00
2.124574293560444005e+01,-5.005183375852704586e+01,0.000000000000000000e+00
2.218975616081160851e+01,-4.983900834115045342e+01,0.000000000000000000e+00
2.312898720377922501e+01,-4.960027312288155343e+01,0.000000000000000000e+00
2.406283668928116271e+01,-4.933612650332840133e+01,0.000000000000000000e+00
2.499055602125202569e+01,-4.904672778572424363e+01,0.000000000000000000e+00
2.591135127050548448e+01,-4.873216408732501748e+01,0.000000000000000000e+00
2.682445021277781194e+01,-4.839258919275195581e+01,0.000000000000000000e+00
2.772865771617655284e+01,-4.802744399010457954e+01,0.000000000000000000e+00
2.862240773871808841e+01,-4.763568593501921811e+01,0.000000000000000000e+00
2.950623001565345760e+01,-4.721983871587772086e+01,0.000000000000000000e+00
3.037929234307109994e+01,-4.678000790457586788e+01,0.000000000000000000e+00
3.124088652546888056e+01,-4.631651898439582737e+01,0.000000000000000000e+00
3.209026348983256582e+01,-4.582964583883362764e+01,0.000000000000000000e+00
3.292670481185769660e+01,-4.531972120373214352e+01,0.000000000000000000e+00
3.374950452214547170e+01,-4.478710520836780518e+01,0.000000000000000000e+00
3.455798012641515271e+01,-4.423219748829976083e+01,0.000000000000000000e+00
3.535147263832931230e+01,-4.365543304039952943e+01,0.000000000000000000e+00
3.612936170532767477e+01,-4.305729661045994305e+01,0.000000000000000000e+00
3.689103289883226466e+01,-4.243827875656756277e+01,0.000000000000000000e+00
3.763601530679864737e+01,-4.179902960803367762e+01,0.000000000000000000e+00
3.836355591127902898e+01,-4.113987696453814635e+01,0.000000000000000000e+00
3.907381045583575485e+01,-4.046211520232491665e+01,0.000000000000000000e+00
3.976494025949740774e+01,-3.976494025949742905e+01,0.000000000000000000e+00
4.042325151207787570e+01,-3.903628022641672146e+01,0.000000000000000000e+00
4.104051406550355807e+01,-3.827089850892694045e+01,0.000000000000000000e+00
4.161546209113964068e+01,-3.747073037218557090e+01,0.000000000000000000e+00
4.214624642197173188e+01,-3.663717306335463064e+01,0.000000000000000000e+00
4.262747851756654427e+01,-3.576870150210753252e+01,0.000000000000000000e+00
4.305870003289624037e+01,-3.486824777677273346e+01,0.000000000000000000e+00
4.344051213613239781e+01,-3.393944774005090892e+01,0.000000000000000000e+00
4.377123045541335244e+01,-3.298398798765950346e+01,0.000000000000000000e+00
4.404894133189420558e+01,-3.200342919123426100e+01,0.000000000000000000e+00
4.427255619258792052e+01,-3.099997758186305674e+01,0.000000000000000000e+00
4.444134476377392673e+01,-2.997606554309613358e+01,0.000000000000000000e+00
4.455466461193225314e+01,-2.893413751135721412e+01,0.000000000000000000e+00
4.461196076678734812e+01,-2.787664701174681881e+01,0.000000000000000000e+00
4.460962882467442370e+01,-2.680416919018359678e+01,0.000000000000000000e+00
4.454155454995273544e+01,-2.571607850953964203e+01,0.000000000000000000e+00
4.442703249250323694e+01,-2.462630623978080280e+01,0.000000000000000000e+00
4.424519215864589938e+01,-2.352558597642652671e+01,0.000000000000000000e+00
4.400225700941290796e+01,-2.242026978149050365e+01,0.000000000000000000e+00
4.370016948358394160e+01,-2.131399678299523259e+01,0.000000000000000000e+00
4.333627680065643517e+01,-2.020803774807092879e+01,0.000000000000000000e+00
4.291220127706559140e+01,-1.910574295828319435e+01,0.000000000000000000e+00
4.242422382288266647e+01,-1.800801461005330495e+01,0.000000000000000000e+00
4.187245356978150568e+01,-1.691756938225667284e+01,0.000000000000000000e+00
4.125783041403828832e+01,-1.583739725953966371e+01,0.000000000000000000e+00
4.058130629930005284e+01,-1.477038756058474611e+01,0.000000000000000000e+00
3.984307626319171902e+01,-1.371907135582295822e+01,0.000000000000000000e+00
3.904143184145603129e+01,-1.268533017442361910e+01,0.000000000000000000e+00
3.817817761655656739e+01,-1.167224025955959377e+01,0.000000000000000000e+00
3.725162475688649266e+01,-1.068173151105580310e+01,0.000000000000000000e+00
3.626592143524761269e+01,-9.717424361345138095e+00,0.000000000000000000e+00
3.521759208662300011e+01,-8.780731899903523541e+00,0.000000000000000000e+00
3.410829039643004990e+01,-7.874519306209233349e+00,0.000000000000000000e+00
3.297351955848849769e+01,-7.008737943511559543e+00,0.000000000000000000e+00
3.192023820790111799e+01,-6.204665770601427432e+00,0.000000000000000000e+00
3.093831179832274714e+01,-5.455259107615359149e+00,0.000000000000000000e+00
3.002044300988730186e+01,-4.754771064415646009e+00,0.000000000000000000e+00
2.916011301447561621e+01,-4.098186623070484202e+00,0.000000000000000000e+00
2.835158456895776524e+01,-3.481136862201062776e+00,0.000000000000000000e+00
2.758986601235758584e+01,-2.899811768311321369e+00,0.000000000000000000e+00
2.687058415131348710e+01,-2.350871495559295532e+00,0.000000000000000000e+00
2.618987330400248226e+01,-1.831374345353330879e+00,0.000000000000000000e+00
2.554437018824641825e+01,-1.338723714749929794e+00,0.000000000000000000e+00
2.493094069549795222e+01,-8.706076332399129702e-01,0.000000000000000000e+00
2.434702719393044035e+01,-4.249789404791579073e-01,0.000000000000000000e+00
2.379230351661264109e+01,-5.827433669192397575e-15,0.000000000000000000e+00
