2.350514649620154017e+01,0.000000000000000000e+00,0.000000000000000000e+00
2.296836672856681716e+01,4.009143325422463433e-01,0.000000000000000000e+00
2.245274667447861461e+01,7.840671910760730334e-01,0.000000000000000000e+00
2.195888617921940522e+01,1.150816460181954382e+00,0.000000000000000000e+00
2.148576137210422132e+01,1.502430794930272429e+00,0.000000000000000000e+00
2.103142716198621187e+01,1.840011454444990147e+00,0.000000000000000000e+00
2.059457234106261936e+01,2.164576776531038416e+00,0.000000000000000000e+00
2.017401478153251659e+01,2.477057546599176874e+00,0.000000000000000000e+00
1.976858976858230932e+01,2.778294106965712995e+00,0.000000000000000000e+00
1.937725845367690880e+01,3.069056235209506767e+00,0.000000000000000000e+00
1.899907060433778483e+01,3.350048755929832645e+00,0.000000000000000000e+00
1.863316656483732814e+01,3.621920677087679508e+00,0.000000000000000000e+00
1.827873348062986381e+01,3.885264740325399480e+00,0.000000000000000000e+00
1.793504256751472781e+01,4.140630835322100189e+00,0.000000000000000000e+00
1.760140653844279512e+01,4.388523539460844169e+00,0.000000000000000000e+00
1.727719878148990418e+01,4.629411460972196579e+00,0.000000000000000000e+00
1.696183798667108888e+01,4.863728776666403242e+00,0.000000000000000000e+00
1.665477444416831432e+01,5.091875540355860430e+00,0.000000000000000000e+00
1.635551705189759630e+01,5.314229632234686918e+00,0.000000000000000000e+00
1.606358321936035338e+01,5.531135270802266746e+00,0.000000000000000000e+00
1.577854506178271521e+01,5.742920742516885113e+00,0.000000000000000000e+00
1.549999263228784585e+01,5.949889714849228461e+00,0.000000000000000000e+00
1.522753492347823290e+01,6.152323463905952750e+00,0.000000000000000000e+00
1.496082487937936989e+01,6.350493391018638967e+00,0.000000000000000000e+00
1.469951768853260354e+01,6.544646935134942112e+00,0.000000000000000000e+00
1.444329458583918502e+01,6.735018874365440666e+00,0.000000000000000000e+00
1.419186577163949536e+01,6.921835429380977622e+00,0.000000000000000000e+00
1.394494084211144624e+01,7.105302250750052728e+00,0.000000000000000000e+00
1.370225329044853524e+01,7.285617309546017495e+00,0.000000000000000000e+00
1.346355832980882816e+01,7.462972246975358104e+00,0.000000000000000000e+00
1.322860977765311752e+01,7.637541416132542338e+00,0.000000000000000000e+00
1.299717842291376790e+01,7.809492672803616919e+00,0.000000000000000000e+00
1.276905544157935068e+01,7.978991398273960201e+00,0.000000000000000000e+00
1.254403080727568920e+01,8.146188855548331276e+00,0.000000000000000000e+00
1.232190228739000126e+01,8.311228036544735076e+00,0.000000000000000000e+00
1.210248851712088758e+01,8.474253690784497195e+00,0.000000000000000000e+00
1.188560898484237427e+01,8.635400398730610050e+00,0.000000000000000000e+00
1.167108357800273488e+01,8.794792299292170767e+00,0.000000000000000000e+00
1.145874890437671212e+01,8.952555816739119265e+00,0.000000000000000000e+00
1.124844783763275657e+01,9.108813457141909709e+00,0.000000000000000000e+00
1.104002116595918892e+01,9.263677688545719491e+00,0.000000000000000000e+00
1.083331575257918544e+01,9.417257710292700423e+00,0.000000000000000000e+00
1.062819113384259317e+01,9.569666280482316267e+00,0.000000000000000000e+00
1.042450598706438392e+01,9.721009098469911791e+00,0.000000000000000000e+00
1.022211763938497597e+01,9.871384259111456672e+00,0.000000000000000000e+00
1.002089272492803929e+01,1.002089272492803751e+01,0.000000000000000000e+00
9.820703315521241095e+00,1.016963598596579388e+01,0.000000000000000000e+00
9.621418943027187254e+00,1.031770862054110793e+01,0.000000000000000000e+00
9.422908922488156591e+00,1.046520057541100535e+01,0.000000000000000000e+00
9.225051546093700594e+00,1.061220785361152075e+01,0.000000000000000000e+00
9.027725652424290814e+00,1.075882447923155638e+01,0.000000000000000000e+00
8.830806974056409686e+00,1.090513842217215768e+01,0.000000000000000000e+00
8.634172149595411128e+00,1.105123639378917311e+01,0.000000000000000000e+00
8.437704482904907266e+00,1.119721204040227569e+01,0.000000000000000000e+00
8.241285058417805232e+00,1.134315575585548075e+01,0.000000000000000000e+00
8.044791349833500860e+00,1.148915273092091915e+01,0.000000000000000000e+00
7.848102591584263266e+00,1.163529057916651333e+01,0.000000000000000000e+00
7.651101675235377542e+00,1.178166340427801551e+01,0.000000000000000000e+00
7.453667488595842272e+00,1.192836144999061609e+01,0.000000000000000000e+00
7.255674819844899481e+00,1.207547073327515186e+01,0.000000000000000000e+00
7.057000756717758172e+00,1.222308385968716671e+01,0.000000000000000000e+00
6.857522672574742018e+00,1.237129838418135463e+01,0.000000000000000000e+00
6.657112463897897570e+00,1.252020759363970193e+01,0.000000000000000000e+00
6.455637726569863233e+00,1.266990242190140137e+01,0.000000000000000000e+00
6.252968288472841252e+00,1.282048490312938149e+01,0.000000000000000000e+00
6.048970458991399290e+00,1.297205901126493544e+01,0.000000000000000000e+00
5.843503671518749165e+00,1.312472413467541621e+01,0.000000000000000000e+00
5.636423791720948095e+00,1.327858232451107590e+01,0.000000000000000000e+00
5.427586906866135763e+00,1.343374899895879260e+01,0.000000000000000000e+00
5.216841804049596298e+00,1.359033753596708394e+01,0.000000000000000000e+00
5.004029310682283516e+00,1.374845753738864929e+01,0.000000000000000000e+00
4.788988147975803855e+00,1.390823147241191649e+01,0.000000000000000000e+00
4.571551972153804044e+00,1.406979024403882228e+01,0.000000000000000000e+00
4.351544192069146000e+00,1.423325971507881960e+01,0.000000000000000000e+00
4.128780959369689363e+00,1.439877035316117926e+01,0.000000000000000000e+00
3.903074416302950489e+00,1.456647202736485269e+01,0.000000000000000000e+00
3.674225181282422259e+00,1.473651230260481171e+01,0.000000000000000000e+00
3.442022477235234135e+00,1.490903731888820793e+01,0.000000000000000000e+00
3.206249303993256028e+00,1.508421701406100190e+01,0.000000000000000000e+00
2.966676111157098727e+00,1.526222550173642745e+01,0.000000000000000000e+00
2.723058594624686801e+00,1.544323270144872851e+01,0.000000000000000000e+00
2.475142408548561157e+00,1.562743413100990608e+01,0.000000000000000000e+00
2.222658300215125671e+00,1.581503557255662784e+01,0.000000000000000000e+00
1.965318910705715405e+00,1.600623805023701252e+01,0.000000000000000000e+00
1.702822438075581202e+00,1.620127327667895401e+01,0.000000000000000000e+00
1.434847710346016436e+00,1.640038437575233488e+01,0.000000000000000000e+00
1.161051707485153406e+00,1.660381297553066204e+01,0.000000000000000000e+00
8.810712526535968703e-01,1.681184100351115873e+01,0.000000000000000000e+00
5.945175335332416600e-01,1.702475467139212384e+01,0.000000000000000000e+00
3.009751509566854777e-01,1.724285485012067198e+01,0.000000000000000000e+00
1.069513750977816968e-15,1.746648505875251800e+01,0.000000000000000000e+00
-3.088845822898931281e-01,1.769598586772116633e+01,0.000000000000000000e+00
-6.261903964101981357e-01,1.793174679493188250e+01,0.000000000000000000e+00
-9.524681193730016870e-01,1.817417437645974587e+01,0.000000000000000000e+00
-1.288311016534236186e+00,1.842370588230138040e+01,0.000000000000000000e+00
-1.634360475574031080e+00,1.868082571737706488e+01,0.000000000000000000e+00
-1.991308795160834588e+00,1.894603761805907283e+01,0.000000000000000000e+00
-2.359908569435902770e+00,1.921991292783194538e+01,0.000000000000000000e+00
-2.740974166464797523e+00,1.950304459390092404e+01,0.000000000000000000e+00
-3.135394818909594150e+00,1.979610378699470985e+01,0.000000000000000000e+00
-3.544136865328239683e+00,2.009979897057295162e+01,0.000000000000000000e+00
-3.968260237484782849e+00,2.041492914116764013e+01,0.000000000000000000e+00
-4.408921483497845628e+00,2.074234476159040241e+01,0.000000000000000000e+00
-4.867388197989700238e+00,2.108297455036783674e+01,0.000000000000000000e+00
-5.345072174599172499e+00,2.143791356625532885e+01,0.000000000000000000e+00
-5.843512943619257882e+00,2.180828720027343337e+01,0.000000000000000000e+00
-6.364351070081070816e+00,2.219512984747508355e+01,0.000000000000000000e+00
-6.909684994734879737e+00,2.260056125792916504e+01,0.000000000000000000e+00
-7.481242177935312654e+00,2.302489588865265802e+01,0.000000000000000000e+00
-8.078336786389073154e+00,2.346119356855991356e+01,0.000000000000000000e+00
-8.696643402067097739e+00,2.389383137222838016e+01,0.000000000000000000e+00
-9.334855317078933012e+00,2.431812950702111564e+01,0.000000000000000000e+00
-9.993579867397210492e+00,2.473497814836060371e+01,0.000000000000000000e+00
-1.067251693957073577e+01,2.514287428138180758e+01,0.000000000000000000e+00
-1.137164951387448397e+01,2.554114298811210304e+01,0.000000000000000000e+00
-1.209087607456864966e+01,2.592896741693592233e+01,0.000000000000000000e+00
-1.283011729903111942e+01,2.630563878611647866e+01,0.000000000000000000e+00
-1.358929512142791651e+01,2.667049336772431900e+01,0.000000000000000000e+00
-1.436835814102354725e+01,2.702295141939742606e+01,0.000000000000000000e+00
-1.516721414392709377e+01,2.736237863007266924e+01,0.000000000000000000e+00
-1.598611075657677816e+01,2.768875604581434402e+01,0.000000000000000000e+00
-1.682303983695807759e+01,2.799824003141473483e+01,0.000000000000000000e+00
-1.766929328151161016e+01,2.827678014215609181e+01,0.000000000000000000e+00
-1.851698016296018068e+01,2.851364898859202768e+01,0.000000000000000000e+00
-1.936305470486110636e+01,2.870690913660405741e+01,0.000000000000000000e+00
-2.020566293648975176e+01,2.885667724765088238e+01,0.000000000000000000e+00
-2.103957896907277103e+01,2.895849610735730195e+01,0.000000000000000000e+00
-2.186725477818249530e+01,2.901882721644124530e+01,0.000000000000000000e+00
-2.268673782246257531e+01,2.903770023761921237e+01,0.000000000000000000e+00
-2.349644629410911278e+01,2.901569471727390948e+01,0.000000000000000000e+00
-2.429464940417703289e+01,2.895323570824476533e+01,0.000000000000000000e+00
-2.507970620888429991e+01,2.885090168508508057e+01,0.000000000000000000e+00
-2.585000398014852863e+01,2.870933792873740131e+01,0.000000000000000000e+00
-2.660399085476604242e+01,2.852928735443392227e+01,0.000000000000000000e+00
-2.734018546464691113e+01,2.831159083329820092e+01,0.000000000000000000e+00
-2.805718675169666909e+01,2.805718675169667264e+01,0.000000000000000000e+00
-2.875371350233236356e+01,2.776713836322095119e+01,0.000000000000000000e+00
-2.942853172605233780e+01,2.744254979742460421e+01,0.000000000000000000e+00
-3.008076488975288854e+01,2.708484236230597730e+01,0.000000000000000000e+00
-3.070911632830917526e+01,2.669502755425490292e+01,0.000000000000000000e+00
-3.131063940989865202e+01,2.627274598077077883e+01,0.000000000000000000e+00
-3.188293893100621545e+01,2.581829487766034248e+01,0.000000000000000000e+00
-3.242910439805423550e+01,2.533639314668555897e+01,0.000000000000000000e+00
-3.294723044402896051e+01,2.482751894076809762e+01,0.000000000000000000e+00
-3.343257970693962733e+01,2.429019097802065374e+01,0.000000000000000000e+00
-3.388794934001531800e+01,2.372859758234750061e+01,0.000000000000000000e+00
-3.431259731131483903e+01,2.314413912146640939e+01,0.000000000000000000e+00
-3.470269880175256816e+01,2.253619610630425996e+01,0.000000000000000000e+00
-3.505735054590698496e+01,2.190626391527900907e+01,0.000000000000000000e+00
-3.537665358545731209e+01,2.125643797248145717e+01,0.000000000000000000e+00
-3.566021788829600325e+01,2.058843639716839746e+01,0.000000000000000000e+00
-3.590750589612171240e+01,1.990385553331394064e+01,0.000000000000000000e+00
-3.611789649892813969e+01,1.920422622025320791e+01,0.000000000000000000e+00
-3.629056340241413636e+01,1.849096563002113314e+01,0.000000000000000000e+00
-3.642469573145683626e+01,1.776551113682732108e+01,0.000000000000000000e+00
-3.651952567297717422e+01,1.702933449349733763e+01,0.000000000000000000e+00
-3.657432966526799589e+01,1.628394071290827583e+01,0.000000000000000000e+00
-3.658842956083355347e+01,1.553086691323291113e+01,0.000000000000000000e+00
-3.656154170557050520e+01,1.477182170601634503e+01,0.000000000000000000e+00
-3.649436252842198769e+01,1.400887325620534085e+01,0.000000000000000000e+00
-3.638609579048409870e+01,1.324345580889498564e+01,0.000000000000000000e+00
-3.623550011611963839e+01,1.247688327134087594e+01,0.000000000000000000e+00
-3.604136419132134250e+01,1.171054910486368072e+01,0.000000000000000000e+00
-3.580251011079681689e+01,1.094592581410450016e+01,0.000000000000000000e+00
-3.551897984658491225e+01,1.018490357786833478e+01,0.000000000000000000e+00
-3.519935144614942146e+01,9.431637794095019345e+00,0.000000000000000000e+00
-3.485609543993461301e+01,8.690600662950195954e+00,0.000000000000000000e+00
-3.449967014286739442e+01,7.964876440312383288e+00,0.000000000000000000e+00
-3.413625910231791494e+01,7.255885863065689279e+00,0.000000000000000000e+00
-3.377063534962350388e+01,6.564346539036985284e+00,0.000000000000000000e+00
-3.340361211284216836e+01,5.889958068614164155e+00,0.000000000000000000e+00
-3.303497785033284373e+01,5.232226477958424660e+00,0.000000000000000000e+00
-3.266459224610323275e+01,4.590709059480621690e+00,0.000000000000000000e+00
-3.229246633472903483e+01,3.965016299381534992e+00,0.000000000000000000e+00
-3.192052760130417610e+01,3.354982642812002425e+00,0.000000000000000000e+00
-3.155217464589816245e+01,2.760457591106189490e+00,0.000000000000000000e+00
-3.119014658413821550e+01,2.181027514679564128e+00,0.000000000000000000e+00
-3.083630761051082558e+01,1.616062403155614335e+00,0.000000000000000000e+00
-3.049169694964700383e+01,1.064793520590842091e+00,0.000000000000000000e+00
-3.015552572333831094e+01,5.263666594454035064e-01,0.000000000000000000e+00
-2.982678059533156301e+01,3.652727138494318759e-15,0.000000000000000000e+00
-2.950496463407606029e+01,-5.150110733925518103e-01,0.000000000000000000e+00
-2.918980133118376941e+01,-1.019330323796177051e+00,0.000000000000000000e+00
-2.888097101683869994e+01,-1.513587554530384738e+00,0.000000000000000000e+00
-2.857809639885078923e+01,-1.998375172585937776e+00,0.000000000000000000e+00
-2.828078163327610639e+01,-2.474247788563818329e+00,0.000000000000000000e+00
-2.798869378683641074e+01,-2.941730256550619149e+00,0.000000000000000000e+00
-2.770153891990916506e+01,-3.401321292615776315e+00,0.000000000000000000e+00
-2.741901482603918083e+01,-3.853491230368794707e+00,0.000000000000000000e+00
-2.714085304360005679e+01,-4.298688819241078818e+00,0.000000000000000000e+00
-2.686678876028496532e+01,-4.737339743433174100e+00,0.000000000000000000e+00
-2.659655361686776942e+01,-5.169846314044659330e+00,0.000000000000000000e+00
-2.632991733600237438e+01,-5.596596697996565339e+00,0.000000000000000000e+00
-2.606665178114690207e+01,-6.017960745413322599e+00,0.000000000000000000e+00
-2.580652432917689509e+01,-6.434289171317623790e+00,0.000000000000000000e+00
-2.554933243858509329e+01,-6.845922994073149859e+00,0.000000000000000000e+00
-2.529487587805199666e+01,-7.253188941373180931e+00,0.000000000000000000e+00
-2.504294751853347378e+01,-7.656397410574695250e+00,0.000000000000000000e+00
-2.479336382537674055e+01,-8.055852242733347879e+00,0.000000000000000000e+00
-2.454594815903112703e+01,-8.451847745531045675e+00,0.000000000000000000e+00
-2.430051510153436567e+01,-8.844664174294848635e+00,0.000000000000000000e+00
-2.405689277568442463e+01,-9.234575931288572903e+00,0.000000000000000000e+00
-2.381492255289461113e+01,-9.621853277602564702e+00,0.000000000000000000e+00
-2.357443739703734664e+01,-1.000675498135225361e+01,0.000000000000000000e+00
-2.333527234264639461e+01,-1.038953262643308584e+01,0.000000000000000000e+00
-2.309728041750124561e+01,-1.077043874123430989e+01,0.000000000000000000e+00
-2.286030945675927839e+01,-1.114971790676183439e+01,0.000000000000000000e+00
-2.262420122799046851e+01,-1.152760630014423704e+01,0.000000000000000000e+00
-2.238881219033184422e+01,-1.190434260529693589e+01,0.000000000000000000e+00
-2.215400103312800084e+01,-1.228016329855684319e+01,0.000000000000000000e+00
-2.191961747537461491e+01,-1.265529704994116322e+01,0.000000000000000000e+00
-2.168551509107478381e+01,-1.302997202155469836e+01,0.000000000000000000e+00
-2.145155829663061553e+01,-1.340442133026072469e+01,0.000000000000000000e+00
-2.121760342746149064e+01,-1.377887277524701837e+01,0.000000000000000000e+00
-2.098350079976347615e+01,-1.415355000261033247e+01,0.000000000000000000e+00
-2.074911274671478623e+01,-1.452868515641286074e+01,0.000000000000000000e+00
-2.051429898553634246e+01,-1.490451064520938118e+01,0.000000000000000000e+00
-2.027890889270035402e+01,-1.528125392775990932e+01,0.000000000000000000e+00
-2.004279531389674318e+01,-1.565914789376370031e+01,0.000000000000000000e+00
-1.980581702982883741e+01,-1.603843439513715907e+01,0.000000000000000000e+00
-1.956782173924593238e+01,-1.641935200434402020e+01,0.000000000000000000e+00
-1.932865069113076828e+01,-1.680213970568242843e+01,0.000000000000000000e+00
-1.908815491655284546e+01,-1.718705188504787884e+01,0.000000000000000000e+00
-1.884617716317508851e+01,-1.757434452068384445e+01,0.000000000000000000e+00
-1.860254771831431242e+01,-1.796427151438907899e+01,0.000000000000000000e+00
-1.835710227600632649e+01,-1.835710227600631583e+01,0.000000000000000000e+00
-1.810967429824328434e+01,-1.875311670870486225e+01,0.000000000000000000e+00
-1.786008140657438403e+01,-1.915259245890397111e+01,0.000000000000000000e+00
-1.760813907808992695e+01,-1.955581962297962306e+01,0.000000000000000000e+00
-1.735366551349259367e+01,-1.996310855620261648e+01,0.000000000000000000e+00
-1.709646126886943307e+01,-2.037476913782289856e+01,0.000000000000000000e+00
-1.683631798319330031e+01,-2.079112120396537478e+01,0.000000000000000000e+00
-1.657303176978814108e+01,-2.121251333381039572e+01,0.000000000000000000e+00
-1.630637967976189628e+01,-2.163929671340429906e+01,0.000000000000000000e+00
-1.603612493648435944e+01,-2.207183243699401487e+01,0.000000000000000000e+00
-1.576203404775236194e+01,-2.251051750749886082e+01,0.000000000000000000e+00
-1.548385168004899626e+01,-2.295575414308103035e+01,0.000000000000000000e+00
-1.520130638951441249e+01,-2.340795911342400615e+01,0.000000000000000000e+00
-1.491412746013843638e+01,-2.386759314497883722e+01,0.000000000000000000e+00
-1.462201687794589056e+01,-2.433512268054830585e+01,0.000000000000000000e+00
-1.432466018407219899e+01,-2.481103923997196503e+01,0.000000000000000000e+00
-1.402173426175778026e+01,-2.529587821993655083e+01,0.000000000000000000e+00
-1.371288234591564859e+01,-2.579018074414405604e+01,0.000000000000000000e+00
-1.339774253064783061e+01,-2.629455024070258418e+01,0.000000000000000000e+00
-1.307593310868928960e+01,-2.680963588497953154e+01,0.000000000000000000e+00
-1.274702883916488538e+01,-2.733609156152398256e+01,0.000000000000000000e+00
-1.241056789483955569e+01,-2.787459187684468276e+01,0.000000000000000000e+00
-1.206604902066776930e+01,-2.842583013148553306e+01,0.000000000000000000e+00
-1.171302757184027499e+01,-2.899076055676444241e+01,0.000000000000000000e+00
-1.135104508524628919e+01,-2.957048342442139344e+01,0.000000000000000000e+00
-1.097872034563095056e+01,-3.016378624412802267e+01,0.000000000000000000e+00
-1.059354476592052130e+01,-3.076588794233216007e+01,0.000000000000000000e+00
-1.019387434717139485e+01,-3.137351925832251709e+01,0.000000000000000000e+00
-9.779658005823741007e+00,-3.198781999622793393e+01,0.000000000000000000e+00
-9.350067428572563344e+00,-3.260756020129041843e+01,0.000000000000000000e+00
-8.902477057213486589e+00,-3.322449669073701273e+01,0.000000000000000000e+00
-8.435436688161576768e+00,-3.383268863492718737e+01,0.000000000000000000e+00
-7.949122706939707683e+00,-3.443143322683366137e+01,0.000000000000000000e+00
-7.443132661811122652e+00,-3.501718602959903848e+01,0.000000000000000000e+00
-6.917233684706634023e+00,-3.558608233206249594e+01,0.000000000000000000e+00
-6.373161479220786241e+00,-3.614399483059275298e+01,0.000000000000000000e+00
-5.811192523816039568e+00,-3.669042559931175873e+01,0.000000000000000000e+00
-5.230616180269356263e+00,-3.721776799850165673e+01,0.000000000000000000e+00
-4.632752033560180394e+00,-3.773073747621798901e+01,0.000000000000000000e+00
-4.018310645601992803e+00,-3.823167197253984995e+01,0.000000000000000000e+00
-3.387299028756976860e+00,-3.871700506378491013e+01,0.000000000000000000e+00
-2.739897072336544781e+00,-3.918235360922686539e+01,0.000000000000000000e+00
-2.077004074477331486e+00,-3.963159864607001737e+01,0.000000000000000000e+00
-1.399104381225038995e+00,-4.006510742999635255e+01,0.000000000000000000e+00
-7.066084422391478714e-01,-4.048157054385150388e+01,0.000000000000000000e+00
-7.509657590955283217e-15,-4.088067185947708992e+01,0.000000000000000000e+00
7.202270753996498076e-01,-4.126178151508091929e+01,0.000000000000000000e+00
1.453538844114138362e+00,-4.162390649660847686e+01,0.000000000000000000e+00
2.199332934865763534e+00,-4.196577235199598732e+01,0.000000000000000000e+00
2.957111031317726457e+00,-4.228865794291607472e+01,0.000000000000000000e+00
3.726344930754196483e+00,-4.259231745665019986e+01,0.000000000000000000e+00
4.506483555096275850e+00,-4.287632695014682582e+01,0.000000000000000000e+00
5.296974888110645097e+00,-4.314039850905498241e+01,0.000000000000000000e+00
6.097256778503433061e+00,-4.338423627136521787e+01,0.000000000000000000e+00
6.906762759646043470e+00,-4.360758383521644532e+01,0.000000000000000000e+00
7.724921468096633603e+00,-4.381020667999108298e+01,0.000000000000000000e+00
8.551158002640073974e+00,-4.399189424367878587e+01,0.000000000000000000e+00
9.384894648973464371e+00,-4.415245793984396272e+01,0.000000000000000000e+00
1.022555060175418085e+01,-4.429172573277008240e+01,0.000000000000000000e+00
1.107254527601048011e+01,-4.440955347873527614e+01,0.000000000000000000e+00
1.192528911424444082e+01,-4.450578486930822919e+01,0.000000000000000000e+00
1.278320755451697899e+01,-4.458034266423869241e+01,0.000000000000000000e+00
1.364538618902797396e+01,-4.463204714660947303e+01,0.000000000000000000e+00
1.451133981593707389e+01,-4.466131165386534008e+01,0.000000000000000000e+00
1.538061317491959556e+01,-4.466854408792562481e+01,0.000000000000000000e+00
1.625261079163978195e+01,-4.465368115721489062e+01,0.000000000000000000e+00
1.712674279094074947e+01,-4.461669035850325571e+01,0.000000000000000000e+00
1.800241546837734674e+01,-4.455754185551894864e+01,0.000000000000000000e+00
1.887903484346848515e+01,-4.447621890045432735e+01,0.000000000000000000e+00
1.975600513620833709e+01,-4.437271404136443920e+01,0.000000000000000000e+00
2.063272984177578806e+01,-4.424703193469223805e+01,0.000000000000000000e+00
2.150860861036562355e+01,-4.409918286085816419e+01,0.000000000000000000e+00
2.238304767695789721e+01,-4.392920451602024201e+01,0.000000000000000000e+00
2.325542885981493413e+01,-4.373710051963286105e+01,0.000000000000000000e+00
2.412517818860899865e+01,-4.352297355668324030e+01,0.000000000000000000e+00
2.499090335611560576e+01,-4.328551433983579244e+01,0.000000000000000000e+00
2.585275480492837374e+01,-4.302620938408107065e+01,0.000000000000000000e+00
2.671016240237864281e+01,-4.274519516882062931e+01,0.000000000000000000e+00
2.756255309877526827e+01,-4.244260983008314980e+01,0.000000000000000000e+00
2.840933646405947854e+01,-4.211857338296039188e+01,0.000000000000000000e+00
2.924993312175736548e+01,-4.177323368517794222e+01,0.000000000000000000e+00
3.008376592516214032e+01,-4.140675151907993978e+01,0.000000000000000000e+00
3.091026437982419850e+01,-4.101930628016355485e+01,0.000000000000000000e+00
3.172886515101744465e+01,-4.061109544902734569e+01,0.000000000000000000e+00
3.253901377400754313e+01,-4.018233558597678012e+01,0.000000000000000000e+00
3.334016683593865338e+01,-3.973326360442023741e+01,0.000000000000000000e+00
3.413179183765576852e+01,-3.926413501188314825e+01,0.000000000000000000e+00
3.491337661484259769e+01,-3.877523300338911127e+01,0.000000000000000000e+00
3.568440526974306692e+01,-3.826683964711241970e+01,0.000000000000000000e+00
3.644444685514465476e+01,-3.773932948783174623e+01,0.000000000000000000e+00
3.719289948899342590e+01,-3.719289948899344722e+01,0.000000000000000000e+00
3.792962811648554577e+01,-3.662821610469690370e+01,0.000000000000000000e+00
3.865076553464380282e+01,-3.604242195182490605e+01,0.000000000000000000e+00
3.933368954033461051e+01,-3.541621313927291226e+01,0.000000000000000000e+00
3.997147372617313010e+01,-3.474667200113206178e+01,0.000000000000000000e+00
4.056622584059376635e+01,-3.403910514109649910e+01,0.000000000000000000e+00
4.111410239159175717e+01,-3.329354365585570008e+01,0.000000000000000000e+00
4.160524870754243665e+01,-3.250558280244013076e+01,0.000000000000000000e+00
4.204327553315310695e+01,-3.168188055759524246e+01,0.000000000000000000e+00
4.243154054405966491e+01,-3.082831873404307998e+01,0.000000000000000000e+00
4.276542448667438379e+01,-2.994467260030753408e+01,0.000000000000000000e+00
4.304051617827992970e+01,-2.903119473154410102e+01,0.000000000000000000e+00
4.325614950215440757e+01,-2.809087193918578507e+01,0.000000000000000000e+00
4.341252335377032523e+01,-2.712715533281907199e+01,0.000000000000000000e+00
4.350998342821755926e+01,-2.614343557655771733e+01,0.000000000000000000e+00
4.354901889965722717e+01,-2.514303778466122807e+01,0.000000000000000000e+00
4.352183434304843956e+01,-2.412454671217971125e+01,0.000000000000000000e+00
4.342731464347151871e+01,-2.309071278766445801e+01,0.000000000000000000e+00
4.327262125647848023e+01,-2.204850179650938458e+01,0.000000000000000000e+00
4.305319587548948590e+01,-2.099844667038552970e+01,0.000000000000000000e+00
4.276811399399897340e+01,-1.994309908024771261e+01,0.000000000000000000e+00
4.241752002130683508e+01,-1.888549667313495206e+01,0.000000000000000000e+00
4.199711071261671691e+01,-1.782671585107245349e+01,0.000000000000000000e+00
4.151068165880466410e+01,-1.677140404245152894e+01,0.000000000000000000e+00
4.095691058981132926e+01,-1.572188496158975468e+01,0.000000000000000000e+00
4.033591819964262726e+01,-1.468107359646629462e+01,0.000000000000000000e+00
3.964607659984275756e+01,-1.365123893192314242e+01,0.000000000000000000e+00
3.888958041869160098e+01,-1.263599065626646478e+01,0.000000000000000000e+00
3.806434116784658528e+01,-1.163743696452065457e+01,0.000000000000000000e+00
3.717124696395102745e+01,-1.065868354981408217e+01,0.000000000000000000e+00
3.619704409018456204e+01,-9.698968732358693501e+00,0.000000000000000000e+00
3.516768739064261240e+01,-8.768289261722236105e+00,0.000000000000000000e+00
3.408033704273812248e+01,-7.868065766006484552e+00,0.000000000000000000e+00
3.292601218666048624e+01,-6.998639939901817542e+00,0.000000000000000000e+00
3.183663483367373814e+01,-6.188414920874151903e+00,0.000000000000000000e+00
3.082256072352663168e+01,-5.434849070082800715e+00,0.000000000000000000e+00
2.987653381539900721e+01,-4.731978087189062876e+00,0.000000000000000000e+00
2.899166921236735917e+01,-4.074513390521745215e+00,0.000000000000000000e+00
2.816166941606711660e+01,-3.457818213544576746e+00,0.000000000000000000e+00
2.738112992507087640e+01,-2.877872721484701746e+00,0.000000000000000000e+00
2.664532442426438763e+01,-2.331163823093555632e+00,0.000000000000000000e+00
2.595009873900618302e+01,-1.814607674437997753e+00,0.000000000000000000e+00
2.529179705477535833e+01,-1.325486917718152302e+00,0.000000000000000000e+00
2.466723012843638330e+01,-8.613986573150178572e-01,0.000000000000000000e+00
2.407319569818455562e+01,-4.201991939415221644e-01,0.000000000000000000e+00
2.350854751287230116e+01,-5.757933492848507534e-15,0.000000000000000000e+00
