2.304416827087705499e+01,0.000000000000000000e+00,0.000000000000000000e+00
2.256203830296699664e+01,3.938218434912210131e-01,0.000000000000000000e+00
2.209830763060080727e+01,7.716899069259407495e-01,0.000000000000000000e+00
2.165298450458974955e+01,1.134784832735650895e+00,0.000000000000000000e+00
2.122455447182376886e+01,1.484165429136013570e+00,0.000000000000000000e+00
2.081168709446085430e+01,1.820786689614100728e+00,0.000000000000000000e+00
2.041339159990279839e+01,2.145533913286567174e+00,0.000000000000000000e+00
2.002869060925584677e+01,2.459213981917607761e+00,0.000000000000000000e+00
1.965664938241488002e+01,2.762561911656833846e+00,0.000000000000000000e+00
1.929644826885248676e+01,3.056257159313568117e+00,0.000000000000000000e+00
1.894731888167697065e+01,3.340923530926589446e+00,0.000000000000000000e+00
1.860856005308110994e+01,3.617137655725704448e+00,0.000000000000000000e+00
1.827951187927856935e+01,3.885430194065776721e+00,0.000000000000000000e+00
1.795957798880665024e+01,4.146295283654270136e+00,0.000000000000000000e+00
1.764818941069869496e+01,4.400187819567675795e+00,0.000000000000000000e+00
1.734483603483746705e+01,4.647534808384936156e+00,0.000000000000000000e+00
1.704902171836854663e+01,4.888728309443882480e+00,0.000000000000000000e+00
1.676030543494597325e+01,5.124139602081322131e+00,0.000000000000000000e+00
1.647825785625757433e+01,5.354110537102713785e+00,0.000000000000000000e+00
1.620248668762295807e+01,5.578963570506785707e+00,0.000000000000000000e+00
1.593262593661675197e+01,5.799001594626170153e+00,0.000000000000000000e+00
1.566831958282484472e+01,6.014504377287567927e+00,0.000000000000000000e+00
1.540925114104520510e+01,6.225741581462577834e+00,0.000000000000000000e+00
1.515510791349371544e+01,6.432961646216970308e+00,0.000000000000000000e+00
1.490559867345274547e+01,6.636400101118026029e+00,0.000000000000000000e+00
1.466045680457480671e+01,6.836283280023791598e+00,0.000000000000000000e+00
1.441941546021346809e+01,7.032818828016517365e+00,0.000000000000000000e+00
1.418223200524077399e+01,7.226208137304580781e+00,0.000000000000000000e+00
1.394867764497993257e+01,7.416643463041453721e+00,0.000000000000000000e+00
1.371852330925356611e+01,7.604301642885045176e+00,0.000000000000000000e+00
1.349156158740429312e+01,7.789356714276282290e+00,0.000000000000000000e+00
1.326759432236657865e+01,7.971974937543726547e+00,0.000000000000000000e+00
1.304642244799561901e+01,8.152309539814323713e+00,0.000000000000000000e+00
1.282786414719127777e+01,8.330512381692123824e+00,0.000000000000000000e+00
1.261174614292392526e+01,8.506730185656811827e+00,0.000000000000000000e+00
1.239789324362558176e+01,8.681098307105861167e+00,0.000000000000000000e+00
1.218614192949858399e+01,8.853750364090025471e+00,0.000000000000000000e+00
1.197633861432231228e+01,9.024818468225065615e+00,0.000000000000000000e+00
1.176832744209889192e+01,9.194425078536426099e+00,0.000000000000000000e+00
1.156195780765923331e+01,9.362688825116796565e+00,0.000000000000000000e+00
1.135709071568811446e+01,9.529730630780807843e+00,0.000000000000000000e+00
1.115358577538241214e+01,9.695664193635643358e+00,0.000000000000000000e+00
1.095130241503023427e+01,9.860596984821924593e+00,0.000000000000000000e+00
1.075011066319069819e+01,1.002464037107466943e+01,0.000000000000000000e+00
1.054988180296163769e+01,1.018790243266146867e+01,0.000000000000000000e+00
1.035048437925939879e+01,1.035048437925939702e+01,0.000000000000000000e+00
1.015179218171382125e+01,1.051248854346675898e+01,0.000000000000000000e+00
9.953684370155675865e+00,1.067401966801668678e+01,0.000000000000000000e+00
9.756036984773702514e+00,1.083517677042613414e+01,0.000000000000000000e+00
9.558725300144262249e+00,1.099605559859011983e+01,0.000000000000000000e+00
9.361631509195724732e+00,1.115675798362715909e+01,0.000000000000000000e+00
9.164636363074432523e+00,1.131738338543834566e+01,0.000000000000000000e+00
8.967616886212216087e+00,1.147802619422067671e+01,0.000000000000000000e+00
8.770453031582409409e+00,1.163878427882646172e+01,0.000000000000000000e+00
8.573027105278933746e+00,1.179975951141524249e+01,0.000000000000000000e+00
8.375216884580925836e+00,1.196104929974715070e+01,0.000000000000000000e+00
8.176897749538886373e+00,1.212274944698601686e+01,0.000000000000000000e+00
7.977949113307126972e+00,1.228496432267725957e+01,0.000000000000000000e+00
7.778246906669756378e+00,1.244779710015035157e+01,0.000000000000000000e+00
7.577661712572862918e+00,1.261134691242809858e+01,0.000000000000000000e+00
7.376065031950792772e+00,1.277571939527092404e+01,0.000000000000000000e+00
7.173327737997279741e+00,1.294102580356022969e+01,0.000000000000000000e+00
6.969314023177449080e+00,1.310737332869914873e+01,0.000000000000000000e+00
6.763884418023929257e+00,1.327487061683635616e+01,0.000000000000000000e+00
6.556900407809002296e+00,1.344363809498364937e+01,0.000000000000000000e+00
6.348216611329003278e+00,1.361379445588878490e+01,0.000000000000000000e+00
6.137680550673799473e+00,1.378545622329003351e+01,0.000000000000000000e+00
5.925139319276758521e+00,1.395875348315348674e+01,0.000000000000000000e+00
5.710433832186697423e+00,1.413381970534893561e+01,0.000000000000000000e+00
5.493395482194847190e+00,1.431078449870412506e+01,0.000000000000000000e+00
5.273852272341956748e+00,1.448979003179896985e+01,0.000000000000000000e+00
5.051626260384189493e+00,1.467098793536059631e+01,0.000000000000000000e+00
4.826527888540625533e+00,1.485452542427871769e+01,0.000000000000000000e+00
4.598361219190366000e+00,1.504056183452473405e+01,0.000000000000000000e+00
4.366923151800658154e+00,1.522927087473288310e+01,0.000000000000000000e+00
4.131996747809031589e+00,1.542082179953267307e+01,0.000000000000000000e+00
3.893356101163697236e+00,1.561539841801280026e+01,0.000000000000000000e+00
3.650765222636422003e+00,1.581320148452529395e+01,0.000000000000000000e+00
3.403971635059124257e+00,1.601442744610974955e+01,0.000000000000000000e+00
3.152711474783420176e+00,1.621929447879271535e+01,0.000000000000000000e+00
2.896705958538106085e+00,1.642803583943544510e+01,0.000000000000000000e+00
2.635656982610569798e+00,1.664088326612133173e+01,0.000000000000000000e+00
2.369251648587828551e+00,1.685810144507067676e+01,0.000000000000000000e+00
2.097155501963418267e+00,1.707996092132302834e+01,0.000000000000000000e+00
1.819012331339486144e+00,1.730674626708896469e+01,0.000000000000000000e+00
1.534444115895580607e+00,1.753877650035088465e+01,0.000000000000000000e+00
1.243044921611719422e+00,1.777637056606980082e+01,0.000000000000000000e+00
9.443824614887239566e-01,1.801989083315952200e+01,0.000000000000000000e+00
6.379923578461524913e-01,1.826971075184689397e+01,0.000000000000000000e+00
3.233766676910103666e-01,1.852623688430097459e+01,0.000000000000000000e+00
1.150550018831214341e-15,1.878990774535600039e+01,0.000000000000000000e+00
-3.327142897583817982e-01,1.906118889426311114e+01,0.000000000000000000e+00
-6.753885479102533784e-01,1.934059752233872587e+01,0.000000000000000000e+00
-1.028695136082029782e+00,1.962867250158246435e+01,0.000000000000000000e+00
-1.393361818778621419e+00,1.992600234519817803e+01,0.000000000000000000e+00
-1.770178932716457654e+00,2.023323778619534963e+01,0.000000000000000000e+00
-2.160010691742446642e+00,2.055112894625510123e+01,0.000000000000000000e+00
-2.563785046323876937e+00,2.088035358412256315e+01,0.000000000000000000e+00
-2.982502830224508017e+00,2.122161033510468897e+01,0.000000000000000000e+00
-3.417366456308058353e+00,2.157640263971466510e+01,0.000000000000000000e+00
-3.869567438147798022e+00,2.194540746175228918e+01,0.000000000000000000e+00
-4.339707049059358113e+00,2.232585732737298656e+01,0.000000000000000000e+00
-4.826745748578141537e+00,2.270805337955787451e+01,0.000000000000000000e+00
-5.328964265555133473e+00,2.308228015117446574e+01,0.000000000000000000e+00
-5.846290496048867524e+00,2.344819045346460840e+01,0.000000000000000000e+00
-6.379089678808219865e+00,2.380708678735049943e+01,0.000000000000000000e+00
-6.927637904708226380e+00,2.415954449057925046e+01,0.000000000000000000e+00
-7.491549644697981236e+00,2.450375477186433670e+01,0.000000000000000000e+00
-8.069888537508097315e+00,2.483656309872796442e+01,0.000000000000000000e+00
-8.663329864298976446e+00,2.516013682879092173e+01,0.000000000000000000e+00
-9.271954761549348945e+00,2.547448634156160452e+01,0.000000000000000000e+00
-9.895559862737801637e+00,2.577881478744114219e+01,0.000000000000000000e+00
-1.053401938015700168e+01,2.607261288145907230e+01,0.000000000000000000e+00
-1.118716342124940155e+01,2.635530541280736472e+01,0.000000000000000000e+00
-1.185482762244251553e+01,2.662637878830138405e+01,0.000000000000000000e+00
-1.253684066198916369e+01,2.688534156096140748e+01,0.000000000000000000e+00
-1.323303106039261756e+01,2.713173441886112158e+01,0.000000000000000000e+00
-1.394322780185388488e+01,2.736512536456992706e+01,0.000000000000000000e+00
-1.466726412087088249e+01,2.758511180634658899e+01,0.000000000000000000e+00
-1.540497328667606602e+01,2.779130747784421374e+01,0.000000000000000000e+00
-1.615621494551693971e+01,2.798338514363899776e+01,0.000000000000000000e+00
-1.692067143761833137e+01,2.816072630122263831e+01,0.000000000000000000e+00
-1.769639316533833551e+01,2.832014902197699868e+01,0.000000000000000000e+00
-1.847455725756082501e+01,2.844832344290434278e+01,0.000000000000000000e+00
-1.924806246906405249e+01,2.853642613612933587e+01,0.000000000000000000e+00
-2.001608518739872977e+01,2.858593216316388208e+01,0.000000000000000000e+00
-2.077865306038356508e+01,2.859936240405496122e+01,0.000000000000000000e+00
-2.153424467914840079e+01,2.857690788897075151e+01,0.000000000000000000e+00
-2.228145941316709866e+01,2.851896752893294007e+01,0.000000000000000000e+00
-2.301886972540139809e+01,2.842593677054898293e+01,0.000000000000000000e+00
-2.374508414336763806e+01,2.829828933431019067e+01,0.000000000000000000e+00
-2.445873910450572097e+01,2.813656074628445580e+01,0.000000000000000000e+00
-2.515851312018892116e+01,2.794135952577626014e+01,0.000000000000000000e+00
-2.584313482806490470e+01,2.771336915856591787e+01,0.000000000000000000e+00
-2.651139913448399810e+01,2.745335746475926797e+01,0.000000000000000000e+00
-2.716216162241277132e+01,2.716216162241277843e+01,0.000000000000000000e+00
-2.779441866413726814e+01,2.684075810624557690e+01,0.000000000000000000e+00
-2.840708103058567957e+01,2.649003161415614116e+01,0.000000000000000000e+00
-2.899973018326865315e+01,2.611147434056124084e+01,0.000000000000000000e+00
-2.957088533692189003e+01,2.570557844887052212e+01,0.000000000000000000e+00
-3.011637574975397058e+01,2.527063978401494637e+01,0.000000000000000000e+00
-3.063740564301923897e+01,2.480968190823560704e+01,0.000000000000000000e+00
-3.113635362905072412e+01,2.432638555220760423e+01,0.000000000000000000e+00
-3.161057404568997597e+01,2.382027609820394076e+01,0.000000000000000000e+00
-3.205372799226799430e+01,2.328839656749859444e+01,0.000000000000000000e+00
-3.246904397024374589e+01,2.273506934642720978e+01,0.000000000000000000e+00
-3.285827877664813457e+01,2.216318888363191775e+01,0.000000000000000000e+00
-3.321808763024166922e+01,2.157207833857923163e+01,0.000000000000000000e+00
-3.354721208599868021e+01,2.096262467454275580e+01,0.000000000000000000e+00
-3.384608766258866552e+01,2.033678118460411000e+01,0.000000000000000000e+00
-3.411428455260602277e+01,1.969589136965857534e+01,0.000000000000000000e+00
-3.435059603521599314e+01,1.904084630511783161e+01,0.000000000000000000e+00
-3.455389785141709780e+01,1.837263338826579329e+01,0.000000000000000000e+00
-3.472355304324921121e+01,1.769253397240520087e+01,0.000000000000000000e+00
-3.485911354283979335e+01,1.700192568336052190e+01,0.000000000000000000e+00
-3.496017699409237167e+01,1.630219826279947526e+01,0.000000000000000000e+00
-3.502638695266864488e+01,1.559475221404473544e+01,0.000000000000000000e+00
-3.505743310924709277e+01,1.488099747582818999e+01,0.000000000000000000e+00
-3.505330421166332400e+01,1.416245420368995056e+01,0.000000000000000000e+00
-3.501464105422788720e+01,1.344086140039263988e+01,0.000000000000000000e+00
-3.494072080611552167e+01,1.271738233723184486e+01,0.000000000000000000e+00
-3.483042637715526979e+01,1.199307758430728832e+01,0.000000000000000000e+00
-3.468266292934742978e+01,1.126908030355185097e+01,0.000000000000000000e+00
-3.449636094979086209e+01,1.054659594102349018e+01,0.000000000000000000e+00
-3.427047932685122333e+01,9.826901814717224681e+00,0.000000000000000000e+00
-3.400580344747762496e+01,9.111827571723129182e+00,0.000000000000000000e+00
-3.371012913974485059e+01,8.404879173998294206e+00,0.000000000000000000e+00
-3.339310560053712607e+01,7.709405886060909374e+00,0.000000000000000000e+00
-3.306415036572442290e+01,7.028002116278985412e+00,0.000000000000000000e+00
-3.273214674207865471e+01,6.362484802466418898e+00,0.000000000000000000e+00
-3.240487694450211364e+01,5.713854111853402529e+00,0.000000000000000000e+00
-3.208476589436828164e+01,5.081727689123294311e+00,0.000000000000000000e+00
-3.177259387502561694e+01,4.465346863856200166e+00,0.000000000000000000e+00
-3.146837056619757789e+01,3.863830062300459112e+00,0.000000000000000000e+00
-3.117136789263310703e+01,3.276242784540272179e+00,0.000000000000000000e+00
-3.088087076995721958e+01,2.701726112180343531e+00,0.000000000000000000e+00
-3.059650942175050048e+01,2.139516360462598854e+00,0.000000000000000000e+00
-3.031799582207344557e+01,1.588898833347389905e+00,0.000000000000000000e+00
-3.004502258025566874e+01,1.049195307899455365e+00,0.000000000000000000e+00
-2.977727611937384822e+01,5.197642880491312178e-01,0.000000000000000000e+00
-2.951442092368840164e+01,3.614474111288267238e-15,0.000000000000000000e+00
-2.925614731261207879e+01,-5.106679508911329268e-01,0.000000000000000000e+00
-2.900220528569504808e+01,-1.012779325534101993e+00,0.000000000000000000e+00
-2.875233201155308294e+01,-1.506845869934186233e+00,0.000000000000000000e+00
-2.850627403426184259e+01,-1.993352863603988112e+00,0.000000000000000000e+00
-2.826381476504617751e+01,-2.472763379938160977e+00,0.000000000000000000e+00
-2.802472652860809887e+01,-2.945517450319058206e+00,0.000000000000000000e+00
-2.778878132282035196e+01,-3.412033312749340741e+00,0.000000000000000000e+00
-2.755579100432477802e+01,-3.872713868632456702e+00,0.000000000000000000e+00
-2.732556459449347841e+01,-4.327944254850811134e+00,0.000000000000000000e+00
-2.709790100733609819e+01,-4.778091068160449595e+00,0.000000000000000000e+00
-2.687262642090825082e+01,-5.223509431038565687e+00,0.000000000000000000e+00
-2.664957815788253370e+01,-5.664542703196025819e+00,0.000000000000000000e+00
-2.642858152900592472e+01,-6.101518811616066351e+00,0.000000000000000000e+00
-2.620946754483002650e+01,-6.534754198535626557e+00,0.000000000000000000e+00
-2.599209274046074825e+01,-6.964560259401293862e+00,0.000000000000000000e+00
-2.577630696131691934e+01,-7.391237083060261170e+00,0.000000000000000000e+00
-2.556195129021687862e+01,-7.815072787371079244e+00,0.000000000000000000e+00
-2.534888490994140753e+01,-8.236351984781073554e+00,0.000000000000000000e+00
-2.513697665171160978e+01,-8.655355175801904721e+00,0.000000000000000000e+00
-2.492608523593800740e+01,-9.072353082663681789e+00,0.000000000000000000e+00
-2.471606597581719811e+01,-9.487608815678745700e+00,0.000000000000000000e+00
-2.450679466587954991e+01,-9.901387756172468357e+00,0.000000000000000000e+00
-2.429814531139765776e+01,-1.031395076528978372e+01,0.000000000000000000e+00
-2.408998171087533535e+01,-1.072555088623969333e+01,0.000000000000000000e+00
-2.388217037077954430e+01,-1.113643893725689971e+01,0.000000000000000000e+00
-2.367459369239799116e+01,-1.154687086483827407e+01,0.000000000000000000e+00
-2.346712654657568109e+01,-1.195709820198660189e+01,0.000000000000000000e+00
-2.325963389752834232e+01,-1.236736672030886375e+01,0.000000000000000000e+00
-2.305198883512743180e+01,-1.277792606529930453e+01,0.000000000000000000e+00
-2.284407324860542943e+01,-1.318903183946987845e+01,0.000000000000000000e+00
-2.263575840056549282e+01,-1.360093580472208075e+01,0.000000000000000000e+00
-2.242690656927092263e+01,-1.401388657327135512e+01,0.000000000000000000e+00
-2.221739237975825176e+01,-1.442814331246351855e+01,0.000000000000000000e+00
-2.200709105735712612e+01,-1.484397034911417990e+01,0.000000000000000000e+00
-2.179586494354560955e+01,-1.526162893527137676e+01,0.000000000000000000e+00
-2.158357047785719729e+01,-1.568138185836424192e+01,0.000000000000000000e+00
-2.137007784680385569e+01,-1.610350871247103655e+01,0.000000000000000000e+00
-2.115524899544747228e+01,-1.652829196531376255e+01,0.000000000000000000e+00
-2.093893116320158043e+01,-1.695601212813000558e+01,0.000000000000000000e+00
-2.072097342602542724e+01,-1.738696115941215581e+01,0.000000000000000000e+00
-2.050123238751874410e+01,-1.782144942335854765e+01,0.000000000000000000e+00
-2.027954880338008437e+01,-1.825978775909884888e+01,0.000000000000000000e+00
-2.005574989658864382e+01,-1.870228934237275453e+01,0.000000000000000000e+00
-1.982967419943869913e+01,-1.914929378247940761e+01,0.000000000000000000e+00
-1.960115236048581622e+01,-1.960115236048580556e+01,0.000000000000000000e+00
-1.936999429368999159e+01,-2.005821626906631749e+01,0.000000000000000000e+00
-1.913600874154662534e+01,-2.052085700919338151e+01,0.000000000000000000e+00
-1.889900828774094776e+01,-2.098947512222571987e+01,0.000000000000000000e+00
-1.865878204131663054e+01,-2.146447337755336804e+01,0.000000000000000000e+00
-1.841510582696314202e+01,-2.194626852728588062e+01,0.000000000000000000e+00
-1.816776628448418052e+01,-2.243532292530290917e+01,0.000000000000000000e+00
-1.791652680331878855e+01,-2.293210855987090468e+01,0.000000000000000000e+00
-1.766112672478298506e+01,-2.343710676410509564e+01,0.000000000000000000e+00
-1.740130771301146595e+01,-2.395084532874455974e+01,0.000000000000000000e+00
-1.713678595420732620e+01,-2.447386670246743989e+01,0.000000000000000000e+00
-1.686725442611892589e+01,-2.500673305813764813e+01,0.000000000000000000e+00
-1.659243246343165268e+01,-2.555010541489809839e+01,0.000000000000000000e+00
-1.631201248552065053e+01,-2.610467681872741608e+01,0.000000000000000000e+00
-1.602562778386005604e+01,-2.667112351246467483e+01,0.000000000000000000e+00
-1.573283340243366091e+01,-2.725006680003179937e+01,0.000000000000000000e+00
-1.543314163345155343e+01,-2.784212452061424514e+01,0.000000000000000000e+00
-1.512624995118302351e+01,-2.844833860463358022e+01,0.000000000000000000e+00
-1.481205305903217173e+01,-2.907029094175623385e+01,0.000000000000000000e+00
-1.449003860908412555e+01,-2.970898182483747618e+01,0.000000000000000000e+00
-1.415801505938599369e+01,-3.036196127553177249e+01,0.000000000000000000e+00
-1.381348251920168657e+01,-3.102558971381005293e+01,0.000000000000000000e+00
-1.345492399057383714e+01,-3.169781451517213355e+01,0.000000000000000000e+00
-1.308159017705288818e+01,-3.237807186900333534e+01,0.000000000000000000e+00
-1.269277351100010520e+01,-3.306580547414147730e+01,0.000000000000000000e+00
-1.228778978169515490e+01,-3.376042496021261741e+01,0.000000000000000000e+00
-1.186629359578620679e+01,-3.446221893857725860e+01,0.000000000000000000e+00
-1.142819912344924305e+01,-3.517238030180038066e+01,0.000000000000000000e+00
-1.097113498361687611e+01,-3.588496558890616939e+01,0.000000000000000000e+00
-1.049149254857700342e+01,-3.658818265135676029e+01,0.000000000000000000e+00
-9.988399435103472612e+00,-3.727721417809844695e+01,0.000000000000000000e+00
-9.462092171309535615e+00,-3.795037887204705385e+01,0.000000000000000000e+00
-8.912973195589016129e+00,-3.860632836483512165e+01,0.000000000000000000e+00
-8.342308838272256111e+00,-3.924747734310378888e+01,0.000000000000000000e+00
-7.750439964215365407e+00,-3.987255704344079987e+01,0.000000000000000000e+00
-7.136834957439872618e+00,-4.047500234374087569e+01,0.000000000000000000e+00
-6.503143461736045516e+00,-4.105923188168500104e+01,0.000000000000000000e+00
-5.850126056135460217e+00,-4.162580981195734608e+01,0.000000000000000000e+00
-5.178214738812641826e+00,-4.217317471133424078e+01,0.000000000000000000e+00
-4.488028164169213241e+00,-4.270073563472146816e+01,0.000000000000000000e+00
-3.780183644290487255e+00,-4.320769676828321337e+01,0.000000000000000000e+00
-3.055340511260023373e+00,-4.369340495214100883e+01,0.000000000000000000e+00
-2.314168301044431164e+00,-4.415696167063615007e+01,0.000000000000000000e+00
-1.557384728288192077e+00,-4.459766353820450746e+01,0.000000000000000000e+00
-7.857603694541497319e-01,-4.501618141699962905e+01,0.000000000000000000e+00
-8.342070907319084730e-15,-4.541211889625188292e+01,0.000000000000000000e+00
7.991820384474129790e-01,-4.578510831864539909e+01,0.000000000000000000e+00
1.611039637220797349e+00,-4.613413910027080789e+01,0.000000000000000000e+00
2.434794464395170888e+00,-4.645864598164815362e+01,0.000000000000000000e+00
3.269706164858549702e+00,-4.675897662115568920e+01,0.000000000000000000e+00
4.115023121025619623e+00,-4.703492950039521503e+01,0.000000000000000000e+00
4.969996702002918987e+00,-4.728635995914027035e+01,0.000000000000000000e+00
5.833879045605175229e+00,-4.751313196631026159e+01,0.000000000000000000e+00
6.705923233408880968e+00,-4.771512313563037111e+01,0.000000000000000000e+00
7.585389378018198236e+00,-4.789226367486244840e+01,0.000000000000000000e+00
8.471517654908222283e+00,-4.804436406085156364e+01,0.000000000000000000e+00
9.363604184961982213e+00,-4.817156751370272616e+01,0.000000000000000000e+00
1.026019724447982995e+01,-4.827043288556785683e+01,0.000000000000000000e+00
1.116090300234503907e+01,-4.834318208988315746e+01,0.000000000000000000e+00
1.206515178975964631e+01,-4.839068075858392604e+01,0.000000000000000000e+00
1.297220200739293539e+01,-4.841291697763733026e+01,0.000000000000000000e+00
1.388128934333058950e+01,-4.840980895506594095e+01,0.000000000000000000e+00
1.479172010144553262e+01,-4.838153642569761104e+01,0.000000000000000000e+00
1.570188820124962525e+01,-4.832544281955235732e+01,0.000000000000000000e+00
1.661114104398410518e+01,-4.824225651054602082e+01,0.000000000000000000e+00
1.751933796457153392e+01,-4.813398546145447199e+01,0.000000000000000000e+00
1.842568538543525847e+01,-4.800055150708589480e+01,0.000000000000000000e+00
1.932943089123874714e+01,-4.784202028292386899e+01,0.000000000000000000e+00
2.022983563378903682e+01,-4.765850613808760272e+01,0.000000000000000000e+00
2.112555851259114092e+01,-4.744878128854490740e+01,0.000000000000000000e+00
2.201529793982182781e+01,-4.721195878902771881e+01,0.000000000000000000e+00
2.289938253193400897e+01,-4.695069197501812397e+01,0.000000000000000000e+00
2.377697487206364713e+01,-4.666494067304411431e+01,0.000000000000000000e+00
2.464734766414566636e+01,-4.635491905255089762e+01,0.000000000000000000e+00
2.550972923718865459e+01,-4.602076976793208019e+01,0.000000000000000000e+00
2.636336170046926952e+01,-4.566268192352821131e+01,0.000000000000000000e+00
2.720748899940549492e+01,-4.528086570798800636e+01,0.000000000000000000e+00
2.804135538737129352e+01,-4.487554926752159901e+01,0.000000000000000000e+00
2.886422590684895084e+01,-4.444701018158595218e+01,0.000000000000000000e+00
2.967512322145297432e+01,-4.399517942393229220e+01,0.000000000000000000e+00
3.047343840021859762e+01,-4.352058030985079995e+01,0.000000000000000000e+00
3.125883756864271490e+01,-4.302409888442495145e+01,0.000000000000000000e+00
3.203067206179994031e+01,-4.250613749263320074e+01,0.000000000000000000e+00
3.278830970250866272e+01,-4.196712263748107574e+01,0.000000000000000000e+00
3.353055016245446041e+01,-4.140678105267091524e+01,0.000000000000000000e+00
3.425695369895244369e+01,-4.082584764206009709e+01,0.000000000000000000e+00
3.496712043403486092e+01,-4.022507063880592426e+01,0.000000000000000000e+00
3.566052351642611740e+01,-3.960502370270362604e+01,0.000000000000000000e+00
3.633685424897692684e+01,-3.896650551733034717e+01,0.000000000000000000e+00
3.699519549498788962e+01,-3.830964639966835250e+01,0.000000000000000000e+00
3.763666992472692385e+01,-3.763666992472694517e+01,0.000000000000000000e+00
3.825471906902967589e+01,-3.694215278836011151e+01,0.000000000000000000e+00
3.883005041419376369e+01,-3.620960780672162116e+01,0.000000000000000000e+00
3.936619323353389177e+01,-3.544547959608416932e+01,0.000000000000000000e+00
3.986113739692030578e+01,-3.465075809341325197e+01,0.000000000000000000e+00
4.030803516064084135e+01,-3.382245743677458449e+01,0.000000000000000000e+00
4.070905386950695259e+01,-3.296554183000218785e+01,0.000000000000000000e+00
4.106534730680659351e+01,-3.208376559831437902e+01,0.000000000000000000e+00
4.137376550322356650e+01,-3.117736856295739045e+01,0.000000000000000000e+00
4.163130931944357371e+01,-3.024691671712168528e+01,0.000000000000000000e+00
4.183695878567984039e+01,-2.929455391750199666e+01,0.000000000000000000e+00
4.199019743023823992e+01,-2.832274579059070518e+01,0.000000000000000000e+00
4.209060167648917883e+01,-2.733395633096393240e+01,0.000000000000000000e+00
4.213784022323750378e+01,-2.633064491115326788e+01,0.000000000000000000e+00
4.213021018118743655e+01,-2.531438416922952683e+01,0.000000000000000000e+00
4.206385497694205355e+01,-2.428557799409090379e+01,0.000000000000000000e+00
4.194286302950543188e+01,-2.324930862109854957e+01,0.000000000000000000e+00
4.176842114828359342e+01,-2.220866347015116204e+01,0.000000000000000000e+00
4.153659758037234440e+01,-2.116395355260842948e+01,0.000000000000000000e+00
4.124927714993999217e+01,-2.011861672081084507e+01,0.000000000000000000e+00
4.089861196933891563e+01,-1.907133596921245555e+01,0.000000000000000000e+00
4.049177206963306475e+01,-1.802809844437562958e+01,0.000000000000000000e+00
4.002719501751177944e+01,-1.699053624844436783e+01,0.000000000000000000e+00
3.950282890493733134e+01,-1.596017887227378296e+01,0.000000000000000000e+00
3.892097103691735072e+01,-1.494036098972766879e+01,0.000000000000000000e+00
3.827875033772897950e+01,-1.393232572784068068e+01,0.000000000000000000e+00
3.757650451409300274e+01,-1.293862811510601318e+01,0.000000000000000000e+00
3.681664216643870446e+01,-1.196245218903488094e+01,0.000000000000000000e+00
3.599764427852946369e+01,-1.100558431618124011e+01,0.000000000000000000e+00
3.512099164183652533e+01,-1.007078229657030910e+01,0.000000000000000000e+00
3.418782557254250776e+01,-9.160600253138845517e+00,0.000000000000000000e+00
3.319554276524787895e+01,-8.276578380954655145e+00,0.000000000000000000e+00
3.214620203322731129e+01,-7.421535514968099712e+00,0.000000000000000000e+00
3.117064178296385535e+01,-6.625524442434743477e+00,0.000000000000000000e+00
3.025826501463595974e+01,-5.881610907515945286e+00,0.000000000000000000e+00
2.940341589625451135e+01,-5.184615547501870481e+00,0.000000000000000000e+00
2.860039899167130883e+01,-4.529858187354300014e+00,0.000000000000000000e+00
2.784414989488845649e+01,-3.913240067806141198e+00,0.000000000000000000e+00
2.713028645928447702e+01,-3.331180310073280193e+00,0.000000000000000000e+00
2.645493890379802338e+01,-2.780526122483883089e+00,0.000000000000000000e+00
2.581469699211550761e+01,-2.258493339166879998e+00,0.000000000000000000e+00
2.520651300743434575e+01,-1.762611094822496671e+00,0.000000000000000000e+00
2.462776497590647296e+01,-1.290686471091932574e+00,0.000000000000000000e+00
2.407583659371498896e+01,-8.407467400101021893e-01,0.000000000000000000e+00
2.354889854066767896e+01,-4.110475530153846480e-01,0.000000000000000000e+00
2.304683751139970482e+01,-5.644847157760960245e-15,0.000000000000000000e+00
