2.278946156013474678e+01,0.000000000000000000e+00,0.000000000000000000e+00
2.228277778296846989e+01,3.889473329827589088e-01,0.000000000000000000e+00
2.179629361165187618e+01,7.611433449869486889e-01,0.000000000000000000e+00
2.133010733043308349e+01,1.117863557056916202e+00,0.000000000000000000e+00
2.088262874401493363e+01,1.460255653068877502e+00,0.000000000000000000e+00
2.045251336406358078e+01,1.789363059968022585e+00,0.000000000000000000e+00
2.003852278151124722e+01,2.106133612804575339e+00,0.000000000000000000e+00
1.963952570747986570e+01,2.411430540334221995e+00,0.000000000000000000e+00
1.925449395473875569e+01,2.706042652171134044e+00,0.000000000000000000e+00
1.888248334982889887e+01,2.990691557300025671e+00,0.000000000000000000e+00
1.852262822149636534e+01,3.266039109081858349e+00,0.000000000000000000e+00
1.817413350794996063e+01,3.532693689585481689e+00,0.000000000000000000e+00
1.783626813628053753e+01,3.791215828072363792e+00,0.000000000000000000e+00
1.750835580599132868e+01,4.042122434511969509e+00,0.000000000000000000e+00
1.718977061809717810e+01,4.285891177542556996e+00,0.000000000000000000e+00
1.687993608491447262e+01,4.522965242241800077e+00,0.000000000000000000e+00
1.657831429611853125e+01,4.753755128071268210e+00,0.000000000000000000e+00
1.628440557666298005e+01,4.978642414102381508e+00,0.000000000000000000e+00
1.599774745488061178e+01,5.197983243450559065e+00,0.000000000000000000e+00
1.571790386945326823e+01,5.412108325285236887e+00,0.000000000000000000e+00
1.544447239714874343e+01,5.621328236508124299e+00,0.000000000000000000e+00
1.517707262070105756e+01,5.825932336207841011e+00,0.000000000000000000e+00
1.491535000581880333e+01,6.026192569861354542e+00,0.000000000000000000e+00
1.465897134373625832e+01,6.222364166954309717e+00,0.000000000000000000e+00
1.440762220929734561e+01,6.414686694667524058e+00,0.000000000000000000e+00
1.416100850192390759e+01,6.603386711645162777e+00,0.000000000000000000e+00
1.391885005952322274e+01,6.788676769391356558e+00,0.000000000000000000e+00
1.368088506495061374e+01,6.970759112200579644e+00,0.000000000000000000e+00
1.344686278707297511e+01,7.149823770144459800e+00,0.000000000000000000e+00
1.321654807057996628e+01,7.326052224483106556e+00,0.000000000000000000e+00
1.298971559331919323e+01,7.499615794499514543e+00,0.000000000000000000e+00
1.276615214189073022e+01,7.670678078576479209e+00,0.000000000000000000e+00
1.254565444416802933e+01,7.839394961805650652e+00,0.000000000000000000e+00
1.232802730744285569e+01,8.005914542599652961e+00,0.000000000000000000e+00
1.211308647136697125e+01,8.170379990185800523e+00,0.000000000000000000e+00
1.190065182860181281e+01,8.332926119996155734e+00,0.000000000000000000e+00
1.169055488715708435e+01,8.493685301500534024e+00,0.000000000000000000e+00
1.148262903492825515e+01,8.652781615098124490e+00,0.000000000000000000e+00
1.127671781227533643e+01,8.810337540902992259e+00,0.000000000000000000e+00
1.107266739738046901e+01,8.966469263277618396e+00,0.000000000000000000e+00
1.087032997466831041e+01,9.121289872519511732e+00,0.000000000000000000e+00
1.066956323361070780e+01,9.274909817269401557e+00,0.000000000000000000e+00
1.047022629781347369e+01,9.427434103264854315e+00,0.000000000000000000e+00
1.027218563066653090e+01,9.578968068203050024e+00,0.000000000000000000e+00
1.007530757076007077e+01,9.729611423811729054e+00,0.000000000000000000e+00
9.879463681301778877e+00,9.879463681301777100e+00,0.000000000000000000e+00
9.684527688808090673e+00,1.002862199650489572e+01,0.000000000000000000e+00
9.490374105325489751e+00,1.017718023697954521e+01,0.000000000000000000e+00
9.296882178787088336e+00,1.032523369665343260e+01,0.000000000000000000e+00
9.103929803973999313e+00,1.047287322804944409e+01,0.000000000000000000e+00
8.911398324406523130e+00,1.062019096814949748e+01,0.000000000000000000e+00
8.719169617587255061e+00,1.076727776810530912e+01,0.000000000000000000e+00
8.527125010345949718e+00,1.091422230365661861e+01,0.000000000000000000e+00
8.335148749496751108e+00,1.106111598545549768e+01,0.000000000000000000e+00
8.143122671603643781e+00,1.120804682137417174e+01,0.000000000000000000e+00
7.950930188677781452e+00,1.135510510070587742e+01,0.000000000000000000e+00
7.758454107848448800e+00,1.150238123629344322e+01,0.000000000000000000e+00
7.565575175283739462e+00,1.164996414352479803e+01,0.000000000000000000e+00
7.372175471066839236e+00,1.179794696049773428e+01,0.000000000000000000e+00
7.178133506643823658e+00,1.194642031668008642e+01,0.000000000000000000e+00
6.983327621056329093e+00,1.209547824556865692e+01,0.000000000000000000e+00
6.787634176596481161e+00,1.224521619989247689e+01,0.000000000000000000e+00
6.590926043455556105e+00,1.239572904106725382e+01,0.000000000000000000e+00
6.393075651042328111e+00,1.254711743522485357e+01,0.000000000000000000e+00
6.193950359514230009e+00,1.269948021666348836e+01,0.000000000000000000e+00
5.993415807910472459e+00,1.285292167755539516e+01,0.000000000000000000e+00
5.791333487103988098e+00,1.300754798197849738e+01,0.000000000000000000e+00
5.587560190944885541e+00,1.316346689502012524e+01,0.000000000000000000e+00
5.381949781549431044e+00,1.332079315005970344e+01,0.000000000000000000e+00
5.174349195850992622e+00,1.347964050701858163e+01,0.000000000000000000e+00
4.964601946257541698e+00,1.364013174392306027e+01,0.000000000000000000e+00
4.752544086714172167e+00,1.380239023326920389e+01,0.000000000000000000e+00
4.538006065292904623e+00,1.396654655875341788e+01,0.000000000000000000e+00
4.320811130001574796e+00,1.413273639854106634e+01,0.000000000000000000e+00
4.100774337804412362e+00,1.430109965659124782e+01,0.000000000000000000e+00
3.877703374758084021e+00,1.447178601127846953e+01,0.000000000000000000e+00
3.651395489357714297e+00,1.464494740951469609e+01,0.000000000000000000e+00
3.421639514371805468e+00,1.482074900699883457e+01,0.000000000000000000e+00
3.188211973893531948e+00,1.499935804777923742e+01,0.000000000000000000e+00
2.950879145474864185e+00,1.518095715849574212e+01,0.000000000000000000e+00
2.709393171465498185e+00,1.536573223552864143e+01,0.000000000000000000e+00
2.463493577153790248e+00,1.555388630414697992e+01,0.000000000000000000e+00
2.212903619526164434e+00,1.574562741293086887e+01,0.000000000000000000e+00
1.957331131619836295e+00,1.594118281017148320e+01,0.000000000000000000e+00
1.696465059789280749e+00,1.614078686268972973e+01,0.000000000000000000e+00
1.429975554059330412e+00,1.634469537456828547e+01,0.000000000000000000e+00
1.157510732403716824e+00,1.655317467266770493e+01,0.000000000000000000e+00
8.786957471360324901e-01,1.676651365802805671e+01,0.000000000000000000e+00
5.931299033097018336e-01,1.698501814084781003e+01,0.000000000000000000e+00
3.003844802137683456e-01,1.720901534592253412e+01,0.000000000000000000e+00
1.067822149376345966e-15,1.743885910810864814e+01,0.000000000000000000e+00
-3.085169520590444470e-01,1.767492434590154105e+01,0.000000000000000000e+00
-6.256970036404468916e-01,1.791761787460933064e+01,0.000000000000000000e+00
-9.521120183880533716e-01,1.816737956489131989e+01,0.000000000000000000e+00
-1.288379150935637929e+00,1.842468024963643103e+01,0.000000000000000000e+00
-1.635164722240349366e+00,1.869001829883740484e+01,0.000000000000000000e+00
-1.993195255096201990e+00,1.896398608541245068e+01,0.000000000000000000e+00
-2.363251720321267957e+00,1.924714070680334999e+01,0.000000000000000000e+00
-2.746173395764722081e+00,1.954003903264134223e+01,0.000000000000000000e+00
-3.142954821508355145e+00,1.984383576485358347e+01,0.000000000000000000e+00
-3.553592943392334558e+00,2.015342705418273539e+01,0.000000000000000000e+00
-3.977098744454941492e+00,2.046039931769614739e+01,0.000000000000000000e+00
-4.412769995847490634e+00,2.076045058866723991e+01,0.000000000000000000e+00
-4.860667329177810636e+00,2.105386326925490792e+01,0.000000000000000000e+00
-5.320655357356860016e+00,2.133998306120223276e+01,0.000000000000000000e+00
-5.792656996457506757e+00,2.161849022159874067e+01,0.000000000000000000e+00
-6.276554508988613001e+00,2.188894685220168412e+01,0.000000000000000000e+00
-6.772297526789212263e+00,2.215118709865217284e+01,0.000000000000000000e+00
-7.279737117028201254e+00,2.240472708004134361e+01,0.000000000000000000e+00
-7.798761099184575052e+00,2.264924681664691875e+01,0.000000000000000000e+00
-8.329298106733181939e+00,2.288455846815555361e+01,0.000000000000000000e+00
-8.871354156413564951e+00,2.311066770189887976e+01,0.000000000000000000e+00
-9.424950428934954161e+00,2.332757090075718409e+01,0.000000000000000000e+00
-9.989675645947015070e+00,2.353420100431621265e+01,0.000000000000000000e+00
-1.056480448567083208e+01,2.372893938392491719e+01,0.000000000000000000e+00
-1.115132772569299924e+01,2.391409948061876278e+01,0.000000000000000000e+00
-1.174828235638362983e+01,2.408754844725161348e+01,0.000000000000000000e+00
-1.235562140272677034e+01,2.424927236703585010e+01,0.000000000000000000e+00
-1.297349586841345648e+01,2.439959702778650197e+01,0.000000000000000000e+00
-1.360123688136502018e+01,2.453728086474147574e+01,0.000000000000000000e+00
-1.423858076943441731e+01,2.466194532033358655e+01,0.000000000000000000e+00
-1.488145045893682195e+01,2.476689266642425480e+01,0.000000000000000000e+00
-1.552223837301313125e+01,2.484077403633889958e+01,0.000000000000000000e+00
-1.616297031730066536e+01,2.488879170278636010e+01,0.000000000000000000e+00
-1.680008729546190338e+01,2.490715369185859274e+01,0.000000000000000000e+00
-1.743379592235154263e+01,2.489804089645518204e+01,0.000000000000000000e+00
-1.806343748603315191e+01,2.486218877733730181e+01,0.000000000000000000e+00
-1.868628285212668771e+01,2.479753489424897950e+01,0.000000000000000000e+00
-1.930393024709479377e+01,2.470790398820785683e+01,0.000000000000000000e+00
-1.991240274582133551e+01,2.458976953059552883e+01,0.000000000000000000e+00
-2.051357883689992789e+01,2.444713127584005008e+01,0.000000000000000000e+00
-2.110470217928590131e+01,2.427818263085888262e+01,0.000000000000000000e+00
-2.168502008595094210e+01,2.408365469177953955e+01,0.000000000000000000e+00
-2.225543119572734341e+01,2.386602804240521891e+01,0.000000000000000000e+00
-2.281261208235651594e+01,2.362315134802519978e+01,0.000000000000000000e+00
-2.335615024821217744e+01,2.335615024821218100e+01,0.000000000000000000e+00
-2.388629703812977212e+01,2.306672892142936959e+01,0.000000000000000000e+00
-2.440198702995150271e+01,2.275522103716533096e+01,0.000000000000000000e+00
-2.490212005786814942e+01,2.242196961169485192e+01,0.000000000000000000e+00
-2.538578019484383930e+01,2.206752205249557264e+01,0.000000000000000000e+00
-2.585233577960479678e+01,2.169268541773759296e+01,0.000000000000000000e+00
-2.630158847879474138e+01,2.129860639779375475e+01,0.000000000000000000e+00
-2.673352889174748981e+01,2.088652186892437612e+01,0.000000000000000000e+00
-2.714335525223189194e+01,2.045398528369828384e+01,0.000000000000000000e+00
-2.753439584827930275e+01,2.000490956670916631e+01,0.000000000000000000e+00
-2.790619240621535724e+01,1.954012628556256459e+01,0.000000000000000000e+00
-2.825527296769157815e+01,1.905842226241556148e+01,0.000000000000000000e+00
-2.858255342252918396e+01,1.856172722556393495e+01,0.000000000000000000e+00
-2.888938611434980785e+01,1.805209197833208989e+01,0.000000000000000000e+00
-2.917373180026947921e+01,1.752934654885395460e+01,0.000000000000000000e+00
-2.943315637161689224e+01,1.699324075425335678e+01,0.000000000000000000e+00
-2.966925100524540326e+01,1.644593438203169455e+01,0.000000000000000000e+00
-2.987935090903175706e+01,1.588713269025517683e+01,0.000000000000000000e+00
-3.006506999944558345e+01,1.531891830554898171e+01,0.000000000000000000e+00
-3.022655198050718184e+01,1.474247444087332859e+01,0.000000000000000000e+00
-3.036290925884491898e+01,1.415845711126470086e+01,0.000000000000000000e+00
-3.047374576999516904e+01,1.356778576560152416e+01,0.000000000000000000e+00
-3.055873665291154140e+01,1.297141412434235264e+01,0.000000000000000000e+00
-3.061759572572007571e+01,1.237031164520931803e+01,0.000000000000000000e+00
-3.065006723165607383e+01,1.176545848165027408e+01,0.000000000000000000e+00
-3.065592594559480233e+01,1.115784454806549597e+01,0.000000000000000000e+00
-3.063386465000535352e+01,1.054808550077500051e+01,0.000000000000000000e+00
-3.057985422788452823e+01,9.935996946570799793e+00,0.000000000000000000e+00
-3.049572898011114219e+01,9.323480002668004474e+00,0.000000000000000000e+00
-3.038517564608450883e+01,8.712808911985653992e+00,0.000000000000000000e+00
-3.025199254532062199e+01,8.105996971951013208e+00,0.000000000000000000e+00
-3.010007810191618205e+01,7.504792358574518651e+00,0.000000000000000000e+00
-2.993341923655978576e+01,6.910674353347683763e+00,0.000000000000000000e+00
-2.975594772743097849e+01,6.324821938175634983e+00,0.000000000000000000e+00
-2.957066536347755559e+01,5.747955074760796812e+00,0.000000000000000000e+00
-2.938016023817655409e+01,5.180514947528563674e+00,0.000000000000000000e+00
-2.918704296946555843e+01,4.622773465446997854e+00,0.000000000000000000e+00
-2.899360825970372346e+01,4.074785905852920997e+00,0.000000000000000000e+00
-2.880017548610643630e+01,3.536216900988177869e+00,0.000000000000000000e+00
-2.860631949027231258e+01,3.006645333790695318e+00,0.000000000000000000e+00
-2.841159404872345817e+01,2.485692391963924663e+00,0.000000000000000000e+00
-2.821576126306469234e+01,1.973038231685317001e+00,0.000000000000000000e+00
-2.801929692075447775e+01,1.468429128688895968e+00,0.000000000000000000e+00
-2.782281166928313354e+01,9.715939929153376564e-01,0.000000000000000000e+00
-2.762690360476537421e+01,4.822293961867859524e-01,0.000000000000000000e+00
-2.743212461614835718e+01,3.359466360497740074e-15,0.000000000000000000e+00
-2.723895947413085494e+01,-4.754578061980329062e-01,0.000000000000000000e+00
-2.704787256694408981e+01,-9.445325231524194232e-01,0.000000000000000000e+00
-2.685929711958074861e+01,-1.407636115140604716e+00,0.000000000000000000e+00
-2.667332065249541984e+01,-1.865180277175986889e+00,0.000000000000000000e+00
-2.648968912586115820e+01,-2.317547498838788300e+00,0.000000000000000000e+00
-2.630812022959102237e+01,-2.765094858008625867e+00,0.000000000000000000e+00
-2.612832351377873508e+01,-3.208154729768366131e+00,0.000000000000000000e+00
-2.595011230637519617e+01,-3.647050444158772553e+00,0.000000000000000000e+00
-2.577340360182177292e+01,-4.082106104732925900e+00,0.000000000000000000e+00
-2.559810677613180019e+01,-4.513636879688221804e+00,0.000000000000000000e+00
-2.542411906427560453e+01,-4.941948123268052662e+00,0.000000000000000000e+00
-2.525133303861984047e+01,-5.367336528273658480e+00,0.000000000000000000e+00
-2.507964086641301904e+01,-5.790091320907523098e+00,0.000000000000000000e+00
-2.490892447655944864e+01,-6.210492392712181342e+00,0.000000000000000000e+00
-2.473905501958825326e+01,-6.628809814007773582e+00,0.000000000000000000e+00
-2.456990541702978703e+01,-7.045307006863626320e+00,0.000000000000000000e+00
-2.440138118666922651e+01,-7.460250898732906144e+00,0.000000000000000000e+00
-2.423338657331111534e+01,-7.873904604094846604e+00,0.000000000000000000e+00
-2.406581519173580119e+01,-8.286524706840559418e+00,0.000000000000000000e+00
-2.389855260734633546e+01,-8.698361791119005204e+00,0.000000000000000000e+00
-2.373150108540377801e+01,-9.109669764090449817e+00,0.000000000000000000e+00
-2.356456952248678860e+01,-9.520704087600499577e+00,0.000000000000000000e+00
-2.339765618395536961e+01,-9.931715808419971481e+00,0.000000000000000000e+00
-2.323064869759169682e+01,-1.034295117849319467e+01,0.000000000000000000e+00
-2.306343899157095478e+01,-1.075465822516012970e+01,0.000000000000000000e+00
-2.289593610326846473e+01,-1.116709418328568049e+01,0.000000000000000000e+00
-2.272804039752005067e+01,-1.158051499967392317e+01,0.000000000000000000e+00
-2.255964041168263989e+01,-1.199517358178310822e+01,0.000000000000000000e+00
-2.239061881387920039e+01,-1.241132267616189999e+01,0.000000000000000000e+00
-2.222088086644870231e+01,-1.282923154987476799e+01,0.000000000000000000e+00
-2.205033107010637394e+01,-1.324917557654676337e+01,0.000000000000000000e+00
-2.187886011278580511e+01,-1.367142913919129654e+01,0.000000000000000000e+00
-2.170634565076906952e+01,-1.409626568617919240e+01,0.000000000000000000e+00
-2.153266665805463020e+01,-1.452396705118679421e+01,0.000000000000000000e+00
-2.135770054217361391e+01,-1.495482291845555878e+01,0.000000000000000000e+00
-2.118130972778313037e+01,-1.538912231608809655e+01,0.000000000000000000e+00
-2.100334208696486016e+01,-1.582715349532683113e+01,0.000000000000000000e+00
-2.082368057660619698e+01,-1.626924232546951643e+01,0.000000000000000000e+00
-2.064226377179735650e+01,-1.671577561140124857e+01,0.000000000000000000e+00
-2.045901325917969871e+01,-1.716715048002876998e+01,0.000000000000000000e+00
-2.027382594009264594e+01,-1.762376801451713959e+01,0.000000000000000000e+00
-2.008649487300510472e+01,-1.808596121942162327e+01,0.000000000000000000e+00
-1.989666116351742531e+01,-1.855393669874931462e+01,0.000000000000000000e+00
-1.970394279926077630e+01,-1.902787638068681275e+01,0.000000000000000000e+00
-1.950794351460923437e+01,-1.950794351460922371e+01,0.000000000000000000e+00
-1.930810513152678709e+01,-1.999412816555122419e+01,0.000000000000000000e+00
-1.910369468595716569e+01,-2.048620442708524791e+01,0.000000000000000000e+00
-1.889398649140492026e+01,-2.098389785236800620e+01,0.000000000000000000e+00
-1.867831569823774984e+01,-2.148694427935291174e+01,0.000000000000000000e+00
-1.845630642090948470e+01,-2.199536948313845031e+01,0.000000000000000000e+00
-1.822768812747802514e+01,-2.250932023883034461e+01,0.000000000000000000e+00
-1.799217499333488490e+01,-2.302893382767256014e+01,0.000000000000000000e+00
-1.774941986148657946e+01,-2.355427571395222230e+01,0.000000000000000000e+00
-1.749902553259815008e+01,-2.408534236893153491e+01,0.000000000000000000e+00
-1.724058743931122351e+01,-2.462211058651544349e+01,0.000000000000000000e+00
-1.697365799941282560e+01,-2.516448284281347014e+01,0.000000000000000000e+00
-1.669775780243822894e+01,-2.571229221423622135e+01,0.000000000000000000e+00
-1.641243515202872416e+01,-2.626538667943865946e+01,0.000000000000000000e+00
-1.611739151767901035e+01,-2.682384401188343048e+01,0.000000000000000000e+00
-1.581237307728127561e+01,-2.738783355808537578e+01,0.000000000000000000e+00
-1.549697197528010761e+01,-2.795727750550825874e+01,0.000000000000000000e+00
-1.517057337563161035e+01,-2.853169884202881690e+01,0.000000000000000000e+00
-1.483263406854930722e+01,-2.911068344724846213e+01,0.000000000000000000e+00
-1.448286163524518422e+01,-2.969426684780458459e+01,0.000000000000000000e+00
-1.412098655777455747e+01,-3.028255339756994502e+01,0.000000000000000000e+00
-1.374663177746932519e+01,-3.087544048951639297e+01,0.000000000000000000e+00
-1.335936553478282995e+01,-3.147269290102242678e+01,0.000000000000000000e+00
-1.295865203593242754e+01,-3.207378929213265195e+01,0.000000000000000000e+00
-1.254397280191447095e+01,-3.267816637408380842e+01,0.000000000000000000e+00
-1.211494049207461465e+01,-3.328552544001141200e+01,0.000000000000000000e+00
-1.167151272205154910e+01,-3.389653420631386638e+01,0.000000000000000000e+00
-1.121392927048441379e+01,-3.451292550281756633e+01,0.000000000000000000e+00
-1.073967312312854006e+01,-3.512788795644868856e+01,0.000000000000000000e+00
-1.024578471296540627e+01,-3.573129759647997616e+01,0.000000000000000000e+00
-9.733001989910723850e+00,-3.632405793651582826e+01,0.000000000000000000e+00
-9.201506709382815785e+00,-3.690522766979473346e+01,0.000000000000000000e+00
-8.650955596984998053e+00,-3.747140545784395016e+01,0.000000000000000000e+00
-8.081903187981376746e+00,-3.802236508006699722e+01,0.000000000000000000e+00
-7.495188127226443342e+00,-3.855940018037565409e+01,0.000000000000000000e+00
-6.891312011914640934e+00,-3.908257252648464686e+01,0.000000000000000000e+00
-6.270543645815767952e+00,-3.959065444160521707e+01,0.000000000000000000e+00
-5.633193521544332505e+00,-4.008225462352756807e+01,0.000000000000000000e+00
-4.979598222012337594e+00,-4.055557299219492506e+01,0.000000000000000000e+00
-4.310568038254203316e+00,-4.101231532067382801e+01,0.000000000000000000e+00
-3.626600123407534237e+00,-4.145222909174882631e+01,0.000000000000000000e+00
-2.928160420125748509e+00,-4.187464491433154024e+01,0.000000000000000000e+00
-2.215757304236986247e+00,-4.227916798897773987e+01,0.000000000000000000e+00
-1.489907485044287050e+00,-4.266536810983917150e+01,0.000000000000000000e+00
-7.511417511015546777e-01,-4.303288209986954627e+01,0.000000000000000000e+00
-7.969029799996488858e-15,-4.338137769216309891e+01,0.000000000000000000e+00
7.629706728537819505e-01,-4.371056057318882893e+01,0.000000000000000000e+00
1.537217978056111489e+00,-4.402016337066582707e+01,0.000000000000000000e+00
2.322186649191229080e+00,-4.430996086763530428e+01,0.000000000000000000e+00
3.117316954942433771e+00,-4.457970938902129632e+01,0.000000000000000000e+00
3.922055256666935996e+00,-4.482929671802329352e+01,0.000000000000000000e+00
4.735693954909216075e+00,-4.505711823066522470e+01,0.000000000000000000e+00
5.557593357789327726e+00,-4.526296561164676291e+01,0.000000000000000000e+00
6.387297431810509352e+00,-4.544798275416691524e+01,0.000000000000000000e+00
7.224230083410962067e+00,-4.561199363149703601e+01,0.000000000000000000e+00
8.067831578273825244e+00,-4.575494655360210317e+01,0.000000000000000000e+00
8.917529937574613541e+00,-4.587671445288509631e+01,0.000000000000000000e+00
9.772782394095179015e+00,-4.597732630464128789e+01,0.000000000000000000e+00
1.063264232306861423e+01,-4.605503370226436033e+01,0.000000000000000000e+00
1.149624852853921197e+01,-4.610893440545464017e+01,0.000000000000000000e+00
1.236357251395109280e+01,-4.614148078512747020e+01,0.000000000000000000e+00
1.323401478440554868e+01,-4.615249430914000328e+01,0.000000000000000000e+00
1.410698938893112064e+01,-4.614188318171333236e+01,0.000000000000000000e+00
1.498200241438816249e+01,-4.610986218468238462e+01,0.000000000000000000e+00
1.585712702519029982e+01,-4.605244079524499057e+01,0.000000000000000000e+00
1.673282418762435597e+01,-4.597305661920212572e+01,0.000000000000000000e+00
1.760863285541578804e+01,-4.587205689585177026e+01,0.000000000000000000e+00
1.848397054627704605e+01,-4.574943249802435474e+01,0.000000000000000000e+00
1.935832285000082820e+01,-4.560535068455450158e+01,0.000000000000000000e+00
2.022999536772287854e+01,-4.543731353181748034e+01,0.000000000000000000e+00
2.109866051908382900e+01,-4.524622349665704490e+01,0.000000000000000000e+00
2.196445180775496908e+01,-4.503379991962332696e+01,0.000000000000000000e+00
2.282673899159307496e+01,-4.479999775132463213e+01,0.000000000000000000e+00
2.368490213722481386e+01,-4.454482227861664967e+01,0.000000000000000000e+00
2.453842217536050541e+01,-4.426848544336171187e+01,0.000000000000000000e+00
2.538529667539390999e+01,-4.396862360699154948e+01,0.000000000000000000e+00
2.622584491211969748e+01,-4.364713559454754943e+01,0.000000000000000000e+00
2.705987078570244719e+01,-4.330484556974884214e+01,0.000000000000000000e+00
2.788676876696833773e+01,-4.294185817825338347e+01,0.000000000000000000e+00
2.870594166975109474e+01,-4.255830868397647038e+01,0.000000000000000000e+00
2.951679038662291177e+01,-4.215434535608032007e+01,0.000000000000000000e+00
3.031871831693818820e+01,-4.173013574329195308e+01,0.000000000000000000e+00
3.111113512695016681e+01,-4.128587076495209374e+01,0.000000000000000000e+00
3.189345127415782599e+01,-4.082175608011596779e+01,0.000000000000000000e+00
3.266503906626400777e+01,-4.033796386103578158e+01,0.000000000000000000e+00
3.342496544184605511e+01,-3.983432264765735908e+01,0.000000000000000000e+00
3.417332060060839183e+01,-3.931190838877481042e+01,0.000000000000000000e+00
3.490958626979546153e+01,-3.877102339874424786e+01,0.000000000000000000e+00
3.563326978009558843e+01,-3.821200354804266652e+01,0.000000000000000000e+00
3.634392263289800695e+01,-3.763523360842512488e+01,0.000000000000000000e+00
3.703992573423040113e+01,-3.703992573423042245e+01,0.000000000000000000e+00
3.770957804953992820e+01,-3.641571622515198214e+01,0.000000000000000000e+00
3.833949779358687948e+01,-3.575216008746133411e+01,0.000000000000000000e+00
3.892760336354029960e+01,-3.505057150335387206e+01,0.000000000000000000e+00
3.947456091053503258e+01,-3.431471228064693690e+01,0.000000000000000000e+00
3.997737061137237902e+01,-3.354499693544001815e+01,0.000000000000000000e+00
4.043073354136784303e+01,-3.274016247216154341e+01,0.000000000000000000e+00
4.083557543550264768e+01,-3.190424813788905212e+01,0.000000000000000000e+00
4.119330688781121097e+01,-3.104138324243746894e+01,0.000000000000000000e+00
4.150114896658931940e+01,-3.015234968531288118e+01,0.000000000000000000e+00
4.175617625465633864e+01,-2.923798938032367545e+01,0.000000000000000000e+00
4.195721722289682987e+01,-2.830050035985169643e+01,0.000000000000000000e+00
4.210358755435506595e+01,-2.734238945865437742e+01,0.000000000000000000e+00
4.219469459249028631e+01,-2.636617146402146616e+01,0.000000000000000000e+00
4.223003711088718148e+01,-2.537436624000454088e+01,0.000000000000000000e+00
4.220839382819299601e+01,-2.436902753876899297e+01,0.000000000000000000e+00
4.212653370533210762e+01,-2.335111893919572879e+01,0.000000000000000000e+00
4.198526092357083428e+01,-2.232395922383074094e+01,0.000000000000000000e+00
4.178674903243669547e+01,-2.129141208366320726e+01,0.000000000000000000e+00
4.153260372307678949e+01,-2.025680432373635398e+01,0.000000000000000000e+00
4.121757182116274976e+01,-1.922006939076189269e+01,0.000000000000000000e+00
4.083633969100092997e+01,-1.818150983343713278e+01,0.000000000000000000e+00
4.039519330143087927e+01,-1.714674225237637728e+01,0.000000000000000000e+00
3.989494745523593622e+01,-1.611860505023088308e+01,0.000000000000000000e+00
3.933809502956318482e+01,-1.510047988865478175e+01,0.000000000000000000e+00
3.871039419475361854e+01,-1.408943124360150634e+01,0.000000000000000000e+00
3.802150151909822995e+01,-1.309185287176051382e+01,0.000000000000000000e+00
3.728071918446410393e+01,-1.211323995276036669e+01,0.000000000000000000e+00
3.647304695638889172e+01,-1.115092950085047363e+01,0.000000000000000000e+00
3.559872076199078350e+01,-1.020776891741715708e+01,0.000000000000000000e+00
3.466835283297984205e+01,-9.289357144514172049e+00,0.000000000000000000e+00
3.367873129514140373e+01,-8.397050812109737805e+00,0.000000000000000000e+00
3.263270742174552197e+01,-7.533854133988139523e+00,0.000000000000000000e+00
3.155744944905845273e+01,-6.707742949967415491e+00,0.000000000000000000e+00
3.055256952341482446e+01,-5.938817908913005539e+00,0.000000000000000000e+00
2.961584261402167684e+01,-5.222072109267563711e+00,0.000000000000000000e+00
2.874009649825396195e+01,-4.551984098749126240e+00,0.000000000000000000e+00
2.791907632247843907e+01,-3.923770290480905754e+00,0.000000000000000000e+00
2.714735213605779407e+01,-3.333275711702402777e+00,0.000000000000000000e+00
2.642018259290790994e+01,-2.776873087007121654e+00,0.000000000000000000e+00
2.573341205633754925e+01,-2.251381828770875781e+00,0.000000000000000000e+00
2.508337824484964074e+01,-1.754000673435527347e+00,0.000000000000000000e+00
2.446684660658084809e+01,-1.282253096709727869e+00,0.000000000000000000e+00
2.388093815175887968e+01,-8.339407364442521509e-01,0.000000000000000000e+00
2.332311044438198877e+01,-4.071064071346991442e-01,0.000000000000000000e+00
2.279107285316632314e+01,-5.582202883752855224e-15,0.000000000000000000e+00
