2.395836178041442821e+01,0.000000000000000000e+00,0.000000000000000000e+00
2.335530046444374719e+01,4.076682860248958540e-01,0.000000000000000000e+00
2.277677627692684581e+01,7.953825541316703607e-01,0.000000000000000000e+00
2.222385203378614804e+01,1.164702732205630697e+00,0.000000000000000000e+00
2.169661613398869449e+01,1.517175196211961508e+00,0.000000000000000000e+00
2.119274464464399799e+01,1.854124905406086432e+00,0.000000000000000000e+00
2.071017826100836245e+01,2.176727448339121018e+00,0.000000000000000000e+00
2.024744450413843921e+01,2.486073582846567209e+00,0.000000000000000000e+00
1.980311428420300146e+01,2.783146211208740617e+00,0.000000000000000000e+00
1.937580440427541717e+01,3.068825936408847266e+00,0.000000000000000000e+00
1.896432855237822324e+01,3.343922794804186083e+00,0.000000000000000000e+00
1.856757342468913308e+01,3.609170662228359472e+00,0.000000000000000000e+00
1.818455370023626116e+01,3.865246210026096918e+00,0.000000000000000000e+00
1.781432591370093022e+01,4.112761199817378532e+00,0.000000000000000000e+00
1.745605953751249118e+01,4.352284461999646581e+00,0.000000000000000000e+00
1.710896903244372069e+01,4.584334435572380961e+00,0.000000000000000000e+00
1.677233571356423880e+01,4.809389874262207876e+00,0.000000000000000000e+00
1.644551009931678820e+01,5.027897009599403333e+00,0.000000000000000000e+00
1.612785955216820710e+01,5.240259226577469676e+00,0.000000000000000000e+00
1.581883460121761154e+01,5.446861563261232497e+00,0.000000000000000000e+00
1.551790286889358228e+01,5.648054742511370740e+00,0.000000000000000000e+00
1.522456419461499166e+01,5.844162643400625967e+00,0.000000000000000000e+00
1.493837937254848569e+01,6.035497037984521640e+00,0.000000000000000000e+00
1.465891186503741750e+01,6.222338919744550445e+00,0.000000000000000000e+00
1.438575808657102506e+01,6.404952160050659593e+00,0.000000000000000000e+00
1.411855992414504257e+01,6.583592614749090188e+00,0.000000000000000000e+00
1.385695940620216859e+01,6.758490680839046583e+00,0.000000000000000000e+00
1.360062020963707852e+01,6.929862125718345034e+00,0.000000000000000000e+00
1.334924693520729555e+01,7.097920501027808804e+00,0.000000000000000000e+00
1.310254594331198952e+01,7.262859813453594882e+00,0.000000000000000000e+00
1.286023007378244287e+01,7.424857294938813190e+00,0.000000000000000000e+00
1.262204895894259415e+01,7.584092150866419857e+00,0.000000000000000000e+00
1.238776092514811289e+01,7.740732140904992065e+00,0.000000000000000000e+00
1.215712308232004979e+01,7.894928041095365501e+00,0.000000000000000000e+00
1.192991112757321126e+01,8.046826660721370317e+00,0.000000000000000000e+00
1.170592321285209003e+01,8.196575675343058975e+00,0.000000000000000000e+00
1.148495709143109877e+01,8.344309759241447466e+00,0.000000000000000000e+00
1.126681120065379638e+01,8.490151211996192160e+00,0.000000000000000000e+00
1.105130424711612847e+01,8.634225162424471023e+00,0.000000000000000000e+00
1.083826610932769796e+01,8.776654842852140703e+00,0.000000000000000000e+00
1.062752516043620865e+01,8.917552442449284911e+00,0.000000000000000000e+00
1.041891075835080649e+01,9.057020944725158174e+00,0.000000000000000000e+00
1.021226905814079622e+01,9.195168361407663582e+00,0.000000000000000000e+00
1.000745305757293124e+01,9.332100950001226636e+00,0.000000000000000000e+00
9.804314020034995636e+00,9.467915993831413246e+00,0.000000000000000000e+00
9.602703067391830771e+00,9.602703067391828995e+00,0.000000000000000000e+00
9.402483599686863869e+00,9.736556792394418736e+00,0.000000000000000000e+00
9.203525121304277690e+00,9.869572362012828393e+00,0.000000000000000000e+00
9.005695123375472733e+00,1.000183770875702827e+01,0.000000000000000000e+00
8.808859621557045827e+00,1.013343381228404283e+01,0.000000000000000000e+00
8.612891929234400834e+00,1.026444489929077086e+01,0.000000000000000000e+00
8.417672230377439391e+00,1.039495950193715856e+01,0.000000000000000000e+00
8.223078490558261677e+00,1.052506050485693834e+01,0.000000000000000000e+00
8.028986260236591121e+00,1.065482463950838721e+01,0.000000000000000000e+00
7.835273402037058688e+00,1.078432865251246930e+01,0.000000000000000000e+00
7.641825193677608929e+00,1.091365741822234980e+01,0.000000000000000000e+00
7.448524979978980554e+00,1.104289240830897612e+01,0.000000000000000000e+00
7.255252913690022787e+00,1.117210976540492950e+01,0.000000000000000000e+00
7.061887700223040909e+00,1.130138272687722889e+01,0.000000000000000000e+00
6.868314018428592682e+00,1.143079409921113943e+01,0.000000000000000000e+00
6.674415833777009865e+00,1.156042733494396657e+01,0.000000000000000000e+00
6.480072979644589282e+00,1.169036111292282598e+01,0.000000000000000000e+00
6.285161667107315608e+00,1.182066988630899829e+01,0.000000000000000000e+00
6.089560703211947867e+00,1.195143581003510214e+01,0.000000000000000000e+00
5.893149695093210738e+00,1.208274745885146828e+01,0.000000000000000000e+00
5.695803137639916081e+00,1.221468924652885768e+01,0.000000000000000000e+00
5.497390391227632733e+00,1.234734097920494733e+01,0.000000000000000000e+00
5.297779875244202685e+00,1.248078725270751477e+01,0.000000000000000000e+00
5.096841197939744994e+00,1.261512464297122804e+01,0.000000000000000000e+00
4.894437953319636492e+00,1.275044679001529069e+01,0.000000000000000000e+00
4.690427087215203628e+00,1.288684250972208112e+01,0.000000000000000000e+00
4.484661798627220364e+00,1.302440357827039108e+01,0.000000000000000000e+00
4.276995350707813337e+00,1.316323817944853403e+01,0.000000000000000000e+00
4.067273766366885646e+00,1.330345304881297963e+01,0.000000000000000000e+00
3.855334616410862392e+00,1.344514962711109263e+01,0.000000000000000000e+00
3.641009653067949436e+00,1.358843301609832110e+01,0.000000000000000000e+00
3.424128311792955071e+00,1.373342854691945369e+01,0.000000000000000000e+00
3.204510576700157376e+00,1.388026025186514367e+01,0.000000000000000000e+00
2.981965806265983066e+00,1.402904611759413278e+01,0.000000000000000000e+00
2.756295991541973134e+00,1.417991361249011995e+01,0.000000000000000000e+00
2.527296809390897181e+00,1.433301244787643292e+01,0.000000000000000000e+00
2.294751104589232149e+00,1.448848826240248933e+01,0.000000000000000000e+00
2.058428722627827945e+00,1.464648140867202386e+01,0.000000000000000000e+00
1.818090239420333765e+00,1.480715674715846930e+01,0.000000000000000000e+00
1.573483356520720688e+00,1.497069411659158966e+01,0.000000000000000000e+00
1.324339062988384441e+00,1.513726475654719117e+01,0.000000000000000000e+00
1.070373171424086944e+00,1.530704949467413556e+01,0.000000000000000000e+00
8.112862954432980001e-01,1.548026469623418144e+01,0.000000000000000000e+00
5.467587508476157154e-01,1.565712207392282096e+01,0.000000000000000000e+00
2.764504116107474596e-01,1.583783347398749797e+01,0.000000000000000000e+00
9.811047111774457480e-16,1.602265586878647952e+01,0.000000000000000000e+00
-2.829788794348474523e-01,1.621184914513774444e+01,0.000000000000000000e+00
-5.728986818848073037e-01,1.640567175990194571e+01,0.000000000000000000e+00
-8.702016174011575345e-01,1.660443600751372273e+01,0.000000000000000000e+00
-1.175361893504093480e+00,1.680845816985901564e+01,0.000000000000000000e+00
-1.488887597221656423e+00,1.701806310917618603e+01,0.000000000000000000e+00
-1.811328191960042799e+00,1.723363656451591908e+01,0.000000000000000000e+00
-2.143273105108386201e+00,1.745555865776351823e+01,0.000000000000000000e+00
-2.485360546586721675e+00,1.768425918239143968e+01,0.000000000000000000e+00
-2.838283531881881760e+00,1.792021694849644220e+01,0.000000000000000000e+00
-3.202787859230879164e+00,1.816391255814841443e+01,0.000000000000000000e+00
-3.579686526733025786e+00,1.841589069701920067e+01,0.000000000000000000e+00
-3.969857023576362387e+00,1.867670888344189351e+01,0.000000000000000000e+00
-4.374282474244285623e+00,1.894709900449313977e+01,0.000000000000000000e+00
-4.794034491114824270e+00,1.922782213167654675e+01,0.000000000000000000e+00
-5.230210575682174401e+00,1.951941160272993514e+01,0.000000000000000000e+00
-5.683995956631800794e+00,1.982244959789107597e+01,0.000000000000000000e+00
-6.157118892232467999e+00,2.013902845097674543e+01,0.000000000000000000e+00
-6.651261247489278716e+00,2.047047724284949766e+01,0.000000000000000000e+00
-7.166185782932015691e+00,2.081211470223701099e+01,0.000000000000000000e+00
-7.700727607172919598e+00,2.115757521407842390e+01,0.000000000000000000e+00
-8.253408801894053681e+00,2.150086501626176982e+01,0.000000000000000000e+00
-8.824331973528753537e+00,2.184098805786209141e+01,0.000000000000000000e+00
-9.414006019352319399e+00,2.217800835257022385e+01,0.000000000000000000e+00
-1.002196359033286832e+01,2.250969877061675462e+01,0.000000000000000000e+00
-1.064918569114791858e+01,2.283725241245808490e+01,0.000000000000000000e+00
-1.129620197538284287e+01,2.316064630538306801e+01,0.000000000000000000e+00
-1.196226430443026167e+01,2.347726559350409659e+01,0.000000000000000000e+00
-1.264708975236959709e+01,2.378571640689190758e+01,0.000000000000000000e+00
-1.335169231167840387e+01,2.408709054395815841e+01,0.000000000000000000e+00
-1.407641093352649619e+01,2.438105892508595929e+01,0.000000000000000000e+00
-1.482111193801598326e+01,2.466647250406032654e+01,0.000000000000000000e+00
-1.558582293421218168e+01,2.494253060513966602e+01,0.000000000000000000e+00
-1.637054456794455248e+01,2.520842801874295702e+01,0.000000000000000000e+00
-1.717512720641331114e+01,2.546317322546964590e+01,0.000000000000000000e+00
-1.799986974529434391e+01,2.570647809835983111e+01,0.000000000000000000e+00
-1.884244871347629058e+01,2.593440574663409137e+01,0.000000000000000000e+00
-1.968812956321041696e+01,2.612703038425008728e+01,0.000000000000000000e+00
-2.052939843634579020e+01,2.627643174255847569e+01,0.000000000000000000e+00
-2.136409471554830120e+01,2.638245981617613012e+01,0.000000000000000000e+00
-2.219059632882536448e+01,2.644572289668552045e+01,0.000000000000000000e+00
-2.300731285466969567e+01,2.646688584306182435e+01,0.000000000000000000e+00
-2.381275024430145137e+01,2.644673843382311063e+01,0.000000000000000000e+00
-2.460534340216212001e+01,2.638600036389093617e+01,0.000000000000000000e+00
-2.538205806280238619e+01,2.628389055042423195e+01,0.000000000000000000e+00
-2.614181755208490188e+01,2.614181755208490543e+01,0.000000000000000000e+00
-2.688404749493571089e+01,2.596162288723964195e+01,0.000000000000000000e+00
-2.760768045641626856e+01,2.574457851887605742e+01,0.000000000000000000e+00
-2.831131465993572149e+01,2.549162221919485560e+01,0.000000000000000000e+00
-2.899478629132597973e+01,2.520478318886540592e+01,0.000000000000000000e+00
-2.965570608838294220e+01,2.488409204106395478e+01,0.000000000000000000e+00
-3.028869420508800658e+01,2.452730095360642437e+01,0.000000000000000000e+00
-3.089630471330410799e+01,2.413883878467625266e+01,0.000000000000000000e+00
-3.147873723298474147e+01,2.372092993403726524e+01,0.000000000000000000e+00
-3.203366729026015491e+01,2.327382161434826102e+01,0.000000000000000000e+00
-3.255855925434917708e+01,2.279774862314281236e+01,0.000000000000000000e+00
-3.305227749470358845e+01,2.229404267121683603e+01,0.000000000000000000e+00
-3.351440863294929784e+01,2.176451144776146052e+01,0.000000000000000000e+00
-3.394478519847596232e+01,2.121105592767300863e+01,0.000000000000000000e+00
-3.434262874307921720e+01,2.063513316560027633e+01,0.000000000000000000e+00
-3.470614543842112454e+01,2.003760241140673415e+01,0.000000000000000000e+00
-3.503383132252000109e+01,1.941956980914237363e+01,0.000000000000000000e+00
-3.532501730526649908e+01,1.878264487481516909e+01,0.000000000000000000e+00
-3.557919963280412645e+01,1.812850768555654568e+01,0.000000000000000000e+00
-3.579595423082666628e+01,1.745885341718618378e+01,0.000000000000000000e+00
-3.597494050579292235e+01,1.677539025952170348e+01,0.000000000000000000e+00
-3.611588042260293463e+01,1.607982595931581571e+01,0.000000000000000000e+00
-3.621855687350010555e+01,1.537386527225609356e+01,0.000000000000000000e+00
-3.628281323314084972e+01,1.465920809326779128e+01,0.000000000000000000e+00
-3.630855286174312369e+01,1.393754760780540636e+01,0.000000000000000000e+00
-3.628967226383493028e+01,1.320836051531171229e+01,0.000000000000000000e+00
-3.622862090227513931e+01,1.247451456805648995e+01,0.000000000000000000e+00
-3.612806160385094500e+01,1.173871880180697858e+01,0.000000000000000000e+00
-3.598466297004294745e+01,1.100161553189146169e+01,0.000000000000000000e+00
-3.580065199990496438e+01,1.026567176812960724e+01,0.000000000000000000e+00
-3.557396474767498518e+01,9.532015125712749892e+00,0.000000000000000000e+00
-3.530594624899674727e+01,8.802761066751044083e+00,0.000000000000000000e+00
-3.499532065757973243e+01,8.079306378074475603e+00,0.000000000000000000e+00
-3.464340637379078913e+01,7.363683343350298394e+00,0.000000000000000000e+00
-3.425023914590631335e+01,6.657572073222061348e+00,0.000000000000000000e+00
-3.384355048699276125e+01,5.967531073825929511e+00,0.000000000000000000e+00
-3.343511388424679609e+01,5.295601799743565152e+00,0.000000000000000000e+00
-3.302581401290159135e+01,4.641475468099136137e+00,0.000000000000000000e+00
-3.261574915627063831e+01,4.004710438671973627e+00,0.000000000000000000e+00
-3.220935151181377165e+01,3.385339259052555061e+00,0.000000000000000000e+00
-3.181304060665469891e+01,2.783280405372185573e+00,0.000000000000000000e+00
-3.142797947282065252e+01,2.197658410360442627e+00,0.000000000000000000e+00
-3.105342673553800736e+01,1.627441134338165840e+00,0.000000000000000000e+00
-3.068825014074706203e+01,1.071657309270114711e+00,0.000000000000000000e+00
-3.033187533179560802e+01,5.294448533110912569e-01,0.000000000000000000e+00
-2.998389519818729809e+01,3.671968128042976441e-15,0.000000000000000000e+00
-2.964385102254749427e+01,-5.174353443209662728e-01,0.000000000000000000e+00
-2.931124295067634478e+01,-1.023571158597181840e+00,0.000000000000000000e+00
-2.898560586627730373e+01,-1.519071234625077427e+00,0.000000000000000000e+00
-2.866655000996293268e+01,-2.004560451615900796e+00,0.000000000000000000e+00
-2.835368172747729432e+01,-2.480625720376393950e+00,0.000000000000000000e+00
-2.804664872406134535e+01,-2.947821565907516206e+00,0.000000000000000000e+00
-2.774510453617357086e+01,-3.406670477679265563e+00,0.000000000000000000e+00
-2.744871369739221478e+01,-3.857665134538469154e+00,0.000000000000000000e+00
-2.715718278993996293e+01,-4.301275196975766768e+00,0.000000000000000000e+00
-2.687021127351353655e+01,-4.737943224857202651e+00,0.000000000000000000e+00
-2.658752169350250227e+01,-5.168090685988810939e+00,0.000000000000000000e+00
-2.630885979541821840e+01,-5.592120779572771205e+00,0.000000000000000000e+00
-2.603396278923139917e+01,-6.010413896980072224e+00,0.000000000000000000e+00
-2.576259417110293626e+01,-6.423336152740457550e+00,0.000000000000000000e+00
-2.549453085493110649e+01,-6.831238953989118734e+00,0.000000000000000000e+00
-2.522954205132968397e+01,-7.234454768026592042e+00,0.000000000000000000e+00
-2.496742048143546100e+01,-7.633306478054168842e+00,0.000000000000000000e+00
-2.470796847959365650e+01,-8.028105612921804024e+00,0.000000000000000000e+00
-2.445098063754061357e+01,-8.419147805516182359e+00,0.000000000000000000e+00
-2.419627001703950953e+01,-8.806722066470156207e+00,0.000000000000000000e+00
-2.394365962854321950e+01,-9.191109798527191899e+00,0.000000000000000000e+00
-2.369296435083472829e+01,-9.572578965514669136e+00,0.000000000000000000e+00
-2.344401078248293047e+01,-9.951392168110428926e+00,0.000000000000000000e+00
-2.319663793505687721e+01,-1.032780861140347817e+01,0.000000000000000000e+00
-2.295067696787339173e+01,-1.070207642996090058e+01,0.000000000000000000e+00
-2.270596298134596935e+01,-1.107443810077248258e+01,0.000000000000000000e+00
-2.246234609015818151e+01,-1.144513698828725623e+01,0.000000000000000000e+00
-2.221967015736757034e+01,-1.181440819107943341e+01,0.000000000000000000e+00
-2.197777594512335142e+01,-1.218248013718280376e+01,0.000000000000000000e+00
-2.173651912690805332e+01,-1.254958516916581779e+01,0.000000000000000000e+00
-2.149575258862887495e+01,-1.291595120686682741e+01,0.000000000000000000e+00
-2.125532183048145995e+01,-1.328179917683712397e+01,0.000000000000000000e+00
-2.101508223892799521e+01,-1.364735397762998304e+01,0.000000000000000000e+00
-2.077489203830029396e+01,-1.401284161631546432e+01,0.000000000000000000e+00
-2.053460021163420990e+01,-1.437848186230896630e+01,0.000000000000000000e+00
-2.029405782160332805e+01,-1.474449607319464661e+01,0.000000000000000000e+00
-2.005312399840668647e+01,-1.511111280621288522e+01,0.000000000000000000e+00
-1.981164883831362644e+01,-1.547855647477292607e+01,0.000000000000000000e+00
-1.956947721294521259e+01,-1.584705018501656681e+01,0.000000000000000000e+00
-1.932646377899536461e+01,-1.621682862891607257e+01,0.000000000000000000e+00
-1.908245639397128812e+01,-1.658812626823570469e+01,0.000000000000000000e+00
-1.883729291773887127e+01,-1.696117472675513937e+01,0.000000000000000000e+00
-1.859081787946714570e+01,-1.733621813624087693e+01,0.000000000000000000e+00
-1.834287304665264884e+01,-1.771350659886370238e+01,0.000000000000000000e+00
-1.809328715840578283e+01,-1.809328715840577573e+01,0.000000000000000000e+00
-1.784189028226975537e+01,-1.847581824261569849e+01,0.000000000000000000e+00
-1.758851333777517212e+01,-1.886137135928186126e+01,0.000000000000000000e+00
-1.733297219958233271e+01,-1.925021584404261077e+01,0.000000000000000000e+00
-1.707507888129437035e+01,-1.964263129584768208e+01,0.000000000000000000e+00
-1.681464798480445921e+01,-2.003891714409769520e+01,0.000000000000000000e+00
-1.655147732426091522e+01,-2.043937228418419849e+01,0.000000000000000000e+00
-1.628535687624000872e+01,-2.084430626102142625e+01,0.000000000000000000e+00
-1.601607874840961188e+01,-2.125405436574166984e+01,0.000000000000000000e+00
-1.574341583762900854e+01,-2.166895292537209627e+01,0.000000000000000000e+00
-1.546713118089445693e+01,-2.208935256601321129e+01,0.000000000000000000e+00
-1.518698760775352774e+01,-2.251563505654202402e+01,0.000000000000000000e+00
-1.490272488602532519e+01,-2.294818391735807595e+01,0.000000000000000000e+00
-1.461407269454755919e+01,-2.338740514300043571e+01,0.000000000000000000e+00
-1.432075391191119884e+01,-2.383373690738470785e+01,0.000000000000000000e+00
-1.402246405125205619e+01,-2.428762018407664414e+01,0.000000000000000000e+00
-1.371889380448651785e+01,-2.474953957279096173e+01,0.000000000000000000e+00
-1.340971710351563218e+01,-2.522000984938921064e+01,0.000000000000000000e+00
-1.309457658712490336e+01,-2.569955357503310367e+01,0.000000000000000000e+00
-1.277309826405386239e+01,-2.618873243965944653e+01,0.000000000000000000e+00
-1.244487399470046007e+01,-2.668811840650453249e+01,0.000000000000000000e+00
-1.210950167284858203e+01,-2.719838607087254800e+01,0.000000000000000000e+00
-1.176657479075457324e+01,-2.772031305844128468e+01,0.000000000000000000e+00
-1.141559777113313601e+01,-2.825459596721997002e+01,0.000000000000000000e+00
-1.105593675219869887e+01,-2.880169993309909771e+01,0.000000000000000000e+00
-1.068699271382882543e+01,-2.936227116312071317e+01,0.000000000000000000e+00
-1.030858802469598956e+01,-2.993831347480081817e+01,0.000000000000000000e+00
-9.920337738802038174e+00,-3.053166014192939670e+01,0.000000000000000000e+00
-9.519884415874978245e+00,-3.113813886933099795e+01,0.000000000000000000e+00
-9.104243984593143324e+00,-3.175027197212187247e+01,0.000000000000000000e+00
-8.670824466522088159e+00,-3.235995745257176281e+01,0.000000000000000000e+00
-8.217778365722422151e+00,-3.295970878526283343e+01,0.000000000000000000e+00
-7.745159615040382306e+00,-3.354797201502732662e+01,0.000000000000000000e+00
-7.253713797034047062e+00,-3.412604033506558210e+01,0.000000000000000000e+00
-6.744331827418863057e+00,-3.469657938778397011e+01,0.000000000000000000e+00
-6.216775131299046464e+00,-3.525708377878778776e+01,0.000000000000000000e+00
-5.670540086926990853e+00,-3.580238106286079613e+01,0.000000000000000000e+00
-5.106890016940853982e+00,-3.633741060208726026e+01,0.000000000000000000e+00
-4.526144855607509676e+00,-3.686249168726270398e+01,0.000000000000000000e+00
-3.928079883550601892e+00,-3.737318361740068440e+01,0.000000000000000000e+00
-3.313206598140904457e+00,-3.787012470660448571e+01,0.000000000000000000e+00
-2.681997218247701209e+00,-3.835434711959000254e+01,0.000000000000000000e+00
-2.034788949947519576e+00,-3.882608608462722799e+01,0.000000000000000000e+00
-1.371820883001326985e+00,-3.928381026441817170e+01,0.000000000000000000e+00
-6.934014172662477105e-01,-3.972494058989757093e+01,0.000000000000000000e+00
-7.375526928642502834e-15,-4.015049854253287975e+01,0.000000000000000000e+00
7.079948110784618498e-01,-4.056099556146273954e+01,0.000000000000000000e+00
1.430215190625066413e+00,-4.095600444781246807e+01,0.000000000000000000e+00
2.166274775427698529e+00,-4.133498509311355207e+01,0.000000000000000000e+00
2.915772898631691312e+00,-4.169749510369740619e+01,0.000000000000000000e+00
3.678295209684628198e+00,-4.204310663169194129e+01,0.000000000000000000e+00
4.453416830811767646e+00,-4.237143079491227127e+01,0.000000000000000000e+00
5.240703897910537812e+00,-4.268210807102014570e+01,0.000000000000000000e+00
6.039715428337862235e+00,-4.297480829061199614e+01,0.000000000000000000e+00
6.850004765700447251e+00,-4.324922796497251909e+01,0.000000000000000000e+00
7.671120868423852102e+00,-4.350508831718230596e+01,0.000000000000000000e+00
8.502609358563876896e+00,-4.374213312182668290e+01,0.000000000000000000e+00
9.344013416193208243e+00,-4.396012686119336621e+01,0.000000000000000000e+00
1.019487431543653599e+01,-4.415885213867257164e+01,0.000000000000000000e+00
1.105473253085313523e+01,-4.433811046008426615e+01,0.000000000000000000e+00
1.192312559789131043e+01,-4.449771051635534036e+01,0.000000000000000000e+00
1.279959794385268879e+01,-4.463750274474822533e+01,0.000000000000000000e+00
1.368366809292231245e+01,-4.475726161220282506e+01,0.000000000000000000e+00
1.457491279756221836e+01,-4.485696917282218976e+01,0.000000000000000000e+00
1.547207978442712317e+01,-4.493418241020150816e+01,0.000000000000000000e+00
1.637516266491427785e+01,-4.499038966174843068e+01,0.000000000000000000e+00
1.728384729575464718e+01,-4.502596158600807286e+01,0.000000000000000000e+00
1.819766293529751877e+01,-4.504079629405590168e+01,0.000000000000000000e+00
1.911614774274069362e+01,-4.503482188517209295e+01,0.000000000000000000e+00
2.003879145496913239e+01,-4.500786251245819614e+01,0.000000000000000000e+00
2.096520194247782953e+01,-4.496002065552412574e+01,0.000000000000000000e+00
2.189354709192813786e+01,-4.488842370837748774e+01,0.000000000000000000e+00
2.282415423593258197e+01,-4.479492488271117878e+01,0.000000000000000000e+00
2.375688181214738037e+01,-4.468019635821055147e+01,0.000000000000000000e+00
2.469125006548288326e+01,-4.454419425547985867e+01,0.000000000000000000e+00
2.562672139205513133e+01,-4.438678348245171179e+01,0.000000000000000000e+00
2.656290774305973201e+01,-4.420810234834402763e+01,0.000000000000000000e+00
2.749761398374540278e+01,-4.400538112442983163e+01,0.000000000000000000e+00
2.843137874256947484e+01,-4.378048399862549189e+01,0.000000000000000000e+00
2.936416259633490355e+01,-4.353416133838792490e+01,0.000000000000000000e+00
3.029545414490020860e+01,-4.326639245038636972e+01,0.000000000000000000e+00
3.122469738928045757e+01,-4.297710895878909554e+01,0.000000000000000000e+00
3.215146413416562154e+01,-4.266643398675887511e+01,0.000000000000000000e+00
3.307373418794603737e+01,-4.233244931923965737e+01,0.000000000000000000e+00
3.399157196569200323e+01,-4.197609556658961338e+01,0.000000000000000000e+00
3.490525808383350892e+01,-4.159846672183667948e+01,0.000000000000000000e+00
3.581422039369820709e+01,-4.119954767016083252e+01,0.000000000000000000e+00
3.671789836640503069e+01,-4.077935744395584550e+01,0.000000000000000000e+00
3.761587617486267732e+01,-4.033808861008574098e+01,0.000000000000000000e+00
3.850719562084408665e+01,-3.987536836444759558e+01,0.000000000000000000e+00
3.939172765972494972e+01,-3.939172765972497103e+01,0.000000000000000000e+00
4.024551704878106051e+01,-3.886464405031462377e+01,0.000000000000000000e+00
4.105542289170524839e+01,-3.828480121427662652e+01,0.000000000000000000e+00
4.181951791207988833e+01,-3.765446305862268161e+01,0.000000000000000000e+00
4.253207070584654304e+01,-3.697256499645444450e+01,0.000000000000000000e+00
4.319146815392223004e+01,-3.624194499796139723e+01,0.000000000000000000e+00
4.379976660026053992e+01,-3.546835165055897932e+01,0.000000000000000000e+00
4.435440550142827476e+01,-3.465345949051643260e+01,0.000000000000000000e+00
4.485094648870479972e+01,-3.379761237750719971e+01,0.000000000000000000e+00
4.528821910657512007e+01,-3.290381719855177778e+01,0.000000000000000000e+00
4.566531325670599983e+01,-3.197519657705335305e+01,0.000000000000000000e+00
4.598126999339183385e+01,-3.101475822577394226e+01,0.000000000000000000e+00
4.623457720642942093e+01,-3.002508550613180560e+01,0.000000000000000000e+00
4.642328819790358807e+01,-2.900849000972401370e+01,0.000000000000000000e+00
4.654550613904482503e+01,-2.796736163165760658e+01,0.000000000000000000e+00
4.659940010914489505e+01,-2.690417619708991381e+01,0.000000000000000000e+00
4.658325350948978638e+01,-2.582151906642913985e+01,0.000000000000000000e+00
4.649581843940770653e+01,-2.472226519705277425e+01,0.000000000000000000e+00
4.633683951076353935e+01,-2.360979897987301257e+01,0.000000000000000000e+00
4.610640123570968996e+01,-2.248759442414889520e+01,0.000000000000000000e+00
4.580471835115689316e+01,-2.135909094677729669e+01,0.000000000000000000e+00
4.543159434190502566e+01,-2.022744902031709913e+01,0.000000000000000000e+00
4.498327691473106427e+01,-1.909426820088627608e+01,0.000000000000000000e+00
4.445650522460463350e+01,-1.796159401971795333e+01,0.000000000000000000e+00
4.386062925365762055e+01,-1.683651812450143836e+01,0.000000000000000000e+00
4.319607930671104867e+01,-1.572208710464506964e+01,0.000000000000000000e+00
4.244857312764903412e+01,-1.461621587259525512e+01,0.000000000000000000e+00
4.162560514111000032e+01,-1.352497897796037485e+01,0.000000000000000000e+00
4.073276183868070888e+01,-1.245325503463314654e+01,0.000000000000000000e+00
3.975293978709974141e+01,-1.139897205429860527e+01,0.000000000000000000e+00
3.869761425220669793e+01,-1.036899448788988565e+01,0.000000000000000000e+00
3.758018769568030137e+01,-9.369793144635846005e+00,0.000000000000000000e+00
3.638920285023488077e+01,-8.401109438534925644e+00,0.000000000000000000e+00
3.511522614128929121e+01,-7.463971730857750231e+00,0.000000000000000000e+00
3.378842062852248063e+01,-6.567803647047459670e+00,0.000000000000000000e+00
3.255140796841862993e+01,-5.739691484880756533e+00,0.000000000000000000e+00
3.140636853038571985e+01,-4.974280102311280594e+00,0.000000000000000000e+00
3.034499337545998898e+01,-4.264710698025699465e+00,0.000000000000000000e+00
2.935775891397547710e+01,-3.604679537345830909e+00,0.000000000000000000e+00
2.843655216476535941e+01,-2.988802068870178186e+00,0.000000000000000000e+00
2.757447451155317708e+01,-2.412453922445447319e+00,0.000000000000000000e+00
2.676553376371673920e+01,-1.871628446063084539e+00,0.000000000000000000e+00
2.600448766473708773e+01,-1.362837449902122966e+00,0.000000000000000000e+00
2.528688634134796942e+01,-8.830375290902325869e-01,0.000000000000000000e+00
2.460839749500825846e+01,-4.295411760547791502e-01,0.000000000000000000e+00
2.396604893857725926e+01,-5.869989024167492145e-15,0.000000000000000000e+00
