2.505380548656840034e+01,0.000000000000000000e+00,0.000000000000000000e+00
2.446273451489102158e+01,4.269986192791720425e-01,0.000000000000000000e+00
2.389620684539243456e+01,8.344739309750733858e-01,0.000000000000000000e+00
2.335473265838242085e+01,1.223969674374940197e+00,0.000000000000000000e+00
2.283647748944507327e+01,1.596882066856634586e+00,0.000000000000000000e+00
2.233944839349152289e+01,1.954448483852923024e+00,0.000000000000000000e+00
2.186218670926342256e+01,2.297808415312567298e+00,0.000000000000000000e+00
2.140325382797686160e+01,2.627989123161550644e+00,0.000000000000000000e+00
2.096133658007702394e+01,2.945923739441796307e+00,0.000000000000000000e+00
2.053525222424410046e+01,3.252464430460090927e+00,0.000000000000000000e+00
2.012392813093479660e+01,3.548391487321875815e+00,0.000000000000000000e+00
1.972636141539475929e+01,3.834416230086794553e+00,0.000000000000000000e+00
1.934165120648462022e+01,4.111194877471205267e+00,0.000000000000000000e+00
1.896895375158539210e+01,4.379328040172983272e+00,0.000000000000000000e+00
1.860750440338636480e+01,4.639371910792013942e+00,0.000000000000000000e+00
1.825658452427403233e+01,4.891837079829759460e+00,0.000000000000000000e+00
1.791554306626111526e+01,5.137199307613578902e+00,0.000000000000000000e+00
1.758376075983303011e+01,5.375895159709804361e+00,0.000000000000000000e+00
1.726068163304576331e+01,5.608335432982133106e+00,0.000000000000000000e+00
1.694576699949881871e+01,5.834895506300199486e+00,0.000000000000000000e+00
1.663853709229294964e+01,6.055932243328761899e+00,0.000000000000000000e+00
1.633852575820156261e+01,6.271772424073328800e+00,0.000000000000000000e+00
1.604530782286128954e+01,6.482725162033963429e+00,0.000000000000000000e+00
1.575848565619487829e+01,6.689080302655012744e+00,0.000000000000000000e+00
1.547767449600940637e+01,6.891104667491727120e+00,0.000000000000000000e+00
1.520253116329167042e+01,7.089056704782925600e+00,0.000000000000000000e+00
1.493271725809692541e+01,7.283172842613726772e+00,0.000000000000000000e+00
1.466791871777602729e+01,7.473677877822576754e+00,0.000000000000000000e+00
1.440784677931486435e+01,7.660788022495173877e+00,0.000000000000000000e+00
1.415221374131794718e+01,7.844700174906793499e+00,0.000000000000000000e+00
1.390075824901706802e+01,8.025606517009913787e+00,0.000000000000000000e+00
1.365323311083002089e+01,8.203690098700910482e+00,0.000000000000000000e+00
1.340939208428928531e+01,8.379118141207911208e+00,0.000000000000000000e+00
1.316901209803083006e+01,8.552056451371100820e+00,0.000000000000000000e+00
1.293187964830900860e+01,8.722662961565671225e+00,0.000000000000000000e+00
1.269778127763307474e+01,8.891082169136797830e+00,0.000000000000000000e+00
1.246652186756831959e+01,9.057458313097200175e+00,0.000000000000000000e+00
1.223791522388271247e+01,9.221930581771459856e+00,0.000000000000000000e+00
1.201177394664275155e+01,9.384626333359845418e+00,0.000000000000000000e+00
1.178792301609928295e+01,9.545671842969129628e+00,0.000000000000000000e+00
1.156619782878240166e+01,9.705192332254769738e+00,0.000000000000000000e+00
1.134643209723020796e+01,9.863302943654572275e+00,0.000000000000000000e+00
1.112846512692603262e+01,1.002011500711167358e+01,0.000000000000000000e+00
1.091214831949188202e+01,1.017574293009791120e+01,0.000000000000000000e+00
1.069733225876479565e+01,1.033029368267076542e+01,0.000000000000000000e+00
1.048386758365308147e+01,1.048386758365307969e+01,0.000000000000000000e+00
1.027161563137926237e+01,1.063656935789828495e+01,0.000000000000000000e+00
1.006043972857011681e+01,1.078850077400780094e+01,0.000000000000000000e+00
9.850200826726302594e+00,1.093975631174308916e+01,0.000000000000000000e+00
9.640764723339573905e+00,1.109043115918064260e+01,0.000000000000000000e+00
9.432003304122492438e+00,1.124062382304843766e+01,0.000000000000000000e+00
9.223785874205907120e+00,1.139042694854504489e+01,0.000000000000000000e+00
9.015980710277416321e+00,1.153992906613378899e+01,0.000000000000000000e+00
8.808462879389887590e+00,1.168922505052995220e+01,0.000000000000000000e+00
8.601106951838554338e+00,1.183840810454950798e+01,0.000000000000000000e+00
8.393783975725735758e+00,1.198756585395661034e+01,0.000000000000000000e+00
8.186366945688135388e+00,1.213678810760008631e+01,0.000000000000000000e+00
7.978732147359413496e+00,1.228617008937984778e+01,0.000000000000000000e+00
7.770751909498423871e+00,1.243580259738200411e+01,0.000000000000000000e+00
7.562295550070844641e+00,1.258577332345352673e+01,0.000000000000000000e+00
7.353235998992866840e+00,1.273617835030013090e+01,0.000000000000000000e+00
7.143443962081089893e+00,1.288711404469959199e+01,0.000000000000000000e+00
6.932784874725006929e+00,1.303867199244807296e+01,0.000000000000000000e+00
6.721123534376742370e+00,1.319094765736570274e+01,0.000000000000000000e+00
6.508325384347452669e+00,1.334404453777563049e+01,0.000000000000000000e+00
6.294249829189914713e+00,1.349806231811387747e+01,0.000000000000000000e+00
6.078751321809915176e+00,1.365309900820393096e+01,0.000000000000000000e+00
5.861685112605831804e+00,1.380926474024631467e+01,0.000000000000000000e+00
5.642901050595548362e+00,1.396667020545804938e+01,0.000000000000000000e+00
5.422241412024984442e+00,1.412542180859616359e+01,0.000000000000000000e+00
5.199546255781413606e+00,1.428563592916925629e+01,0.000000000000000000e+00
4.974651495931788681e+00,1.444743698713140034e+01,0.000000000000000000e+00
4.747383657992507722e+00,1.461094452885837036e+01,0.000000000000000000e+00
4.517563414327094407e+00,1.477628412291993065e+01,0.000000000000000000e+00
4.285007281606337592e+00,1.494359628583741184e+01,0.000000000000000000e+00
4.049520867667466106e+00,1.511301762444539065e+01,0.000000000000000000e+00
3.810900752919810230e+00,1.528468807940815744e+01,0.000000000000000000e+00
3.568937704005652023e+00,1.545876756172357425e+01,0.000000000000000000e+00
3.323409737858566526e+00,1.563541351886330055e+01,0.000000000000000000e+00
3.074083112706322396e+00,1.581478662289981507e+01,0.000000000000000000e+00
2.820715310541524801e+00,1.599707145899146532e+01,0.000000000000000000e+00
2.563048330673152631e+00,1.618245027997295082e+01,0.000000000000000000e+00
2.300809847840678213e+00,1.637111272828894926e+01,0.000000000000000000e+00
2.033714436293525107e+00,1.656327490474753361e+01,0.000000000000000000e+00
1.761457498259500154e+00,1.675914860906403447e+01,0.000000000000000000e+00
1.483717161251232541e+00,1.695896475560618200e+01,0.000000000000000000e+00
1.200152264426737059e+00,1.716297699080380923e+01,0.000000000000000000e+00
9.103983769904301360e-01,1.737143587164027281e+01,0.000000000000000000e+00
6.140687771150792340e-01,1.758462903459760440e+01,0.000000000000000000e+00
3.107499181127992838e-01,1.780285088544404815e+01,0.000000000000000000e+00
1.103799612155730037e-15,1.802641566407944396e+01,0.000000000000000000e+00
-3.186539444700365875e-01,1.825567225217858436e+01,0.000000000000000000e+00
-6.457190374959630441e-01,1.849097390733500390e+01,0.000000000000000000e+00
-9.817405290104721516e-01,1.873272522593149958e+01,0.000000000000000000e+00
-1.327304354979742085e+00,1.898133660164557668e+01,0.000000000000000000e+00
-1.683043282219906844e+00,1.923727274358464001e+01,0.000000000000000000e+00
-2.049639293404287077e+00,1.950101523714367602e+01,0.000000000000000000e+00
-2.427832114701258703e+00,1.977310581108921994e+01,0.000000000000000000e+00
-2.818421818866414519e+00,2.005411327486913109e+01,0.000000000000000000e+00
-3.222278553908714649e+00,2.034466610044603385e+01,0.000000000000000000e+00
-3.640346749896382406e+00,2.064543233979177472e+01,0.000000000000000000e+00
-4.073666570896410377e+00,2.095719771702913192e+01,0.000000000000000000e+00
-4.523361495321872816e+00,2.128074268694679461e+01,0.000000000000000000e+00
-4.990638939061995849e+00,2.161683216181013023e+01,0.000000000000000000e+00
-5.476936177043016052e+00,2.196679119307682271e+01,0.000000000000000000e+00
-5.983181319826799793e+00,2.232953667649062623e+01,0.000000000000000000e+00
-6.507900282971006867e+00,2.269574544590943432e+01,0.000000000000000000e+00
-7.050663115707308748e+00,2.306167991406080731e+01,0.000000000000000000e+00
-7.611733283798404415e+00,2.342650621691529267e+01,0.000000000000000000e+00
-8.190521166296520050e+00,2.378700066499244059e+01,0.000000000000000000e+00
-8.788077326563676905e+00,2.414504401515485199e+01,0.000000000000000000e+00
-9.404907277607968297e+00,2.450062110335567311e+01,0.000000000000000000e+00
-1.004104417974317442e+01,2.485245644385454256e+01,0.000000000000000000e+00
-1.069671657842295787e+01,2.519988505782389154e+01,0.000000000000000000e+00
-1.137205465360893086e+01,2.554205294685424121e+01,0.000000000000000000e+00
-1.206719088211110957e+01,2.587817435779712838e+01,0.000000000000000000e+00
-1.278224056671910702e+01,2.620747693793489930e+01,0.000000000000000000e+00
-1.351731390803256971e+01,2.652922228211560807e+01,0.000000000000000000e+00
-1.427252066997504976e+01,2.684270735122465723e+01,0.000000000000000000e+00
-1.504798518676009245e+01,2.714728389753218707e+01,0.000000000000000000e+00
-1.584380315363998548e+01,2.744227204722448121e+01,0.000000000000000000e+00
-1.666035444949972799e+01,2.772748607898955697e+01,0.000000000000000000e+00
-1.749464806178150411e+01,2.799728936669004398e+01,0.000000000000000000e+00
-1.833614313259651851e+01,2.823518438137475428e+01,0.000000000000000000e+00
-1.917769656274570167e+01,2.843210438990772815e+01,0.000000000000000000e+00
-2.001696199502963580e+01,2.858718437423425129e+01,0.000000000000000000e+00
-2.085047415507879620e+01,2.869821566030192983e+01,0.000000000000000000e+00
-2.167573812247539422e+01,2.876467603023107245e+01,0.000000000000000000e+00
-2.249406269450146212e+01,2.879108731985365210e+01,0.000000000000000000e+00
-2.330357969534532003e+01,2.877752430286991370e+01,0.000000000000000000e+00
-2.410271565246759806e+01,2.872449797010495942e+01,0.000000000000000000e+00
-2.488981059526878781e+01,2.863245177051194901e+01,0.000000000000000000e+00
-2.566327350609506297e+01,2.850195272735363261e+01,0.000000000000000000e+00
-2.642155051210072614e+01,2.833364403951345167e+01,0.000000000000000000e+00
-2.716314912272935445e+01,2.812826433459998299e+01,0.000000000000000000e+00
-2.788664758894401885e+01,2.788664758894402240e+01,0.000000000000000000e+00
-2.859071537148214048e+01,2.760973289794435104e+01,0.000000000000000000e+00
-2.927410840941749015e+01,2.729854772501119697e+01,0.000000000000000000e+00
-2.993576189891613737e+01,2.695428108292128400e+01,0.000000000000000000e+00
-3.057453676135359899e+01,2.657803932151936621e+01,0.000000000000000000e+00
-3.119002801199905406e+01,2.617154100127745053e+01,0.000000000000000000e+00
-3.178026125627853560e+01,2.573514813610027119e+01,0.000000000000000000e+00
-3.233961701502481390e+01,2.526647794057097229e+01,0.000000000000000000e+00
-3.287264618970875318e+01,2.477131567385120547e+01,0.000000000000000000e+00
-3.337838993162821311e+01,2.425081980167385254e+01,0.000000000000000000e+00
-3.385291923186742480e+01,2.370406923655804121e+01,0.000000000000000000e+00
-3.429805207686383994e+01,2.313432823694973806e+01,0.000000000000000000e+00
-3.471231173678166471e+01,2.254243881930506532e+01,0.000000000000000000e+00
-3.509232252402701135e+01,2.192811683258185340e+01,0.000000000000000000e+00
-3.543738711126897556e+01,2.129293035639637566e+01,0.000000000000000000e+00
-3.574755165246655508e+01,2.063885856942161467e+01,0.000000000000000000e+00
-3.602259412083208190e+01,1.996764997798652530e+01,0.000000000000000000e+00
-3.626225198086284962e+01,1.928098139150993617e+01,0.000000000000000000e+00
-3.646606585729925598e+01,1.858038859723385272e+01,0.000000000000000000e+00
-3.663321817049397566e+01,1.786721432579297186e+01,0.000000000000000000e+00
-3.676289465817672664e+01,1.714281931505329837e+01,0.000000000000000000e+00
-3.685432073258358798e+01,1.640860076770733045e+01,0.000000000000000000e+00
-3.690676278773985786e+01,1.566599135121737163e+01,0.000000000000000000e+00
-3.691952948385663547e+01,1.491645815697239996e+01,0.000000000000000000e+00
-3.689224692113802462e+01,1.416160676467093360e+01,0.000000000000000000e+00
-3.682536120825334791e+01,1.340333534590549824e+01,0.000000000000000000e+00
-3.671831990548091795e+01,1.264313145706066521e+01,0.000000000000000000e+00
-3.657027603417005679e+01,1.188240298017607088e+01,0.000000000000000000e+00
-3.638042058959614877e+01,1.112261077860991776e+01,0.000000000000000000e+00
-3.614798474097326419e+01,1.036526782895390042e+01,0.000000000000000000e+00
-3.587271948573039992e+01,9.612066216509671079e+00,0.000000000000000000e+00
-3.556133999236567433e+01,8.866437878723864685e+00,0.000000000000000000e+00
-3.522594053990344065e+01,8.132549173144139942e+00,0.000000000000000000e+00
-3.487789503291900672e+01,7.413525446485205173e+00,0.000000000000000000e+00
-3.452327091975300277e+01,6.710644073826801836e+00,0.000000000000000000e+00
-3.416634767178312870e+01,6.024448926801206916e+00,0.000000000000000000e+00
-3.380888510416830428e+01,5.354801345220253417e+00,0.000000000000000000e+00
-3.345021100686082605e+01,4.701120575875352259e+00,0.000000000000000000e+00
-3.308980951793172665e+01,4.062917732020001615e+00,0.000000000000000000e+00
-3.272785908660388543e+01,3.439836601180331410e+00,0.000000000000000000e+00
-3.236490811811225399e+01,2.831562556392984487e+00,0.000000000000000000e+00
-3.200346076103881643e+01,2.237899982178683356e+00,0.000000000000000000e+00
-3.164683044091354347e+01,1.658540104755225730e+00,0.000000000000000000e+00
-3.129707858987636371e+01,1.092918067202176768e+00,0.000000000000000000e+00
-3.095488042973738274e+01,5.403194477462753831e-01,0.000000000000000000e+00
-3.062059035688056241e+01,3.749940796855609311e-15,0.000000000000000000e+00
-3.029371899845666860e+01,-5.287788320352300175e-01,0.000000000000000000e+00
-2.997357073569119379e+01,-1.046700154505665115e+00,0.000000000000000000e+00
-2.965963465274870003e+01,-1.554395586496886139e+00,0.000000000000000000e+00
-2.935161235370100030e+01,-2.052464677296053086e+00,0.000000000000000000e+00
-2.904919765510538454e+01,-2.541475479345569166e+00,0.000000000000000000e+00
-2.875207895816216208e+01,-3.021965271195969471e+00,0.000000000000000000e+00
-2.845993357952751168e+01,-3.494440447888123025e+00,0.000000000000000000e+00
-2.817243397708428887e+01,-3.959377386737441551e+00,0.000000000000000000e+00
-2.788930957737439442e+01,-4.417232688450170031e+00,0.000000000000000000e+00
-2.761030017639154011e+01,-4.868440866557522284e+00,0.000000000000000000e+00
-2.733513914980007087e+01,-5.313412798260686465e+00,0.000000000000000000e+00
-2.706359357404302557e+01,-5.752544396533481930e+00,0.000000000000000000e+00
-2.679543379553171789e+01,-6.186213330799188448e+00,0.000000000000000000e+00
-2.653042246271508020e+01,-6.614777247214604472e+00,0.000000000000000000e+00
-2.626835193694408588e+01,-7.038583688000674243e+00,0.000000000000000000e+00
-2.600902362558636938e+01,-7.457967512728707504e+00,0.000000000000000000e+00
-2.575222916761937597e+01,-7.873246572495851581e+00,0.000000000000000000e+00
-2.549777732760470883e+01,-8.284730063899617747e+00,0.000000000000000000e+00
-2.524549273583986775e+01,-8.692720260053327763e+00,0.000000000000000000e+00
-2.499519081052982727e+01,-9.097505454836968042e+00,0.000000000000000000e+00
-2.474669032769133992e+01,-9.499364402959500353e+00,0.000000000000000000e+00
-2.449983193384365521e+01,-9.898574629826503823e+00,0.000000000000000000e+00
-2.425445113172965605e+01,-1.029540368640577874e+01,0.000000000000000000e+00
-2.401037701533124746e+01,-1.069010859229821264e+01,0.000000000000000000e+00
-2.376745600186454155e+01,-1.108294674853141615e+01,0.000000000000000000e+00
-2.352553886823910290e+01,-1.147417196961303176e+01,0.000000000000000000e+00
-2.328446719392505670e+01,-1.186402861322292956e+01,0.000000000000000000e+00
-2.304408588008045555e+01,-1.225275780645588952e+01,0.000000000000000000e+00
-2.280425449116926373e+01,-1.264060467608757854e+01,0.000000000000000000e+00
-2.256482557827041191e+01,-1.302780812183137904e+01,0.000000000000000000e+00
-2.232564444155049088e+01,-1.341460053933923824e+01,0.000000000000000000e+00
-2.208656885041387596e+01,-1.380121996345885194e+01,0.000000000000000000e+00
-2.184745858037872424e+01,-1.418790549416604918e+01,0.000000000000000000e+00
-2.160816320258064138e+01,-1.457489011346176433e+01,0.000000000000000000e+00
-2.136853163492256158e+01,-1.496240693124541998e+01,0.000000000000000000e+00
-2.112842456075753717e+01,-1.535069899314333419e+01,0.000000000000000000e+00
-2.088769442625425299e+01,-1.574000673221343938e+01,0.000000000000000000e+00
-2.064618389683330335e+01,-1.613056672081028964e+01,0.000000000000000000e+00
-2.040374407566766735e+01,-1.652262616987290400e+01,0.000000000000000000e+00
-2.016022667420332226e+01,-1.691643876677436964e+01,0.000000000000000000e+00
-1.991547058352843180e+01,-1.731225445563046250e+01,0.000000000000000000e+00
-1.966931120151724244e+01,-1.771032735439893102e+01,0.000000000000000000e+00
-1.942159300221705465e+01,-1.811092847139303785e+01,0.000000000000000000e+00
-1.917214875146923347e+01,-1.851432883822530329e+01,0.000000000000000000e+00
-1.892079875116021626e+01,-1.892079875116020915e+01,0.000000000000000000e+00
-1.866737093335203923e+01,-1.933062848025897651e+01,0.000000000000000000e+00
-1.841168762349079557e+01,-1.974411770618021578e+01,0.000000000000000000e+00
-1.815355382932431638e+01,-2.016156407147299134e+01,0.000000000000000000e+00
-1.789277371678774742e+01,-2.058328160134704277e+01,0.000000000000000000e+00
-1.762915233743963839e+01,-2.100960563253429214e+01,0.000000000000000000e+00
-1.736247481989600772e+01,-2.144087078550102632e+01,0.000000000000000000e+00
-1.709251770136700088e+01,-2.187742500497678222e+01,0.000000000000000000e+00
-1.681906235561799789e+01,-2.231964960353364091e+01,0.000000000000000000e+00
-1.654186852407340069e+01,-2.276792876734579707e+01,0.000000000000000000e+00
-1.626067965773289714e+01,-2.322265724146326704e+01,0.000000000000000000e+00
-1.597523932813614600e+01,-2.368426629054431132e+01,0.000000000000000000e+00
-1.568526633428516881e+01,-2.415319207626613007e+01,0.000000000000000000e+00
-1.539046588408399252e+01,-2.462989397232790267e+01,0.000000000000000000e+00
-1.509055458586907505e+01,-2.511490037455239843e+01,0.000000000000000000e+00
-1.478521866713585631e+01,-2.560874993249506559e+01,0.000000000000000000e+00
-1.447410128091129522e+01,-2.611196992539927564e+01,0.000000000000000000e+00
-1.415679995745012398e+01,-2.662506834459027871e+01,0.000000000000000000e+00
-1.383288628067855797e+01,-2.714856793591779649e+01,0.000000000000000000e+00
-1.350205876545300043e+01,-2.768332295603767079e+01,0.000000000000000000e+00
-1.316407369310702258e+01,-2.823044713696579322e+01,0.000000000000000000e+00
-1.281841993564118454e+01,-2.879064255879702827e+01,0.000000000000000000e+00
-1.246392309335240611e+01,-2.936316270691956731e+01,0.000000000000000000e+00
-1.209931044688772950e+01,-2.994684422249424571e+01,0.000000000000000000e+00
-1.172309953200326049e+01,-3.053971839513867081e+01,0.000000000000000000e+00
-1.133376724869948049e+01,-3.113926959315610077e+01,0.000000000000000000e+00
-1.093044813485770028e+01,-3.174432637112514755e+01,0.000000000000000000e+00
-1.051294405935715659e+01,-3.235551485872787936e+01,0.000000000000000000e+00
-1.008005099712844199e+01,-3.297036119841119728e+01,0.000000000000000000e+00
-9.629210171622629488e+00,-3.358104663529659462e+01,0.000000000000000000e+00
-9.159252553201449487e+00,-3.418279588790278467e+01,0.000000000000000000e+00
-8.670606019502145045e+00,-3.477590130522031586e+01,0.000000000000000000e+00
-8.163255787090070825e+00,-3.535894549739111170e+01,0.000000000000000000e+00
-7.637035701575884517e+00,-3.592942810879572590e+01,0.000000000000000000e+00
-7.092707840038580791e+00,-3.648881860257445453e+01,0.000000000000000000e+00
-6.530738952605204872e+00,-3.703766109057910683e+01,0.000000000000000000e+00
-5.950996290425980106e+00,-3.757311184250254854e+01,0.000000000000000000e+00
-5.354198970282904035e+00,-3.809710524077182470e+01,0.000000000000000000e+00
-4.740633560628606524e+00,-3.860936200584216493e+01,0.000000000000000000e+00
-4.110071976240006641e+00,-3.910472271503434172e+01,0.000000000000000000e+00
-3.463376879592006574e+00,-3.958657887791098062e+01,0.000000000000000000e+00
-2.801016216800050529e+00,-4.005639809609522217e+01,0.000000000000000000e+00
-2.123128479862276485e+00,-4.051170472986034099e+01,0.000000000000000000e+00
-1.430007261285536790e+00,-4.095005013058032262e+01,0.000000000000000000e+00
-7.221554690630613837e-01,-4.137225911406589063e+01,0.000000000000000000e+00
-7.674689325460986054e-15,-4.177906277850563299e+01,0.000000000000000000e+00
7.360826300527067989e-01,-4.217014563278898009e+01,0.000000000000000000e+00
1.485700312243344312e+00,-4.254489044390683716e+01,0.000000000000000000e+00
2.248443423713871070e+00,-4.290285630250787818e+01,0.000000000000000000e+00
3.023885471705739736e+00,-4.324357692938375664e+01,0.000000000000000000e+00
3.811589317371797403e+00,-4.356666525420618541e+01,0.000000000000000000e+00
4.611101533575306277e+00,-4.387170052586034785e+01,0.000000000000000000e+00
5.421891589468459394e+00,-4.415776339955285579e+01,0.000000000000000000e+00
6.243531956298427055e+00,-4.442503824258407974e+01,0.000000000000000000e+00
7.075601319708292536e+00,-4.467358854954503045e+01,0.000000000000000000e+00
7.917633318579101243e+00,-4.490312989405718724e+01,0.000000000000000000e+00
8.769154395417210424e+00,-4.511338846160745675e+01,0.000000000000000000e+00
9.629687292990206871e+00,-4.530411678346396798e+01,0.000000000000000000e+00
1.049874939244736183e+01,-4.547507970354120488e+01,0.000000000000000000e+00
1.137582498225638794e+01,-4.562594194207472498e+01,0.000000000000000000e+00
1.226021866486010126e+01,-4.575575896916208762e+01,0.000000000000000000e+00
1.315159490562144029e+01,-4.586506203340868382e+01,0.000000000000000000e+00
1.404944970221404255e+01,-4.595367934674802513e+01,0.000000000000000000e+00
1.495328663111298972e+01,-4.602148409123928730e+01,0.000000000000000000e+00
1.586260289962278236e+01,-4.606834388933659596e+01,0.000000000000000000e+00
1.677689623023385579e+01,-4.609414356110097799e+01,0.000000000000000000e+00
1.769566194978549589e+01,-4.609877543790450005e+01,0.000000000000000000e+00
1.861839415243433393e+01,-4.608214259841307125e+01,0.000000000000000000e+00
1.954458342453009223e+01,-4.604415309971896164e+01,0.000000000000000000e+00
2.047372359146612197e+01,-4.598473608518315814e+01,0.000000000000000000e+00
2.140528766292362306e+01,-4.590378752863755807e+01,0.000000000000000000e+00
2.233879295539010812e+01,-4.580131301268085053e+01,0.000000000000000000e+00
2.327309270367565475e+01,-4.567601623582911685e+01,0.000000000000000000e+00
2.420771285047023369e+01,-4.552808622338390876e+01,0.000000000000000000e+00
2.514262786619661938e+01,-4.535850136363683305e+01,0.000000000000000000e+00
2.607728759893948478e+01,-4.516718704494900294e+01,0.000000000000000000e+00
2.701117866207151508e+01,-4.495415044138975702e+01,0.000000000000000000e+00
2.794376915248017212e+01,-4.471937864626622172e+01,0.000000000000000000e+00
2.887452794138771850e+01,-4.446287392362821578e+01,0.000000000000000000e+00
2.980292327870665758e+01,-4.418465080059030470e+01,0.000000000000000000e+00
3.072840852728691274e+01,-4.388471538860220278e+01,0.000000000000000000e+00
3.165046600697488088e+01,-4.356312918648770705e+01,0.000000000000000000e+00
3.256805694007487517e+01,-4.321927131256506271e+01,0.000000000000000000e+00
3.348046953164318751e+01,-4.285304681892198886e+01,0.000000000000000000e+00
3.438786467703842931e+01,-4.246547630898687942e+01,0.000000000000000000e+00
3.528967686486917898e+01,-4.205659918519663876e+01,0.000000000000000000e+00
3.618539301009813158e+01,-4.162653292169287056e+01,0.000000000000000000e+00
3.707447545620470208e+01,-4.117537642238873730e+01,0.000000000000000000e+00
3.795641781952146943e+01,-4.070327481427817418e+01,0.000000000000000000e+00
3.883062621952613824e+01,-4.021029055379030126e+01,0.000000000000000000e+00
3.969664358655452219e+01,-3.969664358655454350e+01,0.000000000000000000e+00
4.054500234930984703e+01,-3.915385364325499751e+01,0.000000000000000000e+00
4.135670108591682492e+01,-3.856574767550322491e+01,0.000000000000000000e+00
4.212176839740669010e+01,-3.792661061800191646e+01,0.000000000000000000e+00
4.283926013646963327e+01,-3.723960069449240962e+01,0.000000000000000000e+00
4.350549594543043952e+01,-3.650544560199535482e+01,0.000000000000000000e+00
4.411286162471133565e+01,-3.572189100223204150e+01,0.000000000000000000e+00
4.466714103091322841e+01,-3.489779526460099390e+01,0.000000000000000000e+00
4.516878529149889943e+01,-3.403712109463250357e+01,0.000000000000000000e+00
4.560921013891362463e+01,-3.313703083465406252e+01,0.000000000000000000e+00
4.598702333154984956e+01,-3.220046039657703574e+01,0.000000000000000000e+00
4.630382544158648983e+01,-3.123232462273516319e+01,0.000000000000000000e+00
4.655891430747693249e+01,-3.023571248230772568e+01,0.000000000000000000e+00
4.675020808064019917e+01,-2.921277222497591453e+01,0.000000000000000000e+00
4.687566016138877245e+01,-2.816573818189762690e+01,0.000000000000000000e+00
4.693328069030942373e+01,-2.709694224050244316e+01,0.000000000000000000e+00
4.692046933841184142e+01,-2.600844085269378425e+01,0.000000000000000000e+00
4.683432023015986090e+01,-2.490224979182999832e+01,0.000000000000000000e+00
4.667776753554012714e+01,-2.378351048494255338e+01,0.000000000000000000e+00
4.645518699014025543e+01,-2.265770860301220679e+01,0.000000000000000000e+00
4.615935543990561740e+01,-2.152446093712661934e+01,0.000000000000000000e+00
4.579339356983135900e+01,-2.038853241491238322e+01,0.000000000000000000e+00
4.534764473499894422e+01,-1.924893316442717861e+01,0.000000000000000000e+00
4.483075092861136568e+01,-1.811279909904281382e+01,0.000000000000000000e+00
4.424017618353566661e+01,-1.698221254048972995e+01,0.000000000000000000e+00
4.357485878345302410e+01,-1.585995155953007618e+01,0.000000000000000000e+00
4.283507359206475229e+01,-1.474929865504286575e+01,0.000000000000000000e+00
4.201946720296460569e+01,-1.365295251945584099e+01,0.000000000000000000e+00
4.112803850100687697e+01,-1.257410323797082974e+01,0.000000000000000000e+00
4.016254901647911169e+01,-1.151642561078736193e+01,0.000000000000000000e+00
3.912235349774651638e+01,-1.048280302572608313e+01,0.000000000000000000e+00
3.800877714485201153e+01,-9.476652496037489826e+00,0.000000000000000000e+00
3.682353825217461463e+01,-8.501383667122548005e+00,0.000000000000000000e+00
3.556300477218852052e+01,-7.559150017031000424e+00,0.000000000000000000e+00
3.433196464009905213e+01,-6.673457900047668367e+00,0.000000000000000000e+00
3.319071463044353720e+01,-5.852418498342416342e+00,0.000000000000000000e+00
3.212927551989026398e+01,-5.088777321250653074e+00,0.000000000000000000e+00
3.113895163095964236e+01,-4.376294253972475623e+00,0.000000000000000000e+00
3.021227095825808462e+01,-3.709600423489314736e+00,0.000000000000000000e+00
2.934277892313230041e+01,-3.084050339285628439e+00,0.000000000000000000e+00
2.852485596713582439e+01,-2.495601525834195478e+00,0.000000000000000000e+00
2.775359416858543327e+01,-1.940720360183165738e+00,0.000000000000000000e+00
2.702466111774089796e+01,-1.416302475057565236e+00,0.000000000000000000e+00
2.633433064825076642e+01,-9.196150902870284805e-01,0.000000000000000000e+00
2.567893399710677826e+01,-4.482274602069367120e-01,0.000000000000000000e+00
2.505666512713200689e+01,-6.137112949049863886e-15,0.000000000000000000e+00
