2.406528795018478206e+01,0.000000000000000000e+00,0.000000000000000000e+00
2.352445365661013810e+01,4.106208659769755021e-01,0.000000000000000000e+00
2.300558583885738173e+01,8.033727601013544994e-01,0.000000000000000000e+00
2.250878293721339674e+01,1.179635328103363356e+00,0.000000000000000000e+00
2.203219923573112737e+01,1.540641452658924493e+00,0.000000000000000000e+00
2.157420714403286510e+01,1.887498549662876890e+00,0.000000000000000000e+00
2.113356812557137232e+01,2.221227516273254210e+00,0.000000000000000000e+00
2.070905603194871247e+01,2.542752351596470284e+00,0.000000000000000000e+00
2.029953841891080657e+01,2.852914073466987777e+00,0.000000000000000000e+00
1.990400236507081289e+01,3.152484274809987497e+00,0.000000000000000000e+00
1.952152220094236057e+01,3.442171068525433864e+00,0.000000000000000000e+00
1.915123050484192291e+01,3.722622105898877543e+00,0.000000000000000000e+00
1.879234738375604863e+01,3.994436745599821315e+00,0.000000000000000000e+00
1.844413571977224464e+01,4.258164250498204240e+00,0.000000000000000000e+00
1.810593258092318081e+01,4.514316010014852942e+00,0.000000000000000000e+00
1.777710727505973054e+01,4.763361538113689342e+00,0.000000000000000000e+00
1.745708814085793392e+01,5.005739473175819576e+00,0.000000000000000000e+00
1.714533697582057670e+01,5.241855557455992631e+00,0.000000000000000000e+00
1.684135196453658523e+01,5.472086964468687142e+00,0.000000000000000000e+00
1.654467522488137732e+01,5.696788532836058572e+00,0.000000000000000000e+00
1.625486119036654031e+01,5.916285635422310563e+00,0.000000000000000000e+00
1.597151447033481908e+01,6.130889990209255735e+00,0.000000000000000000e+00
1.569424756056524117e+01,6.340887609217790377e+00,0.000000000000000000e+00
1.542270287792179317e+01,6.546548969561194475e+00,0.000000000000000000e+00
1.515655137108944750e+01,6.748131440761445887e+00,0.000000000000000000e+00
1.489546684646033903e+01,6.945870262298342368e+00,0.000000000000000000e+00
1.463915762206018556e+01,7.139994241431075750e+00,0.000000000000000000e+00
1.438734344035938406e+01,7.330717633479836515e+00,0.000000000000000000e+00
1.413974949988249996e+01,7.518238170418202415e+00,0.000000000000000000e+00
1.389613094653611292e+01,7.702751163837902482e+00,0.000000000000000000e+00
1.365624749667098570e+01,7.884438168323144147e+00,0.000000000000000000e+00
1.341986425197564792e+01,8.063467941707916253e+00,0.000000000000000000e+00
1.318677099386084173e+01,8.240009044710541630e+00,0.000000000000000000e+00
1.295676044750757683e+01,8.414218617852593951e+00,0.000000000000000000e+00
1.272962798380251925e+01,8.586242491310487779e+00,0.000000000000000000e+00
1.250518934874377663e+01,8.756227848730162577e+00,0.000000000000000000e+00
1.228326409958447307e+01,8.924313751069595568e+00,0.000000000000000000e+00
1.206367140305366625e+01,9.090628444880348269e+00,0.000000000000000000e+00
1.184624547426080632e+01,9.255301317110216530e+00,0.000000000000000000e+00
1.163082720911191892e+01,9.418458166788877151e+00,0.000000000000000000e+00
1.141725547019446907e+01,9.580214854096961830e+00,0.000000000000000000e+00
1.120537684291616465e+01,9.740685481780079868e+00,0.000000000000000000e+00
1.099504820222029799e+01,9.899985868528851540e+00,0.000000000000000000e+00
1.078612465617809768e+01,1.005822396284747278e+01,0.000000000000000000e+00
1.057846204032759907e+01,1.021550204706709941e+01,0.000000000000000000e+00
1.037192710178129573e+01,1.037192710178129396e+01,0.000000000000000000e+00
1.016638732171523429e+01,1.052760225337224043e+01,0.000000000000000000e+00
9.961707709002963540e+00,1.068262364554644428e+01,0.000000000000000000e+00
9.757758609732956501e+00,1.083708882865172463e+01,0.000000000000000000e+00
9.554415882741027488e+00,1.099109818095590896e+01,0.000000000000000000e+00
9.351552494284966599e+00,1.114474628139745072e+01,0.000000000000000000e+00
9.149040267862915243e+00,1.129812381180859404e+01,0.000000000000000000e+00
8.946757862832749097e+00,1.145132786179040885e+01,0.000000000000000000e+00
8.744583279382119656e+00,1.160445395813246350e+01,0.000000000000000000e+00
8.542390765523018459e+00,1.175759220726578747e+01,0.000000000000000000e+00
8.340056135609545507e+00,1.191083454618811288e+01,0.000000000000000000e+00
8.137458826276342094e+00,1.206427883871680073e+01,0.000000000000000000e+00
7.934474231940793487e+00,1.221801887605524684e+01,0.000000000000000000e+00
7.730974227377526375e+00,1.237214499919871358e+01,0.000000000000000000e+00
7.526834131847831344e+00,1.252675561268991444e+01,0.000000000000000000e+00
7.321927606364137198e+00,1.268195062356385705e+01,0.000000000000000000e+00
7.116122750610686332e+00,1.283782527447511512e+01,0.000000000000000000e+00
6.909286091882268721e+00,1.299447720965230957e+01,0.000000000000000000e+00
6.701285638957741320e+00,1.315201359540925807e+01,0.000000000000000000e+00
6.491983465221927041e+00,1.331053863821378691e+01,0.000000000000000000e+00
6.281235862239698875e+00,1.347015377592585850e+01,0.000000000000000000e+00
6.068899735362556669e+00,1.363097198276186894e+01,0.000000000000000000e+00
5.854827568334656895e+00,1.379310937835132655e+01,0.000000000000000000e+00
5.638863744213425733e+00,1.395667752150844443e+01,0.000000000000000000e+00
5.420849294319653566e+00,1.412179521798523751e+01,0.000000000000000000e+00
5.200622490202284176e+00,1.428859285893863884e+01,0.000000000000000000e+00
4.978012071905460800e+00,1.445719680842939425e+01,0.000000000000000000e+00
4.752839461661007014e+00,1.462773576599097325e+01,0.000000000000000000e+00
4.524923010121677081e+00,1.480035627609562532e+01,0.000000000000000000e+00
4.294070490063097267e+00,1.497520344991705876e+01,0.000000000000000000e+00
4.060079194403295233e+00,1.515242183626641470e+01,0.000000000000000000e+00
3.822741184089888389e+00,1.533217745498995122e+01,0.000000000000000000e+00
3.581836465362193245e+00,1.551463823534758113e+01,0.000000000000000000e+00
3.337131809738031141e+00,1.569997079139185558e+01,0.000000000000000000e+00
3.088385670637722846e+00,1.588836690474444779e+01,0.000000000000000000e+00
2.835341671997824164e+00,1.608002167680573180e+01,0.000000000000000000e+00
2.577727544993073217e+00,1.627513119161959310e+01,0.000000000000000000e+00
2.315258725101227100e+00,1.647392183207110605e+01,0.000000000000000000e+00
2.047631522820881234e+00,1.667662047869442077e+01,0.000000000000000000e+00
1.774523649433278782e+00,1.688346473334533115e+01,0.000000000000000000e+00
1.495594567369639583e+00,1.709472412876071346e+01,0.000000000000000000e+00
1.210479580306741854e+00,1.731066448853139761e+01,0.000000000000000000e+00
9.187913701138282763e-01,1.753158372064699222e+01,0.000000000000000000e+00
6.201159866216705563e-01,1.775779845768320442e+01,0.000000000000000000e+00
3.140102448494028753e-01,1.798963487908780223e+01,0.000000000000000000e+00
1.116110303903158972e-15,1.822746451761011244e+01,0.000000000000000000e+00
-3.224240375122465196e-01,1.847166073791118279e+01,0.000000000000000000e+00
-6.538092965827505543e-01,1.872264861566866045e+01,0.000000000000000000e+00
-9.947450774449975164e-01,1.898086679217286132e+01,0.000000000000000000e+00
-1.345867526302475747e+00,1.924680231939815300e+01,0.000000000000000000e+00
-1.707863733869322109e+00,1.952097180411561439e+01,0.000000000000000000e+00
-2.081478222636028441e+00,1.980394241368665931e+01,0.000000000000000000e+00
-2.467518089036828233e+00,2.009632213440981019e+01,0.000000000000000000e+00
-2.866861619248364246e+00,2.039878036386519256e+01,0.000000000000000000e+00
-3.280463743438887025e+00,2.071203292897381232e+01,0.000000000000000000e+00
-3.709370150264983401e+00,2.103688349543041625e+01,0.000000000000000000e+00
-4.154721025174234583e+00,2.137418673529639435e+01,0.000000000000000000e+00
-4.617765457385344163e+00,2.172487840932465986e+01,0.000000000000000000e+00
-5.099887035789967271e+00,2.209003765709879374e+01,0.000000000000000000e+00
-5.602100197013257343e+00,2.246879665793816727e+01,0.000000000000000000e+00
-6.123070336438478201e+00,2.285160959390625379e+01,0.000000000000000000e+00
-6.661528542847192647e+00,2.323151085838379259e+01,0.000000000000000000e+00
-7.217088661667841798e+00,2.360603334684847354e+01,0.000000000000000000e+00
-7.789531068470832764e+00,2.397371153174785263e+01,0.000000000000000000e+00
-8.379520368090492610e+00,2.433589420271454173e+01,0.000000000000000000e+00
-8.987360341038744593e+00,2.469256959750594405e+01,0.000000000000000000e+00
-9.612941006039369185e+00,2.504256749437978868e+01,0.000000000000000000e+00
-1.025631788812732026e+01,2.538527756936231583e+01,0.000000000000000000e+00
-1.091743864278714504e+01,2.571987365534576497e+01,0.000000000000000000e+00
-1.159604457173174374e+01,2.604514253994187101e+01,0.000000000000000000e+00
-1.229220730746940760e+01,2.636072363920632000e+01,0.000000000000000000e+00
-1.300623364406632199e+01,2.666673080490706127e+01,0.000000000000000000e+00
-1.373812151474997734e+01,2.696258161075463988e+01,0.000000000000000000e+00
-1.448787363171482490e+01,2.724772736575936705e+01,0.000000000000000000e+00
-1.525498665774986407e+01,2.752072443660917145e+01,0.000000000000000000e+00
-1.603933129996803331e+01,2.778093673097441751e+01,0.000000000000000000e+00
-1.684100632507207962e+01,2.802814128895276369e+01,0.000000000000000000e+00
-1.765480551006741905e+01,2.825359486126509267e+01,0.000000000000000000e+00
-1.847118941757716470e+01,2.844313742410977142e+01,0.000000000000000000e+00
-1.928662034447227924e+01,2.859359053723834876e+01,0.000000000000000000e+00
-2.009953797827052213e+01,2.870511510010449641e+01,0.000000000000000000e+00
-2.090832810634141126e+01,2.877784479284760977e+01,0.000000000000000000e+00
-2.171157553656438921e+01,2.881223388501814142e+01,0.000000000000000000e+00
-2.250534976665295162e+01,2.880553411340591197e+01,0.000000000000000000e+00
-2.329014075597401501e+01,2.876092859485343567e+01,0.000000000000000000e+00
-2.406510767666014416e+01,2.867967852982622645e+01,0.000000000000000000e+00
-2.482879966395855931e+01,2.856226672263753130e+01,0.000000000000000000e+00
-2.557979565399335442e+01,2.840924118009841592e+01,0.000000000000000000e+00
-2.631671870560104765e+01,2.822122569040783802e+01,0.000000000000000000e+00
-2.703824465419417322e+01,2.799892197110390057e+01,0.000000000000000000e+00
-2.774311457273891435e+01,2.774311457273891790e+01,0.000000000000000000e+00
-2.843014431342315618e+01,2.745467122961790096e+01,0.000000000000000000e+00
-2.909824481649525296e+01,2.713455227150883786e+01,0.000000000000000000e+00
-2.974641234525769917e+01,2.678378997902123615e+01,0.000000000000000000e+00
-3.037277388917318532e+01,2.640264953254922276e+01,0.000000000000000000e+00
-3.097404989324425628e+01,2.599031384148793578e+01,0.000000000000000000e+00
-3.155166579649357317e+01,2.555003518270553542e+01,0.000000000000000000e+00
-3.210678919511352092e+01,2.508457291142337198e+01,0.000000000000000000e+00
-3.263647086268156983e+01,2.459334479963552056e+01,0.000000000000000000e+00
-3.313698737489520596e+01,2.407543057783809815e+01,0.000000000000000000e+00
-3.361131466110971644e+01,2.353489589484757971e+01,0.000000000000000000e+00
-3.405771287329372399e+01,2.297221739721057787e+01,0.000000000000000000e+00
-3.447242378389619688e+01,2.238665376118464323e+01,0.000000000000000000e+00
-3.485670659486259382e+01,2.178088765962537110e+01,0.000000000000000000e+00
-3.521117890432109476e+01,2.115701075314055402e+01,0.000000000000000000e+00
-3.553388644672785546e+01,2.051549890537191700e+01,0.000000000000000000e+00
-3.582329335960361760e+01,1.985717576207616375e+01,0.000000000000000000e+00
-3.607914348453136455e+01,1.918362087699313179e+01,0.000000000000000000e+00
-3.630136064846237076e+01,1.849646710166716446e+01,0.000000000000000000e+00
-3.648955532023038018e+01,1.779714527195315910e+01,0.000000000000000000e+00
-3.664308017015326158e+01,1.708694890173003600e+01,0.000000000000000000e+00
-3.676131844238915392e+01,1.636719348031337873e+01,0.000000000000000000e+00
-3.684369343380836170e+01,1.563921999879884162e+01,0.000000000000000000e+00
-3.688966936146208297e+01,1.490439388441835256e+01,0.000000000000000000e+00
-3.689875220407747491e+01,1.416410390882912118e+01,0.000000000000000000e+00
-3.687003927702345152e+01,1.341959683306231632e+01,0.000000000000000000e+00
-3.680161568558526142e+01,1.267181249422109346e+01,0.000000000000000000e+00
-3.669422483246941624e+01,1.192267638606793412e+01,0.000000000000000000e+00
-3.654946432829352432e+01,1.117429263603818690e+01,0.000000000000000000e+00
-3.636901884365964577e+01,1.042864833799455937e+01,0.000000000000000000e+00
-3.615465488841344666e+01,9.687610579976334790e+00,0.000000000000000000e+00
-3.590847447050759200e+01,8.952988224877000079e+00,0.000000000000000000e+00
-3.563725788308932607e+01,8.227509264144039491e+00,0.000000000000000000e+00
-3.535188788362447809e+01,7.514275737087332097e+00,0.000000000000000000e+00
-3.506312720814260331e+01,6.815581506053911554e+00,0.000000000000000000e+00
-3.477486500315253437e+01,6.131746950550347464e+00,0.000000000000000000e+00
-3.448525997253346276e+01,5.461928600195849803e+00,0.000000000000000000e+00
-3.419245940377174975e+01,4.805436785133725408e+00,0.000000000000000000e+00
-3.389640999012241451e+01,4.161955816822011656e+00,0.000000000000000000e+00
-3.359801780369565449e+01,3.531293967700023018e+00,0.000000000000000000e+00
-3.329810401752352078e+01,2.913206618440348894e+00,0.000000000000000000e+00
-3.299710631248369452e+01,2.307382447793075553e+00,0.000000000000000000e+00
-3.269534630272885067e+01,1.713490492616009941e+00,0.000000000000000000e+00
-3.239315252579950766e+01,1.131193812464461601e+00,0.000000000000000000e+00
-3.209088188439613276e+01,5.601484268958935031e-01,0.000000000000000000e+00
-3.178887566413825994e+01,3.893014483058011123e-15,0.000000000000000000e+00
-3.148734951480107469e+01,-5.496137301983231582e-01,0.000000000000000000e+00
-3.118640142908203217e+01,-1.089053135582083165e+00,0.000000000000000000e+00
-3.088625351518750506e+01,-1.618679957103994038e+00,0.000000000000000000e+00
-3.058814707126315824e+01,-2.138931607952643255e+00,0.000000000000000000e+00
-3.029375659665849341e+01,-2.650360277821288690e+00,0.000000000000000000e+00
-3.000432114145795737e+01,-3.153581228238694578e+00,0.000000000000000000e+00
-2.971963745463206763e+01,-3.649112635060523413e+00,0.000000000000000000e+00
-2.943917944925928865e+01,-4.137406852752391728e+00,0.000000000000000000e+00
-2.916251162947521181e+01,-4.618888082892208757e+00,0.000000000000000000e+00
-2.888943616500312928e+01,-5.093987053344941174e+00,0.000000000000000000e+00
-2.861977667956011473e+01,-5.563121038425359544e+00,0.000000000000000000e+00
-2.835333980354266359e+01,-6.026688420502801513e+00,0.000000000000000000e+00
-2.808991319252856655e+01,-6.485067447633161564e+00,0.000000000000000000e+00
-2.782927073924572525e+01,-6.938616493998297052e+00,0.000000000000000000e+00
-2.757119052330921960e+01,-7.387678235085316736e+00,0.000000000000000000e+00
-2.731549186907936999e+01,-7.832591253190741121e+00,0.000000000000000000e+00
-2.706199296267291032e+01,-8.273681550107449212e+00,0.000000000000000000e+00
-2.681050576797591489e+01,-8.711261389981325820e+00,0.000000000000000000e+00
-2.656086231886677851e+01,-9.145638329170806102e+00,0.000000000000000000e+00
-2.631289532240215223e+01,-9.577110674716768912e+00,0.000000000000000000e+00
-2.606642841816049483e+01,-1.000596439155692430e+01,0.000000000000000000e+00
-2.582130003712095601e+01,-1.043248240015517325e+01,0.000000000000000000e+00
-2.557735891155434516e+01,-1.085694472310911962e+01,0.000000000000000000e+00
-2.533444409821953158e+01,-1.127962123887287049e+01,0.000000000000000000e+00
-2.509239687391688278e+01,-1.170077682377198158e+01,0.000000000000000000e+00
-2.485107442378224718e+01,-1.212067885735417683e+01,0.000000000000000000e+00
-2.461032680390582783e+01,-1.253958782696489038e+01,0.000000000000000000e+00
-2.436999740707755890e+01,-1.295775747090892516e+01,0.000000000000000000e+00
-2.412994426628065270e+01,-1.337544651785020555e+01,0.000000000000000000e+00
-2.389002516700441703e+01,-1.379291246111693781e+01,0.000000000000000000e+00
-2.365008748012844819e+01,-1.421040620336593285e+01,0.000000000000000000e+00
-2.340998334927638069e+01,-1.462818112367047441e+01,0.000000000000000000e+00
-2.316957362746506988e+01,-1.504649704482460493e+01,0.000000000000000000e+00
-2.292870867916099087e+01,-1.546560928429294890e+01,0.000000000000000000e+00
-2.268723305277378088e+01,-1.588577160467267291e+01,0.000000000000000000e+00
-2.244500356752975279e+01,-1.630724963304241015e+01,0.000000000000000000e+00
-2.220187027793476275e+01,-1.673030926779458127e+01,0.000000000000000000e+00
-2.195767148125505130e+01,-1.715521311986101693e+01,0.000000000000000000e+00
-2.171225271468043516e+01,-1.758223557304317453e+01,0.000000000000000000e+00
-2.146546054660177916e+01,-1.801166002770400709e+01,0.000000000000000000e+00
-2.121712695190205622e+01,-1.844376707385168856e+01,0.000000000000000000e+00
-2.096708084097389246e+01,-1.887884438633264850e+01,0.000000000000000000e+00
-2.071515683212282966e+01,-1.931719625766218940e+01,0.000000000000000000e+00
-2.046117453822767729e+01,-1.975912657093478586e+01,0.000000000000000000e+00
-2.020494481203403225e+01,-2.020494481203402515e+01,0.000000000000000000e+00
-1.994629298768022707e+01,-2.065499103649112556e+01,0.000000000000000000e+00
-1.968503155692433637e+01,-2.110961189749409428e+01,0.000000000000000000e+00
-1.942095315411684808e+01,-2.156915362287364246e+01,0.000000000000000000e+00
-1.915383710573630438e+01,-2.203396908349652250e+01,0.000000000000000000e+00
-1.888344375712661360e+01,-2.250441193810633678e+01,0.000000000000000000e+00
-1.860952436344874528e+01,-2.298084872089263442e+01,0.000000000000000000e+00
-1.833190776868864091e+01,-2.346377195066833465e+01,0.000000000000000000e+00
-1.805043638470232281e+01,-2.395373813230785132e+01,0.000000000000000000e+00
-1.776487782257900960e+01,-2.445125665437705464e+01,0.000000000000000000e+00
-1.747472464753684562e+01,-2.495649317374702392e+01,0.000000000000000000e+00
-1.717936451585122981e+01,-2.546945529505376626e+01,0.000000000000000000e+00
-1.687809614892914922e+01,-2.598998891562983715e+01,0.000000000000000000e+00
-1.656989969783930761e+01,-2.651738262919910127e+01,0.000000000000000000e+00
-1.625373180376790572e+01,-2.705075235263898037e+01,0.000000000000000000e+00
-1.592883410584158099e+01,-2.758954997665355435e+01,0.000000000000000000e+00
-1.559481086103054537e+01,-2.813378352772459223e+01,0.000000000000000000e+00
-1.525128481084908216e+01,-2.868349497429840156e+01,0.000000000000000000e+00
-1.489786281445466898e+01,-2.923870206922325110e+01,0.000000000000000000e+00
-1.453413874209722501e+01,-2.979940049696839210e+01,0.000000000000000000e+00
-1.415965545663681091e+01,-3.036547911878853157e+01,0.000000000000000000e+00
-1.377391537687391398e+01,-3.093672045710357210e+01,0.000000000000000000e+00
-1.337643980795119170e+01,-3.151291736786083320e+01,0.000000000000000000e+00
-1.296677596154502332e+01,-3.209389671361451235e+01,0.000000000000000000e+00
-1.254446609746439378e+01,-3.267945145292657116e+01,0.000000000000000000e+00
-1.210904287705677440e+01,-3.326932187592126411e+01,0.000000000000000000e+00
-1.166010628582148101e+01,-3.386340751013898398e+01,0.000000000000000000e+00
-1.119732600148273960e+01,-3.446182589514781824e+01,0.000000000000000000e+00
-1.072010998243862723e+01,-3.506389980649731797e+01,0.000000000000000000e+00
-1.022745942286207743e+01,-3.566738971508605971e+01,0.000000000000000000e+00
-9.716959754412519246e+00,-3.626418749856954094e+01,0.000000000000000000e+00
-9.187049606443645544e+00,-3.684724339697215356e+01,0.000000000000000000e+00
-8.638758804400346492e+00,-3.741857534501988169e+01,0.000000000000000000e+00
-8.072325996712763185e+00,-3.797730793766044854e+01,0.000000000000000000e+00
-7.487658644891364901e+00,-3.852066435179054338e+01,0.000000000000000000e+00
-6.885418907008618916e+00,-3.904915106777002620e+01,0.000000000000000000e+00
-6.266364531310140151e+00,-3.956426855106531093e+01,0.000000000000000000e+00
-5.630778586294173493e+00,-4.006507146636706551e+01,0.000000000000000000e+00
-4.978721394330826833e+00,-4.054843180379906187e+01,0.000000000000000000e+00
-4.310828189722300863e+00,-4.101479049655461040e+01,0.000000000000000000e+00
-3.627733495686738863e+00,-4.146518359617863325e+01,0.000000000000000000e+00
-2.929893574971506709e+00,-4.189943018335193869e+01,0.000000000000000000e+00
-2.217725003142280382e+00,-4.231671392074994031e+01,0.000000000000000000e+00
-1.491698020506040168e+00,-4.271664233683397782e+01,0.000000000000000000e+00
-7.522880808215265391e-01,-4.309855528554294324e+01,0.000000000000000000e+00
-7.983640764463493684e-15,-4.346091607812698498e+01,0.000000000000000000e+00
7.646027147127140156e-01,-4.380406018866684548e+01,0.000000000000000000e+00
1.540996188272154788e+00,-4.412835715536853343e+01,0.000000000000000000e+00
2.328660460945141342e+00,-4.443348855460232727e+01,0.000000000000000000e+00
3.127064222261714654e+00,-4.471910180586929329e+01,0.000000000000000000e+00
3.935668876128841198e+00,-4.498490110050275348e+01,0.000000000000000000e+00
4.753928522120140165e+00,-4.523060854877497405e+01,0.000000000000000000e+00
5.581291866286989034e+00,-4.545597447467801544e+01,0.000000000000000000e+00
6.417202922418813849e+00,-4.566077137657428864e+01,0.000000000000000000e+00
7.261102166151325754e+00,-4.584479479974822880e+01,0.000000000000000000e+00
8.112426278250632450e+00,-4.600785566483186528e+01,0.000000000000000000e+00
8.970611795012731093e+00,-4.614979693574353092e+01,0.000000000000000000e+00
9.835085793076418170e+00,-4.627044075141127877e+01,0.000000000000000000e+00
1.070528068355100970e+01,-4.636966500824141946e+01,0.000000000000000000e+00
1.158025193834403055e+01,-4.644585367985180824e+01,0.000000000000000000e+00
1.245972480134245686e+01,-4.650032600693599960e+01,0.000000000000000000e+00
1.334311084615819887e+01,-4.653295749066234777e+01,0.000000000000000000e+00
1.422984135243522807e+01,-4.654371384822666613e+01,0.000000000000000000e+00
1.511933520505859541e+01,-4.653252905364310976e+01,0.000000000000000000e+00
1.601101466481881630e+01,-4.649936295219397664e+01,0.000000000000000000e+00
1.690429919069585907e+01,-4.644418031814199566e+01,0.000000000000000000e+00
1.779860761989807116e+01,-4.636695807737234531e+01,0.000000000000000000e+00
1.869335571714935185e+01,-4.626767898175071991e+01,0.000000000000000000e+00
1.958796241954667394e+01,-4.614634760775583544e+01,0.000000000000000000e+00
2.048183091947048240e+01,-4.600294544201904756e+01,0.000000000000000000e+00
2.137431037983969517e+01,-4.583735653068549709e+01,0.000000000000000000e+00
2.226409316698506302e+01,-4.564815574954883459e+01,0.000000000000000000e+00
2.315136915630173320e+01,-4.543712032298571302e+01,0.000000000000000000e+00
2.403552025883634968e+01,-4.520423905916148755e+01,0.000000000000000000e+00
2.491598571487875446e+01,-4.494962809930194680e+01,0.000000000000000000e+00
2.579217609108337683e+01,-4.467335942751964950e+01,0.000000000000000000e+00
2.666351315840843839e+01,-4.437553787692223750e+01,0.000000000000000000e+00
2.752941705562050245e+01,-4.405627667848113305e+01,0.000000000000000000e+00
2.838931123073481189e+01,-4.371570571103644198e+01,0.000000000000000000e+00
2.924262224507917551e+01,-4.335397035751685735e+01,0.000000000000000000e+00
3.008878121655473237e+01,-4.297123291972221892e+01,0.000000000000000000e+00
3.092722502306641275e+01,-4.256767337209230817e+01,0.000000000000000000e+00
3.175739775065590464e+01,-4.214349023314761666e+01,0.000000000000000000e+00
3.257875234420316701e+01,-4.169890145025348005e+01,0.000000000000000000e+00
3.339075212851477659e+01,-4.123414485806960528e+01,0.000000000000000000e+00
3.419287358658182541e+01,-4.074947993792856948e+01,0.000000000000000000e+00
3.498460490773733511e+01,-4.024518422497013859e+01,0.000000000000000000e+00
3.576546152292560521e+01,-3.972156916600318510e+01,0.000000000000000000e+00
3.653493752864451949e+01,-3.917892382842494925e+01,0.000000000000000000e+00
3.729269307384937804e+01,-3.861771416085872488e+01,0.000000000000000000e+00
3.803792305580325461e+01,-3.803792305580327593e+01,0.000000000000000000e+00
3.877131437817385518e+01,-3.744102307951863651e+01,0.000000000000000000e+00
3.948974253152268687e+01,-3.682478065833693393e+01,0.000000000000000000e+00
4.017547465543228924e+01,-3.617415986133659089e+01,0.000000000000000000e+00
4.081237056425017329e+01,-3.547765247034403302e+01,0.000000000000000000e+00
4.140401267054244983e+01,-3.474209176111162378e+01,0.000000000000000000e+00
4.194827499111129043e+01,-3.396904330787538839e+01,0.000000000000000000e+00
4.243704211120419245e+01,-3.315545103294416407e+01,0.000000000000000000e+00
4.287266899840805223e+01,-3.230687336246689512e+01,0.000000000000000000e+00
4.325618574656954962e+01,-3.142745854418210882e+01,0.000000000000000000e+00
4.358458989232855174e+01,-3.051825839238719595e+01,0.000000000000000000e+00
4.385521058778376613e+01,-2.958071304937834967e+01,0.000000000000000000e+00
4.406663212769584703e+01,-2.861720551036704663e+01,0.000000000000000000e+00
4.421766868340897361e+01,-2.763026597314319588e+01,0.000000000000000000e+00
4.430721871413670954e+01,-2.662246286396571548e+01,0.000000000000000000e+00
4.433426599497055065e+01,-2.559640040652075044e+01,0.000000000000000000e+00
4.429754084696120486e+01,-2.455452784856934301e+01,0.000000000000000000e+00
4.419047248741718903e+01,-2.349649101113680771e+01,0.000000000000000000e+00
4.402865328415342816e+01,-2.243371935524264416e+01,0.000000000000000000e+00
4.379629387754338410e+01,-2.136087978248539798e+01,0.000000000000000000e+00
4.349783117116507469e+01,-2.028337178824751774e+01,0.000000000000000000e+00
4.313188864555358037e+01,-1.920355407653399382e+01,0.000000000000000000e+00
4.269928659524522629e+01,-1.812477182979800716e+01,0.000000000000000000e+00
4.219937402534109339e+01,-1.704965382006472652e+01,0.000000000000000000e+00
4.163098668489268306e+01,-1.598063853136859969e+01,0.000000000000000000e+00
4.099343671548019330e+01,-1.492039076471005821e+01,0.000000000000000000e+00
4.028682642785216927e+01,-1.387186679091738917e+01,0.000000000000000000e+00
3.951252393217121295e+01,-1.283839727343652193e+01,0.000000000000000000e+00
3.867095895601880784e+01,-1.182289863428349541e+01,0.000000000000000000e+00
3.775804591583085568e+01,-1.082694544163372541e+01,0.000000000000000000e+00
3.677996709977773548e+01,-9.855162482028704929e+00,0.000000000000000000e+00
3.573340234706225971e+01,-8.909337841984864781e+00,0.000000000000000000e+00
3.461901096895102370e+01,-7.992428440957763058e+00,0.000000000000000000e+00
3.345477037483708216e+01,-7.111030962335505912e+00,0.000000000000000000e+00
3.237534032512017035e+01,-6.293128660835696664e+00,0.000000000000000000e+00
3.136950046543741166e+01,-5.531289303403395863e+00,0.000000000000000000e+00
3.042983164674294727e+01,-4.819611854539252782e+00,0.000000000000000000e+00
2.954958205579282904e+01,-4.152922927227945316e+00,0.000000000000000000e+00
2.872277641586850905e+01,-3.526713490134736784e+00,0.000000000000000000e+00
2.794423253499131832e+01,-2.937057190676496621e+00,0.000000000000000000e+00
2.720941253134878224e+01,-2.380515137693238081e+00,0.000000000000000000e+00
2.651431286615585847e+01,-1.854061369603064779e+00,0.000000000000000000e+00
2.585543289501325148e+01,-1.355025820429351491e+00,0.000000000000000000e+00
2.522960128929739909e+01,-8.810370909922519145e-01,0.000000000000000000e+00
2.463393434241231361e+01,-4.299869233842789629e-01,0.000000000000000000e+00
2.406787521468746505e+01,-5.894929268788983984e-15,0.000000000000000000e+00
