2.537141314636205180e+01,0.000000000000000000e+00,0.000000000000000000e+00
2.463301829718584557e+01,4.299709337553507260e-01,0.000000000000000000e+00
2.393323113640675359e+01,8.357668477071796831e-01,0.000000000000000000e+00
2.327171979352907272e+01,1.219619154476052847e+00,0.000000000000000000e+00
2.264460643841414011e+01,1.583465135953790792e+00,0.000000000000000000e+00
2.204897557976353539e+01,1.929035405589246910e+00,0.000000000000000000e+00
2.148221377016560396e+01,2.257871650127039942e+00,0.000000000000000000e+00
2.094192191719091056e+01,2.571344687065199697e+00,0.000000000000000000e+00
2.042598527561791855e+01,2.870685020254099218e+00,0.000000000000000000e+00
1.993250507381721448e+01,3.156998660382519528e+00,0.000000000000000000e+00
1.945976309834462370e+01,3.431281272433110541e+00,0.000000000000000000e+00
1.900620163464503776e+01,3.694431349276113163e+00,0.000000000000000000e+00
1.857042825641212147e+01,3.947266378922784202e+00,0.000000000000000000e+00
1.815115273266409091e+01,4.190523798233980912e+00,0.000000000000000000e+00
1.774722722526796659e+01,4.424880720080184737e+00,0.000000000000000000e+00
1.735757829947532471e+01,4.650949087904392876e+00,0.000000000000000000e+00
1.698124960175308118e+01,4.869294967721290668e+00,0.000000000000000000e+00
1.661733801673141997e+01,5.080430075884200924e+00,0.000000000000000000e+00
1.626504277070129234e+01,5.284832756271492293e+00,0.000000000000000000e+00
1.592359566505310475e+01,5.482933690337394417e+00,0.000000000000000000e+00
1.559231962847168340e+01,5.675140227928343606e+00,0.000000000000000000e+00
1.527056245139488766e+01,5.861819719852753074e+00,0.000000000000000000e+00
1.495773639955122469e+01,6.043317784547827642e+00,0.000000000000000000e+00
1.465329610698889873e+01,6.219955171879028910e+00,0.000000000000000000e+00
1.435671832355411404e+01,6.392022824540968706e+00,0.000000000000000000e+00
1.406754247271922154e+01,6.559802786449679068e+00,0.000000000000000000e+00
1.378531718552137875e+01,6.723548435095797693e+00,0.000000000000000000e+00
1.350962623299112408e+01,6.883498378866530487e+00,0.000000000000000000e+00
1.324009371645911060e+01,7.039882705123188700e+00,0.000000000000000000e+00
1.297634641907336572e+01,7.192906274879092621e+00,0.000000000000000000e+00
1.271804550705402370e+01,7.342766997063550072e+00,0.000000000000000000e+00
1.246487981277285506e+01,7.489655400406837416e+00,0.000000000000000000e+00
1.221653908990172610e+01,7.633740863681857114e+00,0.000000000000000000e+00
1.197273916261195659e+01,7.775187723573409038e+00,0.000000000000000000e+00
1.173322048894498337e+01,7.914157149783452638e+00,0.000000000000000000e+00
1.149772376324428080e+01,8.050792851276558082e+00,0.000000000000000000e+00
1.126600359914390737e+01,8.185230735439507299e+00,0.000000000000000000e+00
1.103784045325638807e+01,8.317609377939811921e+00,0.000000000000000000e+00
1.081301673277689090e+01,8.448054552495211311e+00,0.000000000000000000e+00
1.059131782932671939e+01,8.576680068682378533e+00,0.000000000000000000e+00
1.037255123624388276e+01,8.703603916699680809e+00,0.000000000000000000e+00
1.015653260383650114e+01,8.828939094713177838e+00,0.000000000000000000e+00
9.943076938608038873e+00,8.952786688287263317e+00,0.000000000000000000e+00
9.732007394585220794e+00,9.075243713853996752e+00,0.000000000000000000e+00
9.523163662966142695e+00,9.196412249977020892e+00,0.000000000000000000e+00
9.316386433717090299e+00,9.316386433717090299e+00,0.000000000000000000e+00
9.111516026315959138e+00,9.435251049838765169e+00,0.000000000000000000e+00
8.908402576378041005e+00,9.553092179211079227e+00,0.000000000000000000e+00
8.706906109578367747e+00,9.669998890740492570e+00,0.000000000000000000e+00
8.506885851964348433e+00,9.786052727935166118e+00,0.000000000000000000e+00
8.308200605262996419e+00,9.901327919315564330e+00,0.000000000000000000e+00
8.110717874250802595e+00,1.001590244037032917e+01,0.000000000000000000e+00
7.914311208294203759e+00,1.012985640562806111e+01,0.000000000000000000e+00
7.718852641124754221e+00,1.024326342625562880e+01,0.000000000000000000e+00
7.524213269466049070e+00,1.035619110986236535e+01,0.000000000000000000e+00
7.330270847007445134e+00,1.046871169903351273e+01,0.000000000000000000e+00
7.136907202216010049e+00,1.058090005390291921e+01,0.000000000000000000e+00
6.944002052223174459e+00,1.069282546887502505e+01,0.000000000000000000e+00
6.751433399645187627e+00,1.080455198997320032e+01,0.000000000000000000e+00
6.559083725768297235e+00,1.091614846781536308e+01,0.000000000000000000e+00
6.366838461689689588e+00,1.102768769923021175e+01,0.000000000000000000e+00
6.174580265604579843e+00,1.113923766790717096e+01,0.000000000000000000e+00
5.982189194185065340e+00,1.125086153821269974e+01,0.000000000000000000e+00
5.789547740798676401e+00,1.136262721821509381e+01,0.000000000000000000e+00
5.596540421853807068e+00,1.147460832648067530e+01,0.000000000000000000e+00
5.403048195024902078e+00,1.158687424607758132e+01,0.000000000000000000e+00
5.208948448450050783e+00,1.169948976859012646e+01,0.000000000000000000e+00
5.014119227473410767e+00,1.181252464456559892e+01,0.000000000000000000e+00
4.818439462032791276e+00,1.192605616645965405e+01,0.000000000000000000e+00
4.621783532047537335e+00,1.204015773871892847e+01,0.000000000000000000e+00
4.424021164062353684e+00,1.215489825145066405e+01,0.000000000000000000e+00
4.225021278988291940e+00,1.227035275684961135e+01,0.000000000000000000e+00
4.024652032648588396e+00,1.238660530374147939e+01,0.000000000000000000e+00
3.822775715751972392e+00,1.250373595974492247e+01,0.000000000000000000e+00
3.619248749393030540e+00,1.262182036448639977e+01,0.000000000000000000e+00
3.413925538970050688e+00,1.274094356469319500e+01,0.000000000000000000e+00
3.206657243964008863e+00,1.286119973447543785e+01,0.000000000000000000e+00
2.997287447119584947e+00,1.298267826549323267e+01,0.000000000000000000e+00
2.785652604616712047e+00,1.310546511822685645e+01,0.000000000000000000e+00
2.571585769395300591e+00,1.322966189735468490e+01,0.000000000000000000e+00
2.354913141383816910e+00,1.335537608550886191e+01,0.000000000000000000e+00
2.135451311067064317e+00,1.348270894976448098e+01,0.000000000000000000e+00
1.913008716168954182e+00,1.361176429768563878e+01,0.000000000000000000e+00
1.687387358766356371e+00,1.374266720797825947e+01,0.000000000000000000e+00
1.458378103663177328e+00,1.387554079030947918e+01,0.000000000000000000e+00
1.225760132761319454e+00,1.401050242810157975e+01,0.000000000000000000e+00
9.893028438172014605e-01,1.414768979624577305e+01,0.000000000000000000e+00
7.487631655508550921e-01,1.428725230861189743e+01,0.000000000000000000e+00
5.038833368996421536e-01,1.442933086049880487e+01,0.000000000000000000e+00
2.543915086205033593e-01,1.457407976805975913e+01,0.000000000000000000e+00
9.014427952705303814e-16,1.472167805277652519e+01,0.000000000000000000e+00
-2.595968985543992691e-01,1.487229635764571611e+01,0.000000000000000000e+00
-5.247235447297035060e-01,1.502611633038918626e+01,0.000000000000000000e+00
-7.957257676086196829e-01,1.518335213768758685e+01,0.000000000000000000e+00
-1.072971650281777212e+00,1.534420947359311427e+01,0.000000000000000000e+00
-1.356853969356235368e+00,1.550891183695109632e+01,0.000000000000000000e+00
-1.647794451179617647e+00,1.567771695416858968e+01,0.000000000000000000e+00
-1.946242446290728845e+00,1.585087271542044718e+01,0.000000000000000000e+00
-2.252681970256648292e+00,1.602866508532497036e+01,0.000000000000000000e+00
-2.567633738416025047e+00,1.621140140505490379e+01,0.000000000000000000e+00
-2.891655272220507555e+00,1.639939197394586756e+01,0.000000000000000000e+00
-3.225353298776199473e+00,1.659300426614218438e+01,0.000000000000000000e+00
-3.569377878080717714e+00,1.679260263732487601e+01,0.000000000000000000e+00
-3.924437507854356966e+00,1.699860638540699753e+01,0.000000000000000000e+00
-4.291297825147026401e+00,1.721145549722352541e+01,0.000000000000000000e+00
-4.670792383326074493e+00,1.743163448617863409e+01,0.000000000000000000e+00
-5.063830024897936433e+00,1.765967396998433969e+01,0.000000000000000000e+00
-5.471400130464690648e+00,1.789614344350491137e+01,0.000000000000000000e+00
-5.894584739903550918e+00,1.814166641248564105e+01,0.000000000000000000e+00
-6.334576706573066041e+00,1.839694657670140288e+01,0.000000000000000000e+00
-6.792688924918531157e+00,1.866275943859315944e+01,0.000000000000000000e+00
-7.270333835272070111e+00,1.893986717094061589e+01,0.000000000000000000e+00
-7.769093044299173023e+00,1.922918005691287036e+01,0.000000000000000000e+00
-8.290902839040688477e+00,1.953214306816888524e+01,0.000000000000000000e+00
-8.837345481139291081e+00,1.984900293433510399e+01,0.000000000000000000e+00
-9.408995893502289931e+00,2.017765680866168410e+01,0.000000000000000000e+00
-1.000472418745057546e+01,2.051272443547120972e+01,0.000000000000000000e+00
-1.062472178459529815e+01,2.085219059251616613e+01,0.000000000000000000e+00
-1.127006399213944476e+01,2.119590761616340657e+01,0.000000000000000000e+00
-1.194100783818268852e+01,2.154214838615196115e+01,0.000000000000000000e+00
-1.263727219071103924e+01,2.188839750338878076e+01,0.000000000000000000e+00
-1.336036089767463508e+01,2.223537451879805005e+01,0.000000000000000000e+00
-1.411089694056513189e+01,2.258215560972610803e+01,0.000000000000000000e+00
-1.488932499174628354e+01,2.292754988963895357e+01,0.000000000000000000e+00
-1.569615800904022151e+01,2.327051121981168436e+01,0.000000000000000000e+00
-1.653198536492464399e+01,2.361012194640695583e+01,0.000000000000000000e+00
-1.739726434300384739e+01,2.394528010736830836e+01,0.000000000000000000e+00
-1.829055485537225323e+01,2.427238610538579522e+01,0.000000000000000000e+00
-1.919166042022777319e+01,2.456420516276164534e+01,0.000000000000000000e+00
-2.008955913411066163e+01,2.480853945075603662e+01,0.000000000000000000e+00
-2.098111729542956638e+01,2.500432191346870425e+01,0.000000000000000000e+00
-2.186417683409453261e+01,2.515185827983581035e+01,0.000000000000000000e+00
-2.273656302941913765e+01,2.525151144467563924e+01,0.000000000000000000e+00
-2.359616156955428323e+01,2.530378534387692113e+01,0.000000000000000000e+00
-2.444087053983438196e+01,2.530926233942940229e+01,0.000000000000000000e+00
-2.526872418535080200e+01,2.526872418535080911e+01,0.000000000000000000e+00
-2.607660204480146859e+01,2.518188187977596115e+01,0.000000000000000000e+00
-2.686479122533851438e+01,2.505182310356684283e+01,0.000000000000000000e+00
-2.763175334811850448e+01,2.487974246568629155e+01,0.000000000000000000e+00
-2.837437369662962894e+01,2.466546674832171604e+01,0.000000000000000000e+00
-2.909121588721745510e+01,2.441042852146280495e+01,0.000000000000000000e+00
-2.978149114984766399e+01,2.411657601788507321e+01,0.000000000000000000e+00
-3.044413867594668588e+01,2.378556795889439712e+01,0.000000000000000000e+00
-3.107859087611662119e+01,2.341939802618541577e+01,0.000000000000000000e+00
-3.168352483627031546e+01,2.301942823066447730e+01,0.000000000000000000e+00
-3.225589923171924767e+01,2.258582379378261251e+01,0.000000000000000000e+00
-3.279228398013583501e+01,2.211867483131709022e+01,0.000000000000000000e+00
-3.329399877668551255e+01,2.162137561348819048e+01,0.000000000000000000e+00
-3.376161942300763741e+01,2.109660124826414318e+01,0.000000000000000000e+00
-3.419218068467800720e+01,2.054473485209782879e+01,0.000000000000000000e+00
-3.458403482041678245e+01,1.996710181323101452e+01,0.000000000000000000e+00
-3.493650541521213171e+01,1.936562117778077052e+01,0.000000000000000000e+00
-3.524885470106512031e+01,1.874214849982139697e+01,0.000000000000000000e+00
-3.552033538772182908e+01,1.809851485462183618e+01,0.000000000000000000e+00
-3.575016130537402148e+01,1.743651871511715967e+01,0.000000000000000000e+00
-3.593739989210764918e+01,1.675788478386841973e+01,0.000000000000000000e+00
-3.608114833707165303e+01,1.606436223853669887e+01,0.000000000000000000e+00
-3.618055898330281650e+01,1.535773612479824557e+01,0.000000000000000000e+00
-3.623484051488750168e+01,1.463982585696883909e+01,0.000000000000000000e+00
-3.624325910697670139e+01,1.391248368363815402e+01,0.000000000000000000e+00
-3.620566040607356939e+01,1.317778269976117222e+01,0.000000000000000000e+00
-3.612329636979513481e+01,1.243824842316680090e+01,0.000000000000000000e+00
-3.599498084045726642e+01,1.169547824059066166e+01,0.000000000000000000e+00
-3.581879875710858130e+01,1.095090575304143421e+01,0.000000000000000000e+00
-3.559286450587890727e+01,1.020608966299925058e+01,0.000000000000000000e+00
-3.531532723475289970e+01,9.462713412992883377e+00,0.000000000000000000e+00
-3.498709713533056487e+01,8.723263054032338815e+00,0.000000000000000000e+00
-3.462036099290630631e+01,7.992740118546273642e+00,0.000000000000000000e+00
-3.423025837751901435e+01,7.275866025801910553e+00,0.000000000000000000e+00
-3.382762074963240906e+01,6.575423378707053068e+00,0.000000000000000000e+00
-3.341860908202412617e+01,5.892602438909796625e+00,0.000000000000000000e+00
-3.300691849721619775e+01,5.227782313019176286e+00,0.000000000000000000e+00
-3.259196719512714679e+01,4.580502274196139645e+00,0.000000000000000000e+00
-3.217308106176182747e+01,3.950357631061983898e+00,0.000000000000000000e+00
-3.175075089837142173e+01,3.337138392284326738e+00,0.000000000000000000e+00
-3.132566946750784709e+01,2.740640955767119191e+00,0.000000000000000000e+00
-3.089849929886759128e+01,2.160633549808609111e+00,0.000000000000000000e+00
-3.046985609424409702e+01,1.596857492973172032e+00,0.000000000000000000e+00
-3.004017228309498933e+01,1.049025931790340982e+00,0.000000000000000000e+00
-2.960981365111436503e+01,5.168412197926223195e-01,0.000000000000000000e+00
-2.917918075407443723e+01,3.573419031221931117e-15,0.000000000000000000e+00
-2.874868145274281162e+01,-5.018101013582612069e-01,0.000000000000000000e+00
-2.831870624395394032e+01,-9.889110130496304718e-01,0.000000000000000000e+00
-2.788962833588427159e+01,-1.461633486113067093e+00,0.000000000000000000e+00
-2.746179088259777146e+01,-1.920315486679410322e+00,0.000000000000000000e+00
-2.703551645215079091e+01,-2.365301202131797176e+00,0.000000000000000000e+00
-2.661118268126434216e+01,-2.796948005229491052e+00,0.000000000000000000e+00
-2.618920164252599747e+01,-3.215629624075188708e+00,0.000000000000000000e+00
-2.576975015661432167e+01,-3.621702197082661723e+00,0.000000000000000000e+00
-2.535277607041996006e+01,-4.015485248586759148e+00,0.000000000000000000e+00
-2.493965338947930022e+01,-4.397533782082522436e+00,0.000000000000000000e+00
-2.453393451807968972e+01,-4.768913775988870896e+00,0.000000000000000000e+00
-2.413818666760581166e+01,-5.130729963015453698e+00,0.000000000000000000e+00
-2.375221114897923513e+01,-5.483630023197267889e+00,0.000000000000000000e+00
-2.337539830163647281e+01,-5.828141374210893844e+00,0.000000000000000000e+00
-2.300721497300018470e+01,-6.164764672104624310e+00,0.000000000000000000e+00
-2.264714859246456058e+01,-6.493965359483289568e+00,0.000000000000000000e+00
-2.229472065281754922e+01,-6.816180138116370024e+00,0.000000000000000000e+00
-2.194949097735591081e+01,-7.131821940829408568e+00,0.000000000000000000e+00
-2.161102357116336492e+01,-7.441272167005382521e+00,0.000000000000000000e+00
-2.127893169495105852e+01,-7.744897753945853225e+00,0.000000000000000000e+00
-2.095283851033720524e+01,-8.043041136023495241e+00,0.000000000000000000e+00
-2.063238209219787578e+01,-8.336023466699582940e+00,0.000000000000000000e+00
-2.031723825307212650e+01,-8.624155973359536986e+00,0.000000000000000000e+00
-2.000708199529097442e+01,-8.907726813623474627e+00,0.000000000000000000e+00
-1.970160867075675171e+01,-9.187011001146791145e+00,0.000000000000000000e+00
-1.940053987488721532e+01,-9.462275532753945839e+00,0.000000000000000000e+00
-1.910359429778106133e+01,-9.733767471536088678e+00,0.000000000000000000e+00
-1.881050947395278428e+01,-1.000172530165829876e+01,0.000000000000000000e+00
-1.852104302712734096e+01,-1.026638179228287306e+01,0.000000000000000000e+00
-1.823494918503509865e+01,-1.052795282063916460e+01,0.000000000000000000e+00
-1.795199592763416874e+01,-1.078664738585850991e+01,0.000000000000000000e+00
-1.767196949371384207e+01,-1.104267212449837210e+01,0.000000000000000000e+00
-1.739465289087403477e+01,-1.129621966836862512e+01,0.000000000000000000e+00
-1.711983603883732030e+01,-1.154747521514168263e+01,0.000000000000000000e+00
-1.684732700754545220e+01,-1.179662536936734973e+01,0.000000000000000000e+00
-1.657693189235562414e+01,-1.204384600364474345e+01,0.000000000000000000e+00
-1.630845715962797726e+01,-1.228930394356556377e+01,0.000000000000000000e+00
-1.604172576568545239e+01,-1.253316976509249692e+01,0.000000000000000000e+00
-1.577656167607537441e+01,-1.277560774400210342e+01,0.000000000000000000e+00
-1.551278534298198686e+01,-1.301677245982850017e+01,0.000000000000000000e+00
-1.525022764699479261e+01,-1.325682064221093981e+01,0.000000000000000000e+00
-1.498872552028306160e+01,-1.349590907733311340e+01,0.000000000000000000e+00
-1.472811115824453765e+01,-1.373418584537545684e+01,0.000000000000000000e+00
-1.446821888086791930e+01,-1.397179656470591880e+01,0.000000000000000000e+00
-1.420889297026288922e+01,-1.420889297026288212e+01,0.000000000000000000e+00
-1.394997406632341175e+01,-1.444562102227017775e+01,0.000000000000000000e+00
-1.369129898137817314e+01,-1.468212062722274425e+01,0.000000000000000000e+00
-1.343271252996887988e+01,-1.491853864388633788e+01,0.000000000000000000e+00
-1.317405992302856710e+01,-1.515502233028849233e+01,0.000000000000000000e+00
-1.291518013838844503e+01,-1.539171232892580576e+01,0.000000000000000000e+00
-1.265591322784046469e+01,-1.562875125841454604e+01,0.000000000000000000e+00
-1.239610430054284684e+01,-1.586628997127246343e+01,0.000000000000000000e+00
-1.213559208308396187e+01,-1.610447463115421485e+01,0.000000000000000000e+00
-1.187421015948753755e+01,-1.634344818339377170e+01,0.000000000000000000e+00
-1.161179732638980511e+01,-1.658336520637700318e+01,0.000000000000000000e+00
-1.134818832807479083e+01,-1.682438107853551301e+01,0.000000000000000000e+00
-1.108320948040180731e+01,-1.706664596548837665e+01,0.000000000000000000e+00
-1.081668737743226316e+01,-1.731031829994733329e+01,0.000000000000000000e+00
-1.054844825091865879e+01,-1.755556599464011924e+01,0.000000000000000000e+00
-1.027830829139257673e+01,-1.780255217654837807e+01,0.000000000000000000e+00
-1.000607812465797153e+01,-1.805144277985972323e+01,0.000000000000000000e+00
-9.731569674703777650e+00,-1.830242063657719243e+01,0.000000000000000000e+00
-9.454584403340643206e+00,-1.855566667518148449e+01,0.000000000000000000e+00
-9.174913646756435170e+00,-1.881136069610301220e+01,0.000000000000000000e+00
-8.892348590304678169e+00,-1.906970309149177112e+01,0.000000000000000000e+00
-8.606670089397821855e+00,-1.933089752164899977e+01,0.000000000000000000e+00
-8.317645391791710807e+00,-1.959514457433553147e+01,0.000000000000000000e+00
-8.025038481094398435e+00,-1.986266724271660777e+01,0.000000000000000000e+00
-7.728602285186748411e+00,-2.013369729850749579e+01,0.000000000000000000e+00
-7.428073017046695092e+00,-2.040846288439592371e+01,0.000000000000000000e+00
-7.123180420893810982e+00,-2.068721806200725410e+01,0.000000000000000000e+00
-6.813640418266320609e+00,-2.097022894353015232e+01,0.000000000000000000e+00
-6.499149178512963587e+00,-2.125775910845815275e+01,0.000000000000000000e+00
-6.179393159821596981e+00,-2.155010495973357365e+01,0.000000000000000000e+00
-5.854039608050100263e+00,-2.184757324676358081e+01,0.000000000000000000e+00
-5.522733550802400693e+00,-2.215047442655697196e+01,0.000000000000000000e+00
-5.185106135716563536e+00,-2.245916213245901361e+01,0.000000000000000000e+00
-4.840761635042137634e+00,-2.277399294102734117e+01,0.000000000000000000e+00
-4.489280174048428051e+00,-2.309534434821665272e+01,0.000000000000000000e+00
-4.130217971700767876e+00,-2.342363009396489559e+01,0.000000000000000000e+00
-3.763098167775920988e+00,-2.375926675666607224e+01,0.000000000000000000e+00
-3.387419482780161140e+00,-2.410274202478842298e+01,0.000000000000000000e+00
-3.002642787848991635e+00,-2.445456306370167709e+01,0.000000000000000000e+00
-2.608185766986622856e+00,-2.481522995142682575e+01,0.000000000000000000e+00
-2.203422632016760030e+00,-2.518523592903960662e+01,0.000000000000000000e+00
-1.787693886656340325e+00,-2.556521364223641868e+01,0.000000000000000000e+00
-1.360303365862254310e+00,-2.595613446079419617e+01,0.000000000000000000e+00
-9.204338568560418432e-01,-2.635777705509999436e+01,0.000000000000000000e+00
-4.672014071987238837e-01,-2.676595069225172452e+01,0.000000000000000000e+00
-4.992282875927187087e-15,-2.717672218854181310e+01,0.000000000000000000e+00
4.815796521810478681e-01,-2.758967979560730654e+01,0.000000000000000000e+00
9.779529469923937679e-01,-2.800490828884768035e+01,0.000000000000000000e+00
1.489533288767093122e+00,-2.842198828388617571e+01,0.000000000000000000e+00
2.016736682116114121e+00,-2.884067821861112080e+01,0.000000000000000000e+00
2.559999432399652886e+00,-2.926092740736747899e+01,0.000000000000000000e+00
3.119619686654185653e+00,-2.968119865739571495e+01,0.000000000000000000e+00
3.695839124236582229e+00,-3.010019416984490803e+01,0.000000000000000000e+00
4.289295897106117472e+00,-3.051992615661567854e+01,0.000000000000000000e+00
4.900307575793943826e+00,-3.093932437904264177e+01,0.000000000000000000e+00
5.528805122121752902e+00,-3.135541197329844110e+01,0.000000000000000000e+00
6.175389195725031755e+00,-3.176962328704697924e+01,0.000000000000000000e+00
6.840670777377562572e+00,-3.218282570827998512e+01,0.000000000000000000e+00
7.524731668104954529e+00,-3.259319368085859736e+01,0.000000000000000000e+00
8.227184641286765299e+00,-3.299743529595193792e+01,0.000000000000000000e+00
8.948887892433818436e+00,-3.339770428580092698e+01,0.000000000000000000e+00
9.690281524632750276e+00,-3.379402775388892621e+01,0.000000000000000000e+00
1.045144083230467835e+01,-3.418512261327581570e+01,0.000000000000000000e+00
1.123261537066229288e+01,-3.457043540570906970e+01,0.000000000000000000e+00
1.203391430993850442e+01,-3.494902483994219722e+01,0.000000000000000000e+00
1.285520554577113828e+01,-3.531938695945409279e+01,0.000000000000000000e+00
1.369671956130498103e+01,-3.568117435133337523e+01,0.000000000000000000e+00
1.455884001275577333e+01,-3.603439351656295742e+01,0.000000000000000000e+00
1.544170114842232167e+01,-3.637836818285412477e+01,0.000000000000000000e+00
1.634540916718225034e+01,-3.671239007400237142e+01,0.000000000000000000e+00
1.727006524674520094e+01,-3.703577443929668078e+01,0.000000000000000000e+00
1.821579787897341518e+01,-3.734792036869118448e+01,0.000000000000000000e+00
1.918215538603134362e+01,-3.764709967885733732e+01,0.000000000000000000e+00
2.016901948980528303e+01,-3.793240873456280582e+01,0.000000000000000000e+00
2.117690335801514934e+01,-3.820414496662716886e+01,0.000000000000000000e+00
2.220589490093372120e+01,-3.846173819595185961e+01,0.000000000000000000e+00
2.325616008754441921e+01,-3.870475007195921080e+01,0.000000000000000000e+00
2.432783477314772469e+01,-3.893267400427387770e+01,0.000000000000000000e+00
2.542069461763591320e+01,-3.914443699752752082e+01,0.000000000000000000e+00
2.653183075939294611e+01,-3.933505670706178137e+01,0.000000000000000000e+00
2.766454567571869916e+01,-3.950906576420383942e+01,0.000000000000000000e+00
2.881914979332050919e+01,-3.966615673887692850e+01,0.000000000000000000e+00
2.999289409444450882e+01,-3.980191479344200900e+01,0.000000000000000000e+00
3.118533491977383676e+01,-3.991540847770311728e+01,0.000000000000000000e+00
3.240039730969066056e+01,-4.001115850834291621e+01,0.000000000000000000e+00
3.363292047381540328e+01,-4.008215380410487683e+01,0.000000000000000000e+00
3.488466609112933270e+01,-4.013021776768923843e+01,0.000000000000000000e+00
3.615827149674414187e+01,-4.015782883887577981e+01,0.000000000000000000e+00
3.744560235855644237e+01,-4.015549229734244108e+01,0.000000000000000000e+00
3.875716600663182021e+01,-4.013422027648072543e+01,0.000000000000000000e+00
4.004224885042735593e+01,-4.004224885042737014e+01,0.000000000000000000e+00
4.129459536848288082e+01,-3.987772720754414024e+01,0.000000000000000000e+00
4.249136346114914176e+01,-3.962383745808016045e+01,0.000000000000000000e+00
4.362783816148274951e+01,-3.928268192457069574e+01,0.000000000000000000e+00
4.471224127189130115e+01,-3.886775835569444837e+01,0.000000000000000000e+00
4.573676791430818867e+01,-3.837770508813687798e+01,0.000000000000000000e+00
4.669607635136507895e+01,-3.781373704219044640e+01,0.000000000000000000e+00
4.758562238429095714e+01,-3.717796279722288944e+01,0.000000000000000000e+00
4.840259562581503161e+01,-3.647397196932070784e+01,0.000000000000000000e+00
4.914487424606741683e+01,-3.570584117324338536e+01,0.000000000000000000e+00
4.981638712434491367e+01,-3.488180979083946198e+01,0.000000000000000000e+00
5.041261120321756550e+01,-3.400373561283622337e+01,0.000000000000000000e+00
5.092077271198082400e+01,-3.306833645064493510e+01,0.000000000000000000e+00
5.134243484401224578e+01,-3.208231398642487875e+01,0.000000000000000000e+00
5.168056561193872511e+01,-3.105281664528397911e+01,0.000000000000000000e+00
5.193302354968813717e+01,-2.998354512624365853e+01,0.000000000000000000e+00
5.209696591379641006e+01,-2.887781975924371025e+01,0.000000000000000000e+00
5.216964286676624596e+01,-2.773909115867059683e+01,0.000000000000000000e+00
5.214517000679273906e+01,-2.656929118667449075e+01,0.000000000000000000e+00
5.201560087195581872e+01,-2.536970365908765501e+01,0.000000000000000000e+00
5.180295729279815475e+01,-2.415611570070815262e+01,0.000000000000000000e+00
5.149318264394052136e+01,-2.292624201091396685e+01,0.000000000000000000e+00
5.107791579297214213e+01,-2.168128891859157292e+01,0.000000000000000000e+00
5.056452037265015775e+01,-2.042939232732675237e+01,0.000000000000000000e+00
4.995065673850304933e+01,-1.917426064831079202e+01,0.000000000000000000e+00
4.923389687361607514e+01,-1.791967297892808020e+01,0.000000000000000000e+00
4.841414326121827116e+01,-1.667032639859926491e+01,0.000000000000000000e+00
4.749376406441341203e+01,-1.543165939276654086e+01,0.000000000000000000e+00
4.646975794719143238e+01,-1.420723076441380783e+01,0.000000000000000000e+00
4.534105430206938792e+01,-1.300133810655797539e+01,0.000000000000000000e+00
4.410970240415967680e+01,-1.181915913757173442e+01,0.000000000000000000e+00
4.277535142755215247e+01,-1.066509294234678151e+01,0.000000000000000000e+00
4.133841550300798673e+01,-9.543725211176404599e+00,0.000000000000000000e+00
3.979689672049173055e+01,-8.459091532044723749e+00,0.000000000000000000e+00
3.815454254191865147e+01,-7.416491774306371632e+00,0.000000000000000000e+00
3.645244470589613428e+01,-6.427549514432969069e+00,0.000000000000000000e+00
3.490144955589622811e+01,-5.527846554425669190e+00,0.000000000000000000e+00
3.348491118339541828e+01,-4.705997367649849217e+00,0.000000000000000000e+00
3.218504577983471648e+01,-3.951826713716908746e+00,0.000000000000000000e+00
3.098728465456689563e+01,-3.256894856578083530e+00,0.000000000000000000e+00
2.987939911514525093e+01,-2.614108695541738747e+00,0.000000000000000000e+00
2.885103729968620812e+01,-2.017461059630345943e+00,0.000000000000000000e+00
2.789336552010877668e+01,-1.461829343639067691e+00,0.000000000000000000e+00
2.699884699237070151e+01,-9.428205123635395868e-01,0.000000000000000000e+00
2.616071626132455563e+01,-4.566370009101222149e-01,0.000000000000000000e+00
2.537459001549071402e+01,-6.214982088429418451e-15,0.000000000000000000e+00
