2.402024465333562020e+01,0.000000000000000000e+00,0.000000000000000000e+00
2.331776840523315286e+01,4.070131614944852427e-01,0.000000000000000000e+00
2.265467321247422205e+01,7.911186211636843657e-01,0.000000000000000000e+00
2.202749761086211322e+01,1.154412232947779282e+00,0.000000000000000000e+00
2.143305406368371990e+01,1.498745140886303284e+00,0.000000000000000000e+00
2.086851126602401862e+01,1.825758160440129618e+00,0.000000000000000000e+00
2.033134875581422918e+01,2.136910862899617403e+00,0.000000000000000000e+00
1.981931780264971721e+01,2.433506233793465423e+00,0.000000000000000000e+00
1.933040368205394444e+01,2.716711068610041746e+00,0.000000000000000000e+00
1.886279677973339020e+01,2.987573510913538399e+00,0.000000000000000000e+00
1.841486715540643360e+01,3.247037925660295254e+00,0.000000000000000000e+00
1.798514194667197330e+01,3.495957451479845712e+00,0.000000000000000000e+00
1.757228691448740321e+01,3.735104887222563619e+00,0.000000000000000000e+00
1.717509041055010854e+01,3.965182055501708547e+00,0.000000000000000000e+00
1.679244942758636228e+01,4.186827878625220656e+00,0.000000000000000000e+00
1.642335747878937369e+01,4.400625373449251754e+00,0.000000000000000000e+00
1.606689406543562271e+01,4.607107736739239456e+00,0.000000000000000000e+00
1.572221550807997481e+01,4.806763661325208936e+00,0.000000000000000000e+00
1.538854693622961456e+01,5.000041995985547771e+00,0.000000000000000000e+00
1.506517525338953156e+01,5.187355838790144169e+00,0.000000000000000000e+00
1.475144291814632425e+01,5.369086134682229172e+00,0.000000000000000000e+00
1.444674240670998522e+01,5.545584833356948629e+00,0.000000000000000000e+00
1.415051124717893316e+01,5.717177652835641943e+00,0.000000000000000000e+00
1.386222769295992663e+01,5.884166552224856517e+00,0.000000000000000000e+00
1.358140753221234043e+01,6.046832220206350250e+00,0.000000000000000000e+00
1.330760025603689378e+01,6.205435911055423581e+00,0.000000000000000000e+00
1.304038548997401925e+01,6.360220970921727890e+00,0.000000000000000000e+00
1.277937039375106387e+01,6.511414444131807144e+00,0.000000000000000000e+00
1.252418852974420460e+01,6.659229165171502984e+00,0.000000000000000000e+00
1.227449623063844442e+01,6.803864362665784427e+00,0.000000000000000000e+00
1.202997018133659601e+01,6.945506522537852945e+00,0.000000000000000000e+00
1.179030772346187916e+01,7.084331597244729828e+00,0.000000000000000000e+00
1.155522350644831242e+01,7.220505023641782039e+00,0.000000000000000000e+00
1.132444761921675536e+01,7.354182272686832000e+00,0.000000000000000000e+00
1.109772666573958944e+01,7.485511153630659997e+00,0.000000000000000000e+00
1.087481961427135424e+01,7.614630670583609096e+00,0.000000000000000000e+00
1.065549851964928685e+01,7.741672831623372275e+00,0.000000000000000000e+00
1.043954752649501394e+01,7.866763319830924139e+00,0.000000000000000000e+00
1.022676010845393613e+01,7.990020678467338655e+00,0.000000000000000000e+00
1.001694125495536447e+01,8.111559089715209225e+00,0.000000000000000000e+00
9.809903244314092774e+00,8.231486194188756045e+00,0.000000000000000000e+00
9.605468024152246542e+00,8.349905963913380802e+00,0.000000000000000000e+00
9.403464189918620875e+00,8.466917187012638735e+00,0.000000000000000000e+00
9.203727779111662954e+00,8.582615002725900055e+00,0.000000000000000000e+00
9.006101197908295219e+00,8.697090831596582916e+00,0.000000000000000000e+00
8.810432375684689177e+00,8.810432375684687401e+00,0.000000000000000000e+00
8.616575219598443525e+00,8.922724840950818859e+00,0.000000000000000000e+00
8.424387698305805472e+00,9.034049768780000988e+00,0.000000000000000000e+00
8.233733196099603191e+00,9.144487131352786236e+00,0.000000000000000000e+00
8.044478074252717548e+00,9.254113429202432073e+00,0.000000000000000000e+00
7.856493438488154624e+00,9.363004280511095345e+00,0.000000000000000000e+00
7.669652546186189745e+00,9.471232120897139950e+00,0.000000000000000000e+00
7.483832684078075559e+00,9.578869020718800087e+00,0.000000000000000000e+00
7.298912633388455973e+00,9.685984213597937043e+00,0.000000000000000000e+00
7.114774482403999123e+00,9.792646965810513748e+00,0.000000000000000000e+00
6.931301268147146644e+00,9.898924090233437667e+00,0.000000000000000000e+00
6.748378617702255333e+00,1.000488273935132177e+01,0.000000000000000000e+00
6.565892638138965509e+00,1.011058802963829173e+01,0.000000000000000000e+00
6.383731315659860961e+00,1.021610564857112990e+01,0.000000000000000000e+00
6.201782699650258301e+00,1.032149970102432412e+01,0.000000000000000000e+00
6.019936012507407064e+00,1.042683503197641848e+01,0.000000000000000000e+00
5.838080151303896237e+00,1.053217539205444631e+01,0.000000000000000000e+00
5.656104485671054505e+00,1.063758539696565641e+01,0.000000000000000000e+00
5.473897674770654476e+00,1.074312908256510291e+01,0.000000000000000000e+00
5.291348158431530280e+00,1.084887145636569983e+01,0.000000000000000000e+00
5.108343258585065882e+00,1.095487747037402215e+01,0.000000000000000000e+00
4.924769397252546810e+00,1.106121316922732412e+01,0.000000000000000000e+00
4.740511424161251597e+00,1.116794505382480729e+01,0.000000000000000000e+00
4.555452620069154968e+00,1.127514089129398656e+01,0.000000000000000000e+00
4.369474169652015405e+00,1.138286937782248920e+01,0.000000000000000000e+00
4.182455026989478242e+00,1.149120074453805884e+01,0.000000000000000000e+00
3.994271437028039440e+00,1.160020655580667004e+01,0.000000000000000000e+00
3.804796750881388245e+00,1.170996032248554108e+01,0.000000000000000000e+00
3.613900890781282627e+00,1.182053719155412530e+01,0.000000000000000000e+00
3.421450204438385878e+00,1.193201486184085702e+01,0.000000000000000000e+00
3.227306769610406523e+00,1.204447283579702166e+01,0.000000000000000000e+00
3.031328367977443872e+00,1.215799402157025177e+01,0.000000000000000000e+00
2.833367541866359751e+00,1.227266315057394586e+01,0.000000000000000000e+00
2.633271726697926418e+00,1.238856945186137892e+01,0.000000000000000000e+00
2.430882030079335010e+00,1.250580391019469673e+01,0.000000000000000000e+00
2.226033498576969194e+00,1.262446331033956604e+01,0.000000000000000000e+00
2.018553670812293088e+00,1.274464629654397818e+01,0.000000000000000000e+00
1.808262748513426610e+00,1.286645801088766206e+01,0.000000000000000000e+00
1.594972279820819017e+00,1.299000678987718160e+01,0.000000000000000000e+00
1.378484956224835134e+00,1.311540826818614924e+01,0.000000000000000000e+00
1.158593237131954057e+00,1.324278129804381976e+01,0.000000000000000000e+00
9.350787851330957245e-01,1.337224962992001487e+01,0.000000000000000000e+00
7.077123585122067073e-01,1.350395624836589192e+01,0.000000000000000000e+00
4.762507817277353839e-01,1.363803801174194419e+01,0.000000000000000000e+00
2.404365991153533111e-01,1.377460353794898573e+01,0.000000000000000000e+00
8.519804157895098575e-16,1.391389609449339737e+01,0.000000000000000000e+00
-2.453506559371790019e-01,1.405612966472267544e+01,0.000000000000000000e+00
-4.959045476041546441e-01,1.420084822934234836e+01,0.000000000000000000e+00
-7.519328076220322954e-01,1.434773268222329712e+01,0.000000000000000000e+00
-1.013716211776806153e+00,1.449681722363840564e+01,0.000000000000000000e+00
-1.281551479996745124e+00,1.464820044504399377e+01,0.000000000000000000e+00
-1.555830599239760303e+00,1.480273935019861931e+01,0.000000000000000000e+00
-1.837018948745337665e+00,1.496131871333574992e+01,0.000000000000000000e+00
-2.125541432936697284e+00,1.512401315559093185e+01,0.000000000000000000e+00
-2.421873112199227407e+00,1.529110503049861514e+01,0.000000000000000000e+00
-2.726525432609392841e+00,1.546289411668296410e+01,0.000000000000000000e+00
-3.040046205323999828e+00,1.563968191433488464e+01,0.000000000000000000e+00
-3.363028591067295014e+00,1.582180556857211862e+01,0.000000000000000000e+00
-3.696113292396279615e+00,1.600962555463547687e+01,0.000000000000000000e+00
-4.039994666847515070e+00,1.620353358137850819e+01,0.000000000000000000e+00
-4.395426387232153509e+00,1.640395459807930578e+01,0.000000000000000000e+00
-4.763228210897958448e+00,1.661135086199603705e+01,0.000000000000000000e+00
-5.144293593572521139e+00,1.682622617078787641e+01,0.000000000000000000e+00
-5.539598398092001830e+00,1.704913079237016404e+01,0.000000000000000000e+00
-5.950210858687461801e+00,1.728066710026493880e+01,0.000000000000000000e+00
-6.377303015333698255e+00,1.752149603164921388e+01,0.000000000000000000e+00
-6.822163855749360017e+00,1.777234445816196029e+01,0.000000000000000000e+00
-7.286214437081560469e+00,1.803401356439258763e+01,0.000000000000000000e+00
-7.771025585783768896e+00,1.830738901114561656e+01,0.000000000000000000e+00
-8.278338643253917439e+00,1.859345301958063956e+01,0.000000000000000000e+00
-8.810088872843186536e+00,1.889329655811647868e+01,0.000000000000000000e+00
-9.368434205123485015e+00,1.920813664034755419e+01,0.000000000000000000e+00
-9.955787859046790089e+00,1.953933384274586160e+01,0.000000000000000000e+00
-1.057485812028654415e+01,1.988841553410548002e+01,0.000000000000000000e+00
-1.122869452392665401e+01,2.025710115051841598e+01,0.000000000000000000e+00
-1.192074409737698559e+01,2.064733444068374624e+01,0.000000000000000000e+00
-1.265491869097585820e+01,2.106132152820519821e+01,0.000000000000000000e+00
-1.343566302572128990e+01,2.150155546062194389e+01,0.000000000000000000e+00
-1.426725290276259805e+01,2.196964287484603062e+01,0.000000000000000000e+00
-1.514368899196232476e+01,2.245144221877939472e+01,0.000000000000000000e+00
-1.606041268891992857e+01,2.293664636913677413e+01,0.000000000000000000e+00
-1.701950613370647147e+01,2.342534053778183889e+01,0.000000000000000000e+00
-1.798587022349414255e+01,2.386805594242461837e+01,0.000000000000000000e+00
-1.895117044937372341e+01,2.425639203694064960e+01,0.000000000000000000e+00
-1.991389980102300683e+01,2.459161823980725003e+01,0.000000000000000000e+00
-2.086288123554197682e+01,2.486341366432348465e+01,0.000000000000000000e+00
-2.180467030008418305e+01,2.508340384308707982e+01,0.000000000000000000e+00
-2.273454796236046960e+01,2.524927348598206223e+01,0.000000000000000000e+00
-2.364738632883898717e+01,2.535871717291238525e+01,0.000000000000000000e+00
-2.454670078685905210e+01,2.541885276833939500e+01,0.000000000000000000e+00
-2.542443588189478731e+01,2.542443588189479087e+01,0.000000000000000000e+00
-2.628238771285131747e+01,2.538060678942787263e+01,0.000000000000000000e+00
-2.712080185740971672e+01,2.529055688018488013e+01,0.000000000000000000e+00
-2.792973246300731560e+01,2.514804406584846674e+01,0.000000000000000000e+00
-2.871298429921960960e+01,2.495981645443714569e+01,0.000000000000000000e+00
-2.946887042917638055e+01,2.472731830833296485e+01,0.000000000000000000e+00
-3.019494900498582979e+01,2.445138758737500950e+01,0.000000000000000000e+00
-3.088945691717504971e+01,2.413348869998737101e+01,0.000000000000000000e+00
-3.155181308183141553e+01,2.377599653590037931e+01,0.000000000000000000e+00
-3.218121869627437093e+01,2.338102398588456765e+01,0.000000000000000000e+00
-3.276566742151673139e+01,2.294276732301833022e+01,0.000000000000000000e+00
-3.332061156650630807e+01,2.247503628800677333e+01,0.000000000000000000e+00
-3.382936477534606468e+01,2.196904635815811702e+01,0.000000000000000000e+00
-3.430399492952820140e+01,2.143551507951513813e+01,0.000000000000000000e+00
-3.473469480057499936e+01,2.087071021960688455e+01,0.000000000000000000e+00
-3.511936458311818399e+01,2.027617459583188975e+01,0.000000000000000000e+00
-3.546155974018304846e+01,1.965666354261657389e+01,0.000000000000000000e+00
-3.575611842228362747e+01,1.901186540473297626e+01,0.000000000000000000e+00
-3.600386508894041526e+01,1.834488554297914220e+01,0.000000000000000000e+00
-3.620500044861701383e+01,1.765835858783214363e+01,0.000000000000000000e+00
-3.635858727272314184e+01,1.695428768496766736e+01,0.000000000000000000e+00
-3.646329688374493116e+01,1.623450573356461035e+01,0.000000000000000000e+00
-3.651780025702933585e+01,1.550088655248160308e+01,0.000000000000000000e+00
-3.652082180811161294e+01,1.475536979952963179e+01,0.000000000000000000e+00
-3.647151821292921881e+01,1.400010414508266443e+01,0.000000000000000000e+00
-3.637020711581229904e+01,1.323767280425251158e+01,0.000000000000000000e+00
-3.621598362472654742e+01,1.247016320443970550e+01,0.000000000000000000e+00
-3.600757888357611591e+01,1.169957159293396565e+01,0.000000000000000000e+00
-3.574378003770465995e+01,1.092797022883591573e+01,0.000000000000000000e+00
-3.542387289745632728e+01,1.015763209905211539e+01,0.000000000000000000e+00
-3.505621326571307605e+01,9.393284034241039748e+00,0.000000000000000000e+00
-3.465782019880905551e+01,8.641165093067110448e+00,0.000000000000000000e+00
-3.424357998655438706e+01,7.905753369159338462e+00,0.000000000000000000e+00
-3.382179055592547456e+01,7.189043510091142508e+00,0.000000000000000000e+00
-3.339804369072773937e+01,6.491922057198691753e+00,0.000000000000000000e+00
-3.297225318359090096e+01,5.813897851017652663e+00,0.000000000000000000e+00
-3.254356541618246013e+01,5.154394394606997665e+00,0.000000000000000000e+00
-3.211257883973692628e+01,4.513128634582991516e+00,0.000000000000000000e+00
-3.168020431763322264e+01,3.889839976454899872e+00,0.000000000000000000e+00
-3.124725816431559622e+01,3.284219173509564271e+00,0.000000000000000000e+00
-3.081427136979363013e+01,2.695899419668402519e+00,0.000000000000000000e+00
-3.038068596681058153e+01,2.124424514316016310e+00,0.000000000000000000e+00
-2.994663187781777935e+01,1.569436473723159198e+00,0.000000000000000000e+00
-2.951665743662305985e+01,1.030744390511187270e+00,0.000000000000000000e+00
-2.909584628683914431e+01,5.078698860782135949e-01,0.000000000000000000e+00
-2.868599779776621972e+01,3.513021538338242570e-15,0.000000000000000000e+00
-2.828773973331163205e+01,-4.937643337174659197e-01,0.000000000000000000e+00
-2.790051305153056660e+01,-9.743073849739958270e-01,0.000000000000000000e+00
-2.752328665085265413e+01,-1.442434331941752745e+00,0.000000000000000000e+00
-2.715534917101161483e+01,-1.898886994741677769e+00,0.000000000000000000e+00
-2.679623199699929970e+01,-2.344366524948064079e+00,0.000000000000000000e+00
-2.644545547373194339e+01,-2.779529373819082050e+00,0.000000000000000000e+00
-2.610253077957532497e+01,-3.204987780224715532e+00,0.000000000000000000e+00
-2.576695931072244150e+01,-3.621309969271490736e+00,0.000000000000000000e+00
-2.543831166502640073e+01,-4.029032755866325921e+00,0.000000000000000000e+00
-2.511619166105721135e+01,-4.428662242489346923e+00,0.000000000000000000e+00
-2.480020566067681642e+01,-4.820671643001354312e+00,0.000000000000000000e+00
-2.449000717711547637e+01,-5.205511720841823120e+00,0.000000000000000000e+00
-2.418524940034553694e+01,-5.583604780978383531e+00,0.000000000000000000e+00
-2.388559971212919564e+01,-5.955348872936818694e+00,0.000000000000000000e+00
-2.359076649808401527e+01,-6.321126831992786244e+00,0.000000000000000000e+00
-2.330045321133329139e+01,-6.681297444438814459e+00,0.000000000000000000e+00
-2.301437748037110964e+01,-7.036201310420697297e+00,0.000000000000000000e+00
-2.273228865825767286e+01,-7.386168325519832933e+00,0.000000000000000000e+00
-2.245393057322107211e+01,-7.731508323249060233e+00,0.000000000000000000e+00
-2.217905593339838077e+01,-8.072516183882212815e+00,0.000000000000000000e+00
-2.190744631347415350e+01,-8.409480739211936395e+00,0.000000000000000000e+00
-2.163887956579869254e+01,-8.742674842271142666e+00,0.000000000000000000e+00
-2.137313452048834961e+01,-9.072357347407445261e+00,0.000000000000000000e+00
-2.111001622782690035e+01,-9.398784771957224393e+00,0.000000000000000000e+00
-2.084933015197080053e+01,-9.722202317265900007e+00,0.000000000000000000e+00
-2.059087695270557816e+01,-1.004284171698421879e+01,0.000000000000000000e+00
-2.033447583817390125e+01,-1.036093294167914536e+01,0.000000000000000000e+00
-2.007995405404359701e+01,-1.067670095786413142e+01,0.000000000000000000e+00
-1.982713218724024173e+01,-1.099035883573779948e+01,0.000000000000000000e+00
-1.957583678338849253e+01,-1.130211463650152481e+01,0.000000000000000000e+00
-1.932591000203262510e+01,-1.161217824709224189e+01,0.000000000000000000e+00
-1.907718927690053690e+01,-1.192075089970840729e+01,0.000000000000000000e+00
-1.882950806298416424e+01,-1.222802551227566603e+01,0.000000000000000000e+00
-1.858271393916121994e+01,-1.253419881801071689e+01,0.000000000000000000e+00
-1.833665680171437984e+01,-1.283946531812474490e+01,0.000000000000000000e+00
-1.809117950992506607e+01,-1.314401129573974281e+01,0.000000000000000000e+00
-1.784612752859646889e+01,-1.344802167782482805e+01,0.000000000000000000e+00
-1.760135732860642932e+01,-1.375168748784886219e+01,0.000000000000000000e+00
-1.735671964167433501e+01,-1.405519443447004591e+01,0.000000000000000000e+00
-1.711205908608975079e+01,-1.435872246782173356e+01,0.000000000000000000e+00
-1.686722908449154801e+01,-1.466245854685664440e+01,0.000000000000000000e+00
-1.662208454983578321e+01,-1.496659215333278148e+01,0.000000000000000000e+00
-1.637647183751966296e+01,-1.527130704619563240e+01,0.000000000000000000e+00
-1.613023526350102088e+01,-1.557678712896016116e+01,0.000000000000000000e+00
-1.588322777182063916e+01,-1.588322777182063206e+01,0.000000000000000000e+00
-1.563529533390750892e+01,-1.619082228332945661e+01,0.000000000000000000e+00
-1.538627496051889842e+01,-1.649975983149670711e+01,0.000000000000000000e+00
-1.513600828708389301e+01,-1.681024022819373442e+01,0.000000000000000000e+00
-1.488433699150151668e+01,-1.712247103745433563e+01,0.000000000000000000e+00
-1.463109134772942177e+01,-1.743665567723058984e+01,0.000000000000000000e+00
-1.437609661178026599e+01,-1.775300082796065126e+01,0.000000000000000000e+00
-1.411918363558818612e+01,-1.807173094776856104e+01,0.000000000000000000e+00
-1.386017258749725301e+01,-1.839307025900338743e+01,0.000000000000000000e+00
-1.359887173900284907e+01,-1.871724120036990513e+01,0.000000000000000000e+00
-1.333509272069453289e+01,-1.904448608878116644e+01,0.000000000000000000e+00
-1.306864056947528319e+01,-1.937505641982613724e+01,0.000000000000000000e+00
-1.279930430792024509e+01,-1.970920026496744626e+01,0.000000000000000000e+00
-1.252686965677892417e+01,-2.004718205253991670e+01,0.000000000000000000e+00
-1.225111928620057711e+01,-2.038928646385232923e+01,0.000000000000000000e+00
-1.197181706608073704e+01,-2.073579541737198184e+01,0.000000000000000000e+00
-1.168871779716043235e+01,-2.108700510396842986e+01,0.000000000000000000e+00
-1.140157444352183802e+01,-2.144324280254789983e+01,0.000000000000000000e+00
-1.111011840617285706e+01,-2.180483510136098246e+01,0.000000000000000000e+00
-1.081406620088361059e+01,-2.217212147476447370e+01,0.000000000000000000e+00
-1.051312757918945806e+01,-2.254547484977166150e+01,0.000000000000000000e+00
-1.020698688481648730e+01,-2.292526789405587451e+01,0.000000000000000000e+00
-9.895316819227854666e+00,-2.331190553915351060e+01,0.000000000000000000e+00
-9.577785519769816958e+00,-2.370585102482322171e+01,0.000000000000000000e+00
-9.254027908860694041e+00,-2.410756690974421090e+01,0.000000000000000000e+00
-8.923640742477614296e+00,-2.451750143928247638e+01,0.000000000000000000e+00
-8.586183466644266460e+00,-2.493608742154858859e+01,0.000000000000000000e+00
-8.241204820403618569e+00,-2.536382040224554402e+01,0.000000000000000000e+00
-7.888331449004796880e+00,-2.580156957544810581e+01,0.000000000000000000e+00
-7.527152202862894548e+00,-2.625029931325300581e+01,0.000000000000000000e+00
-7.156975088254919015e+00,-2.671019465787212610e+01,0.000000000000000000e+00
-6.776858509238741668e+00,-2.718049489812488417e+01,0.000000000000000000e+00
-6.385602768527077977e+00,-2.765908433463711091e+01,0.000000000000000000e+00
-5.981331761053234608e+00,-2.813995349783076705e+01,0.000000000000000000e+00
-5.562641859743671091e+00,-2.861731151894875325e+01,0.000000000000000000e+00
-5.129522918910723206e+00,-2.909097007333074814e+01,0.000000000000000000e+00
-4.682211913961809024e+00,-2.956232256380586776e+01,0.000000000000000000e+00
-4.220547272831685071e+00,-3.003075427699792854e+01,0.000000000000000000e+00
-3.744322103917431033e+00,-3.049505635222632449e+01,0.000000000000000000e+00
-3.253485619294482323e+00,-3.095484792853981659e+01,0.000000000000000000e+00
-2.748031771633238307e+00,-3.141014687941780181e+01,0.000000000000000000e+00
-2.227963051243260661e+00,-3.186135602811531697e+01,0.000000000000000000e+00
-1.693194304656490790e+00,-3.230807196603313258e+01,0.000000000000000000e+00
-1.143619080313770464e+00,-3.274896564303950441e+01,0.000000000000000000e+00
-5.792236807043924518e-01,-3.318370244318191453e+01,0.000000000000000000e+00
-6.174466544868956159e-15,-3.361223034085071504e+01,0.000000000000000000e+00
5.940679471206826712e-01,-3.403412989660868249e+01,0.000000000000000000e+00
1.203004046042732034e+00,-3.444952856285163278e+01,0.000000000000000000e+00
1.826818321968254111e+00,-3.485777010512246221e+01,0.000000000000000000e+00
2.465394852380272894e+00,-3.525678897490589492e+01,0.000000000000000000e+00
3.118807050952769444e+00,-3.564812771461113527e+01,0.000000000000000000e+00
3.787134782459259164e+00,-3.603218055758051719e+01,0.000000000000000000e+00
4.470196000487676180e+00,-3.640682482891805449e+01,0.000000000000000000e+00
5.167754086527811097e+00,-3.677048096000725508e+01,0.000000000000000000e+00
5.879965291013662387e+00,-3.712463976237424390e+01,0.000000000000000000e+00
6.606869278413897817e+00,-3.746941762325959502e+01,0.000000000000000000e+00
7.348332005302593117e+00,-3.780389092856273692e+01,0.000000000000000000e+00
8.104286047515859792e+00,-3.812766815496939188e+01,0.000000000000000000e+00
8.874527130642441364e+00,-3.843980016205794925e+01,0.000000000000000000e+00
9.658608926358514424e+00,-3.873856452631789438e+01,0.000000000000000000e+00
1.045677054052071320e+01,-3.902519894031271264e+01,0.000000000000000000e+00
1.126891874290180340e+01,-3.929938999046525794e+01,0.000000000000000000e+00
1.209487499310426983e+01,-3.956055354143344260e+01,0.000000000000000000e+00
1.293448962540043645e+01,-3.980826578185906328e+01,0.000000000000000000e+00
1.378758797933037350e+01,-4.004206298648373519e+01,0.000000000000000000e+00
1.465399240743241016e+01,-4.026151324428009559e+01,0.000000000000000000e+00
1.553351657973192346e+01,-4.046619417809958463e+01,0.000000000000000000e+00
1.642596852541336361e+01,-4.065569875188049309e+01,0.000000000000000000e+00
1.733115188711327548e+01,-4.082963517570664180e+01,0.000000000000000000e+00
1.824886415613180546e+01,-4.098761997665451418e+01,0.000000000000000000e+00
1.917890812575196335e+01,-4.112930120349206220e+01,0.000000000000000000e+00
2.012105855560310985e+01,-4.125428365319502433e+01,0.000000000000000000e+00
2.107515084815102924e+01,-4.136231245968701131e+01,0.000000000000000000e+00
2.204011736544898170e+01,-4.145143202853920883e+01,0.000000000000000000e+00
2.301604548360165481e+01,-4.152204518991662496e+01,0.000000000000000000e+00
2.400302460317682574e+01,-4.157445814802805018e+01,0.000000000000000000e+00
2.500081753239491533e+01,-4.160834766115397798e+01,0.000000000000000000e+00
2.600922918859004795e+01,-4.162346754424302020e+01,0.000000000000000000e+00
2.702797046301789408e+01,-4.161942475901670235e+01,0.000000000000000000e+00
2.805697734125362075e+01,-4.159617950058903801e+01,0.000000000000000000e+00
2.909361722421562746e+01,-4.154999144768159880e+01,0.000000000000000000e+00
3.013937494673994877e+01,-4.148329077099473494e+01,0.000000000000000000e+00
3.119432196666441826e+01,-4.139626342982186458e+01,0.000000000000000000e+00
3.225819086363181754e+01,-4.128860146559274824e+01,0.000000000000000000e+00
3.333060919092712027e+01,-4.115987451545694142e+01,0.000000000000000000e+00
3.440792719235723496e+01,-4.100577084521174243e+01,0.000000000000000000e+00
3.549334995882946231e+01,-4.083042845907656471e+01,0.000000000000000000e+00
3.658628759918482132e+01,-4.063318887879481167e+01,0.000000000000000000e+00
3.768665352711463612e+01,-4.041398802801913348e+01,0.000000000000000000e+00
3.878981731882217332e+01,-4.016803170003887402e+01,0.000000000000000000e+00
3.989557041347259769e+01,-3.989557041347261190e+01,0.000000000000000000e+00
4.098154535870489923e+01,-3.957541832714830576e+01,0.000000000000000000e+00
4.202416347429442567e+01,-3.918816642209481671e+01,0.000000000000000000e+00
4.300612742381906628e+01,-3.872289106199492181e+01,0.000000000000000000e+00
4.393472849525593205e+01,-3.819187681048265404e+01,0.000000000000000000e+00
4.480688132510907451e+01,-3.759743759410320507e+01,0.000000000000000000e+00
4.562034664154799657e+01,-3.694262829914706714e+01,0.000000000000000000e+00
4.637097853433909478e+01,-3.622897901593071879e+01,0.000000000000000000e+00
4.704872827298368776e+01,-3.545375974229269644e+01,0.000000000000000000e+00
4.766267843741471921e+01,-3.462896288342590623e+01,0.000000000000000000e+00
4.821081901751128385e+01,-3.375757889932546618e+01,0.000000000000000000e+00
4.868270317577346162e+01,-3.283689791497108956e+01,0.000000000000000000e+00
4.907821240708287291e+01,-3.187176379771987911e+01,0.000000000000000000e+00
4.939817723197577948e+01,-3.086740699244687391e+01,0.000000000000000000e+00
4.964097569647186958e+01,-2.982730738611418886e+01,0.000000000000000000e+00
4.980470536283804961e+01,-2.875476004814457909e+01,0.000000000000000000e+00
4.988756970225718135e+01,-2.765313144094205811e+01,0.000000000000000000e+00
4.988372971897182140e+01,-2.652364957802932466e+01,0.000000000000000000e+00
4.978477316079462867e+01,-2.536660892273207324e+01,0.000000000000000000e+00
4.961820084693402322e+01,-2.420041353905591919e+01,0.000000000000000000e+00
4.935384361785558838e+01,-2.301407523839029778e+01,0.000000000000000000e+00
4.900135591218518982e+01,-2.181680927111787582e+01,0.000000000000000000e+00
4.856136236666350925e+01,-2.061307536547756669e+01,0.000000000000000000e+00
4.803201683034531300e+01,-1.940619447921516283e+01,0.000000000000000000e+00
4.741277034219982056e+01,-1.820005733576434181e+01,0.000000000000000000e+00
4.670175086669001274e+01,-1.699804720359097132e+01,0.000000000000000000e+00
4.589550167794554625e+01,-1.580308855349886521e+01,0.000000000000000000e+00
4.499934582845135367e+01,-1.462117377725992462e+01,0.000000000000000000e+00
4.400980414543202102e+01,-1.345514741224508271e+01,0.000000000000000000e+00
4.293062722529175801e+01,-1.231015926458389664e+01,0.000000000000000000e+00
4.175569087528746337e+01,-1.118840364943687149e+01,0.000000000000000000e+00
4.049132705124846865e+01,-1.009562170615784282e+01,0.000000000000000000e+00
3.913399108227735468e+01,-9.034793732689303525e+00,0.000000000000000000e+00
3.768907963321518650e+01,-8.011061179343901273e+00,0.000000000000000000e+00
3.614409984708564139e+01,-7.025701301781064778e+00,0.000000000000000000e+00
3.453217024090331222e+01,-6.088953315889219731e+00,0.000000000000000000e+00
3.305998872900237728e+01,-5.236187811978528117e+00,0.000000000000000000e+00
3.171534896781163226e+01,-4.457301616813889922e+00,0.000000000000000000e+00
3.048164521034964380e+01,-3.742675422750925129e+00,0.000000000000000000e+00
2.934502770163350505e+01,-3.084286695430279224e+00,0.000000000000000000e+00
2.829385394777876783e+01,-2.475391467888857555e+00,0.000000000000000000e+00
2.731826537733665461e+01,-1.910279205663916846e+00,0.000000000000000000e+00
2.640985844082227274e+01,-1.384082032062990519e+00,0.000000000000000000e+00
2.556142506906912715e+01,-8.926246327175408890e-01,0.000000000000000000e+00
2.476675146257550963e+01,-4.323052548403065187e-01,0.000000000000000000e+00
2.402057105558372996e+01,-5.883343091382434661e-15,0.000000000000000000e+00
