2.289919513839938858e+01,0.000000000000000000e+00,0.000000000000000000e+00
2.242898344045637771e+01,3.914993622270831475e-01,0.000000000000000000e+00
2.197517155752242601e+01,7.673899005018515185e-01,0.000000000000000000e+00
2.153812277436217570e+01,1.128765184529816112e+00,0.000000000000000000e+00
2.111762287682244477e+01,1.476688043601536382e+00,0.000000000000000000e+00
2.071231348668603900e+01,1.812092625480132391e+00,0.000000000000000000e+00
2.032102915327780579e+01,2.135826228966780427e+00,0.000000000000000000e+00
1.994289554173636958e+01,2.448679672224593595e+00,0.000000000000000000e+00
1.957706186708639251e+01,2.751376615820679383e+00,0.000000000000000000e+00
1.922269673892704844e+01,3.044576064523250025e+00,0.000000000000000000e+00
1.887907300228640750e+01,3.328889941067857183e+00,0.000000000000000000e+00
1.854550290993895700e+01,3.604880588748391901e+00,0.000000000000000000e+00
1.822136795986111579e+01,3.873071322472383837e+00,0.000000000000000000e+00
1.790607315741688055e+01,4.133942720014835537e+00,0.000000000000000000e+00
1.759908465081927531e+01,4.387944627856845692e+00,0.000000000000000000e+00
1.729989471914070265e+01,4.635492819137195575e+00,0.000000000000000000e+00
1.700803415245060535e+01,4.876975314043428433e+00,0.000000000000000000e+00
1.672307071626835651e+01,5.112755806166092931e+00,0.000000000000000000e+00
1.644458537438164925e+01,5.343169684520178819e+00,0.000000000000000000e+00
1.617220638298924484e+01,5.568537225482576680e+00,0.000000000000000000e+00
1.590556688711359001e+01,5.789152906039484847e+00,0.000000000000000000e+00
1.564433122510738094e+01,6.005296109500268820e+00,0.000000000000000000e+00
1.538818789288905542e+01,6.217231476806218460e+00,0.000000000000000000e+00
1.513682822866550381e+01,6.425202380359145593e+00,0.000000000000000000e+00
1.488997768095610574e+01,6.629445187165532438e+00,0.000000000000000000e+00
1.464736995021070776e+01,6.830180779612653907e+00,0.000000000000000000e+00
1.440874501416728926e+01,7.027614503745261310e+00,0.000000000000000000e+00
1.417387152624976920e+01,7.221948260488699312e+00,0.000000000000000000e+00
1.394252061960965960e+01,7.413369714581101277e+00,0.000000000000000000e+00
1.371446964809895697e+01,7.602054661815523140e+00,0.000000000000000000e+00
1.348951947916580174e+01,7.788177702535073799e+00,0.000000000000000000e+00
1.326747224167110417e+01,7.971901584061472867e+00,0.000000000000000000e+00
1.304813331364281836e+01,8.153378607322494531e+00,0.000000000000000000e+00
1.283132794153773482e+01,8.332761796041987523e+00,0.000000000000000000e+00
1.261688349632365913e+01,8.510195374278962888e+00,0.000000000000000000e+00
1.240462714410191580e+01,8.685813434980945047e+00,0.000000000000000000e+00
1.219440153225555790e+01,8.859751316757398243e+00,0.000000000000000000e+00
1.198605416791535383e+01,9.032139662984089767e+00,0.000000000000000000e+00
1.177943026333481313e+01,9.203099553181724346e+00,0.000000000000000000e+00
1.157438381404199212e+01,9.372751206681934733e+00,0.000000000000000000e+00
1.137077757766064856e+01,9.541215271613934235e+00,0.000000000000000000e+00
1.116847185564671818e+01,9.708604465787473714e+00,0.000000000000000000e+00
1.096732846355221902e+01,9.875026903725233396e+00,0.000000000000000000e+00
1.076721989076454733e+01,1.004059498389944416e+01,0.000000000000000000e+00
1.056801806262258658e+01,1.020541641503303154e+01,0.000000000000000000e+00
1.036959241603253545e+01,1.036959241603253368e+01,0.000000000000000000e+00
1.017181890137059419e+01,1.053322681875713229e+01,0.000000000000000000e+00
9.974577463821011847e+00,1.069642476791900698e+01,0.000000000000000000e+00
9.777744619898175671e+00,1.085928554166271987e+01,0.000000000000000000e+00
9.581196625076454865e+00,1.102190590086051358e+01,0.000000000000000000e+00
9.384816604097915516e+00,1.118438890377148098e+01,0.000000000000000000e+00
9.188485654964438254e+00,1.134683480817868961e+01,0.000000000000000000e+00
8.992081072429112254e+00,1.150933892465740627e+01,0.000000000000000000e+00
8.795483227208077182e+00,1.167200047031564836e+01,0.000000000000000000e+00
8.598574666822987211e+00,1.183492271323659928e+01,0.000000000000000000e+00
8.401233236975079066e+00,1.199820450156155971e+01,0.000000000000000000e+00
8.203334082309346798e+00,1.216194292210211358e+01,0.000000000000000000e+00
8.004756431925478921e+00,1.232624397339147571e+01,0.000000000000000000e+00
7.805376116574808343e+00,1.249121291150700941e+01,0.000000000000000000e+00
7.605063306928618871e+00,1.265695082369807523e+01,0.000000000000000000e+00
7.403688496748086934e+00,1.282356463978092620e+01,0.000000000000000000e+00
7.201122154078810844e+00,1.299116825750119730e+01,0.000000000000000000e+00
6.997227940845029970e+00,1.315987177240806716e+01,0.000000000000000000e+00
6.791864881496698203e+00,1.332978536839691586e+01,0.000000000000000000e+00
6.584893285020100073e+00,1.350103199866642179e+01,0.000000000000000000e+00
6.376166978961706810e+00,1.367373421270790423e+01,0.000000000000000000e+00
6.165531900197912307e+00,1.384801137852405084e+01,0.000000000000000000e+00
5.952832848952892775e+00,1.402399535055901936e+01,0.000000000000000000e+00
5.737909544319756527e+00,1.420182447923771818e+01,0.000000000000000000e+00
5.520591586228985825e+00,1.438163277192573375e+01,0.000000000000000000e+00
5.300703746813041128e+00,1.456356385158733779e+01,0.000000000000000000e+00
5.078066187819430866e+00,1.474777506022298468e+01,0.000000000000000000e+00
4.852487095662124439e+00,1.493441964867467853e+01,0.000000000000000000e+00
4.623766454787042512e+00,1.512365861589932869e+01,0.000000000000000000e+00
4.391698369111733058e+00,1.531567232543282131e+01,0.000000000000000000e+00
4.156062857588683990e+00,1.551063774397086803e+01,0.000000000000000000e+00
3.916628960162695794e+00,1.570874075715485141e+01,0.000000000000000000e+00
3.673156901488932480e+00,1.591019050125965961e+01,0.000000000000000000e+00
3.425389919913405912e+00,1.611519255392859051e+01,0.000000000000000000e+00
3.173057915648828331e+00,1.632396784285755231e+01,0.000000000000000000e+00
2.915877166352973227e+00,1.653676116177601330e+01,0.000000000000000000e+00
2.653543369916619987e+00,1.675381347106697305e+01,0.000000000000000000e+00
2.385736154150146060e+00,1.697539479683726427e+01,0.000000000000000000e+00
2.112114399724777325e+00,1.720179136687219312e+01,0.000000000000000000e+00
1.832313046116390787e+00,1.743329411497810355e+01,0.000000000000000000e+00
1.545945323988546560e+00,1.767023591039842501e+01,0.000000000000000000e+00
1.252595564981599408e+00,1.791295112943933532e+01,0.000000000000000000e+00
9.518201766560397958e-01,1.816181089291146122e+01,0.000000000000000000e+00
6.431431579830171330e-01,1.841721036917583021e+01,0.000000000000000000e+00
3.260530473823738951e-01,1.867956657412853261e+01,0.000000000000000000e+00
1.160312719830818936e-15,1.894934475211422509e+01,0.000000000000000000e+00
-3.356089558733934552e-01,1.922702420492598563e+01,0.000000000000000000e+00
-6.814139747541710923e-01,1.951314317157883593e+01,0.000000000000000000e+00
-1.038107058380280501e+00,1.980826267744966174e+01,0.000000000000000000e+00
-1.406439931842836000e+00,2.011302807539705384e+01,0.000000000000000000e+00
-1.787227119474419812e+00,2.042809945250609971e+01,0.000000000000000000e+00
-2.181350751852197511e+00,2.075416605561428440e+01,0.000000000000000000e+00
-2.589781485638368075e+00,2.109207759179360053e+01,0.000000000000000000e+00
-3.013603081735753086e+00,2.144290012306633741e+01,0.000000000000000000e+00
-3.453901949598809473e+00,2.180707866581854404e+01,0.000000000000000000e+00
-3.911911411782884596e+00,2.218555206959932491e+01,0.000000000000000000e+00
-4.389585934666502709e+00,2.258246194863534484e+01,0.000000000000000000e+00
-4.887158229822550659e+00,2.299227175780861998e+01,0.000000000000000000e+00
-5.402725331703829070e+00,2.340177442965901733e+01,0.000000000000000000e+00
-5.935364349966247843e+00,2.380544616843299721e+01,0.000000000000000000e+00
-6.485060880365154823e+00,2.420257669570010606e+01,0.000000000000000000e+00
-7.052099147263609424e+00,2.459359242556528002e+01,0.000000000000000000e+00
-7.636168223651734088e+00,2.497678082951667022e+01,0.000000000000000000e+00
-8.236367663019478869e+00,2.534893316259767460e+01,0.000000000000000000e+00
-8.853429500615918712e+00,2.571222626042479575e+01,0.000000000000000000e+00
-9.487438397463003881e+00,2.606652276549635516e+01,0.000000000000000000e+00
-1.013823501720588816e+01,2.641100517861883645e+01,0.000000000000000000e+00
-1.080572869566393734e+01,2.674511703622102488e+01,0.000000000000000000e+00
-1.148979392344233297e+01,2.706825819736901195e+01,0.000000000000000000e+00
-1.219031411639194395e+01,2.737989379085999531e+01,0.000000000000000000e+00
-1.290717308429921495e+01,2.767952200349438030e+01,0.000000000000000000e+00
-1.364025851878514928e+01,2.796667444119990265e+01,0.000000000000000000e+00
-1.438947770154925188e+01,2.824094010579267078e+01,0.000000000000000000e+00
-1.515471328013000196e+01,2.850187034067603875e+01,0.000000000000000000e+00
-1.593596494852269529e+01,2.874924179346646369e+01,0.000000000000000000e+00
-1.673219297207564793e+01,2.898100834968193951e+01,0.000000000000000000e+00
-1.754238658728543143e+01,2.919543406868007551e+01,0.000000000000000000e+00
-1.836000030349327972e+01,2.938214243888447541e+01,0.000000000000000000e+00
-1.917766194977147620e+01,2.953100972433315619e+01,0.000000000000000000e+00
-1.999254287520009044e+01,2.964016372808914213e+01,0.000000000000000000e+00
-2.080321430009268013e+01,2.971006903650643949e+01,0.000000000000000000e+00
-2.160597455519171106e+01,2.973807275192608657e+01,0.000000000000000000e+00
-2.239886465685956907e+01,2.972429735306191034e+01,0.000000000000000000e+00
-2.318297200490848553e+01,2.967285102704902755e+01,0.000000000000000000e+00
-2.395650901234237296e+01,2.958382485984794741e+01,0.000000000000000000e+00
-2.471796613801936005e+01,2.945772494660660357e+01,0.000000000000000000e+00
-2.546576572929211579e+01,2.929501236066912995e+01,0.000000000000000000e+00
-2.619840041740414094e+01,2.909627137207538894e+01,0.000000000000000000e+00
-2.691440924183744343e+01,2.886217031974562275e+01,0.000000000000000000e+00
-2.761239973888588750e+01,2.859347696611916589e+01,0.000000000000000000e+00
-2.829106560535256065e+01,2.829106560535256421e+01,0.000000000000000000e+00
-2.894918392788154193e+01,2.795590195898055441e+01,0.000000000000000000e+00
-2.958570950027495527e+01,2.758912044309273881e+01,0.000000000000000000e+00
-3.019950487921906301e+01,2.719175632904120476e+01,0.000000000000000000e+00
-3.079028781369778400e+01,2.676558884999206356e+01,0.000000000000000000e+00
-3.135635557170163423e+01,2.631110639527850026e+01,0.000000000000000000e+00
-3.189341307870299858e+01,2.582677667522651888e+01,0.000000000000000000e+00
-3.240305209963383959e+01,2.531603886039223639e+01,0.000000000000000000e+00
-3.288586805174889349e+01,2.478127906154145776e+01,0.000000000000000000e+00
-3.334026855376270504e+01,2.422312299942839786e+01,0.000000000000000000e+00
-3.376352599673545285e+01,2.364147541945368047e+01,0.000000000000000000e+00
-3.415508578164588727e+01,2.303789625320382584e+01,0.000000000000000000e+00
-3.451486093871876903e+01,2.241421277176011628e+01,0.000000000000000000e+00
-3.484149472499362332e+01,2.177138222835901615e+01,0.000000000000000000e+00
-3.513378882787127822e+01,2.111051010389833138e+01,0.000000000000000000e+00
-3.539154419130267115e+01,2.043331756588512960e+01,0.000000000000000000e+00
-3.561476264972390027e+01,1.974158530208396556e+01,0.000000000000000000e+00
-3.580300967374520837e+01,1.903679792539751148e+01,0.000000000000000000e+00
-3.595545878902985493e+01,1.832022130125885440e+01,0.000000000000000000e+00
-3.607130479437569193e+01,1.759315086030901654e+01,0.000000000000000000e+00
-3.614977934104256718e+01,1.685691894734150864e+01,0.000000000000000000e+00
-3.619015227269321144e+01,1.611289391748693944e+01,0.000000000000000000e+00
-3.619173294531449159e+01,1.536247919026948416e+01,0.000000000000000000e+00
-3.615441846347906818e+01,1.460733323906436709e+01,0.000000000000000000e+00
-3.607961063541607416e+01,1.384966492101751356e+01,0.000000000000000000e+00
-3.596631918826513186e+01,1.309066962064587436e+01,0.000000000000000000e+00
-3.581281695442434199e+01,1.233134178709660489e+01,0.000000000000000000e+00
-3.561738953923450879e+01,1.157279138969717813e+01,0.000000000000000000e+00
-3.537834026932424791e+01,1.081624407941687593e+01,0.000000000000000000e+00
-3.509669083485210450e+01,1.006381415229730436e+01,0.000000000000000000e+00
-3.478685102312284982e+01,9.321108638867553253e+00,0.000000000000000000e+00
-3.446756157789316433e+01,8.593728291090453553e+00,0.000000000000000000e+00
-3.415176462906910615e+01,7.884556123659163696e+00,0.000000000000000000e+00
-3.384240818408427742e+01,7.193425922242369097e+00,0.000000000000000000e+00
-3.354126324770748369e+01,6.519761118958980362e+00,0.000000000000000000e+00
-3.324823863032413840e+01,5.862561531559601136e+00,0.000000000000000000e+00
-3.296229778942732480e+01,5.220715087189150339e+00,0.000000000000000000e+00
-3.268253625868150891e+01,4.593230925986283353e+00,0.000000000000000000e+00
-3.240864487923789028e+01,3.979281230955394655e+00,0.000000000000000000e+00
-3.214041433768745293e+01,3.378093670084632016e+00,0.000000000000000000e+00
-3.187759309617951686e+01,2.788928016407982824e+00,0.000000000000000000e+00
-3.161987473261272541e+01,2.211077034104773631e+00,0.000000000000000000e+00
-3.136691991031156235e+01,1.643870615448438377e+00,0.000000000000000000e+00
-3.111839996148079734e+01,1.086678472006873619e+00,0.000000000000000000e+00
-3.087407664797052931e+01,5.389090124890896227e-01,0.000000000000000000e+00
-3.063370993116543417e+01,3.751547481321023761e-15,0.000000000000000000e+00
-3.039704703168782984e+01,-5.305824295641848876e-01,0.000000000000000000e+00
-3.016387628442693725e+01,-1.053345770706066720e+00,0.000000000000000000e+00
-2.993399091658264055e+01,-1.568773989016814863e+00,0.000000000000000000e+00
-2.970716664982613864e+01,-2.077327455696902359e+00,0.000000000000000000e+00
-2.948320156031603645e+01,-2.579445900977480832e+00,0.000000000000000000e+00
-2.926192619537025408e+01,-3.075552375165043983e+00,0.000000000000000000e+00
-2.904315804798500977e+01,-3.566051408155507030e+00,0.000000000000000000e+00
-2.882670681686680680e+01,-4.051329437763580898e+00,0.000000000000000000e+00
-2.861241630897567134e+01,-4.531761543429742467e+00,0.000000000000000000e+00
-2.840013571137128778e+01,-5.007710181696755747e+00,0.000000000000000000e+00
-2.818970068698109799e+01,-5.479522734035138676e+00,0.000000000000000000e+00
-2.798094904471511768e+01,-5.947534321208728159e+00,0.000000000000000000e+00
-2.777374873599502081e+01,-6.412075131455063470e+00,0.000000000000000000e+00
-2.756796271119182151e+01,-6.873465085236728278e+00,0.000000000000000000e+00
-2.736344205330712853e+01,-7.332012200319454109e+00,0.000000000000000000e+00
-2.716004515187913881e+01,-7.788017624302218778e+00,0.000000000000000000e+00
-2.695765288393985415e+01,-8.241781586732942699e+00,0.000000000000000000e+00
-2.675613801589723195e+01,-8.693596236491053730e+00,0.000000000000000000e+00
-2.655536234120719996e+01,-9.143744534990137396e+00,0.000000000000000000e+00
-2.635519615853366204e+01,-9.592506919953210698e+00,0.000000000000000000e+00
-2.615552727555422763e+01,-1.004016623847312850e+01,0.000000000000000000e+00
-2.595623427223309676e+01,-1.048699936990348469e+01,0.000000000000000000e+00
-2.575718483278864923e+01,-1.093327629797477485e+01,0.000000000000000000e+00
-2.555825447533431216e+01,-1.137926803883409299e+01,0.000000000000000000e+00
-2.535933336113188474e+01,-1.182525135200133271e+01,0.000000000000000000e+00
-2.516030153118440893e+01,-1.227149899490216711e+01,0.000000000000000000e+00
-2.496102753510814765e+01,-1.271827877466877688e+01,0.000000000000000000e+00
-2.476138683150956510e+01,-1.316586291933197828e+01,0.000000000000000000e+00
-2.456126761105588230e+01,-1.361453295196199775e+01,0.000000000000000000e+00
-2.436054663848861424e+01,-1.406456815933783844e+01,0.000000000000000000e+00
-2.415908806031367106e+01,-1.451624460706141306e+01,0.000000000000000000e+00
-2.395676290970953204e+01,-1.496984691323560313e+01,0.000000000000000000e+00
-2.375345273190506390e+01,-1.542567256875729953e+01,0.000000000000000000e+00
-2.354902550465209998e+01,-1.588401826622735946e+01,0.000000000000000000e+00
-2.334333518223195370e+01,-1.634517926155472978e+01,0.000000000000000000e+00
-2.313624459246035414e+01,-1.680946563475650279e+01,0.000000000000000000e+00
-2.292762292122890955e+01,-1.727720311152169330e+01,0.000000000000000000e+00
-2.271732250216461324e+01,-1.774871754365880960e+01,0.000000000000000000e+00
-2.250518093172124523e+01,-1.822433618267260869e+01,0.000000000000000000e+00
-2.229104914528275572e+01,-1.870441111636137776e+01,0.000000000000000000e+00
-2.207477587442072675e+01,-1.918930990789954549e+01,0.000000000000000000e+00
-2.185618866216838541e+01,-1.967940066435301105e+01,0.000000000000000000e+00
-2.163510405893080701e+01,-2.017506092511112925e+01,0.000000000000000000e+00
-2.141135497786422448e+01,-2.067670515553305322e+01,0.000000000000000000e+00
-2.118475794329796713e+01,-2.118475794329795647e+01,0.000000000000000000e+00
-2.095510461334313845e+01,-2.169964605576941352e+01,0.000000000000000000e+00
-2.072219064282973378e+01,-2.222182884853684470e+01,0.000000000000000000e+00
-2.048581358712845812e+01,-2.275180094632277061e+01,0.000000000000000000e+00
-2.024574074094674359e+01,-2.329006052917238279e+01,0.000000000000000000e+00
-2.000172454125687693e+01,-2.383712708012264869e+01,0.000000000000000000e+00
-1.975353171599314805e+01,-2.439358014760491145e+01,0.000000000000000000e+00
-1.950089900478931781e+01,-2.496001250142243677e+01,0.000000000000000000e+00
-1.924353321403620853e+01,-2.553703110136711629e+01,0.000000000000000000e+00
-1.898114844396738121e+01,-2.612530954805624361e+01,0.000000000000000000e+00
-1.871342816899069916e+01,-2.672554513885578942e+01,0.000000000000000000e+00
-1.844002253942479541e+01,-2.733845767544635308e+01,0.000000000000000000e+00
-1.816060837061674960e+01,-2.796488455147057905e+01,0.000000000000000000e+00
-1.787482958643229125e+01,-2.860570698789214106e+01,0.000000000000000000e+00
-1.758226731804146326e+01,-2.926180675061845449e+01,0.000000000000000000e+00
-1.728243648852311054e+01,-2.993405807670425034e+01,0.000000000000000000e+00
-1.697479476920224428e+01,-3.062334039957243093e+01,0.000000000000000000e+00
-1.665894644181028639e+01,-3.133092145789972349e+01,0.000000000000000000e+00
-1.633467184254848448e+01,-3.205859856216481774e+01,0.000000000000000000e+00
-1.600121772740161674e+01,-3.280735817643824248e+01,0.000000000000000000e+00
-1.565558092702285009e+01,-3.357350164259790404e+01,0.000000000000000000e+00
-1.529440300862886204e+01,-3.435179159229171830e+01,0.000000000000000000e+00
-1.491596924466075791e+01,-3.513982143358837362e+01,0.000000000000000000e+00
-1.451969230129985000e+01,-3.593749953059703017e+01,0.000000000000000000e+00
-1.410489815332947039e+01,-3.674451593785834547e+01,0.000000000000000000e+00
-1.367083928178913332e+01,-3.756032223170880968e+01,0.000000000000000000e+00
-1.321715320634288737e+01,-3.838540011376889538e+01,0.000000000000000000e+00
-1.274319550716548832e+01,-3.921952302340886121e+01,0.000000000000000000e+00
-1.224476423905854716e+01,-4.005081917404556435e+01,0.000000000000000000e+00
-1.171818838240024796e+01,-4.086617942043140772e+01,0.000000000000000000e+00
-1.116345521868720780e+01,-4.166258206416061682e+01,0.000000000000000000e+00
-1.058170435013224520e+01,-4.244089805182370156e+01,0.000000000000000000e+00
-9.973308538539123802e+00,-4.319914532147432595e+01,0.000000000000000000e+00
-9.337685720671869305e+00,-4.393035739431979181e+01,0.000000000000000000e+00
-8.677078910653570176e+00,-4.463970115669394545e+01,0.000000000000000000e+00
-7.992482200983107354e+00,-4.532761900005363032e+01,0.000000000000000000e+00
-7.284399422569332039e+00,-4.599188788774506520e+01,0.000000000000000000e+00
-6.553678105332427783e+00,-4.663184276093483760e+01,0.000000000000000000e+00
-5.801141185583329474e+00,-4.724650349298201490e+01,0.000000000000000000e+00
-5.027677503903547063e+00,-4.783515613043449832e+01,0.000000000000000000e+00
-4.234204214779522246e+00,-4.839717563550242829e+01,0.000000000000000000e+00
-3.421662275517280971e+00,-4.893205024535393477e+01,0.000000000000000000e+00
-2.591006903656428495e+00,-4.943935688751530222e+01,0.000000000000000000e+00
-1.743201113107244460e+00,-4.991874859799850128e+01,0.000000000000000000e+00
-8.792106568416719892e-01,-5.036994479581422013e+01,0.000000000000000000e+00
-9.330468355549447767e-15,-5.079270399729774255e+01,0.000000000000000000e+00
8.934703200854402505e-01,-5.118688035591834051e+01,0.000000000000000000e+00
1.800241588094397382e+00,-5.155217408710893068e+01,0.000000000000000000e+00
2.719375978852522469e+00,-5.188878475780957444e+01,0.000000000000000000e+00
3.649608388860251740e+00,-5.219183153678665121e+01,0.000000000000000000e+00
4.590005066107936571e+00,-5.246399797555341848e+01,0.000000000000000000e+00
5.539708564019139025e+00,-5.270680624825637750e+01,0.000000000000000000e+00
6.497761808578785825e+00,-5.292002317552828572e+01,0.000000000000000000e+00
7.463287780342431788e+00,-5.310405190168859235e+01,0.000000000000000000e+00
8.434491337890642981e+00,-5.325328246012065136e+01,0.000000000000000000e+00
9.410684876076294003e+00,-5.337064604784294630e+01,0.000000000000000000e+00
1.039126919668605886e+01,-5.345844567684002158e+01,0.000000000000000000e+00
1.137534332528575121e+01,-5.351678271379431351e+01,0.000000000000000000e+00
1.236121438946888418e+01,-5.354230190483865215e+01,0.000000000000000000e+00
1.334741298312271596e+01,-5.353354950473745077e+01,0.000000000000000000e+00
1.433408360583435126e+01,-5.349552829691379685e+01,0.000000000000000000e+00
1.532021694958562108e+01,-5.342794587276115692e+01,0.000000000000000000e+00
1.630429126278614760e+01,-5.332893376941216701e+01,0.000000000000000000e+00
1.728411380929837193e+01,-5.319503252554108741e+01,0.000000000000000000e+00
1.826045180124257428e+01,-5.303220275244381554e+01,0.000000000000000000e+00
1.923214400490833498e+01,-5.283988138118532163e+01,0.000000000000000000e+00
2.019840762507586618e+01,-5.261865082831317153e+01,0.000000000000000000e+00
2.115599992136662877e+01,-5.236293727625074723e+01,0.000000000000000000e+00
2.210568398308063465e+01,-5.207772790969280408e+01,0.000000000000000000e+00
2.304675392945287982e+01,-5.176385684467260262e+01,0.000000000000000000e+00
2.397824075325393167e+01,-5.142150323699735992e+01,0.000000000000000000e+00
2.489914716094404312e+01,-5.105081707613179276e+01,0.000000000000000000e+00
2.580799783976202022e+01,-5.065104768637119292e+01,0.000000000000000000e+00
2.670277972184464588e+01,-5.022062452118664311e+01,0.000000000000000000e+00
2.758414916651033266e+01,-4.976312238491516382e+01,0.000000000000000000e+00
2.845104109506197432e+01,-4.927864870487740490e+01,0.000000000000000000e+00
2.930256096693434742e+01,-4.876765099759400357e+01,0.000000000000000000e+00
3.013776369507537467e+01,-4.823050386930895428e+01,0.000000000000000000e+00
3.095575082871036443e+01,-4.766767612970538437e+01,0.000000000000000000e+00
3.175564886116580965e+01,-4.707968553136054624e+01,0.000000000000000000e+00
3.253662802655730246e+01,-4.646712046223743897e+01,0.000000000000000000e+00
3.329789803479572896e+01,-4.583062484478547560e+01,0.000000000000000000e+00
3.403875763887401718e+01,-4.517095705905999381e+01,0.000000000000000000e+00
3.475846499976490378e+01,-4.448880642432506960e+01,0.000000000000000000e+00
3.545666979191835821e+01,-4.378534070624222352e+01,0.000000000000000000e+00
3.613244158497720804e+01,-4.306096706809702113e+01,0.000000000000000000e+00
3.678288414482683777e+01,-4.231386784667940759e+01,0.000000000000000000e+00
3.740885451479155677e+01,-4.154674198955209619e+01,0.000000000000000000e+00
3.801137015457298673e+01,-4.076220397893020930e+01,0.000000000000000000e+00
3.858914135762309883e+01,-3.996022565896817014e+01,0.000000000000000000e+00
3.913894671140175063e+01,-3.913894671140177195e+01,0.000000000000000000e+00
3.965711344893404089e+01,-3.829642929888628800e+01,0.000000000000000000e+00
4.013713992889310589e+01,-3.742848849811110057e+01,0.000000000000000000e+00
4.057319060885022566e+01,-3.653226491427586353e+01,0.000000000000000000e+00
4.096584794701161769e+01,-3.561106832373329922e+01,0.000000000000000000e+00
4.131578569126529032e+01,-3.466806053534026688e+01,0.000000000000000000e+00
4.162152419526221081e+01,-3.370444573056303739e+01,0.000000000000000000e+00
4.188141467512199512e+01,-3.272134730344036058e+01,0.000000000000000000e+00
4.209426885362028514e+01,-3.172030678076146515e+01,0.000000000000000000e+00
4.225911330421114798e+01,-3.070304301130655489e+01,0.000000000000000000e+00
4.237502610802155090e+01,-2.967131271266997317e+01,0.000000000000000000e+00
4.244113770332254632e+01,-2.862690884537332181e+01,0.000000000000000000e+00
4.245663205673100293e+01,-2.757165923923394857e+01,0.000000000000000000e+00
4.242203758848835804e+01,-2.650823113459190594e+01,0.000000000000000000e+00
4.233598375930023394e+01,-2.543802540875390150e+01,0.000000000000000000e+00
4.219352897825826432e+01,-2.436044531365771348e+01,0.000000000000000000e+00
4.200603979120728582e+01,-2.328432807195136789e+01,0.000000000000000000e+00
4.176306229846468909e+01,-2.220581411915959080e+01,0.000000000000000000e+00
4.147011921058570749e+01,-2.113008113136124067e+01,0.000000000000000000e+00
4.112155719568436041e+01,-2.005632353691023084e+01,0.000000000000000000e+00
4.071816659781175218e+01,-1.898719291059071423e+01,0.000000000000000000e+00
4.026326006079416686e+01,-1.792635834310307530e+01,0.000000000000000000e+00
3.975388188400747680e+01,-1.687452170633245885e+01,0.000000000000000000e+00
3.919284971689486241e+01,-1.583493915084154047e+01,0.000000000000000000e+00
3.857680042991557912e+01,-1.480824627178338027e+01,0.000000000000000000e+00
3.790550703559864587e+01,-1.379647627572601287e+01,0.000000000000000000e+00
3.718360536738492073e+01,-1.280334208965647491e+01,0.000000000000000000e+00
3.640692516801930623e+01,-1.182932706636699294e+01,0.000000000000000000e+00
3.557785329881750158e+01,-1.087724133388370262e+01,0.000000000000000000e+00
3.469644392154773982e+01,-9.949045196743078634e+00,0.000000000000000000e+00
3.376497117400202086e+01,-9.047296758533974526e+00,0.000000000000000000e+00
3.278052105206934641e+01,-8.173101846071295640e+00,0.000000000000000000e+00
3.176540193087181052e+01,-7.333620884156855091e+00,0.000000000000000000e+00
3.082010573092995287e+01,-6.551015704473032386e+00,0.000000000000000000e+00
2.993507555854350954e+01,-5.818789241130643219e+00,0.000000000000000000e+00
2.910499978143499789e+01,-5.131996734980994290e+00,0.000000000000000000e+00
2.832442368676131395e+01,-4.486147993142736823e+00,0.000000000000000000e+00
2.758858893809121327e+01,-3.877323317620514853e+00,0.000000000000000000e+00
2.689335374378940813e+01,-3.302088630637684652e+00,0.000000000000000000e+00
2.623505417337004886e+01,-2.757415306045651437e+00,0.000000000000000000e+00
2.561045674030864916e+01,-2.240624632498099622e+00,0.000000000000000000e+00
2.501667651259530345e+01,-1.749336433947872305e+00,0.000000000000000000e+00
2.445116072255690653e+01,-1.281431034361941945e+00,0.000000000000000000e+00
2.391165654562857057e+01,-8.350134463957323838e-01,0.000000000000000000e+00
2.339581717307591546e+01,-4.083755078047699993e-01,0.000000000000000000e+00
2.290267804219895709e+01,-5.609538271256264493e-15,0.000000000000000000e+00
