2.388595422612741714e+01,0.000000000000000000e+00,0.000000000000000000e+00
2.331277522252196377e+01,4.069260051660629762e-01,0.000000000000000000e+00
2.276311653363993770e+01,7.949055453850317754e-01,0.000000000000000000e+00
2.223784026249138535e+01,1.165435824208175486e+00,0.000000000000000000e+00
2.173580583908181652e+01,1.519915607350129871e+00,0.000000000000000000e+00
2.125469674044610358e+01,1.859545011470442599e+00,0.000000000000000000e+00
2.079298489393699967e+01,2.185430776168010958e+00,0.000000000000000000e+00
2.034934433604901827e+01,2.498585308963787277e+00,0.000000000000000000e+00
1.992246887578888703e+01,2.799920405135784218e+00,0.000000000000000000e+00
1.951114832505391661e+01,3.090262307552678500e+00,0.000000000000000000e+00
1.911432734561309843e+01,3.370371629125204826e+00,0.000000000000000000e+00
1.873101614811328730e+01,3.640940709333857939e+00,0.000000000000000000e+00
1.836032851436715418e+01,3.902608300145947506e+00,0.000000000000000000e+00
1.800141515544300219e+01,4.155954154637423237e+00,0.000000000000000000e+00
1.765353550063606392e+01,4.401520749494780560e+00,0.000000000000000000e+00
1.731596937018686333e+01,4.639800008903626427e+00,0.000000000000000000e+00
1.698807729145034529e+01,4.871252776237373183e+00,0.000000000000000000e+00
1.666926071980592994e+01,5.096304439278346976e+00,0.000000000000000000e+00
1.635894683056010734e+01,5.315344034875855606e+00,0.000000000000000000e+00
1.605663623180030086e+01,5.528743231156161286e+00,0.000000000000000000e+00
1.576183588253888423e+01,5.736839098633112144e+00,0.000000000000000000e+00
1.547409209816594533e+01,5.939947431311623838e+00,0.000000000000000000e+00
1.519299966229919185e+01,6.138370312673553819e+00,0.000000000000000000e+00
1.491815316525382684e+01,6.332380323007850365e+00,0.000000000000000000e+00
1.464918314218417272e+01,6.522236551238628444e+00,0.000000000000000000e+00
1.438575687114466994e+01,6.708188597370650541e+00,0.000000000000000000e+00
1.412754016141903080e+01,6.890461732997071209e+00,0.000000000000000000e+00
1.387422179994339189e+01,7.069269099001560086e+00,0.000000000000000000e+00
1.362552605814377671e+01,7.244820716464296595e+00,0.000000000000000000e+00
1.338117727699772530e+01,7.417307683733955770e+00,0.000000000000000000e+00
1.314090661624564049e+01,7.586905972285153510e+00,0.000000000000000000e+00
1.290447940886690326e+01,7.753793485840173361e+00,0.000000000000000000e+00
1.267166743727683631e+01,7.918136619141703747e+00,0.000000000000000000e+00
1.244224104552051280e+01,8.080085811354752678e+00,0.000000000000000000e+00
1.221598850857120233e+01,8.239788290680490235e+00,0.000000000000000000e+00
1.199271809792697141e+01,8.397391615792477282e+00,0.000000000000000000e+00
1.177223709170033139e+01,8.553030896882436451e+00,0.000000000000000000e+00
1.155435323622899091e+01,8.706829677478683749e+00,0.000000000000000000e+00
1.133889352703939224e+01,8.858914533165933136e+00,0.000000000000000000e+00
1.112569454358142629e+01,9.009409799597051460e+00,0.000000000000000000e+00
1.091459098099361569e+01,9.158429266602610141e+00,0.000000000000000000e+00
1.070541840318669813e+01,9.306078240663962831e+00,0.000000000000000000e+00
1.049802842530071167e+01,9.452467251294445205e+00,0.000000000000000000e+00
1.029227811748619459e+01,9.597704615280408191e+00,0.000000000000000000e+00
1.008802244353355881e+01,9.741890033722187425e+00,0.000000000000000000e+00
9.885116217071999500e+00,9.885116217071999500e+00,0.000000000000000000e+00
9.683426377602161850e+00,1.002748155536623997e+01,0.000000000000000000e+00
9.482824358450740121e+00,1.016908412466245792e+01,0.000000000000000000e+00
9.283179152569109860e+00,1.031001494424471154e+01,0.000000000000000000e+00
9.084358203790490194e+00,1.045035867751957603e+01,0.000000000000000000e+00
8.886236947084976023e+00,1.059020480633192562e+01,0.000000000000000000e+00
8.688695759633626281e+00,1.072964568756971993e+01,0.000000000000000000e+00
8.491612173865688007e+00,1.086876794576826555e+01,0.000000000000000000e+00
8.294861018115426532e+00,1.100765236015107718e+01,0.000000000000000000e+00
8.098320845718721017e+00,1.114638239822206955e+01,0.000000000000000000e+00
7.901875848997562457e+00,1.128504824326952161e+01,0.000000000000000000e+00
7.705407107907577213e+00,1.142373582468440851e+01,0.000000000000000000e+00
7.508792062698685932e+00,1.156252581791873446e+01,0.000000000000000000e+00
7.311908062304024014e+00,1.170149894527876988e+01,0.000000000000000000e+00
7.114637974151148292e+00,1.184074600473160643e+01,0.000000000000000000e+00
6.916861615484533488e+00,1.198035574694215200e+01,0.000000000000000000e+00
6.718454152718186023e+00,1.212041213310521570e+01,0.000000000000000000e+00
6.519287845685288296e+00,1.226099718659099302e+01,0.000000000000000000e+00
6.319238972883382210e+00,1.240220479497850370e+01,0.000000000000000000e+00
6.118181053022712312e+00,1.254413011649013043e+01,0.000000000000000000e+00
5.915981702775991558e+00,1.268686370321103674e+01,0.000000000000000000e+00
5.712503608442664138e+00,1.283049317562275604e+01,0.000000000000000000e+00
5.507611243832982062e+00,1.297511897882142939e+01,0.000000000000000000e+00
5.301166113622261200e+00,1.312084655560241941e+01,0.000000000000000000e+00
5.093022299285443921e+00,1.326777669811018789e+01,0.000000000000000000e+00
4.883027189441516924e+00,1.341600694157353146e+01,0.000000000000000000e+00
4.671027739515743349e+00,1.356564957102712654e+01,0.000000000000000000e+00
4.456866378974153164e+00,1.371682428195863501e+01,0.000000000000000000e+00
4.240376233002253414e+00,1.386964570507333683e+01,0.000000000000000000e+00
4.021382114159212762e+00,1.402422606912232972e+01,0.000000000000000000e+00
3.799706620027211823e+00,1.418069815979736603e+01,0.000000000000000000e+00
3.575164544638165243e+00,1.433920178988810434e+01,0.000000000000000000e+00
3.347558910218067840e+00,1.449987065735452418e+01,0.000000000000000000e+00
3.116682935556271516e+00,1.466284038031572301e+01,0.000000000000000000e+00
2.882323891227901225e+00,1.482827094994366490e+01,0.000000000000000000e+00
2.644256226687321742e+00,1.499632226482272657e+01,0.000000000000000000e+00
2.402240223335595282e+00,1.516714784869842347e+01,0.000000000000000000e+00
2.156026951962762173e+00,1.534092889464012366e+01,0.000000000000000000e+00
1.905355559164050749e+00,1.551787574229927280e+01,0.000000000000000000e+00
1.649946391520258349e+00,1.569819129885316755e+01,0.000000000000000000e+00
1.389501218298765162e+00,1.588207159990550110e+01,0.000000000000000000e+00
1.123703621355429672e+00,1.606971046046255580e+01,0.000000000000000000e+00
8.522181699574630231e-01,1.626129138872390101e+01,0.000000000000000000e+00
5.746925344874369568e-01,1.645704097738290272e+01,0.000000000000000000e+00
2.907560831255134870e-01,1.665740484617069583e+01,0.000000000000000000e+00
1.032553284929113142e-15,1.686287484110548363e+01,0.000000000000000000e+00
-2.980233400322069293e-01,1.707374571551594755e+01,0.000000000000000000e+00
-6.037682358965659191e-01,1.728966012731331858e+01,0.000000000000000000e+00
-9.176661109436726749e-01,1.751011249661225122e+01,0.000000000000000000e+00
-1.240164631113698235e+00,1.773518049293524612e+01,0.000000000000000000e+00
-1.571815870059174669e+00,1.796593760508668325e+01,0.000000000000000000e+00
-1.913262855601394419e+00,1.820348010491833080e+01,0.000000000000000000e+00
-2.265183237652407477e+00,1.844843701028232630e+01,0.000000000000000000e+00
-2.628279752384932166e+00,1.870118217207522093e+01,0.000000000000000000e+00
-3.003316571318169981e+00,1.896219455120873221e+01,0.000000000000000000e+00
-3.391140499016837673e+00,1.923211345984352150e+01,0.000000000000000000e+00
-3.792666439398523881e+00,1.951157736204349291e+01,0.000000000000000000e+00
-4.208883641430392508e+00,1.980124070676476222e+01,0.000000000000000000e+00
-4.640876885306700395e+00,2.010184626422898901e+01,0.000000000000000000e+00
-5.089893241294833004e+00,2.041444676591827090e+01,0.000000000000000000e+00
-5.557027809983238420e+00,2.073911012593065095e+01,0.000000000000000000e+00
-6.042774387907429379e+00,2.107365868126028730e+01,0.000000000000000000e+00
-6.547625975305509272e+00,2.141631956618280697e+01,0.000000000000000000e+00
-7.072264028327690077e+00,2.176619057054087847e+01,0.000000000000000000e+00
-7.617384686135577176e+00,2.212249146491619456e+01,0.000000000000000000e+00
-8.183647987633008825e+00,2.248438805478695457e+01,0.000000000000000000e+00
-8.771682940793981587e+00,2.285101530802356962e+01,0.000000000000000000e+00
-9.382658941032710587e+00,2.322289579503892298e+01,0.000000000000000000e+00
-1.001708703534283984e+01,2.359877819087488149e+01,0.000000000000000000e+00
-1.067437092466107451e+01,2.397502963508273410e+01,0.000000000000000000e+00
-1.135611779803300792e+01,2.435327320800356787e+01,0.000000000000000000e+00
-1.206315697450401991e+01,2.473313708639966535e+01,0.000000000000000000e+00
-1.279579601365927388e+01,2.511316368270862043e+01,0.000000000000000000e+00
-1.355453971659271772e+01,2.549238157058391607e+01,0.000000000000000000e+00
-1.433975934233461125e+01,2.586961065267119153e+01,0.000000000000000000e+00
-1.515185968928719262e+01,2.624379081100021693e+01,0.000000000000000000e+00
-1.599111338776908120e+01,2.661368191120476823e+01,0.000000000000000000e+00
-1.685824126823803226e+01,2.697882560046612355e+01,0.000000000000000000e+00
-1.775168183241784448e+01,2.733519290252409206e+01,0.000000000000000000e+00
-1.865735746368086367e+01,2.766066995124311489e+01,0.000000000000000000e+00
-1.956332851092443903e+01,2.793932861811794055e+01,0.000000000000000000e+00
-2.046575893605151464e+01,2.816870058830267354e+01,0.000000000000000000e+00
-2.136284079639589351e+01,2.834944725395840237e+01,0.000000000000000000e+00
-2.225256798390522661e+01,2.848198818580710778e+01,0.000000000000000000e+00
-2.313300667553531653e+01,2.856688416572494305e+01,0.000000000000000000e+00
-2.400223791260731687e+01,2.860475326265072127e+01,0.000000000000000000e+00
-2.485838560691858490e+01,2.859630145671658852e+01,0.000000000000000000e+00
-2.569962464426681947e+01,2.854232475633547494e+01,0.000000000000000000e+00
-2.652419516298127178e+01,2.844371695136915790e+01,0.000000000000000000e+00
-2.733041627349242475e+01,2.830147453971652283e+01,0.000000000000000000e+00
-2.811670282220824646e+01,2.811670282220825356e+01,0.000000000000000000e+00
-2.888157581976712862e+01,2.789061356788852208e+01,0.000000000000000000e+00
-2.962370146717355723e+01,2.762454852537772609e+01,0.000000000000000000e+00
-3.034182956156675104e+01,2.731990604863046812e+01,0.000000000000000000e+00
-3.103502872114168909e+01,2.697833887503416150e+01,0.000000000000000000e+00
-3.170057493154958195e+01,2.659994073317099250e+01,0.000000000000000000e+00
-3.233301608749162170e+01,2.618276017268803812e+01,0.000000000000000000e+00
-3.293717579491517711e+01,2.573334202629219902e+01,0.000000000000000000e+00
-3.351145672214590832e+01,2.525269393781755056e+01,0.000000000000000000e+00
-3.405025559280007030e+01,2.473895877762164730e+01,0.000000000000000000e+00
-3.455632383715192191e+01,2.419659844358967504e+01,0.000000000000000000e+00
-3.502865025816050348e+01,2.362712293262392649e+01,0.000000000000000000e+00
-3.546304224874195654e+01,2.302996891421713244e+01,0.000000000000000000e+00
-3.585870082532753145e+01,2.240700314503288126e+01,0.000000000000000000e+00
-3.621593341003772792e+01,2.176072816741618254e+01,0.000000000000000000e+00
-3.653379264039813989e+01,2.109279501545182711e+01,0.000000000000000000e+00
-3.681085329299207842e+01,2.040458917200548328e+01,0.000000000000000000e+00
-3.704604311336827749e+01,1.969773052911570232e+01,0.000000000000000000e+00
-3.723899119009752212e+01,1.897421372485352009e+01,0.000000000000000000e+00
-3.738947984692832449e+01,1.823606779087345231e+01,0.000000000000000000e+00
-3.749736714101621970e+01,1.748530945850546914e+01,0.000000000000000000e+00
-3.756258593613524255e+01,1.672394075313441419e+01,0.000000000000000000e+00
-3.758514290723616824e+01,1.595394662776082306e+01,0.000000000000000000e+00
-3.755812437516690494e+01,1.517446724074609854e+01,0.000000000000000000e+00
-3.748403239414206212e+01,1.438877192421360718e+01,0.000000000000000000e+00
-3.736524148661251843e+01,1.359983569729559072e+01,0.000000000000000000e+00
-3.720047586681643281e+01,1.280915106846070728e+01,0.000000000000000000e+00
-3.698673198311569621e+01,1.201771772060187615e+01,0.000000000000000000e+00
-3.672801177393262151e+01,1.122888006826613427e+01,0.000000000000000000e+00
-3.642073487053957592e+01,1.044347767007215744e+01,0.000000000000000000e+00
-3.606692480964346714e+01,9.664103376217999752e+00,0.000000000000000000e+00
-3.567105880067720847e+01,8.893793850074512619e+00,0.000000000000000000e+00
-3.526495779532102404e+01,8.141557016325082330e+00,0.000000000000000000e+00
-3.485584941826987659e+01,7.408839506435484168e+00,0.000000000000000000e+00
-3.444410006846386096e+01,6.695254819278519953e+00,0.000000000000000000e+00
-3.403042588376993649e+01,6.000482248308345312e+00,0.000000000000000000e+00
-3.361574062915769190e+01,5.324210265643920081e+00,0.000000000000000000e+00
-3.320006898728367872e+01,4.665965407649838248e+00,0.000000000000000000e+00
-3.279377250279750911e+01,4.026568957105741475e+00,0.000000000000000000e+00
-3.240082142660989462e+01,3.405463558023586579e+00,0.000000000000000000e+00
-3.201791560462554287e+01,2.801204645134530935e+00,0.000000000000000000e+00
-3.164457890865592660e+01,2.212804518377166296e+00,0.000000000000000000e+00
-3.128086431036040338e+01,1.639360632560127984e+00,0.000000000000000000e+00
-3.092622787999862410e+01,1.079967675046685560e+00,0.000000000000000000e+00
-3.057993859814524384e+01,5.337748137315299068e-01,0.000000000000000000e+00
-3.024147110475376365e+01,3.703512078994386667e-15,0.000000000000000000e+00
-2.991040730815816318e+01,-5.220881015933248603e-01,0.000000000000000000e+00
-2.958632955728873526e+01,-1.033177394576960229e+00,0.000000000000000000e+00
-2.926883120831835683e+01,-1.533914445838128415e+00,0.000000000000000000e+00
-2.895750077683402424e+01,-2.024905711175716050e+00,0.000000000000000000e+00
-2.865198806543886079e+01,-2.506724143205964150e+00,0.000000000000000000e+00
-2.835194962486842485e+01,-2.979909983612766489e+00,0.000000000000000000e+00
-2.805705662375044795e+01,-3.444973377775137013e+00,0.000000000000000000e+00
-2.776701477231394577e+01,-3.902399433294637898e+00,0.000000000000000000e+00
-2.748152086189761434e+01,-4.352645300978719156e+00,0.000000000000000000e+00
-2.720030155525649818e+01,-4.796147047598145363e+00,0.000000000000000000e+00
-2.692310141574366256e+01,-5.233320776138397967e+00,0.000000000000000000e+00
-2.664965761747051687e+01,-5.664559592852839387e+00,0.000000000000000000e+00
-2.637973802270849433e+01,-6.090242399668948536e+00,0.000000000000000000e+00
-2.611311745331160949e+01,-6.510731422643583066e+00,0.000000000000000000e+00
-2.584956520497657451e+01,-6.926370121369110677e+00,0.000000000000000000e+00
-2.558887814567385632e+01,-7.337492735016374112e+00,0.000000000000000000e+00
-2.533085662005550276e+01,-7.744420056381176920e+00,0.000000000000000000e+00
-2.507529515889786964e+01,-8.147457285979569974e+00,0.000000000000000000e+00
-2.482201120559954433e+01,-8.546903875473422119e+00,0.000000000000000000e+00
-2.457082603844413526e+01,-8.943049309326614349e+00,0.000000000000000000e+00
-2.432155373744465265e+01,-9.336169755986206908e+00,0.000000000000000000e+00
-2.407402559090476046e+01,-9.726537700152231736e+00,0.000000000000000000e+00
-2.382807949199984421e+01,-1.011441966299448225e+01,0.000000000000000000e+00
-2.358354505296030723e+01,-1.050007075884413688e+01,0.000000000000000000e+00
-2.334026186241629830e+01,-1.088374284978776529e+01,0.000000000000000000e+00
-2.309808004336432674e+01,-1.126568637045153665e+01,0.000000000000000000e+00
-2.285684153485604853e+01,-1.164614245707044304e+01,0.000000000000000000e+00
-2.261639024460043146e+01,-1.202534800319070918e+01,0.000000000000000000e+00
-2.237658374363007852e+01,-1.240354290968503648e+01,0.000000000000000000e+00
-2.213727308724716636e+01,-1.278096057604641445e+01,0.000000000000000000e+00
-2.189830460760428821e+01,-1.315782886217918701e+01,0.000000000000000000e+00
-2.165953779956423375e+01,-1.353438134746927801e+01,0.000000000000000000e+00
-2.142082937814939569e+01,-1.391084925075852574e+01,0.000000000000000000e+00
-2.118202746574645090e+01,-1.428745792963617767e+01,0.000000000000000000e+00
-2.094298802049059915e+01,-1.466443808458315345e+01,0.000000000000000000e+00
-2.070356978020980421e+01,-1.504202392684902279e+01,0.000000000000000000e+00
-2.046362116698807654e+01,-1.542044461015312073e+01,0.000000000000000000e+00
-2.022299101453540970e+01,-1.579993220463099490e+01,0.000000000000000000e+00
-1.998153562035779629e+01,-1.618072850408304220e+01,0.000000000000000000e+00
-1.973910103233805202e+01,-1.656307239600592496e+01,0.000000000000000000e+00
-1.949552696414745867e+01,-1.694720303667203964e+01,0.000000000000000000e+00
-1.925066206818412340e+01,-1.733337398160400511e+01,0.000000000000000000e+00
-1.900434637374898372e+01,-1.772183969570648898e+01,0.000000000000000000e+00
-1.875640882890023420e+01,-1.811285346176125444e+01,0.000000000000000000e+00
-1.850668512654309339e+01,-1.850668512654308273e+01,0.000000000000000000e+00
-1.825500497359105978e+01,-1.890361102855114339e+01,0.000000000000000000e+00
-1.800118351708939812e+01,-1.930390594713871621e+01,0.000000000000000000e+00
-1.774503901394388095e+01,-1.970786240501834286e+01,0.000000000000000000e+00
-1.748638558459312975e+01,-2.011578553300079975e+01,0.000000000000000000e+00
-1.722501987728224293e+01,-2.052797932125778146e+01,0.000000000000000000e+00
-1.696073849782395015e+01,-2.094476774369739047e+01,0.000000000000000000e+00
-1.669333366110461370e+01,-2.136649273293791396e+01,0.000000000000000000e+00
-1.642257722547638465e+01,-2.179349606472971601e+01,0.000000000000000000e+00
-1.614823939023513688e+01,-2.222614474416008434e+01,0.000000000000000000e+00
-1.587008270971668900e+01,-2.266482698871436696e+01,0.000000000000000000e+00
-1.558784650147104500e+01,-2.310993280624881052e+01,0.000000000000000000e+00
-1.530126850514394476e+01,-2.356188727299070251e+01,0.000000000000000000e+00
-1.501007139367324150e+01,-2.402113553466660534e+01,0.000000000000000000e+00
-1.471395346167074258e+01,-2.448813085051897431e+01,0.000000000000000000e+00
-1.441261097946417813e+01,-2.496337448615696886e+01,0.000000000000000000e+00
-1.410571322089623614e+01,-2.544738027266031466e+01,0.000000000000000000e+00
-1.379290994776017953e+01,-2.594069077289126568e+01,0.000000000000000000e+00
-1.347383906879492166e+01,-2.644389810590264034e+01,0.000000000000000000e+00
-1.314810234594976102e+01,-2.695760474937852536e+01,0.000000000000000000e+00
-1.281529013208801970e+01,-2.748247837660057158e+01,0.000000000000000000e+00
-1.247495791105750662e+01,-2.801921422114249438e+01,0.000000000000000000e+00
-1.212663136526460406e+01,-2.856855319133113369e+01,0.000000000000000000e+00
-1.176980644496619455e+01,-2.913129319919019622e+01,0.000000000000000000e+00
-1.140393876410048613e+01,-2.970827616879588717e+01,0.000000000000000000e+00
-1.102846362913204992e+01,-3.030045479231682748e+01,0.000000000000000000e+00
-1.064275257868452407e+01,-3.090879780742801586e+01,0.000000000000000000e+00
-1.024611111568121657e+01,-3.153428750080043841e+01,0.000000000000000000e+00
-9.836809172257572342e+00,-3.217475303860744873e+01,0.000000000000000000e+00
-9.409611981918818202e+00,-3.281521673668220984e+01,0.000000000000000000e+00
-8.960872854870391535e+00,-3.344243277454108920e+01,0.000000000000000000e+00
-8.491750755115958782e+00,-3.405855202095768419e+01,0.000000000000000000e+00
-8.003152966591784434e+00,-3.466546399299794246e+01,0.000000000000000000e+00
-7.494878891121257602e+00,-3.526063289806347001e+01,0.000000000000000000e+00
-6.967215183139123802e+00,-3.584321485054757517e+01,0.000000000000000000e+00
-6.420577655886348545e+00,-3.641290533127194351e+01,0.000000000000000000e+00
-5.855241548629131820e+00,-3.696854019644537459e+01,0.000000000000000000e+00
-5.271976097290323793e+00,-3.751205909979297104e+01,0.000000000000000000e+00
-4.671040822018110994e+00,-3.804257463372681514e+01,0.000000000000000000e+00
-4.052335803810415804e+00,-3.855539972834737483e+01,0.000000000000000000e+00
-3.416705910319449924e+00,-3.905312725810508567e+01,0.000000000000000000e+00
-2.764655473997784885e+00,-3.953641524843388311e+01,0.000000000000000000e+00
-2.096540123493054519e+00,-4.000436866767719124e+01,0.000000000000000000e+00
-1.412772016396369290e+00,-4.045649729254104443e+01,0.000000000000000000e+00
-7.137717644578657206e-01,-4.089195699891061508e+01,0.000000000000000000e+00
-7.588329466945743652e-15,-4.130894160519878966e+01,0.000000000000000000e+00
7.280113427291471373e-01,-4.170774189171140733e+01,0.000000000000000000e+00
1.469775722587846056e+00,-4.208886986110548634e+01,0.000000000000000000e+00
2.224812951040714193e+00,-4.245196002343574548e+01,0.000000000000000000e+00
2.992627884074634537e+00,-4.279657260068140090e+01,0.000000000000000000e+00
3.772716889134555274e+00,-4.312235136631917243e+01,0.000000000000000000e+00
4.564567382113968286e+00,-4.342895764928917401e+01,0.000000000000000000e+00
5.367660650321208315e+00,-4.371608784402324233e+01,0.000000000000000000e+00
6.181473133662328756e+00,-4.398346677499236534e+01,0.000000000000000000e+00
7.005476716812803595e+00,-4.423083923179764554e+01,0.000000000000000000e+00
7.839143539397912974e+00,-4.445799223636110753e+01,0.000000000000000000e+00
8.681933881154400012e+00,-4.466467781468171694e+01,0.000000000000000000e+00
9.533328369361525390e+00,-4.485078369004353505e+01,0.000000000000000000e+00
1.039238018684183729e+01,-4.501434405569411012e+01,0.000000000000000000e+00
1.125877486789170767e+01,-4.515647957511266952e+01,0.000000000000000000e+00
1.213202833948565385e+01,-4.527734616182586791e+01,0.000000000000000000e+00
1.301160037236059708e+01,-4.537684307605605483e+01,0.000000000000000000e+00
1.389694703353254290e+01,-4.545486559356532297e+01,0.000000000000000000e+00
1.478752553338975773e+01,-4.551132388967239706e+01,0.000000000000000000e+00
1.568279046682809863e+01,-4.554613066607291927e+01,0.000000000000000000e+00
1.658219936991813626e+01,-4.555921833374483043e+01,0.000000000000000000e+00
1.748493147581334028e+01,-4.554980378456188816e+01,0.000000000000000000e+00
1.838967200138719349e+01,-4.551603540927120406e+01,0.000000000000000000e+00
1.929681557605875142e+01,-4.546044862772269113e+01,0.000000000000000000e+00
2.020574325655795178e+01,-4.538284239829623345e+01,0.000000000000000000e+00
2.111593633391610680e+01,-4.528327160112230132e+01,0.000000000000000000e+00
2.202680775115422662e+01,-4.516164854992013034e+01,0.000000000000000000e+00
2.293784889744583566e+01,-4.501806321981695191e+01,0.000000000000000000e+00
2.384764811734939727e+01,-4.485090295056568266e+01,0.000000000000000000e+00
2.475550114244999023e+01,-4.466010626665614325e+01,0.000000000000000000e+00
2.566173749615334643e+01,-4.444743315383293947e+01,0.000000000000000000e+00
2.656572404461101300e+01,-4.421278946123193521e+01,0.000000000000000000e+00
2.746691173817979603e+01,-4.395624726073209132e+01,0.000000000000000000e+00
2.836471123939264416e+01,-4.367782504625849782e+01,0.000000000000000000e+00
2.925855031785366478e+01,-4.337758469651593884e+01,0.000000000000000000e+00
3.014744031124385870e+01,-4.305500678887979404e+01,0.000000000000000000e+00
3.102996453880616912e+01,-4.270908218407447521e+01,0.000000000000000000e+00
3.190682722381452052e+01,-4.234178984170021920e+01,0.000000000000000000e+00
3.277737352592220077e+01,-4.195312496977104644e+01,0.000000000000000000e+00
3.364106535711076162e+01,-4.154325595230589840e+01,0.000000000000000000e+00
3.449731500612239188e+01,-4.111229909340052302e+01,0.000000000000000000e+00
3.534555317773082095e+01,-4.066040771141171462e+01,0.000000000000000000e+00
3.618521201541428667e+01,-4.018774931606683509e+01,0.000000000000000000e+00
3.701572341120247245e+01,-3.969450356510169797e+01,0.000000000000000000e+00
3.783655400662646429e+01,-3.918089864323582105e+01,0.000000000000000000e+00
3.864595395556197843e+01,-3.864595395556199975e+01,0.000000000000000000e+00
3.943263678895561952e+01,-3.807965470813893205e+01,0.000000000000000000e+00
4.017863799962012905e+01,-3.746718607510966592e+01,0.000000000000000000e+00
4.087870994136704894e+01,-3.680735575688519390e+01,0.000000000000000000e+00
4.153347047135882519e+01,-3.610449505623409294e+01,0.000000000000000000e+00
4.214047751154383548e+01,-3.536005913757092145e+01,0.000000000000000000e+00
4.269621995591127472e+01,-3.457471719807901422e+01,0.000000000000000000e+00
4.319913307441326822e+01,-3.375086174859006860e+01,0.000000000000000000e+00
4.364845550849936728e+01,-3.289147042916131625e+01,0.000000000000000000e+00
4.404321435983992927e+01,-3.199926830248012166e+01,0.000000000000000000e+00
4.438117945933640840e+01,-3.107603641206531009e+01,0.000000000000000000e+00
4.466016900235253217e+01,-3.012366435570896073e+01,0.000000000000000000e+00
4.487885739264990548e+01,-2.914467076481507846e+01,0.000000000000000000e+00
4.503618961341069848e+01,-2.814173461619759564e+01,0.000000000000000000e+00
4.513120345157673796e+01,-2.711756284337319300e+01,0.000000000000000000e+00
4.516303006006523191e+01,-2.607488756259785134e+01,0.000000000000000000e+00
4.513060596761210519e+01,-2.501630338539572662e+01,0.000000000000000000e+00
4.503213567443639676e+01,-2.394401126595717955e+01,0.000000000000000000e+00
4.486699565459284145e+01,-2.286087612837101091e+01,0.000000000000000000e+00
4.463501570944473684e+01,-2.176995175264534410e+01,0.000000000000000000e+00
4.433613522471705437e+01,-2.067427938828118528e+01,0.000000000000000000e+00
4.397000352675689072e+01,-1.957670686322966347e+01,0.000000000000000000e+00
4.353404096477884622e+01,-1.847910403738595519e+01,0.000000000000000000e+00
4.302634141139198931e+01,-1.738377033193963683e+01,0.000000000000000000e+00
4.245451944131480104e+01,-1.629676313823263101e+01,0.000000000000000000e+00
4.181772077657007713e+01,-1.522040562752683890e+01,0.000000000000000000e+00
4.110032645928774997e+01,-1.415197731515267243e+01,0.000000000000000000e+00
4.031527202057407067e+01,-1.309922593847192296e+01,0.000000000000000000e+00
3.946398370719035142e+01,-1.206535063187275370e+01,0.000000000000000000e+00
3.854652582633499236e+01,-1.105303841773430484e+01,0.000000000000000000e+00
3.755991629836820778e+01,-1.006414923992832300e+01,0.000000000000000000e+00
3.648804563423831837e+01,-9.097491545635483234e+00,0.000000000000000000e+00
3.536095752189100949e+01,-8.163720299546865178e+00,0.000000000000000000e+00
3.417692412657176959e+01,-7.264529480801338757e+00,0.000000000000000000e+00
3.296677008958396726e+01,-6.408090961285417109e+00,0.000000000000000000e+00
3.184340198932944332e+01,-5.614850928264418783e+00,0.000000000000000000e+00
3.079981479456018789e+01,-4.878211428335795574e+00,0.000000000000000000e+00
2.982768196801294991e+01,-4.192007321022023447e+00,0.000000000000000000e+00
2.891938686682943072e+01,-3.550854218024896092e+00,0.000000000000000000e+00
2.806831541849654243e+01,-2.950098827256873779e+00,0.000000000000000000e+00
2.726876595232120337e+01,-2.385707889169806695e+00,0.000000000000000000e+00
2.651573190948413838e+01,-1.854160598779021063e+00,0.000000000000000000e+00
2.580489524836069748e+01,-1.352377254598100098e+00,0.000000000000000000e+00
2.513236159850890417e+01,-8.776414061647781484e-01,0.000000000000000000e+00
2.449446297362126401e+01,-4.275524415864037087e-01,0.000000000000000000e+00
2.389032599180177030e+01,-5.851442251289370933e-15,0.000000000000000000e+00
