2.464013702684645324e+01,0.000000000000000000e+00,0.000000000000000000e+00
2.402874498604769826e+01,4.194233038750452836e-01,0.000000000000000000e+00
2.344348289350784853e+01,8.186644622079186639e-01,0.000000000000000000e+00
2.288539805521737946e+01,1.199372890082372800e+00,0.000000000000000000e+00
2.235269853277805296e+01,1.563052946731552151e+00,0.000000000000000000e+00
2.184286468808344139e+01,1.911003039138019055e+00,0.000000000000000000e+00
2.135428280603597884e+01,2.244425563975395388e+00,0.000000000000000000e+00
2.088544417824574140e+01,2.564410092688028442e+00,0.000000000000000000e+00
2.043485869475444616e+01,2.871932097986210852e+00,0.000000000000000000e+00
2.000122378487785824e+01,3.167882634973683498e+00,0.000000000000000000e+00
1.958334765610635486e+01,3.453072564365427422e+00,0.000000000000000000e+00
1.918016044633233008e+01,3.728245516869118426e+00,0.000000000000000000e+00
1.879065455006830021e+01,3.994076922691673914e+00,0.000000000000000000e+00
1.841392490954048711e+01,4.251189535387560170e+00,0.000000000000000000e+00
1.804913612244894949e+01,4.500155062454907373e+00,0.000000000000000000e+00
1.769550794469162369e+01,4.741497063438636417e+00,0.000000000000000000e+00
1.735234703065096085e+01,4.975705443124714300e+00,0.000000000000000000e+00
1.701897483964310354e+01,5.203222775451881610e+00,0.000000000000000000e+00
1.669479900499147362e+01,5.424469021371256083e+00,0.000000000000000000e+00
1.637925268775946819e+01,5.639828985444552245e+00,0.000000000000000000e+00
1.607179856358024139e+01,5.849656288265514092e+00,0.000000000000000000e+00
1.577196674979726509e+01,6.054290797021590009e+00,0.000000000000000000e+00
1.547929149212131428e+01,6.254039720164026761e+00,0.000000000000000000e+00
1.519334161644515824e+01,6.449190890250295460e+00,0.000000000000000000e+00
1.491373462555009510e+01,6.640022460374062518e+00,0.000000000000000000e+00
1.464008811188292114e+01,6.826785202634960470e+00,0.000000000000000000e+00
1.437204520905690863e+01,7.009714812798913286e+00,0.000000000000000000e+00
1.410929099180028601e+01,7.189042834644736146e+00,0.000000000000000000e+00
1.385151128740603710e+01,7.364979194279221986e+00,0.000000000000000000e+00
1.359840212213484456e+01,7.537717381593886934e+00,0.000000000000000000e+00
1.334969885873432283e+01,7.707452229690699319e+00,0.000000000000000000e+00
1.310514281737073183e+01,7.874364225689963526e+00,0.000000000000000000e+00
1.286447500138372924e+01,8.038616156768394916e+00,0.000000000000000000e+00
1.262746149778175919e+01,8.200369379468684272e+00,0.000000000000000000e+00
1.239388732263309656e+01,8.359782555901404066e+00,0.000000000000000000e+00
1.216353603175604547e+01,8.516999620721001918e+00,0.000000000000000000e+00
1.193619484088109672e+01,8.672153174458298253e+00,0.000000000000000000e+00
1.171167572628137066e+01,8.825380677029910359e+00,0.000000000000000000e+00
1.148979701821061816e+01,8.976813261807695454e+00,0.000000000000000000e+00
1.127037529780030489e+01,9.126569964274109381e+00,0.000000000000000000e+00
1.105323207359383808e+01,9.274762956269469782e+00,0.000000000000000000e+00
1.083820826978501550e+01,9.421510710614263928e+00,0.000000000000000000e+00
1.062514713609809291e+01,9.566925452602333735e+00,0.000000000000000000e+00
1.041389011651369501e+01,9.711109639028910223e+00,0.000000000000000000e+00
1.020428190766706145e+01,9.854160493200996740e+00,0.000000000000000000e+00
9.996182364116709351e+00,9.996182364116707575e+00,0.000000000000000000e+00
9.789452827791754075e+00,1.013727515860117023e+01,0.000000000000000000e+00
9.583952530446955720e+00,1.027753081201319318e+01,0.000000000000000000e+00
9.379541269594025010e+00,1.041703591736801826e+01,0.000000000000000000e+00
9.176090428464046767e+00,1.055588453070813593e+01,0.000000000000000000e+00
8.973473514610837753e+00,1.069416929908645741e+01,0.000000000000000000e+00
8.771561422617283554e+00,1.083197625916263007e+01,0.000000000000000000e+00
8.570223421473370351e+00,1.096938575433997620e+01,0.000000000000000000e+00
8.369336163357171898e+00,1.110648421598356173e+01,0.000000000000000000e+00
8.168779964441581498e+00,1.124336105536454511e+01,0.000000000000000000e+00
7.968431966564427427e+00,1.138010022990913406e+01,0.000000000000000000e+00
7.768166285759354750e+00,1.151678013218340446e+01,0.000000000000000000e+00
7.567859782038812710e+00,1.165348212942302908e+01,0.000000000000000000e+00
7.367394294364680185e+00,1.179029547833182257e+01,0.000000000000000000e+00
7.166648192242170090e+00,1.192730554357306971e+01,0.000000000000000000e+00
6.965495777702349400e+00,1.206459258688695435e+01,0.000000000000000000e+00
6.763810104464348605e+00,1.220223643604107977e+01,0.000000000000000000e+00
6.561469027100257811e+00,1.234032845081770446e+01,0.000000000000000000e+00
6.358347142418159237e+00,1.247895889935853297e+01,0.000000000000000000e+00
6.154313817015687249e+00,1.261821326131180498e+01,0.000000000000000000e+00
5.949234449995759455e+00,1.275817444974978265e+01,0.000000000000000000e+00
5.742977260717292864e+00,1.289893811926674339e+01,0.000000000000000000e+00
5.535407624804657978e+00,1.304060314869488835e+01,0.000000000000000000e+00
5.326384265309154209e+00,1.318326367131010457e+01,0.000000000000000000e+00
5.115759931291721685e+00,1.332701025460677435e+01,0.000000000000000000e+00
4.903387624753544394e+00,1.347194677784359484e+01,0.000000000000000000e+00
4.689117030936228225e+00,1.361818468793994619e+01,0.000000000000000000e+00
4.472789479944496271e+00,1.376583054767583647e+01,0.000000000000000000e+00
4.254238468054274414e+00,1.391498703289128258e+01,0.000000000000000000e+00
4.033295436015458257e+00,1.406577275983792674e+01,0.000000000000000000e+00
3.809786382186829634e+00,1.421831634430527203e+01,0.000000000000000000e+00
3.583526775192862779e+00,1.437274086475871471e+01,0.000000000000000000e+00
3.354322407823513874e+00,1.452916658405829509e+01,0.000000000000000000e+00
3.121974770673189070e+00,1.468773650714116918e+01,0.000000000000000000e+00
2.886275750083085789e+00,1.484860150128765177e+01,0.000000000000000000e+00
2.647003946633009530e+00,1.501190535899610801e+01,0.000000000000000000e+00
2.403926811474401681e+00,1.517779654711444870e+01,0.000000000000000000e+00
2.156803419135350453e+00,1.534645374565038267e+01,0.000000000000000000e+00
1.905377507964013173e+00,1.551805450092984451e+01,0.000000000000000000e+00
1.649376575817257162e+00,1.569276986458307732e+01,0.000000000000000000e+00
1.388515058474121044e+00,1.587079974153093609e+01,0.000000000000000000e+00
1.122490532980894296e+00,1.605236248847842617e+01,0.000000000000000000e+00
8.509800417510497983e-01,1.623766649518039884e+01,0.000000000000000000e+00
5.736414069238977564e-01,1.642694062224074258e+01,0.000000000000000000e+00
2.901110299691235239e-01,1.662044977559131453e+01,0.000000000000000000e+00
1.029833000933378512e-15,1.681844923206247344e+01,0.000000000000000000e+00
-2.971064045054409575e-01,1.702121451436963895e+01,0.000000000000000000e+00
-6.016522796152126151e-01,1.722906706730490711e+01,0.000000000000000000e+00
-9.141131723099065187e-01,1.744231838889824715e+01,0.000000000000000000e+00
-1.234999450320285019e+00,1.766131496625306951e+01,0.000000000000000000e+00
-1.564861324036519896e+00,1.788644678030577495e+01,0.000000000000000000e+00
-1.904288663327822428e+00,1.811809636894529874e+01,0.000000000000000000e+00
-2.253921347839451972e+00,1.835671627821194107e+01,0.000000000000000000e+00
-2.614449838766972345e+00,1.860277722345480456e+01,0.000000000000000000e+00
-2.986620232633609096e+00,1.885677801754955496e+01,0.000000000000000000e+00
-3.371244808508980562e+00,1.911927939197757098e+01,0.000000000000000000e+00
-3.769201620050520063e+00,1.939086133143270629e+01,0.000000000000000000e+00
-4.181463535208703952e+00,1.967223924942911140e+01,0.000000000000000000e+00
-4.609081354853354462e+00,1.996412469116025079e+01,0.000000000000000000e+00
-5.053176733321802061e+00,2.026718489579402416e+01,0.000000000000000000e+00
-5.514984893697537416e+00,2.058220382625404810e+01,0.000000000000000000e+00
-5.996055598489038907e+00,2.091073090024383063e+01,0.000000000000000000e+00
-6.497896034984489866e+00,2.125366026066673797e+01,0.000000000000000000e+00
-7.021302070211892676e+00,2.160934579102567454e+01,0.000000000000000000e+00
-7.566485498935280773e+00,2.197466949178423334e+01,0.000000000000000000e+00
-8.133213927296715440e+00,2.234582161284157564e+01,0.000000000000000000e+00
-8.722525683752259340e+00,2.272295627525383210e+01,0.000000000000000000e+00
-9.335319941292372192e+00,2.310572765912773363e+01,0.000000000000000000e+00
-9.971389754413477746e+00,2.349112214348573247e+01,0.000000000000000000e+00
-1.063206437839730079e+01,2.388000757639741778e+01,0.000000000000000000e+00
-1.131848498622753496e+01,2.427256938264849495e+01,0.000000000000000000e+00
-1.203081891493764388e+01,2.466683423864150271e+01,0.000000000000000000e+00
-1.276898848943085696e+01,2.506055095403134558e+01,0.000000000000000000e+00
-1.353368106742813026e+01,2.545315215706869694e+01,0.000000000000000000e+00
-1.432586850729444272e+01,2.584455092289812939e+01,0.000000000000000000e+00
-1.514607726518557484e+01,2.623377535866530508e+01,0.000000000000000000e+00
-1.599466658776887584e+01,2.661959542906111409e+01,0.000000000000000000e+00
-1.687208753315110599e+01,2.700098425630476839e+01,0.000000000000000000e+00
-1.777532681049086349e+01,2.737160297582889967e+01,0.000000000000000000e+00
-1.868870490131265427e+01,2.770714443873889365e+01,0.000000000000000000e+00
-1.960097928894601083e+01,2.799309950170173167e+01,0.000000000000000000e+00
-2.050966908221034046e+01,2.822913771960092433e+01,0.000000000000000000e+00
-2.141285887962130019e+01,2.841582349229005189e+01,0.000000000000000000e+00
-2.230859585468363093e+01,2.855370059017952400e+01,0.000000000000000000e+00
-2.319405491872369396e+01,2.864227246764973245e+01,0.000000000000000000e+00
-2.406847764724039251e+01,2.868369470437217927e+01,0.000000000000000000e+00
-2.493032553795146811e+01,2.867905888059447150e+01,0.000000000000000000e+00
-2.577784811942503396e+01,2.862920072679961692e+01,0.000000000000000000e+00
-2.660880795706339796e+01,2.853445306421059158e+01,0.000000000000000000e+00
-2.742062210650052734e+01,2.839488541427713741e+01,0.000000000000000000e+00
-2.821248539428981417e+01,2.821248539428982127e+01,0.000000000000000000e+00
-2.898299368507669982e+01,2.798855166198287137e+01,0.000000000000000000e+00
-2.973087657939440831e+01,2.772449093438216750e+01,0.000000000000000000e+00
-3.045464364081635011e+01,2.742148430184054675e+01,0.000000000000000000e+00
-3.115430360786121611e+01,2.708202295221397904e+01,0.000000000000000000e+00
-3.182709520673421366e+01,2.670610384941486615e+01,0.000000000000000000e+00
-3.246652306930278797e+01,2.629087199487877413e+01,0.000000000000000000e+00
-3.307698872713430660e+01,2.584257586063475998e+01,0.000000000000000000e+00
-3.365715042848493255e+01,2.536248202030380483e+01,0.000000000000000000e+00
-3.420324514661344750e+01,2.485011219480763600e+01,0.000000000000000000e+00
-3.471653064671815514e+01,2.430877645932047670e+01,0.000000000000000000e+00
-3.519529837038835041e+01,2.373952850363732736e+01,0.000000000000000000e+00
-3.563600414860670185e+01,2.314229168532316550e+01,0.000000000000000000e+00
-3.603801762479647408e+01,2.251905271730349511e+01,0.000000000000000000e+00
-3.640161433297824800e+01,2.187229652171583538e+01,0.000000000000000000e+00
-3.672609775848453495e+01,2.120382242714555687e+01,0.000000000000000000e+00
-3.701040126880474901e+01,2.051520042119752318e+01,0.000000000000000000e+00
-3.725351864894937393e+01,1.980804722822318809e+01,0.000000000000000000e+00
-3.745452391629790867e+01,1.908403313405153057e+01,0.000000000000000000e+00
-3.761254792735738306e+01,1.834486536316753558e+01,0.000000000000000000e+00
-3.772677542592045796e+01,1.759228429860051790e+01,0.000000000000000000e+00
-3.779644610595780563e+01,1.682806200909054439e+01,0.000000000000000000e+00
-3.782085563775830650e+01,1.605400074572746760e+01,0.000000000000000000e+00
-3.779967160942306492e+01,1.527205865816353914e+01,0.000000000000000000e+00
-3.773342568999355251e+01,1.448450504106993897e+01,0.000000000000000000e+00
-3.762115973692464621e+01,1.369298232281469119e+01,0.000000000000000000e+00
-3.746148432447428434e+01,1.289902348773445162e+01,0.000000000000000000e+00
-3.725304681821341291e+01,1.210424865592414356e+01,0.000000000000000000e+00
-3.699453501286742352e+01,1.131036439973023811e+01,0.000000000000000000e+00
-3.668619479235710656e+01,1.051959707775722919e+01,0.000000000000000000e+00
-3.633915544184645796e+01,9.737047354271808786e+00,0.000000000000000000e+00
-3.596946112986506705e+01,8.968193906854674324e+00,0.000000000000000000e+00
-3.558912942555354419e+01,8.216397934211087772e+00,0.000000000000000000e+00
-3.520291558503220131e+01,7.482610697514479270e+00,0.000000000000000000e+00
-3.481408672229113677e+01,6.767172939426298051e+00,0.000000000000000000e+00
-3.442310569765770367e+01,6.069722294276337138e+00,0.000000000000000000e+00
-3.402989994065563906e+01,5.389806656400718765e+00,0.000000000000000000e+00
-3.363498484790333265e+01,4.727088845726632904e+00,0.000000000000000000e+00
-3.323908983171328657e+01,4.081247049799118898e+00,0.000000000000000000e+00
-3.284279685570601970e+01,3.451917047504954095e+00,0.000000000000000000e+00
-3.244667884944228575e+01,2.838716568392586570e+00,0.000000000000000000e+00
-3.205346833739007906e+01,2.241396852565948450e+00,0.000000000000000000e+00
-3.166805246550744002e+01,1.659652303936081763e+00,0.000000000000000000e+00
-3.129319878400185928e+01,1.092782581395560726e+00,0.000000000000000000e+00
-3.092795540156132361e+01,5.398494696312682306e-01,0.000000000000000000e+00
-3.057115985047407491e+01,3.743887305710515059e-15,0.000000000000000000e+00
-3.022234200629098666e+01,-5.275329420025972604e-01,0.000000000000000000e+00
-2.988118576832346207e+01,-1.043474000355713915e+00,0.000000000000000000e+00
-2.954730243487930608e+01,-1.548508504416412634e+00,0.000000000000000000e+00
-2.922023766563368952e+01,-2.043278064189432808e+00,0.000000000000000000e+00
-2.889953820961634889e+01,-2.528381974475701899e+00,0.000000000000000000e+00
-2.858484501061886718e+01,-3.004388275028971211e+00,0.000000000000000000e+00
-2.827581191431170993e+01,-3.471833150071888863e+00,0.000000000000000000e+00
-2.797210037034792762e+01,-3.931222334427773468e+00,0.000000000000000000e+00
-2.767340769053110705e+01,-4.383037188937485062e+00,0.000000000000000000e+00
-2.737942206228492381e+01,-4.827730825785438107e+00,0.000000000000000000e+00
-2.708985145706805397e+01,-5.265733700719760435e+00,0.000000000000000000e+00
-2.680443833702608103e+01,-5.697459250414381948e+00,0.000000000000000000e+00
-2.652291574318156364e+01,-6.123297581004047530e+00,0.000000000000000000e+00
-2.624503243297363753e+01,-6.543621521067815472e+00,0.000000000000000000e+00
-2.597056407704164371e+01,-6.958791671424020997e+00,0.000000000000000000e+00
-2.569927757751618458e+01,-7.369149262687556323e+00,0.000000000000000000e+00
-2.543094863160560593e+01,-7.775021255280958776e+00,0.000000000000000000e+00
-2.516537962878183166e+01,-8.176727504569569760e+00,0.000000000000000000e+00
-2.490236659888098458e+01,-8.574572456256971620e+00,0.000000000000000000e+00
-2.464170528476780575e+01,-8.968847245215654240e+00,0.000000000000000000e+00
-2.438321684372139231e+01,-9.359840004774415689e+00,0.000000000000000000e+00
-2.412672075028153529e+01,-9.747827926515011399e+00,0.000000000000000000e+00
-2.387202991514014272e+01,-1.013307551077929425e+01,0.000000000000000000e+00
-2.361897545426997524e+01,-1.051584538983919437e+01,0.000000000000000000e+00
-2.336739516830128949e+01,-1.089639531811299733e+01,0.000000000000000000e+00
-2.311711825004051590e+01,-1.127497192427536632e+01,0.000000000000000000e+00
-2.286797936230582096e+01,-1.165181746360817883e+01,0.000000000000000000e+00
-2.261982829381926052e+01,-1.202717604638687909e+01,0.000000000000000000e+00
-2.237250809146441810e+01,-1.240128373879903734e+01,0.000000000000000000e+00
-2.212585663306850847e+01,-1.277436928315317566e+01,0.000000000000000000e+00
-2.187972670006496045e+01,-1.314666612915486965e+01,0.000000000000000000e+00
-2.163397126759637956e+01,-1.351840560520795798e+01,0.000000000000000000e+00
-2.138843425001726928e+01,-1.388981160856691588e+01,0.000000000000000000e+00
-2.114296345941341215e+01,-1.426110892466255642e+01,0.000000000000000000e+00
-2.089741662146053258e+01,-1.463252864745553872e+01,0.000000000000000000e+00
-2.065164291879918679e+01,-1.500429685368836807e+01,0.000000000000000000e+00
-2.040548487940993283e+01,-1.537663577519066926e+01,0.000000000000000000e+00
-2.015879630375545162e+01,-1.574977779980086012e+01,0.000000000000000000e+00
-1.991142829857938779e+01,-1.612395671429682054e+01,0.000000000000000000e+00
-1.966322095186829344e+01,-1.649940144847004930e+01,0.000000000000000000e+00
-1.941401613170727813e+01,-1.687634675104342818e+01,0.000000000000000000e+00
-1.916366201725549345e+01,-1.725503878389374890e+01,0.000000000000000000e+00
-1.891199523841047281e+01,-1.763572086878138379e+01,0.000000000000000000e+00
-1.865884410371484137e+01,-1.801863630183258635e+01,0.000000000000000000e+00
-1.840404601971668441e+01,-1.840404601971667375e+01,0.000000000000000000e+00
-1.814743042656150607e+01,-1.879221432410975012e+01,0.000000000000000000e+00
-1.788881272190804594e+01,-1.918340302246564377e+01,0.000000000000000000e+00
-1.762801145126502789e+01,-1.957789012932724759e+01,0.000000000000000000e+00
-1.736484369556085738e+01,-1.997596758370411507e+01,0.000000000000000000e+00
-1.709910933954840218e+01,-2.037792498556800425e+01,0.000000000000000000e+00
-1.683060334990017282e+01,-2.078406421956105277e+01,0.000000000000000000e+00
-1.655912383020276835e+01,-2.119471198291705605e+01,0.000000000000000000e+00
-1.628445004374932381e+01,-2.161019510349379757e+01,0.000000000000000000e+00
-1.600634914040258039e+01,-2.203084956959941820e+01,0.000000000000000000e+00
-1.572459134789758473e+01,-2.245704379033421816e+01,0.000000000000000000e+00
-1.543892642504259172e+01,-2.288914971350805416e+01,0.000000000000000000e+00
-1.514908832120284465e+01,-2.332755033955294266e+01,0.000000000000000000e+00
-1.485481508287062091e+01,-2.377267349963764076e+01,0.000000000000000000e+00
-1.455582097983543655e+01,-2.422495420550731282e+01,0.000000000000000000e+00
-1.425179784739721889e+01,-2.468483797089271192e+01,0.000000000000000000e+00
-1.394242689776298505e+01,-2.515280394794524810e+01,0.000000000000000000e+00
-1.362735888183716604e+01,-2.562933450184355877e+01,0.000000000000000000e+00
-1.330624687620694679e+01,-2.611497990808883785e+01,0.000000000000000000e+00
-1.297875697109273396e+01,-2.661039527675547589e+01,0.000000000000000000e+00
-1.264450397162712569e+01,-2.711622627356492643e+01,0.000000000000000000e+00
-1.230298268847012011e+01,-2.763295154701085465e+01,0.000000000000000000e+00
-1.195361141881591394e+01,-2.816094374115528609e+01,0.000000000000000000e+00
-1.159597313772845872e+01,-2.870104066576019974e+01,0.000000000000000000e+00
-1.123001669583033113e+01,-2.925519369063637498e+01,0.000000000000000000e+00
-1.085537005008850109e+01,-2.982488409244209038e+01,0.000000000000000000e+00
-1.046996123720650296e+01,-3.040697531393934128e+01,0.000000000000000000e+00
-1.007126386385173156e+01,-3.099616299232449279e+01,0.000000000000000000e+00
-9.656828200986645072e+00,-3.158606180744862613e+01,0.000000000000000000e+00
-9.224472679882829595e+00,-3.216955926063927507e+01,0.000000000000000000e+00
-8.773681600306906248e+00,-3.274382550177760010e+01,0.000000000000000000e+00
-8.305208374362868184e+00,-3.331037139693680871e+01,0.000000000000000000e+00
-7.819353504669664723e+00,-3.386934105797586625e+01,0.000000000000000000e+00
-7.316104468417274020e+00,-3.441956536620568841e+01,0.000000000000000000e+00
-6.795434642515614243e+00,-3.495948058041734896e+01,0.000000000000000000e+00
-6.257609304636430281e+00,-3.548866588365521579e+01,0.000000000000000000e+00
-5.703421687528434703e+00,-3.600998731846309653e+01,0.000000000000000000e+00
-5.132755297817960916e+00,-3.652145163850119047e+01,0.000000000000000000e+00
-4.545307780525027042e+00,-3.701856118636423076e+01,0.000000000000000000e+00
-3.941985610660482475e+00,-3.750548777312505422e+01,0.000000000000000000e+00
-3.323029732512713608e+00,-3.798240364625132059e+01,0.000000000000000000e+00
-2.688392296742961651e+00,-3.844580100283619828e+01,0.000000000000000000e+00
-2.038441794112651362e+00,-3.889578650344106592e+01,0.000000000000000000e+00
-1.373552786803830195e+00,-3.933340550036830052e+01,0.000000000000000000e+00
-6.939989104412707110e-01,-3.975917095096927767e+01,0.000000000000000000e+00
-7.379355241154218812e-15,-4.017133890518209682e+01,0.000000000000000000e+00
7.080925374312304621e-01,-4.056659430046316572e+01,0.000000000000000000e+00
1.429925500833655549e+00,-4.094770881757214198e+01,0.000000000000000000e+00
2.165218986899473563e+00,-4.131483944789316354e+01,0.000000000000000000e+00
2.913644273515196392e+00,-4.166705434632076077e+01,0.000000000000000000e+00
3.674878791628386931e+00,-4.200405679462100750e+01,0.000000000000000000e+00
4.448570789536616665e+00,-4.232532379206028139e+01,0.000000000000000000e+00
5.234367838653454008e+00,-4.263050500944228105e+01,0.000000000000000000e+00
6.031889234635364971e+00,-4.291912202889974282e+01,0.000000000000000000e+00
6.840586967212024305e+00,-4.318976632550133132e+01,0.000000000000000000e+00
7.660220476333993389e+00,-4.344326912169638888e+01,0.000000000000000000e+00
8.490433899671103291e+00,-4.367949581588357688e+01,0.000000000000000000e+00
9.330832160169556744e+00,-4.389811392722375416e+01,0.000000000000000000e+00
1.018101817037787349e+01,-4.409883458064039274e+01,0.000000000000000000e+00
1.104058742661062453e+01,-4.428137754568552964e+01,0.000000000000000000e+00
1.190913133636518673e+01,-4.444548322132544627e+01,0.000000000000000000e+00
1.278623627000865248e+01,-4.459090505039063856e+01,0.000000000000000000e+00
1.367148677347710262e+01,-4.471741831159886971e+01,0.000000000000000000e+00
1.456445804565808722e+01,-4.482479275500158877e+01,0.000000000000000000e+00
1.546473566599886595e+01,-4.491285354157521681e+01,0.000000000000000000e+00
1.637157729412875540e+01,-4.498053893647482937e+01,0.000000000000000000e+00
1.728465686133689871e+01,-4.502807057645355826e+01,0.000000000000000000e+00
1.820364806337715535e+01,-4.505561000588182452e+01,0.000000000000000000e+00
1.912811005048502366e+01,-4.506300331617227783e+01,0.000000000000000000e+00
2.005760397165805387e+01,-4.505011611675119099e+01,0.000000000000000000e+00
2.099168686129386785e+01,-4.501681774721424745e+01,0.000000000000000000e+00
2.192991380241936739e+01,-4.496298651460325146e+01,0.000000000000000000e+00
2.287183696319755200e+01,-4.488850750417255142e+01,0.000000000000000000e+00
2.381700528288268970e+01,-4.479327216081091478e+01,0.000000000000000000e+00
2.476496518440439942e+01,-4.467717985029978678e+01,0.000000000000000000e+00
2.571525704041823701e+01,-4.454013172369766238e+01,0.000000000000000000e+00
2.666718192999736203e+01,-4.438164373820311681e+01,0.000000000000000000e+00
2.761943663265995852e+01,-4.420033811590704431e+01,0.000000000000000000e+00
2.857257484319427121e+01,-4.399790692700484840e+01,0.000000000000000000e+00
2.952606785257239608e+01,-4.377419575188268652e+01,0.000000000000000000e+00
3.047947242945807744e+01,-4.352919779668179245e+01,0.000000000000000000e+00
3.143230075498801313e+01,-4.326285047797794192e+01,0.000000000000000000e+00
3.238407002257082468e+01,-4.297511242644541340e+01,0.000000000000000000e+00
3.333430269607464425e+01,-4.266596180083190148e+01,0.000000000000000000e+00
3.428247458550809057e+01,-4.233533038462909559e+01,0.000000000000000000e+00
3.522814979488579468e+01,-4.198327407850213433e+01,0.000000000000000000e+00
3.616956730737305747e+01,-4.160832753325586708e+01,0.000000000000000000e+00
3.710724444627851426e+01,-4.121177007286302540e+01,0.000000000000000000e+00
3.804077895375231577e+01,-4.079374105496953007e+01,0.000000000000000000e+00
3.897026589569055943e+01,-4.035489167146645428e+01,0.000000000000000000e+00
3.988937691289461895e+01,-3.988937691289464027e+01,0.000000000000000000e+00
4.077752081777499882e+01,-3.937839411818713131e+01,0.000000000000000000e+00
4.162148449231331426e+01,-3.881266219652687255e+01,0.000000000000000000e+00
4.241716853553015198e+01,-3.819259009705442764e+01,0.000000000000000000e+00
4.316447996525118924e+01,-3.752230997852708327e+01,0.000000000000000000e+00
4.386017170724883130e+01,-3.680305390292468815e+01,0.000000000000000000e+00
4.449387339385620521e+01,-3.603042824934493638e+01,0.000000000000000000e+00
4.507428559137702706e+01,-3.521589145760175654e+01,0.000000000000000000e+00
4.560024978955474495e+01,-3.436225291461806819e+01,0.000000000000000000e+00
4.606284556491071669e+01,-3.346661626385076715e+01,0.000000000000000000e+00
4.645999855812227963e+01,-3.253164121560948985e+01,0.000000000000000000e+00
4.679195865333594639e+01,-3.156157463141382635e+01,0.000000000000000000e+00
4.706151389759843795e+01,-3.056210447247059392e+01,0.000000000000000000e+00
4.727214595844172607e+01,-2.953891520841468221e+01,0.000000000000000000e+00
4.740650549525698665e+01,-2.848470223781357902e+01,0.000000000000000000e+00
4.747105092699726470e+01,-2.740742403141633687e+01,0.000000000000000000e+00
4.746456206352448959e+01,-2.631003637505332904e+01,0.000000000000000000e+00
4.737568017228768724e+01,-2.519009597898307362e+01,0.000000000000000000e+00
4.722079370042428081e+01,-2.406019613569238302e+01,0.000000000000000000e+00
4.699614141631749220e+01,-2.292154970558779326e+01,0.000000000000000000e+00
4.669794738782466936e+01,-2.177561048706188984e+01,0.000000000000000000e+00
4.632267727767009546e+01,-2.062418470430865369e+01,0.000000000000000000e+00
4.586914618040010794e+01,-1.947029739461688536e+01,0.000000000000000000e+00
4.533797787184652606e+01,-1.831773208656002438e+01,0.000000000000000000e+00
4.473367354790531181e+01,-1.717164843005600616e+01,0.000000000000000000e+00
4.405444271023282710e+01,-1.603450583371042626e+01,0.000000000000000000e+00
4.328770686005774593e+01,-1.490515278790639542e+01,0.000000000000000000e+00
4.244591888789892664e+01,-1.379151507138271171e+01,0.000000000000000000e+00
4.153054141692774692e+01,-1.269716072874441437e+01,0.000000000000000000e+00
4.053969240338962265e+01,-1.162456973675340066e+01,0.000000000000000000e+00
3.945346175526098875e+01,-1.057152321593436284e+01,0.000000000000000000e+00
3.829918617605789422e+01,-9.549059599795675979e+00,0.000000000000000000e+00
3.708949357737892427e+01,-8.562784291972677764e+00,0.000000000000000000e+00
3.577284710565526638e+01,-7.603753381925505650e+00,0.000000000000000000e+00
3.445598397841345673e+01,-6.697564817368277801e+00,0.000000000000000000e+00
3.322786441004417668e+01,-5.858969006813381064e+00,0.000000000000000000e+00
3.208999195928758752e+01,-5.082555416490643019e+00,0.000000000000000000e+00
3.103345231129255666e+01,-4.361467291525928935e+00,0.000000000000000000e+00
3.004893549635459138e+01,-3.689545350519621181e+00,0.000000000000000000e+00
2.912878753093887951e+01,-3.061558937655701751e+00,0.000000000000000000e+00
2.826640105907941702e+01,-2.472989651346625184e+00,0.000000000000000000e+00
2.745600496186011696e+01,-1.919910895688066388e+00,0.000000000000000000e+00
2.669262570295875037e+01,-1.398901236325509112e+00,0.000000000000000000e+00
2.597181904632151372e+01,-9.069559061979728387e-01,0.000000000000000000e+00
2.528943423541944924e+01,-4.414287165771588195e-01,0.000000000000000000e+00
2.464471739482874924e+01,-6.036214854693625591e-15,0.000000000000000000e+00
