2.424088593807270087e+01,0.000000000000000000e+00,0.000000000000000000e+00
2.424311929789082853e+01,4.231652214072090801e-01,0.000000000000000000e+00
2.423367974649807266e+01,8.462587443642947127e-01,0.000000000000000000e+00
2.421073009000415865e+01,1.268830598838222246e+00,0.000000000000000000e+00
2.417726458513383392e+01,1.690639033953148074e+00,0.000000000000000000e+00
2.413299940275781452e+01,2.111363864619203223e+00,0.000000000000000000e+00
2.407766077244911784e+01,2.530664122474641342e+00,0.000000000000000000e+00
2.401098590019065426e+01,2.948178360600742565e+00,0.000000000000000000e+00
2.393272387730379336e+01,3.363524990418129246e+00,0.000000000000000000e+00
2.384263657961305327e+01,3.776302650523329696e+00,0.000000000000000000e+00
2.374062220115224875e+01,4.186112232869527716e+00,0.000000000000000000e+00
2.362709223780720791e+01,4.592641493210352976e+00,0.000000000000000000e+00
2.350259207904718295e+01,4.995630162655364970e+00,0.000000000000000000e+00
2.336763206739134446e+01,5.394842946286342311e+00,0.000000000000000000e+00
2.322215764936284899e+01,5.789934188425130301e+00,0.000000000000000000e+00
2.306569328821723985e+01,6.180433889441775186e+00,0.000000000000000000e+00
2.289794223990854860e+01,6.565879280665479101e+00,0.000000000000000000e+00
2.271939898511014277e+01,6.946017334048921299e+00,0.000000000000000000e+00
2.253074238632007820e+01,7.320681972064987164e+00,0.000000000000000000e+00
2.233227317190387851e+01,7.689618320614484581e+00,0.000000000000000000e+00
2.212406144979981804e+01,8.052499828803496129e+00,0.000000000000000000e+00
2.190595503405195998e+01,8.408908290675565667e+00,0.000000000000000000e+00
2.167777906513052599e+01,8.758391260173059578e+00,0.000000000000000000e+00
2.143985509963739133e+01,9.100678552979136526e+00,0.000000000000000000e+00
2.119278481736813191e+01,9.435635722263517877e+00,0.000000000000000000e+00
2.093732280434587878e+01,9.763233964929774800e+00,0.000000000000000000e+00
2.067311034434764139e+01,1.008294962195636302e+01,0.000000000000000000e+00
2.039957269065928003e+01,1.039410144470244468e+01,0.000000000000000000e+00
2.011766725001351119e+01,1.069675341985942829e+01,0.000000000000000000e+00
1.982862956658120268e+01,1.099118884665995566e+01,0.000000000000000000e+00
1.953210026690279477e+01,1.127686334693508741e+01,0.000000000000000000e+00
1.922634808179489951e+01,1.155235541006662991e+01,0.000000000000000000e+00
1.891356628878434520e+01,1.181850790916677951e+01,0.000000000000000000e+00
1.859441478597064545e+01,1.207535415307340187e+01,0.000000000000000000e+00
1.826880813243743873e+01,1.232246667788923844e+01,0.000000000000000000e+00
1.793693299345078529e+01,1.255957569437669363e+01,0.000000000000000000e+00
1.759843933618498113e+01,1.278601460426081893e+01,0.000000000000000000e+00
1.725365178399155752e+01,1.300155918089013696e+01,0.000000000000000000e+00
1.690346780088430023e+01,1.320643643095001174e+01,0.000000000000000000e+00
1.654825389254535395e+01,1.340051177944035032e+01,0.000000000000000000e+00
1.618824448424151896e+01,1.358354997613469628e+01,0.000000000000000000e+00
1.582375343359358766e+01,1.375537900229688404e+01,0.000000000000000000e+00
1.545508403578374335e+01,1.391582017078266453e+01,0.000000000000000000e+00
1.508255793189228733e+01,1.406471280903480725e+01,0.000000000000000000e+00
1.470650476914643612e+01,1.420190657221140995e+01,0.000000000000000000e+00
1.432726363837249117e+01,1.432726363837248940e+01,0.000000000000000000e+00
1.394518129797399375e+01,1.444065796535738500e+01,0.000000000000000000e+00
1.356061135043767862e+01,1.454197530101492220e+01,0.000000000000000000e+00
1.317391327310169835e+01,1.463111295038115500e+01,0.000000000000000000e+00
1.278545159502495210e+01,1.470797958697016838e+01,0.000000000000000000e+00
1.239559515021424474e+01,1.477249505261118934e+01,0.000000000000000000e+00
1.200471642722899723e+01,1.482459018099470427e+01,0.000000000000000000e+00
1.161319101054330716e+01,1.486420665700479127e+01,0.000000000000000000e+00
1.122139711338007828e+01,1.489129693065724958e+01,0.000000000000000000e+00
1.082971519970874574e+01,1.490582420473097791e+01,0.000000000000000000e+00
1.043852769002302772e+01,1.490776251382875373e+01,0.000000000000000000e+00
1.004821875291372635e+01,1.489709692614765046e+01,0.000000000000000000e+00
9.659174152491161180e+00,1.487382385680455243e+01,0.000000000000000000e+00
9.271781230001526097e+00,1.483795164808614331e+01,0.000000000000000000e+00
8.886428714701619214e+00,1.478950098124838242e+01,0.000000000000000000e+00
8.503507348812465949e+00,1.472850677067850889e+01,0.000000000000000000e+00
8.123408117152878916e+00,1.465501617890330799e+01,0.000000000000000000e+00
7.746527627926012016e+00,1.456909952437699118e+01,0.000000000000000000e+00
7.373255297160367761e+00,1.447082830597843817e+01,0.000000000000000000e+00
7.003823480961264281e+00,1.435996618875815933e+01,0.000000000000000000e+00
6.638454593006399840e+00,1.423621181619068921e+01,0.000000000000000000e+00
6.277813229260397421e+00,1.410019937262123335e+01,0.000000000000000000e+00
5.922323737531216103e+00,1.395212038823708056e+01,0.000000000000000000e+00
5.572377319935121420e+00,1.379211784684655484e+01,0.000000000000000000e+00
5.228402102995861611e+00,1.362045314433659016e+01,0.000000000000000000e+00
4.890763454695798096e+00,1.343726215567058091e+01,0.000000000000000000e+00
4.559990203234984385e+00,1.324317315033022524e+01,0.000000000000000000e+00
4.236290237760458766e+00,1.303796072345160439e+01,0.000000000000000000e+00
3.919319399680737170e+00,1.281951612112142946e+01,0.000000000000000000e+00
3.609973955488803288e+00,1.258947531426115241e+01,0.000000000000000000e+00
3.309363045052296393e+00,1.235071102482602434e+01,0.000000000000000000e+00
3.018686831491060651e+00,1.210729158806006822e+01,0.000000000000000000e+00
2.738780810891122464e+00,1.186296300732729669e+01,0.000000000000000000e+00
2.469624350746481678e+00,1.161866907962306961e+01,0.000000000000000000e+00
2.211133788617590135e+00,1.137529721208026423e+01,0.000000000000000000e+00
1.963073288513217829e+00,1.113314185172215787e+01,0.000000000000000000e+00
1.725071595437950300e+00,1.089167339861924866e+01,0.000000000000000000e+00
1.497244175510863640e+00,1.065344587344608662e+01,0.000000000000000000e+00
1.279693790333008119e+00,1.042226955019990520e+01,0.000000000000000000e+00
1.072124217147556013e+00,1.020058054213992627e+01,0.000000000000000000e+00
8.739637331799336994e-01,9.989451180963206056e+00,0.000000000000000000e+00
6.844253586494947195e-01,9.787738631676766943e+00,0.000000000000000000e+00
5.028163754890732084e-01,9.594307989535053593e+00,0.000000000000000000e+00
3.285568468650387208e-01,9.408637084663334704e+00,0.000000000000000000e+00
1.611147094297432081e-01,9.230255521381014461e+00,0.000000000000000000e+00
5.546825901998393717e-16,9.058654145603956209e+00,0.000000000000000000e+00
-1.552333011905259463e-01,8.893309869021374325e+00,0.000000000000000000e+00
-3.049905327182214076e-01,8.733786143810407410e+00,0.000000000000000000e+00
-4.496431916331550815e-01,8.579703200258636642e+00,0.000000000000000000e+00
-5.895311024855602877e-01,8.430687544597427419e+00,0.000000000000000000e+00
-7.249679938508630794e-01,8.286422087543323656e+00,0.000000000000000000e+00
-8.562417468963259282e-01,8.146596040891864732e+00,0.000000000000000000e+00
-9.836162549951438239e-01,8.010911532867453388e+00,0.000000000000000000e+00
-1.107338544142492776e+00,7.879123149420506955e+00,0.000000000000000000e+00
-1.227635952181537204e+00,7.750988352555709504e+00,0.000000000000000000e+00
-1.344716933805834680e+00,7.626268699225102310e+00,0.000000000000000000e+00
-1.458779014661924611e+00,7.504767438292216930e+00,0.000000000000000000e+00
-1.570005557731042556e+00,7.386295418949984537e+00,0.000000000000000000e+00
-1.678564062815360192e+00,7.270659741525132169e+00,0.000000000000000000e+00
-1.784612743281247527e+00,7.157690764497525393e+00,0.000000000000000000e+00
-1.888302691175885117e+00,7.047241583537443788e+00,0.000000000000000000e+00
-1.989772817840864017e+00,6.939162464900258342e+00,0.000000000000000000e+00
-2.089150476541190571e+00,6.833303306602147131e+00,0.000000000000000000e+00
-2.186559415309478727e+00,6.729537915553533978e+00,0.000000000000000000e+00
-2.282117708740806883e+00,6.627751073861682052e+00,0.000000000000000000e+00
-2.375933928421851249e+00,6.527824818455152389e+00,0.000000000000000000e+00
-2.468107705900903337e+00,6.429640395128949137e+00,0.000000000000000000e+00
-2.558737025443674540e+00,6.333096373025157710e+00,0.000000000000000000e+00
-2.647917057034767652e+00,6.238101663320429147e+00,0.000000000000000000e+00
-2.735735775999036168e+00,6.144563156579224916e+00,0.000000000000000000e+00
-2.822273898620299981e+00,6.052385907164727463e+00,0.000000000000000000e+00
-2.907609000960802881e+00,5.961481904480472771e+00,0.000000000000000000e+00
-2.991819865104692777e+00,5.871777097833473569e+00,0.000000000000000000e+00
-3.074980510301215997e+00,5.783197226147670733e+00,0.000000000000000000e+00
-3.157159409058043931e+00,5.695666344945220949e+00,0.000000000000000000e+00
-3.238419864470534648e+00,5.609107741503287059e+00,0.000000000000000000e+00
-3.318826005468811680e+00,5.523454026393071814e+00,0.000000000000000000e+00
-3.398442363220026241e+00,5.438644658816877531e+00,0.000000000000000000e+00
-3.477329392325566371e+00,5.354617698884793775e+00,0.000000000000000000e+00
-3.555543317394560976e+00,5.271309744225483485e+00,0.000000000000000000e+00
-3.633136624624365041e+00,5.188656828679064859e+00,0.000000000000000000e+00
-3.710163957293649339e+00,5.106602592802763851e+00,0.000000000000000000e+00
-3.786680712372510360e+00,5.025095030483824665e+00,0.000000000000000000e+00
-3.862739142716408391e+00,4.944080643064535430e+00,0.000000000000000000e+00
-3.938388252544191559e+00,4.863504454397874710e+00,0.000000000000000000e+00
-4.013674024864620549e+00,4.783310438634474693e+00,0.000000000000000000e+00
-4.088644513778745271e+00,4.703447477008571020e+00,0.000000000000000000e+00
-4.163350035481257372e+00,4.623868653020048569e+00,0.000000000000000000e+00
-4.237838603635649903e+00,4.544525516673564525e+00,0.000000000000000000e+00
-4.312155697043555946e+00,4.465367942073308782e+00,0.000000000000000000e+00
-4.386344254294669120e+00,4.386344254294670009e+00,0.000000000000000000e+00
-4.460448240358887873e+00,4.307404796322541252e+00,0.000000000000000000e+00
-4.534515960048143057e+00,4.228504541076895329e+00,0.000000000000000000e+00
-4.608594429073625598e+00,4.149597062466388486e+00,0.000000000000000000e+00
-4.682728626904378189e+00,4.070633892160365086e+00,0.000000000000000000e+00
-4.756961432404899881e+00,3.991564583455498916e+00,0.000000000000000000e+00
-4.831335491152914940e+00,3.912338339743991256e+00,0.000000000000000000e+00
-4.905899452428727159e+00,3.832908727269740634e+00,0.000000000000000000e+00
-4.980702356352346705e+00,3.753228432985840080e+00,0.000000000000000000e+00
-5.055791522370994606e+00,3.673247553731495696e+00,0.000000000000000000e+00
-5.131212455383245441e+00,3.592913641414904991e+00,0.000000000000000000e+00
-5.207009765522252920e+00,3.512172434126446419e+00,0.000000000000000000e+00
-5.283234841581108121e+00,3.430972822768416197e+00,0.000000000000000000e+00
-5.359941884367720455e+00,3.349263411556516523e+00,0.000000000000000000e+00
-5.437183546990994820e+00,3.266989471811477141e+00,0.000000000000000000e+00
-5.515010768737412583e+00,3.184092951914229808e+00,0.000000000000000000e+00
-5.593473483072261665e+00,3.100512980728002521e+00,0.000000000000000000e+00
-5.672629691119076334e+00,3.016190709090956101e+00,0.000000000000000000e+00
-5.752542274003412004e+00,2.931066687897292855e+00,0.000000000000000000e+00
-5.833272581001406110e+00,2.845077135742078767e+00,0.000000000000000000e+00
-5.914880135946891215e+00,2.758153904460914685e+00,0.000000000000000000e+00
-5.997424186355382325e+00,2.670225285728625497e+00,0.000000000000000000e+00
-6.080975737846122442e+00,2.581221058697301451e+00,0.000000000000000000e+00
-6.165610562111601745e+00,2.491068365379331517e+00,0.000000000000000000e+00
-6.251402504837650476e+00,2.399688590137485367e+00,0.000000000000000000e+00
-6.338423212519475491e+00,2.306997381539049652e+00,0.000000000000000000e+00
-6.426749143904784134e+00,2.212907193932135641e+00,0.000000000000000000e+00
-6.516472843100117096e+00,2.117330376690074178e+00,0.000000000000000000e+00
-6.607687386972928678e+00,2.020172767685030291e+00,0.000000000000000000e+00
-6.700483183218182148e+00,1.921332635142306344e+00,0.000000000000000000e+00
-6.794951131320548399e+00,1.820701668246286431e+00,0.000000000000000000e+00
-6.891202716442982990e+00,1.718169810478230586e+00,0.000000000000000000e+00
-6.989356173306600084e+00,1.613620016863580808e+00,0.000000000000000000e+00
-7.089526289544061832e+00,1.506925331974715121e+00,0.000000000000000000e+00
-7.191828188672402256e+00,1.397949786579500753e+00,0.000000000000000000e+00
-7.296403025027372813e+00,1.286552715435186345e+00,0.000000000000000000e+00
-7.403400706957076416e+00,1.172583477469673729e+00,0.000000000000000000e+00
-7.512966390852541920e+00,1.055878567661431955e+00,0.000000000000000000e+00
-7.625253955706902786e+00,9.362634587246089213e-01,0.000000000000000000e+00
-7.740451749596322983e+00,8.135542617521909214e-01,0.000000000000000000e+00
-7.858749053016046204e+00,6.875514516339984450e-01,0.000000000000000000e+00
-7.980332889789292672e+00,5.580392372309087579e-01,0.000000000000000000e+00
-8.105427131833604193e+00,4.247874361199090454e-01,0.000000000000000000e+00
-8.234272052247122886e+00,2.875471162688600368e-01,0.000000000000000000e+00
-8.367103340864757044e+00,1.460483320758999559e-01,0.000000000000000000e+00
-8.504205320541363022e+00,1.041464782509287154e-15,0.000000000000000000e+00
-8.645893752080812789e+00,-1.509146368050385545e-01,0.000000000000000000e+00
-8.792478791254310977e+00,-3.070401251304717971e-01,0.000000000000000000e+00
-8.944300412740330941e+00,-4.687509218721070958e-01,0.000000000000000000e+00
-9.101703858888235743e+00,-6.364531341059963543e-01,0.000000000000000000e+00
-9.265119444947897520e+00,-8.105929176465401786e-01,0.000000000000000000e+00
-9.435175873766816323e+00,-9.916769448094179262e-01,0.000000000000000000e+00
-9.612432325330953375e+00,-1.180258282274649906e+00,0.000000000000000000e+00
-9.796967003491946713e+00,-1.376873920222545511e+00,0.000000000000000000e+00
-9.988537801254221193e+00,-1.582028969312123001e+00,0.000000000000000000e+00
-1.018563507155829662e+01,-1.796002278766125171e+00,0.000000000000000000e+00
-1.038619160352944348e+01,-2.018871134657628463e+00,0.000000000000000000e+00
-1.058962169577019452e+01,-2.250893577039178695e+00,0.000000000000000000e+00
-1.079611279191992956e+01,-2.492479031458106675e+00,0.000000000000000000e+00
-1.100539548408103130e+01,-2.743953276545280762e+00,0.000000000000000000e+00
-1.121697733535653185e+01,-3.005580018526984087e+00,0.000000000000000000e+00
-1.143035662355857873e+01,-3.277602019383047960e+00,0.000000000000000000e+00
-1.164510676550652413e+01,-3.560266427077160678e+00,0.000000000000000000e+00
-1.186106997451400780e+01,-3.853895253116341735e+00,0.000000000000000000e+00
-1.207808033346561238e+01,-4.158816574343060957e+00,0.000000000000000000e+00
-1.229584740591744918e+01,-4.475322460833249139e+00,0.000000000000000000e+00
-1.251384905120922220e+01,-4.803616590621284210e+00,0.000000000000000000e+00
-1.273139519008188714e+01,-5.143817548264653539e+00,0.000000000000000000e+00
-1.294886844406344828e+01,-5.496468552916179640e+00,0.000000000000000000e+00
-1.316618675262852278e+01,-5.861964018399455689e+00,0.000000000000000000e+00
-1.337540707045608634e+01,-6.237054747894184459e+00,0.000000000000000000e+00
-1.356760294149805723e+01,-6.617362103290636455e+00,0.000000000000000000e+00
-1.374208734129857312e+01,-7.001943229566845339e+00,0.000000000000000000e+00
-1.390004319662267029e+01,-7.390784068146246000e+00,0.000000000000000000e+00
-1.404141502974045430e+01,-7.783283446190082167e+00,0.000000000000000000e+00
-1.416568271782411159e+01,-8.178560730390582734e+00,0.000000000000000000e+00
-1.427247180934133830e+01,-8.575766246414239902e+00,0.000000000000000000e+00
-1.436181915102437401e+01,-8.974260625139564240e+00,0.000000000000000000e+00
-1.443386273383315910e+01,-9.373460058521832394e+00,0.000000000000000000e+00
-1.448875652248748125e+01,-9.772789672874061750e+00,0.000000000000000000e+00
-1.452667010188822871e+01,-1.017168391042774189e+01,0.000000000000000000e+00
-1.454778831531021943e+01,-1.056958689949233587e+01,0.000000000000000000e+00
-1.455231089469348227e+01,-1.096595281305128289e+01,0.000000000000000000e+00
-1.454036477248241432e+01,-1.136017800090511543e+01,0.000000000000000000e+00
-1.451186828408641283e+01,-1.175147922828220715e+01,0.000000000000000000e+00
-1.446714757997271228e+01,-1.213937819854237965e+01,0.000000000000000000e+00
-1.440665242555228609e+01,-1.252351188986058261e+01,0.000000000000000000e+00
-1.433083497409897156e+01,-1.290354176884364357e+01,0.000000000000000000e+00
-1.423986643124744411e+01,-1.327889027172350289e+01,0.000000000000000000e+00
-1.413307088559330893e+01,-1.364814790777013442e+01,0.000000000000000000e+00
-1.401037693980411625e+01,-1.401037693980411092e+01,0.000000000000000000e+00
-1.387424962687840591e+01,-1.436720606973007719e+01,0.000000000000000000e+00
-1.372474198564155756e+01,-1.471798385856402014e+01,0.000000000000000000e+00
-1.355970456278077663e+01,-1.505957758481083175e+01,0.000000000000000000e+00
-1.338114481007340295e+01,-1.539324624195780267e+01,0.000000000000000000e+00
-1.318963000424065690e+01,-1.571878894254217762e+01,0.000000000000000000e+00
-1.298527907767812373e+01,-1.603548420983882039e+01,0.000000000000000000e+00
-1.276850299563796121e+01,-1.634293856489907526e+01,0.000000000000000000e+00
-1.253980236139325122e+01,-1.664087978783030053e+01,0.000000000000000000e+00
-1.229919737439057670e+01,-1.692839290241771266e+01,0.000000000000000000e+00
-1.204622973241846040e+01,-1.720379898111100303e+01,0.000000000000000000e+00
-1.178297622539103706e+01,-1.746898064467830736e+01,0.000000000000000000e+00
-1.151031447833567789e+01,-1.772432998767683898e+01,0.000000000000000000e+00
-1.122582689713128090e+01,-1.796507840051693705e+01,0.000000000000000000e+00
-1.093308350847892818e+01,-1.819570656198628456e+01,0.000000000000000000e+00
-1.063057751257145256e+01,-1.841270036557290979e+01,0.000000000000000000e+00
-1.032005476776501318e+01,-1.861787163806463852e+01,0.000000000000000000e+00
-1.000062112629165334e+01,-1.880843282211835543e+01,0.000000000000000000e+00
-9.674918401263623124e+00,-1.898809649422507562e+01,0.000000000000000000e+00
-9.340580386353243725e+00,-1.915102784872026476e+01,0.000000000000000000e+00
-9.000385569532625141e+00,-1.930138914111704906e+01,0.000000000000000000e+00
-8.654723004205099102e+00,-1.943882613539943449e+01,0.000000000000000000e+00
-8.302652271330199341e+00,-1.955982299602519703e+01,0.000000000000000000e+00
-7.945693912667086245e+00,-1.966628254451217828e+01,0.000000000000000000e+00
-7.584693368794442669e+00,-1.975880175410196671e+01,0.000000000000000000e+00
-7.220038142122591651e+00,-1.983689176308288538e+01,0.000000000000000000e+00
-6.851910187531136565e+00,-1.989939209948571630e+01,0.000000000000000000e+00
-6.480673779549701585e+00,-1.994546300112343573e+01,0.000000000000000000e+00
-6.107396310294044284e+00,-1.997639321364562903e+01,0.000000000000000000e+00
-5.732666933204673576e+00,-1.999218546458716617e+01,0.000000000000000000e+00
-5.357040658100610919e+00,-1.999274791424370434e+01,0.000000000000000000e+00
-4.981061335574390014e+00,-1.997794583349434205e+01,0.000000000000000000e+00
-4.605265438486993546e+00,-1.994759614148102500e+01,0.000000000000000000e+00
-4.229960338285327914e+00,-1.990039876939677654e+01,0.000000000000000000e+00
-3.855940870191579162e+00,-1.983709608908807098e+01,0.000000000000000000e+00
-3.483926085775506554e+00,-1.975832667115052033e+01,0.000000000000000000e+00
-3.114560392194757998e+00,-1.966456039376652498e+01,0.000000000000000000e+00
-2.748674835510065861e+00,-1.955783770126779331e+01,0.000000000000000000e+00
-2.387549179926640175e+00,-1.944502763514925192e+01,0.000000000000000000e+00
-2.031343511988584982e+00,-1.932694250477988618e+01,0.000000000000000000e+00
-1.680211813515777974e+00,-1.920490890820281393e+01,0.000000000000000000e+00
-1.334158753939638897e+00,-1.907935907356134919e+01,0.000000000000000000e+00
-9.931049870621898590e-01,-1.894957200339802839e+01,0.000000000000000000e+00
-6.570499780053783434e-01,-1.881544958969577763e+01,0.000000000000000000e+00
-3.260350904284129436e-01,-1.867853782092497283e+01,0.000000000000000000e+00
-3.405284482604878632e-15,-1.853750531704744375e+01,0.000000000000000000e+00
3.210520890756143331e-01,-1.839306186461750769e+01,0.000000000000000000e+00
6.371624411137128963e-01,-1.824594504609291690e+01,0.000000000000000000e+00
9.483037232480592271e-01,-1.809471296477776292e+01,0.000000000000000000e+00
1.254598793947442781e+00,-1.794159863831569623e+01,0.000000000000000000e+00
1.555930433105447097e+00,-1.778436622985342908e+01,0.000000000000000000e+00
1.852510267677909273e+00,-1.762545784187715014e+01,0.000000000000000000e+00
2.144183457235710133e+00,-1.746297288085984079e+01,0.000000000000000000e+00
2.431143652548625411e+00,-1.729848593611104590e+01,0.000000000000000000e+00
2.713369046835420129e+00,-1.713153792932953579e+01,0.000000000000000000e+00
2.990820908205791717e+00,-1.696178824244007188e+01,0.000000000000000000e+00
3.263745667858092947e+00,-1.679051588268510642e+01,0.000000000000000000e+00
3.531972565914290652e+00,-1.661662447945231236e+01,0.000000000000000000e+00
3.795612799228621714e+00,-1.644060526798293154e+01,0.000000000000000000e+00
4.054830723408208826e+00,-1.626303775416102226e+01,0.000000000000000000e+00
4.309632325117572549e+00,-1.608376679927994601e+01,0.000000000000000000e+00
4.559848832410003716e+00,-1.590208267987773816e+01,0.000000000000000000e+00
4.805785571524307187e+00,-1.571901632049358177e+01,0.000000000000000000e+00
5.047467644027751277e+00,-1.553450807244898257e+01,0.000000000000000000e+00
5.284956808776762216e+00,-1.534862905209639372e+01,0.000000000000000000e+00
5.518331662681200456e+00,-1.516149163627810381e+01,0.000000000000000000e+00
5.748374070525342105e+00,-1.497502643089500118e+01,0.000000000000000000e+00
5.975881971479788390e+00,-1.479082690517708443e+01,0.000000000000000000e+00
6.200961436593634524e+00,-1.460854967078098099e+01,0.000000000000000000e+00
6.423802696566374593e+00,-1.442809708479312647e+01,0.000000000000000000e+00
6.644568410032416494e+00,-1.424932293911370529e+01,0.000000000000000000e+00
6.863420947326052790e+00,-1.407209833467841875e+01,0.000000000000000000e+00
7.080516662309229936e+00,-1.389629638585236648e+01,0.000000000000000000e+00
7.296007366961693386e+00,-1.372179414640667794e+01,0.000000000000000000e+00
7.510040705684072115e+00,-1.354847207708638912e+01,0.000000000000000000e+00
7.722760557106414403e+00,-1.337621365959723718e+01,0.000000000000000000e+00
7.934307449766612841e+00,-1.320490509530744205e+01,0.000000000000000000e+00
8.144818942924958449e+00,-1.303443498715044946e+01,0.000000000000000000e+00
8.354429996006500048e+00,-1.286469404349202961e+01,0.000000000000000000e+00
8.563273323226827216e+00,-1.269557479172249437e+01,0.000000000000000000e+00
8.771479737453898196e+00,-1.252697130322363073e+01,0.000000000000000000e+00
8.979178480706588417e+00,-1.235877892152837454e+01,0.000000000000000000e+00
9.186497547576655265e+00,-1.219089399934020967e+01,0.000000000000000000e+00
9.393564002702701643e+00,-1.202321364172943774e+01,0.000000000000000000e+00
9.600504293359845676e+00,-1.185563545317262601e+01,0.000000000000000000e+00
9.807444558807599577e+00,-1.168805728712749570e+01,0.000000000000000000e+00
1.001451093800532810e+01,-1.152037699685057603e+01,0.000000000000000000e+00
1.022182987728774073e+01,-1.135249218617073019e+01,0.000000000000000000e+00
1.042952843958784825e+01,-1.118429995892657658e+01,0.000000000000000000e+00
1.063773461700505685e+01,-1.101569666596807195e+01,0.000000000000000000e+00
1.084657765008685004e+01,-1.084657765008685537e+01,0.000000000000000000e+00
1.105618835135449629e+01,-1.067683698305577522e+01,0.000000000000000000e+00
1.126669943635249815e+01,-1.050636719537738628e+01,0.000000000000000000e+00
1.147824586579763739e+01,-1.033505899900915104e+01,0.000000000000000000e+00
1.169096519962061542e+01,-1.016280100030123990e+01,0.000000000000000000e+00
1.190499796484093942e+01,-9.989479401464306463e+00,0.000000000000000000e+00
1.212048803933643981e+01,-9.814977688785717191e+00,0.000000000000000000e+00
1.233758305382757570e+01,-9.639176305788350163e+00,0.000000000000000000e+00
1.255643482066403216e+01,-9.461952313963132966e+00,0.000000000000000000e+00
1.277719978548793023e+01,-9.283179032977958656e+00,0.000000000000000000e+00
1.300003949460767494e+01,-9.102725651148247721e+00,0.000000000000000000e+00
1.322512109635653843e+01,-8.920456815764946867e+00,0.000000000000000000e+00
1.345261787483336313e+01,-8.736232196301342512e+00,0.000000000000000000e+00
1.368270982285665482e+01,-8.549906019371848132e+00,0.000000000000000000e+00
1.391558428288233884e+01,-8.361326586342880063e+00,0.000000000000000000e+00
1.415143659769084117e+01,-8.170335729096738220e+00,0.000000000000000000e+00
1.439047080247143384e+01,-7.976768220476703419e+00,0.000000000000000000e+00
1.463290038677211236e+01,-7.780451148209632350e+00,0.000000000000000000e+00
1.487894918171606307e+01,-7.581203269818645119e+00,0.000000000000000000e+00
1.512885224409698459e+01,-7.378834267043854034e+00,0.000000000000000000e+00
1.538285677989556888e+01,-7.173143920766857029e+00,0.000000000000000000e+00
1.564122328638711146e+01,-6.963921280415394044e+00,0.000000000000000000e+00
1.590422673447329949e+01,-6.750943720071453491e+00,0.000000000000000000e+00
1.617215773017588276e+01,-6.533975851333822860e+00,0.000000000000000000e+00
1.644532408411314250e+01,-6.312768460392784498e+00,0.000000000000000000e+00
1.672405220420161243e+01,-6.087057198643456069e+00,0.000000000000000000e+00
1.700868888239959986e+01,-5.856561248063134606e+00,0.000000000000000000e+00
1.729960311817806229e+01,-5.620981790108259268e+00,0.000000000000000000e+00
1.759718821664828425e+01,-5.380000345232179626e+00,0.000000000000000000e+00
1.790186401288092100e+01,-5.133276902175272660e+00,0.000000000000000000e+00
1.821407952367437488e+01,-4.880447899244795273e+00,0.000000000000000000e+00
1.853431561398388183e+01,-4.621123896099784467e+00,0.000000000000000000e+00
1.886308826145826956e+01,-4.354887065964720527e+00,0.000000000000000000e+00
1.920095203403150919e+01,-4.081288345144765906e+00,0.000000000000000000e+00
1.954850397557143893e+01,-3.799844245951491395e+00,0.000000000000000000e+00
1.990638803364091913e+01,-3.510033298783039601e+00,0.000000000000000000e+00
2.027530001559560091e+01,-3.211292045382176497e+00,0.000000000000000000e+00
2.065599316237661398e+01,-2.903010520647308912e+00,0.000000000000000000e+00
2.104928444616851024e+01,-2.584527148043153311e+00,0.000000000000000000e+00
2.145606171203808543e+01,-2.255122958056922755e+00,0.000000000000000000e+00
2.187729179640288635e+01,-1.914015020833952585e+00,0.000000000000000000e+00
2.231402976619153122e+01,-1.560348963162356828e+00,0.000000000000000000e+00
2.276742943929112073e+01,-1.193190416896595885e+00,0.000000000000000000e+00
2.323875556533027265e+01,-8.115152263719644932e-01,0.000000000000000000e+00
2.372939678899253835e+01,-4.141981616593248261e-01,0.000000000000000000e+00
2.424078935682998548e+01,-5.937281018929413126e-15,0.000000000000000000e+00
