2.127611041624013666e+01,0.000000000000000000e+00,0.000000000000000000e+00
2.128888519770840304e+01,3.715988733753703976e-01,0.000000000000000000e+00
2.129219892270711156e+01,7.435399705522943714e-01,0.000000000000000000e+00
2.128604670290269141e+01,1.115554437414230993e+00,0.000000000000000000e+00
2.126876404915087093e+01,1.487256863935868090e+00,0.000000000000000000e+00
2.124278925068238522e+01,1.858503241105066595e+00,0.000000000000000000e+00
2.120797842646607378e+01,2.229048354044680824e+00,0.000000000000000000e+00
2.116419495403574302e+01,2.598636384294747526e+00,0.000000000000000000e+00
2.111130993846938253e+01,2.967001120413379489e+00,0.000000000000000000e+00
2.104920267549485402e+01,3.333866185035983865e+00,0.000000000000000000e+00
2.097776110821791917e+01,3.698945278235527212e+00,0.000000000000000000e+00
2.089688533131546322e+01,4.061943030716553160e+00,0.000000000000000000e+00
2.080661232447837605e+01,4.422581975692229328e+00,0.000000000000000000e+00
2.070715729180105669e+01,4.780623947310624011e+00,0.000000000000000000e+00
2.059875246618820910e+01,5.135845813455748754e+00,0.000000000000000000e+00
2.048160037019955837e+01,5.488028278891954770e+00,0.000000000000000000e+00
2.035563214230698748e+01,5.836883591010206374e+00,0.000000000000000000e+00
2.022065532528993259e+01,6.182074732141581208e+00,0.000000000000000000e+00
2.007659382323151220e+01,6.523280766435824773e+00,0.000000000000000000e+00
1.992384050136904250e+01,6.860328447400368290e+00,0.000000000000000000e+00
1.976289205343744726e+01,7.193104450467295408e+00,0.000000000000000000e+00
1.959389838530994865e+01,7.521392896258994654e+00,0.000000000000000000e+00
1.941675313270340197e+01,7.844877486179112402e+00,0.000000000000000000e+00
1.923150994532195668e+01,8.163291649473721989e+00,0.000000000000000000e+00
1.903839579953988448e+01,8.476439932212699091e+00,0.000000000000000000e+00
1.883769623246742952e+01,8.784162015197125584e+00,0.000000000000000000e+00
1.862965336247037484e+01,9.086289058562382337e+00,0.000000000000000000e+00
1.841380704977502702e+01,9.382303313940303369e+00,0.000000000000000000e+00
1.819001403095587577e+01,9.671802022313871205e+00,0.000000000000000000e+00
1.795999852047365408e+01,9.955389743976885697e+00,0.000000000000000000e+00
1.772350688804574759e+01,1.023267147279739753e+01,0.000000000000000000e+00
1.747894301504959103e+01,1.050240851997014957e+01,0.000000000000000000e+00
1.722834263484654826e+01,1.076546329670839697e+01,0.000000000000000000e+00
1.697210352482776585e+01,1.102181290155738580e+01,0.000000000000000000e+00
1.670904236802044807e+01,1.127039138551074160e+01,0.000000000000000000e+00
1.643990843131378554e+01,1.151134781108327587e+01,0.000000000000000000e+00
1.616544923257783850e+01,1.174488635177942264e+01,0.000000000000000000e+00
1.588585941192356721e+01,1.197085369921859588e+01,0.000000000000000000e+00
1.560082371913737376e+01,1.218869933342709722e+01,0.000000000000000000e+00
1.531010177008995932e+01,1.239787596000946301e+01,0.000000000000000000e+00
1.501469733772765203e+01,1.259882699832575881e+01,0.000000000000000000e+00
1.471503802050483145e+01,1.279158739768638853e+01,0.000000000000000000e+00
1.441115630092844668e+01,1.297586341636427143e+01,0.000000000000000000e+00
1.410336612289096792e+01,1.315160167491864840e+01,0.000000000000000000e+00
1.379176373495399588e+01,1.331855142363635913e+01,0.000000000000000000e+00
1.347591434790725273e+01,1.347591434790725096e+01,0.000000000000000000e+00
1.315674045875804588e+01,1.362420357571879492e+01,0.000000000000000000e+00
1.283460328434873787e+01,1.376342696771560981e+01,0.000000000000000000e+00
1.250971272845758619e+01,1.389344351314304049e+01,0.000000000000000000e+00
1.218232884428079466e+01,1.401416622883785834e+01,0.000000000000000000e+00
1.185270037369068596e+01,1.412549825228860989e+01,0.000000000000000000e+00
1.152108755949200791e+01,1.422735826740803056e+01,0.000000000000000000e+00
1.118775390750535514e+01,1.431967199694689796e+01,0.000000000000000000e+00
1.085296761580409353e+01,1.440237447376682667e+01,0.000000000000000000e+00
1.051700141544268696e+01,1.447541060578505245e+01,0.000000000000000000e+00
1.018012948995643008e+01,1.453873163945789315e+01,0.000000000000000000e+00
9.842634014968238532e+00,1.459230501794775137e+01,0.000000000000000000e+00
9.504789584218341858e+00,1.463609246916759687e+01,0.000000000000000000e+00
9.166756503728139549e+00,1.466987695222775834e+01,0.000000000000000000e+00
8.828782043329361784e+00,1.469356080885773252e+01,0.000000000000000000e+00
8.491318597918468214e+00,1.470739523484930444e+01,0.000000000000000000e+00
8.154660296963340826e+00,1.471139660373771108e+01,0.000000000000000000e+00
7.819088909890295369e+00,1.470556744772667557e+01,0.000000000000000000e+00
7.484894419305046398e+00,1.468993241992495768e+01,0.000000000000000000e+00
7.152365176351708875e+00,1.466452179745189000e+01,0.000000000000000000e+00
6.821791584336504677e+00,1.462937926288349999e+01,0.000000000000000000e+00
6.493463865260244994e+00,1.458455863139272424e+01,0.000000000000000000e+00
6.167674615538331295e+00,1.453013083464707833e+01,0.000000000000000000e+00
5.844710980961478342e+00,1.446616731099562259e+01,0.000000000000000000e+00
5.524875024222990483e+00,1.439279150940320839e+01,0.000000000000000000e+00
5.208435016320647648e+00,1.431005759803774247e+01,0.000000000000000000e+00
4.895508422671838389e+00,1.421758881287715859e+01,0.000000000000000000e+00
4.586268229055921353e+00,1.411508222563531056e+01,0.000000000000000000e+00
4.281275037603798239e+00,1.400341966719716780e+01,0.000000000000000000e+00
3.980865556164618013e+00,1.388292803955726384e+01,0.000000000000000000e+00
3.685296366318238537e+00,1.375371328004863436e+01,0.000000000000000000e+00
3.394863603134882002e+00,1.361605421140817462e+01,0.000000000000000000e+00
3.109696561394990511e+00,1.346957563202680497e+01,0.000000000000000000e+00
2.829778356635197945e+00,1.331306045977640196e+01,0.000000000000000000e+00
2.555738439399212858e+00,1.314813445218090671e+01,0.000000000000000000e+00
2.288084608111039309e+00,1.297637263972724497e+01,0.000000000000000000e+00
2.026794132468394238e+00,1.279667452380680892e+01,0.000000000000000000e+00
1.771732698857938937e+00,1.260653320161181590e+01,0.000000000000000000e+00
1.523717806355097792e+00,1.240968567342942563e+01,0.000000000000000000e+00
1.282903032576060420e+00,1.220600701135603217e+01,0.000000000000000000e+00
1.049262520624906214e+00,1.199312549006988782e+01,0.000000000000000000e+00
8.233518528005279169e-01,1.177448005874572878e+01,0.000000000000000000e+00
6.052642112993712464e-01,1.154912914799328050e+01,0.000000000000000000e+00
3.950967920825419477e-01,1.131409180934308090e+01,0.000000000000000000e+00
1.933408222720701397e-01,1.107648828962646270e+01,0.000000000000000000e+00
6.640052629875580276e-16,1.084402888163124778e+01,0.000000000000000000e+00
-1.853721797738780708e-01,1.061996506665573747e+01,0.000000000000000000e+00
-3.633644154384759184e-01,1.040539543449483695e+01,0.000000000000000000e+00
-5.345186754362623027e-01,1.019922390814279289e+01,0.000000000000000000e+00
-6.993064066453498206e-01,1.000054753261561657e+01,0.000000000000000000e+00
-8.581725011285198379e-01,9.808956572690492592e+00,0.000000000000000000e+00
-1.011528246830397881e+00,9.624048396085241208e+00,0.000000000000000000e+00
-1.159745676124988689e+00,9.445370554707540833e+00,0.000000000000000000e+00
-1.303160437726488485e+00,9.272468322008016628e+00,0.000000000000000000e+00
-1.442085730980170899e+00,9.104970968267309672e+00,0.000000000000000000e+00
-1.576810702603810954e+00,8.942537870655622001e+00,0.000000000000000000e+00
-1.707600895157463716e+00,8.784845042856826325e+00,0.000000000000000000e+00
-1.834704683099521283e+00,8.631606894111142125e+00,0.000000000000000000e+00
-1.958348145361864079e+00,8.482537745084041347e+00,0.000000000000000000e+00
-2.078742419794713303e+00,8.337380463044800294e+00,0.000000000000000000e+00
-2.196086842815303086e+00,8.195907675220233557e+00,0.000000000000000000e+00
-2.310562750393899467e+00,8.057889909124465788e+00,0.000000000000000000e+00
-2.422340891215075231e+00,7.923120046892037749e+00,0.000000000000000000e+00
-2.531583929428638857e+00,7.791414182579962322e+00,0.000000000000000000e+00
-2.638439997341855747e+00,7.662586140375192478e+00,0.000000000000000000e+00
-2.743047526606856579e+00,7.536461139843191326e+00,0.000000000000000000e+00
-2.845541559815639054e+00,7.412889200607465590e+00,0.000000000000000000e+00
-2.946046356622693096e+00,7.291720606831803231e+00,0.000000000000000000e+00
-3.044675529660400670e+00,7.172806049716146326e+00,0.000000000000000000e+00
-3.141540941824003230e+00,7.056016482062398509e+00,0.000000000000000000e+00
-3.236749291683188368e+00,6.941231255969012359e+00,0.000000000000000000e+00
-3.330397953625350738e+00,6.828327718305881255e+00,0.000000000000000000e+00
-3.422577803325802304e+00,6.717187152715961673e+00,0.000000000000000000e+00
-3.513380678888495368e+00,6.607708025622060610e+00,0.000000000000000000e+00
-3.602892923134347392e+00,6.499790890463819970e+00,0.000000000000000000e+00
-3.691193506516060374e+00,6.393334693854142436e+00,0.000000000000000000e+00
-3.778357061184444365e+00,6.288242133923472643e+00,0.000000000000000000e+00
-3.864460249255433411e+00,6.184429172990056678e+00,0.000000000000000000e+00
-3.949575413892343345e+00,6.081812801796298906e+00,0.000000000000000000e+00
-4.033769082074742052e+00,5.980308597077479860e+00,0.000000000000000000e+00
-4.117103706278988362e+00,5.879833451672913824e+00,0.000000000000000000e+00
-4.199644512105138894e+00,5.780314778867497338e+00,0.000000000000000000e+00
-4.281454432605997340e+00,5.681681933793538697e+00,0.000000000000000000e+00
-4.362591799950369165e+00,5.583862869020618014e+00,0.000000000000000000e+00
-4.443110745831097219e+00,5.486784826197156129e+00,0.000000000000000000e+00
-4.523067146545550976e+00,5.390381521440502866e+00,0.000000000000000000e+00
-4.602517810778283369e+00,5.294591083191338754e+00,0.000000000000000000e+00
-4.681516004988846014e+00,5.199350263513778714e+00,0.000000000000000000e+00
-4.760111309619409425e+00,5.104594424670469088e+00,0.000000000000000000e+00
-4.838352127919598011e+00,5.010260297253855022e+00,0.000000000000000000e+00
-4.916290809943959061e+00,4.916290809943959950e+00,0.000000000000000000e+00
-4.993978039190021256e+00,4.822628534078844176e+00,0.000000000000000000e+00
-5.071461509709040527e+00,4.729214366570162476e+00,0.000000000000000000e+00
-5.148786153464754989e+00,4.635987875804384650e+00,0.000000000000000000e+00
-5.225999455079838540e+00,4.542892018135731291e+00,0.000000000000000000e+00
-5.303151507456423275e+00,4.449872473983923271e+00,0.000000000000000000e+00
-5.380290132331312591e+00,4.356873043118551614e+00,0.000000000000000000e+00
-5.457460619070209518e+00,4.263835538906007194e+00,0.000000000000000000e+00
-5.534707121506692751e+00,4.170700967544145321e+00,0.000000000000000000e+00
-5.612079157767376536e+00,4.077414178650506926e+00,0.000000000000000000e+00
-5.689626700366378742e+00,3.983919505195778310e+00,0.000000000000000000e+00
-5.767397534769077794e+00,3.890158757217758279e+00,0.000000000000000000e+00
-5.845437230362009906e+00,3.796071322956513505e+00,0.000000000000000000e+00
-5.923793690625838160e+00,3.701597124305930464e+00,0.000000000000000000e+00
-6.002520544279390968e+00,3.606678209961364789e+00,0.000000000000000000e+00
-6.081670175207963602e+00,3.511253912778835584e+00,0.000000000000000000e+00
-6.161292860524953952e+00,3.415260401240305388e+00,0.000000000000000000e+00
-6.241437911994498933e+00,3.318631404937004259e+00,0.000000000000000000e+00
-6.322162205148936565e+00,3.221302539355201944e+00,0.000000000000000000e+00
-6.403525171467721933e+00,3.123207907826602625e+00,0.000000000000000000e+00
-6.485584184781545858e+00,3.024277572972578820e+00,0.000000000000000000e+00
-6.568394572089612637e+00,2.924437679919185573e+00,0.000000000000000000e+00
-6.652017162099089553e+00,2.823613762305150932e+00,0.000000000000000000e+00
-6.736520759586311691e+00,2.721731057755842897e+00,0.000000000000000000e+00
-6.821972610035204276e+00,2.618709932989200517e+00,0.000000000000000000e+00
-6.908437533782318063e+00,2.514465627584177021e+00,0.000000000000000000e+00
-6.995984201225263099e+00,2.408910542620102291e+00,0.000000000000000000e+00
-7.084693520091217778e+00,2.301956466451279049e+00,0.000000000000000000e+00
-7.174645840475849745e+00,2.193509362033226662e+00,0.000000000000000000e+00
-7.265918656191127312e+00,2.083468647961648212e+00,0.000000000000000000e+00
-7.358594389164033522e+00,1.971729424004695641e+00,0.000000000000000000e+00
-7.452770814182756887e+00,1.858184462748132537e+00,0.000000000000000000e+00
-7.548545005656103868e+00,1.742718931085726508e+00,0.000000000000000000e+00
-7.646010834847385418e+00,1.625209773546895331e+00,0.000000000000000000e+00
-7.745273741843408111e+00,1.505528704295776565e+00,0.000000000000000000e+00
-7.846454388164022298e+00,1.383541611531647231e+00,0.000000000000000000e+00
-7.949670274416200222e+00,1.259104077178013759e+00,0.000000000000000000e+00
-8.055039301814858277e+00,1.132061947037630967e+00,0.000000000000000000e+00
-8.162703953311062577e+00,1.002254020687702862e+00,0.000000000000000000e+00
-8.272811748817138877e+00,8.695075523563309261e-01,0.000000000000000000e+00
-8.385506110374064903e+00,7.336367225851002649e-01,0.000000000000000000e+00
-8.500953477349549203e+00,5.944445751511547860e-01,0.000000000000000000e+00
-8.619336524603784966e+00,4.517202861476903863e-01,0.000000000000000000e+00
-8.740832666474732449e+00,3.052366027119003955e-01,0.000000000000000000e+00
-8.865646462816666684e+00,1.547504346390868035e-01,0.000000000000000000e+00
-8.994005593603125348e+00,1.101448016171945904e-15,0.000000000000000000e+00
-9.126133173810147881e+00,-1.592972470924136075e-01,0.000000000000000000e+00
-9.262284630133571284e+00,-3.234461065358515408e-01,0.000000000000000000e+00
-9.402728109317544991e+00,-4.927760994115587545e-01,0.000000000000000000e+00
-9.547750184685558139e+00,-6.676437316481192985e-01,0.000000000000000000e+00
-9.697716261192597997e+00,-8.484402349453586956e-01,0.000000000000000000e+00
-9.852989184057390659e+00,-1.035590893271329360e+00,0.000000000000000000e+00
-1.001387835889867972e+01,-1.229549657232476001e+00,0.000000000000000000e+00
-1.018066775571072391e+01,-1.430799544215308305e+00,0.000000000000000000e+00
-1.035402902222068988e+01,-1.639917091788428483e+00,0.000000000000000000e+00
-1.053500031230481326e+01,-1.857604796831444638e+00,0.000000000000000000e+00
-1.072285256312757795e+01,-2.084311396058914578e+00,0.000000000000000000e+00
-1.091468691544116432e+01,-2.319988322450950324e+00,0.000000000000000000e+00
-1.110784725842424692e+01,-2.564448603851451125e+00,0.000000000000000000e+00
-1.130016777099037029e+01,-2.817448262133903203e+00,0.000000000000000000e+00
-1.149095719533438498e+01,-3.078992700750441625e+00,0.000000000000000000e+00
-1.168038982475666110e+01,-3.349297886113101530e+00,0.000000000000000000e+00
-1.186822632445510983e+01,-3.628480921881267918e+00,0.000000000000000000e+00
-1.205405567283506230e+01,-3.916600107592114188e+00,0.000000000000000000e+00
-1.223756096522340187e+01,-4.213730159642149253e+00,0.000000000000000000e+00
-1.241845798697753978e+01,-4.519949062745205914e+00,0.000000000000000000e+00
-1.259647925000710167e+01,-4.835335352147617449e+00,0.000000000000000000e+00
-1.277132441573396626e+01,-5.159950002605382835e+00,0.000000000000000000e+00
-1.294255095757629981e+01,-5.493786939000640857e+00,0.000000000000000000e+00
-1.310905722013254149e+01,-5.836528311753978571e+00,0.000000000000000000e+00
-1.326665451952936792e+01,-6.186342600553165205e+00,0.000000000000000000e+00
-1.341059548002354163e+01,-6.540784447681516234e+00,0.000000000000000000e+00
-1.353919904381537265e+01,-6.898566478594559293e+00,0.000000000000000000e+00
-1.365257200610274779e+01,-7.259201302082308516e+00,0.000000000000000000e+00
-1.375084087779845454e+01,-7.622215563650419412e+00,0.000000000000000000e+00
-1.383404745368093991e+01,-7.987091021364750354e+00,0.000000000000000000e+00
-1.390221100699958789e+01,-8.353291111517535228e+00,0.000000000000000000e+00
-1.395536711256971074e+01,-8.720281203288173799e+00,0.000000000000000000e+00
-1.399356766682165620e+01,-9.087529098757153534e+00,0.000000000000000000e+00
-1.401688080333035735e+01,-9.454505481411437984e+00,0.000000000000000000e+00
-1.402539079688843238e+01,-9.820684362318360172e+00,0.000000000000000000e+00
-1.401918972484782699e+01,-1.018553754327771799e+01,0.000000000000000000e+00
-1.399837146237836549e+01,-1.054852951031858410e+01,0.000000000000000000e+00
-1.396310976907215995e+01,-1.090917696391159808e+01,0.000000000000000000e+00
-1.391360934928880155e+01,-1.126701869516684873e+01,0.000000000000000000e+00
-1.385008709859480902e+01,-1.162160297620410709e+01,0.000000000000000000e+00
-1.377277176848019558e+01,-1.197248784130957766e+01,0.000000000000000000e+00
-1.368190362526857129e+01,-1.231924135788509922e+01,0.000000000000000000e+00
-1.357771899493160994e+01,-1.266142779811161212e+01,0.000000000000000000e+00
-1.346035808664232825e+01,-1.299851670915412427e+01,0.000000000000000000e+00
-1.332993312029123167e+01,-1.332993312029122634e+01,0.000000000000000000e+00
-1.318660952660655994e+01,-1.365513390092059254e+01,0.000000000000000000e+00
-1.303078048555288682e+01,-1.397380125990714106e+01,0.000000000000000000e+00
-1.286292109442357123e+01,-1.428572114472722632e+01,0.000000000000000000e+00
-1.268335414487899726e+01,-1.459052990586442533e+01,0.000000000000000000e+00
-1.249227386861096534e+01,-1.488771226258787905e+01,0.000000000000000000e+00
-1.229002668171040646e+01,-1.517691900298410523e+01,0.000000000000000000e+00
-1.207703388015753099e+01,-1.545789845661995088e+01,0.000000000000000000e+00
-1.185318873948300578e+01,-1.572971273642027512e+01,0.000000000000000000e+00
-1.161860592755753885e+01,-1.599163913976940243e+01,0.000000000000000000e+00
-1.137457609236307832e+01,-1.624457817384482539e+01,0.000000000000000000e+00
-1.112138127099941265e+01,-1.648812578833231868e+01,0.000000000000000000e+00
-1.085873770128362814e+01,-1.672098973745916695e+01,0.000000000000000000e+00
-1.058707523770038428e+01,-1.694286206444740728e+01,0.000000000000000000e+00
-1.030727256916928347e+01,-1.715418225586273593e+01,0.000000000000000000e+00
-1.001999077198586718e+01,-1.735513310845079715e+01,0.000000000000000000e+00
-9.725257195904660534e+00,-1.754482841370907309e+01,0.000000000000000000e+00
-9.422908343089234862e+00,-1.772191310138067877e+01,0.000000000000000000e+00
-9.113827558386701000e+00,-1.788689371145208895e+01,0.000000000000000000e+00
-8.798674035053458908e+00,-1.803995517487410183e+01,0.000000000000000000e+00
-8.477868908594436093e+00,-1.818084854565355712e+01,0.000000000000000000e+00
-8.151824084364157841e+00,-1.830929666787996979e+01,0.000000000000000000e+00
-7.820978575818770651e+00,-1.842507088089953271e+01,0.000000000000000000e+00
-7.485781653071675201e+00,-1.852795975706259313e+01,0.000000000000000000e+00
-7.146695233838870287e+00,-1.861777760237292867e+01,0.000000000000000000e+00
-6.804190708760592621e+00,-1.869436032998263642e+01,0.000000000000000000e+00
-6.458747600046026882e+00,-1.875756503621628823e+01,0.000000000000000000e+00
-6.110852027275837095e+00,-1.880726868246085814e+01,0.000000000000000000e+00
-5.760995483153344310e+00,-1.884336716114740184e+01,0.000000000000000000e+00
-5.409673775041869526e+00,-1.886577445954841536e+01,0.000000000000000000e+00
-5.057386132375844667e+00,-1.887442199952092281e+01,0.000000000000000000e+00
-4.704634475334122712e+00,-1.886925825292550485e+01,0.000000000000000000e+00
-4.351922734612908350e+00,-1.885024833172451153e+01,0.000000000000000000e+00
-3.999756464076190898e+00,-1.881737469147388353e+01,0.000000000000000000e+00
-3.648641881976704582e+00,-1.877063524676065853e+01,0.000000000000000000e+00
-3.299086786142211292e+00,-1.871005091158934519e+01,0.000000000000000000e+00
-2.951596484671479281e+00,-1.863564677580405871e+01,0.000000000000000000e+00
-2.606680971188971796e+00,-1.854749885831314060e+01,0.000000000000000000e+00
-2.265143364877810317e+00,-1.844811227259299713e+01,0.000000000000000000e+00
-1.928038722929733551e+00,-1.834406309180738859e+01,0.000000000000000000e+00
-1.595440248147653506e+00,-1.823596548225819802e+01,0.000000000000000000e+00
-1.267345047056759544e+00,-1.812387855005551884e+01,0.000000000000000000e+00
-9.437588084658027343e-01,-1.800799082458332734e+01,0.000000000000000000e+00
-6.246774381802514542e-01,-1.788842133985219007e+01,0.000000000000000000e+00
-3.100949584469274156e-01,-1.776532827131642378e+01,0.000000000000000000e+00
-3.240199056154831472e-15,-1.763882211268742850e+01,0.000000000000000000e+00
3.056227111360390047e-01,-1.750911339447272752e+01,0.000000000000000000e+00
6.067910586491079838e-01,-1.737622244528419913e+01,0.000000000000000000e+00
9.034938769200926423e-01,-1.723969016203773919e+01,0.000000000000000000e+00
1.195758112694871977e+00,-1.710013769340511658e+01,0.000000000000000000e+00
1.483618142702503695e+00,-1.695783296841531751e+01,0.000000000000000000e+00
1.767116425239303457e+00,-1.681298970276978721e+01,0.000000000000000000e+00
2.046271625556242313e+00,-1.666554500426471819e+01,0.000000000000000000e+00
2.321043044586656112e+00,-1.651507940380235340e+01,0.000000000000000000e+00
2.591495000328337905e+00,-1.636205548359586359e+01,0.000000000000000000e+00
2.857729637010757440e+00,-1.620699013576185976e+01,0.000000000000000000e+00
3.119754772769171680e+00,-1.604974694509223809e+01,0.000000000000000000e+00
3.377499501156465023e+00,-1.588988584788922687e+01,0.000000000000000000e+00
3.631087375608377688e+00,-1.572796736486546720e+01,0.000000000000000000e+00
3.880602014624377372e+00,-1.556424457089625868e+01,0.000000000000000000e+00
4.126042500826357262e+00,-1.539860024727248877e+01,0.000000000000000000e+00
4.367379077316861036e+00,-1.523086087596338878e+01,0.000000000000000000e+00
4.604733976936519646e+00,-1.506140618588570312e+01,0.000000000000000000e+00
4.838200834811953399e+00,-1.489045105884832587e+01,0.000000000000000000e+00
5.067718357651994410e+00,-1.471772277929039774e+01,0.000000000000000000e+00
5.293336776435909385e+00,-1.454332326682640719e+01,0.000000000000000000e+00
5.515171858697879514e+00,-1.436751389900086728e+01,0.000000000000000000e+00
5.733339204426965097e+00,-1.419051249105342904e+01,0.000000000000000000e+00
5.947813935383628348e+00,-1.401217153115301706e+01,0.000000000000000000e+00
6.158502556241425729e+00,-1.383222321350134365e+01,0.000000000000000000e+00
6.365483998602949001e+00,-1.365082448739687493e+01,0.000000000000000000e+00
6.569003393899000010e+00,-1.346845289385855438e+01,0.000000000000000000e+00
6.769527448334236475e+00,-1.328594568740625448e+01,0.000000000000000000e+00
6.967647184082511380e+00,-1.310423846029983785e+01,0.000000000000000000e+00
7.164007253848809320e+00,-1.292421120505416177e+01,0.000000000000000000e+00
7.358835252457563314e+00,-1.274587654178544582e+01,0.000000000000000000e+00
7.552140875464108838e+00,-1.256887310685559989e+01,0.000000000000000000e+00
7.744057362808388412e+00,-1.239308239257685074e+01,0.000000000000000000e+00
7.934746588732636496e+00,-1.221843826873667993e+01,0.000000000000000000e+00
8.124332069486403185e+00,-1.204481762145689316e+01,0.000000000000000000e+00
8.312929747873685216e+00,-1.187209404961303250e+01,0.000000000000000000e+00
8.500663594479904717e+00,-1.170015968344964641e+01,0.000000000000000000e+00
8.687654705712660075e+00,-1.152890718924218483e+01,0.000000000000000000e+00
8.874020396027260560e+00,-1.135822814980579842e+01,0.000000000000000000e+00
9.059876218424076200e+00,-1.118801538069142332e+01,0.000000000000000000e+00
9.245337385089026583e+00,-1.101816404342540778e+01,0.000000000000000000e+00
9.430517916293844394e+00,-1.084856987463615141e+01,0.000000000000000000e+00
9.615530957477963270e+00,-1.067912901810256798e+01,0.000000000000000000e+00
9.800489459532064629e+00,-1.050973823932891449e+01,0.000000000000000000e+00
9.985505953321498041e+00,-1.034029411320063296e+01,0.000000000000000000e+00
1.017069357662377627e+01,-1.017069357662378160e+01,0.000000000000000000e+00
1.035616524579278774e+01,-1.000083252790924782e+01,0.000000000000000000e+00
1.054203535767822331e+01,-9.830607009631577853e+00,0.000000000000000000e+00
1.072841835373364106e+01,-9.659911274620942123e+00,0.000000000000000000e+00
1.091543102213156224e+01,-9.488639425086788037e+00,0.000000000000000000e+00
1.110319047778155799e+01,-9.316683034797598850e+00,0.000000000000000000e+00
1.129181705168121397e+01,-9.143933154210577285e+00,0.000000000000000000e+00
1.148143178245367757e+01,-8.970277623348470897e+00,0.000000000000000000e+00
1.167215972077596220e+01,-8.795603231037425473e+00,0.000000000000000000e+00
1.186412723148271908e+01,-8.619792991338702137e+00,0.000000000000000000e+00
1.205746528513171434e+01,-8.442728084351120543e+00,0.000000000000000000e+00
1.225230716532028907e+01,-8.264285533978034337e+00,0.000000000000000000e+00
1.244879103318702107e+01,-8.084339423080733056e+00,0.000000000000000000e+00
1.264705887379171934e+01,-7.902759482025357940e+00,0.000000000000000000e+00
1.284725747598976930e+01,-7.719411079829671785e+00,0.000000000000000000e+00
1.304953943942808969e+01,-7.534155108154454439e+00,0.000000000000000000e+00
1.325406198560481030e+01,-7.346846527136802862e+00,0.000000000000000000e+00
1.346099017819973653e+01,-7.157335437251330035e+00,0.000000000000000000e+00
1.367049423317685886e+01,-6.965464718970438618e+00,0.000000000000000000e+00
1.388275328205096848e+01,-6.771071194675919891e+00,0.000000000000000000e+00
1.409795383527935897e+01,-6.573983837706409261e+00,0.000000000000000000e+00
1.431629101128734938e+01,-6.374023425449879099e+00,0.000000000000000000e+00
1.453797069418292054e+01,-6.171002438473932372e+00,0.000000000000000000e+00
1.476320768161926189e+01,-5.964723080825230284e+00,0.000000000000000000e+00
1.499222935350893948e+01,-5.754977653814353999e+00,0.000000000000000000e+00
1.522527535166054946e+01,-5.541547036511323299e+00,0.000000000000000000e+00
1.546259776358080806e+01,-5.324199383191911217e+00,0.000000000000000000e+00
1.570446469872216433e+01,-5.102689899409210028e+00,0.000000000000000000e+00
1.595115981505943914e+01,-4.876758960314113267e+00,0.000000000000000000e+00
1.620298343924704554e+01,-4.646130736730481381e+00,0.000000000000000000e+00
1.646025589710637149e+01,-4.410512274839276436e+00,0.000000000000000000e+00
1.672331828117216546e+01,-4.169591547955511679e+00,0.000000000000000000e+00
1.699253384430666003e+01,-3.923035551274995480e+00,0.000000000000000000e+00
1.726829070796768306e+01,-3.670488498804012512e+00,0.000000000000000000e+00
1.755100480747392311e+01,-3.411569740154361430e+00,0.000000000000000000e+00
1.784112223065403668e+01,-3.145871215381917274e+00,0.000000000000000000e+00
1.813912070503559448e+01,-2.872954480846275693e+00,0.000000000000000000e+00
1.844551631705442318e+01,-2.592348259715418379e+00,0.000000000000000000e+00
1.876086283868544058e+01,-2.303544305807624148e+00,0.000000000000000000e+00
1.908575332220819121e+01,-2.005993507400035014e+00,0.000000000000000000e+00
1.942087430218437305e+01,-1.699106337203075467e+00,0.000000000000000000e+00
1.976676083949574902e+01,-1.382226567955754604e+00,0.000000000000000000e+00
2.012480025719263210e+01,-1.054696089994253239e+00,0.000000000000000000e+00
2.049368720932725552e+01,-7.156553270728928107e-01,0.000000000000000000e+00
2.088058008719062286e+01,-3.644718811607790543e-01,0.000000000000000000e+00
2.119264020961350070e+01,-5.190699799636933625e-15,0.000000000000000000e+00
