2.446590055445917500e+01,0.000000000000000000e+00,0.000000000000000000e+00
2.445188242666355194e+01,4.268091953745548617e-01,0.000000000000000000e+00
2.442635967133378472e+01,8.529872756051699589e-01,0.000000000000000000e+00
2.438938092072652353e+01,1.278193292143452009e+00,0.000000000000000000e+00
2.434100394447811766e+01,1.702088805341766653e+00,0.000000000000000000e+00
2.428129597944937856e+01,2.124338133919417615e+00,0.000000000000000000e+00
2.421033362446507198e+01,2.544608601126293834e+00,0.000000000000000000e+00
2.412820272904172469e+01,2.962570777461652760e+00,0.000000000000000000e+00
2.403499816014477375e+01,3.377898703497189015e+00,0.000000000000000000e+00
2.393080764242221292e+01,3.790267574959178098e+00,0.000000000000000000e+00
2.381569546700849571e+01,4.199349675169883334e+00,0.000000000000000000e+00
2.368973143333601072e+01,4.604817319401380615e+00,0.000000000000000000e+00
2.355299756552729562e+01,5.006344179550882956e+00,0.000000000000000000e+00
2.340560519168057141e+01,5.403609732802382659e+00,0.000000000000000000e+00
2.324768341118560855e+01,5.796298475641449954e+00,0.000000000000000000e+00
2.307934725764734196e+01,6.184092459524051399e+00,0.000000000000000000e+00
2.290066025012592732e+01,6.566658657553757550e+00,0.000000000000000000e+00
2.271174313307187376e+01,6.943676705188114973e+00,0.000000000000000000e+00
2.251306254556434894e+01,7.314937443577188780e+00,0.000000000000000000e+00
2.230505867874204284e+01,7.680247619137181125e+00,0.000000000000000000e+00
2.208722229485698563e+01,8.039091472948785011e+00,0.000000000000000000e+00
2.185909480004852412e+01,8.390920332168301243e+00,0.000000000000000000e+00
2.162176866011075305e+01,8.735761587625422209e+00,0.000000000000000000e+00
2.137607396406915683e+01,9.073605067181171435e+00,0.000000000000000000e+00
2.112180816666255012e+01,9.404034881382267841e+00,0.000000000000000000e+00
2.085882181089793264e+01,9.726628350512221743e+00,0.000000000000000000e+00
2.058714693717970334e+01,1.004102246685640054e+01,0.000000000000000000e+00
2.030713156034456546e+01,1.034700033622706528e+01,0.000000000000000000e+00
2.002004749446654230e+01,1.064484807511861675e+01,0.000000000000000000e+00
1.972573471404912837e+01,1.093415329855352880e+01,0.000000000000000000e+00
1.942234446182112251e+01,1.121349580332605989e+01,0.000000000000000000e+00
1.911209889035565013e+01,1.148370757017504573e+01,0.000000000000000000e+00
1.879565861403173699e+01,1.174483101685897957e+01,0.000000000000000000e+00
1.847299440503591228e+01,1.199650283572544929e+01,0.000000000000000000e+00
1.814415480921055135e+01,1.223838694971999352e+01,0.000000000000000000e+00
1.780816680604045033e+01,1.246941263928545141e+01,0.000000000000000000e+00
1.746650049966940799e+01,1.269015542843671085e+01,0.000000000000000000e+00
1.711965858499670645e+01,1.290058806310134010e+01,0.000000000000000000e+00
1.676781549435477103e+01,1.310045323365600822e+01,0.000000000000000000e+00
1.641126969587353912e+01,1.328958416417547284e+01,0.000000000000000000e+00
1.605029038351054282e+01,1.346779274109193736e+01,0.000000000000000000e+00
1.568517290636538242e+01,1.363491278785782512e+01,0.000000000000000000e+00
1.531621991578218811e+01,1.379078635552540533e+01,0.000000000000000000e+00
1.494374527409622999e+01,1.393526791149312061e+01,0.000000000000000000e+00
1.456807153110885267e+01,1.406822314817832265e+01,0.000000000000000000e+00
1.418952960551263587e+01,1.418952960551263409e+01,0.000000000000000000e+00
1.380845692174953498e+01,1.429907572914285119e+01,0.000000000000000000e+00
1.342514571072312890e+01,1.439670618770156096e+01,0.000000000000000000e+00
1.303984468798024565e+01,1.448221470189982618e+01,0.000000000000000000e+00
1.265309662678044766e+01,1.455572261296295089e+01,0.000000000000000000e+00
1.226525384841479926e+01,1.461716033792829350e+01,0.000000000000000000e+00
1.187666689566056100e+01,1.466646217856519741e+01,0.000000000000000000e+00
1.148769210860040424e+01,1.470357538761355087e+01,0.000000000000000000e+00
1.109868763221101062e+01,1.472845594910810796e+01,0.000000000000000000e+00
1.071001441438275315e+01,1.474107020794208012e+01,0.000000000000000000e+00
1.032203555399290096e+01,1.474139450195619538e+01,0.000000000000000000e+00
9.935116274448276386e+00,1.472941560613272216e+01,0.000000000000000000e+00
9.549623788908617072e+00,1.470513109015064224e+01,0.000000000000000000e+00
9.165927275189408974e+00,1.466854990916476176e+01,0.000000000000000000e+00
8.784397885957851315e+00,1.461969316640291083e+01,0.000000000000000000e+00
8.405408796406666383e+00,1.455859509376270644e+01,0.000000000000000000e+00
8.029335302872643965e+00,1.448530432946898827e+01,0.000000000000000000e+00
7.656554831707291342e+00,1.439988530536723133e+01,0.000000000000000000e+00
7.287447318667199525e+00,1.430242066593158512e+01,0.000000000000000000e+00
6.922394162987498767e+00,1.419301134529936625e+01,0.000000000000000000e+00
6.561781976340323119e+00,1.407178685913671146e+01,0.000000000000000000e+00
6.205990311640819712e+00,1.393888245843856843e+01,0.000000000000000000e+00
5.855426601939480058e+00,1.379452061308645661e+01,0.000000000000000000e+00
5.510440453365518465e+00,1.363881872265833373e+01,0.000000000000000000e+00
5.171106829262657634e+00,1.347119385327558128e+01,0.000000000000000000e+00
4.837521841388428001e+00,1.329098202533324624e+01,0.000000000000000000e+00
4.510619879280884703e+00,1.309979131846834655e+01,0.000000000000000000e+00
4.190821658671734617e+00,1.289802282613148421e+01,0.000000000000000000e+00
3.878711855050162249e+00,1.268669482743630006e+01,0.000000000000000000e+00
3.574312433484291063e+00,1.246510880733326587e+01,0.000000000000000000e+00
3.277073530668020762e+00,1.223020491659218223e+01,0.000000000000000000e+00
2.989604047514629492e+00,1.199064691259325777e+01,0.000000000000000000e+00
2.712979885679494441e+00,1.175120692223892149e+01,0.000000000000000000e+00
2.446994593368939874e+00,1.151220444169449486e+01,0.000000000000000000e+00
2.191440100039496741e+00,1.127398196741656555e+01,0.000000000000000000e+00
1.946005649082025668e+00,1.103634645851224860e+01,0.000000000000000000e+00
1.710632239458102388e+00,1.080050689293054944e+01,0.000000000000000000e+00
1.485663126043037519e+00,1.057104242470928313e+01,0.000000000000000000e+00
1.270913682502341047e+00,1.035076131035197911e+01,0.000000000000000000e+00
1.065794396044969172e+00,1.014035631723988473e+01,0.000000000000000000e+00
8.695817784766605163e-01,9.939365209516463295e+00,0.000000000000000000e+00
6.815587987398933345e-01,9.746744915104686768e+00,0.000000000000000000e+00
5.011134325187494021e-01,9.561813901946900174e+00,0.000000000000000000e+00
3.276993840124464707e-01,9.384082561235812747e+00,0.000000000000000000e+00
1.608146711955147079e-01,9.213066342454302671e+00,0.000000000000000000e+00
5.540474957392539369e-16,9.048282265956247628e+00,0.000000000000000000e+00
-1.551628673459448382e-01,8.889274716767815221e+00,0.000000000000000000e+00
-3.050563695151700672e-01,8.735671463003166437e+00,0.000000000000000000e+00
-4.500310613715080565e-01,8.587104195753182623e+00,0.000000000000000000e+00
-5.904093423945415697e-01,8.443246960429094727e+00,0.000000000000000000e+00
-7.264887471190670798e-01,8.303804376938488829e+00,0.000000000000000000e+00
-8.585417582804348857e-01,8.168479187449138479e+00,0.000000000000000000e+00
-9.868219737430647953e-01,8.037020016901175623e+00,0.000000000000000000e+00
-1.111564718293196918e+00,7.909193941013951346e+00,0.000000000000000000e+00
-1.232985597662894284e+00,7.784764684816602553e+00,0.000000000000000000e+00
-1.351287058208941350e+00,7.663529726305069012e+00,0.000000000000000000e+00
-1.466658826271295180e+00,7.545305554752292920e+00,0.000000000000000000e+00
-1.579274825267094062e+00,7.429903894092904970e+00,0.000000000000000000e+00
-1.689297482942004658e+00,7.317151291852249884e+00,0.000000000000000000e+00
-1.796882516741630686e+00,7.206902137951233911e+00,0.000000000000000000e+00
-1.902173889390460948e+00,7.099009600036099599e+00,0.000000000000000000e+00
-2.005303704152674449e+00,6.993325102149717587e+00,0.000000000000000000e+00
-2.106399161732956937e+00,6.889721213727043825e+00,0.000000000000000000e+00
-2.205582093582353131e+00,6.788083699306938890e+00,0.000000000000000000e+00
-2.302964841526448758e+00,6.688295543666094467e+00,0.000000000000000000e+00
-2.398650808727718076e+00,6.590238934135973281e+00,0.000000000000000000e+00
-2.492741422875381030e+00,6.493813421841922562e+00,0.000000000000000000e+00
-2.585334681580807370e+00,6.398927882061860473e+00,0.000000000000000000e+00
-2.676521268195781289e+00,6.305488961856625885e+00,0.000000000000000000e+00
-2.766384637940465296e+00,6.213401627577987973e+00,0.000000000000000000e+00
-2.855006231032087172e+00,6.122580620546225205e+00,0.000000000000000000e+00
-2.942467299032449191e+00,6.032952006927684074e+00,0.000000000000000000e+00
-3.028843759218183163e+00,5.944440581375319610e+00,0.000000000000000000e+00
-3.114205853248281031e+00,5.856969366740501393e+00,0.000000000000000000e+00
-3.198619623767382070e+00,5.770462552224673303e+00,0.000000000000000000e+00
-3.282153246689768711e+00,5.684856181493829652e+00,0.000000000000000000e+00
-3.364872736006626841e+00,5.600088655256480585e+00,0.000000000000000000e+00
-3.446839764600558187e+00,5.516096691362002424e+00,0.000000000000000000e+00
-3.528111648885332574e+00,5.432815516544621026e+00,0.000000000000000000e+00
-3.608744123987775776e+00,5.350183183573979484e+00,0.000000000000000000e+00
-3.688795754391402948e+00,5.268146303912860873e+00,0.000000000000000000e+00
-3.768322723231404048e+00,5.186651266756403977e+00,0.000000000000000000e+00
-3.847377851178785946e+00,5.105642854223867211e+00,0.000000000000000000e+00
-3.926010588085195874e+00,5.025064400121076247e+00,0.000000000000000000e+00
-4.004270215443531455e+00,4.944861903049218910e+00,0.000000000000000000e+00
-4.082209687361664230e+00,4.864988060636149747e+00,0.000000000000000000e+00
-4.159880196665195484e+00,4.785394756067959499e+00,0.000000000000000000e+00
-4.237330339605538398e+00,4.706032104631344914e+00,0.000000000000000000e+00
-4.314606078300644576e+00,4.626848554451918893e+00,0.000000000000000000e+00
-4.391753011162789377e+00,4.547793373740085521e+00,0.000000000000000000e+00
-4.468820012026426092e+00,4.468820012026426980e+00,0.000000000000000000e+00
-4.545854661928785845e+00,4.389880818929032813e+00,0.000000000000000000e+00
-4.622902351446413149e+00,4.310926184465051492e+00,0.000000000000000000e+00
-4.700006222443581905e+00,4.231904610913216125e+00,0.000000000000000000e+00
-4.777210627225754180e+00,4.152765842002086316e+00,0.000000000000000000e+00
-4.854569916017196007e+00,4.073467826054350205e+00,0.000000000000000000e+00
-4.932139549741934026e+00,3.993967856870631827e+00,0.000000000000000000e+00
-5.009973527972466201e+00,3.914220306584037967e+00,0.000000000000000000e+00
-5.088124282414085542e+00,3.834176660439506445e+00,0.000000000000000000e+00
-5.166640368961025409e+00,3.753783954959494906e+00,0.000000000000000000e+00
-5.245558970368620066e+00,3.672979933175673839e+00,0.000000000000000000e+00
-5.324912273333513468e+00,3.591698679802222571e+00,0.000000000000000000e+00
-5.404729834300924907e+00,3.509872593576141675e+00,0.000000000000000000e+00
-5.485038522169713104e+00,3.427432466545883738e+00,0.000000000000000000e+00
-5.565885128832025686e+00,3.344321183946304732e+00,0.000000000000000000e+00
-5.647401465099776807e+00,3.260528756097242464e+00,0.000000000000000000e+00
-5.729741613934634437e+00,3.176047639089564889e+00,0.000000000000000000e+00
-5.813061531986639885e+00,3.090859643385823752e+00,0.000000000000000000e+00
-5.897517609096053270e+00,3.004935310675976634e+00,0.000000000000000000e+00
-5.983127875079311764e+00,2.918166446232993483e+00,0.000000000000000000e+00
-6.069622403885879258e+00,2.830311409041137871e+00,0.000000000000000000e+00
-6.156683508581841657e+00,2.741132104386641011e+00,0.000000000000000000e+00
-6.243979991306253474e+00,2.650412259226174516e+00,0.000000000000000000e+00
-6.331198573380534711e+00,2.557970264615868405e+00,0.000000000000000000e+00
-6.418348100916196231e+00,2.463773000279588565e+00,0.000000000000000000e+00
-6.505641596123362014e+00,2.367859895792971958e+00,0.000000000000000000e+00
-6.593298931461904822e+00,2.270254884775580351e+00,0.000000000000000000e+00
-6.681543200014800732e+00,2.170964986915850936e+00,0.000000000000000000e+00
-6.770605199591407164e+00,2.069981741558632127e+00,0.000000000000000000e+00
-6.860729868412760446e+00,1.967282632704995926e+00,0.000000000000000000e+00
-6.952165172643898217e+00,1.862827043657711457e+00,0.000000000000000000e+00
-7.045159548804680760e+00,1.756555560015035100e+00,0.000000000000000000e+00
-7.139943598897144028e+00,1.648385863415924968e+00,0.000000000000000000e+00
-7.236636100948701689e+00,1.538194487674810595e+00,0.000000000000000000e+00
-7.335309048481047256e+00,1.425839640464450664e+00,0.000000000000000000e+00
-7.436029514029636189e+00,1.311172632667878979e+00,0.000000000000000000e+00
-7.538870416686572540e+00,1.194039771626107527e+00,0.000000000000000000e+00
-7.643972663963438663e+00,1.074290298635686813e+00,0.000000000000000000e+00
-7.751502171484302650e+00,9.517647904636120648e-01,0.000000000000000000e+00
-7.861619633229658177e+00,8.262895195002333271e-01,0.000000000000000000e+00
-7.974490546808418401e+00,6.976775202403872056e-01,0.000000000000000000e+00
-8.090303084856884652e+00,5.657291023807914376e-01,0.000000000000000000e+00
-8.209243210960195825e+00,4.302282062808061580e-01,0.000000000000000000e+00
-8.331494727191799399e+00,2.909422068899741309e-01,0.000000000000000000e+00
-8.457284331563526436e+00,1.476224471238379576e-01,0.000000000000000000e+00
-8.586856698781675234e+00,1.051586657089998622e-15,0.000000000000000000e+00
-8.720450990246094491e+00,-1.522160382380821353e-01,0.000000000000000000e+00
-8.858353835627145401e+00,-3.093405323702742016e-01,0.000000000000000000e+00
-9.000880236475147456e+00,-4.717161447862747714e-01,0.000000000000000000e+00
-9.148340337503103825e+00,-6.397142743758058581e-01,0.000000000000000000e+00
-9.301087779470813999e+00,-8.137397391632035237e-01,0.000000000000000000e+00
-9.459485439005414165e+00,-9.942319830734617225e-01,0.000000000000000000e+00
-9.623961748292810370e+00,-1.181673917410485330e+00,0.000000000000000000e+00
-9.795096225084472863e+00,-1.376610999463616203e+00,0.000000000000000000e+00
-9.973422635429542993e+00,-1.579634962232568718e+00,0.000000000000000000e+00
-1.015920443309007482e+01,-1.791341844086826507e+00,0.000000000000000000e+00
-1.035241337796256822e+01,-2.012305312729815832e+00,0.000000000000000000e+00
-1.055134825747163774e+01,-2.242758306591147832e+00,0.000000000000000000e+00
-1.075360619506505166e+01,-2.482665610331317385e+00,0.000000000000000000e+00
-1.095846829105697395e+01,-2.732253013229556160e+00,0.000000000000000000e+00
-1.116603584241614477e+01,-2.991930286632371594e+00,0.000000000000000000e+00
-1.137595257458817954e+01,-3.262001909374189879e+00,0.000000000000000000e+00
-1.158767543124561783e+01,-3.542707906116494332e+00,0.000000000000000000e+00
-1.180074971363577063e+01,-3.834296012275095311e+00,0.000000000000000000e+00
-1.201479802752789894e+01,-4.137026728976061385e+00,0.000000000000000000e+00
-1.222961340943820829e+01,-4.451215257618312826e+00,0.000000000000000000e+00
-1.244494048608495973e+01,-4.777165070764183952e+00,0.000000000000000000e+00
-1.266036846391402371e+01,-5.115120888157624002e+00,0.000000000000000000e+00
-1.287547943629839864e+01,-5.465316767333304959e+00,0.000000000000000000e+00
-1.308960844301948434e+01,-5.827869158289073148e+00,0.000000000000000000e+00
-1.329770491807066968e+01,-6.200821639181738121e+00,0.000000000000000000e+00
-1.349172027533575857e+01,-6.580351654096019409e+00,0.000000000000000000e+00
-1.366887214039513765e+01,-6.964638221416698194e+00,0.000000000000000000e+00
-1.382961712976081081e+01,-7.353337864160973680e+00,0.000000000000000000e+00
-1.397417592022661736e+01,-7.746012199174939106e+00,0.000000000000000000e+00
-1.410247839166743056e+01,-8.142069695670073770e+00,0.000000000000000000e+00
-1.421445934020302992e+01,-8.540908838296479288e+00,0.000000000000000000e+00
-1.431008123621891137e+01,-8.941931187845934659e+00,0.000000000000000000e+00
-1.438933195394997711e+01,-9.344541431934686671e+00,0.000000000000000000e+00
-1.445221838881063725e+01,-9.748144390519506430e+00,0.000000000000000000e+00
-1.449876630209154271e+01,-1.015214545946541058e+01,0.000000000000000000e+00
-1.452902031792124760e+01,-1.055595115122375383e+01,0.000000000000000000e+00
-1.454304390581659057e+01,-1.095896963605084373e+01,0.000000000000000000e+00
-1.454098825407741913e+01,-1.136066511811368329e+01,0.000000000000000000e+00
-1.452321029815752773e+01,-1.176066381018127061e+01,0.000000000000000000e+00
-1.448981822340474501e+01,-1.215840112708475118e+01,0.000000000000000000e+00
-1.444085941017887720e+01,-1.255324756793716112e+01,0.000000000000000000e+00
-1.437640387615726745e+01,-1.294457219255114744e+01,0.000000000000000000e+00
-1.429654441586105129e+01,-1.333174334742757061e+01,0.000000000000000000e+00
-1.420149507032376945e+01,-1.371422437488966573e+01,0.000000000000000000e+00
-1.409190363696883175e+01,-1.409190363696882464e+01,0.000000000000000000e+00
-1.396846164275742019e+01,-1.446476546809611285e+01,0.000000000000000000e+00
-1.383113627286104119e+01,-1.483207776310357673e+01,0.000000000000000000e+00
-1.367956708140784450e+01,-1.519269839805699895e+01,0.000000000000000000e+00
-1.351443221642118431e+01,-1.554657586330071872e+01,0.000000000000000000e+00
-1.333619163950269559e+01,-1.589345429790219733e+01,0.000000000000000000e+00
-1.314431009844269660e+01,-1.623187116518186102e+01,0.000000000000000000e+00
-1.293989847471270238e+01,-1.656231477413651731e+01,0.000000000000000000e+00
-1.272352278434375705e+01,-1.688468502373268620e+01,0.000000000000000000e+00
-1.249513349297606624e+01,-1.719807583360607595e+01,0.000000000000000000e+00
-1.225505665456625870e+01,-1.750203473373047558e+01,0.000000000000000000e+00
-1.200362604024759960e+01,-1.779610744789420806e+01,0.000000000000000000e+00
-1.174126394447958610e+01,-1.807996097900353050e+01,0.000000000000000000e+00
-1.146843529169983178e+01,-1.835333299138020280e+01,0.000000000000000000e+00
-1.118566551660386210e+01,-1.861607361571950037e+01,0.000000000000000000e+00
-1.089342558683511619e+01,-1.886796658486921174e+01,0.000000000000000000e+00
-1.059232063923884581e+01,-1.910905227233402215e+01,0.000000000000000000e+00
-1.028110492508151630e+01,-1.933594612560332493e+01,0.000000000000000000e+00
-9.962087621662403691e+00,-1.955169782303744341e+01,0.000000000000000000e+00
-9.635869159627599601e+00,-1.975645955493991224e+01,0.000000000000000000e+00
-9.301395154464092485e+00,-1.994690627914229353e+01,0.000000000000000000e+00
-8.960029311982069089e+00,-2.012455532997142882e+01,0.000000000000000000e+00
-8.613029121137127930e+00,-2.029102503193977469e+01,0.000000000000000000e+00
-8.258677599877447761e+00,-2.044094435406029930e+01,0.000000000000000000e+00
-7.900089227635839428e+00,-2.058043605701940137e+01,0.000000000000000000e+00
-7.535400154957964780e+00,-2.070334177230182959e+01,0.000000000000000000e+00
-7.167133603734979985e+00,-2.081486737372305384e+01,0.000000000000000000e+00
-6.794016166971156068e+00,-2.090983170838963545e+01,0.000000000000000000e+00
-6.418263431614968262e+00,-2.099319375141880073e+01,0.000000000000000000e+00
-6.038628322679651106e+00,-2.105919963349984059e+01,0.000000000000000000e+00
-5.657509677369625400e+00,-2.111411356025606167e+01,0.000000000000000000e+00
-5.273480904383545997e+00,-2.115077666466688200e+01,0.000000000000000000e+00
-4.888818516698528960e+00,-2.117579945883329984e+01,0.000000000000000000e+00
-4.502798830646914219e+00,-2.118400295558579316e+01,0.000000000000000000e+00
-4.116677732389806721e+00,-2.117847096062145695e+01,0.000000000000000000e+00
-3.730777639894482967e+00,-2.115829140216984783e+01,0.000000000000000000e+00
-3.345394387665615810e+00,-2.112198888230914307e+01,0.000000000000000000e+00
-2.961660625876583630e+00,-2.107331034533978809e+01,0.000000000000000000e+00
-2.579433544621744900e+00,-2.100780037533800737e+01,0.000000000000000000e+00
-2.200527971285748396e+00,-2.093662511052368913e+01,0.000000000000000000e+00
-1.824859537921264208e+00,-2.085823996363293276e+01,0.000000000000000000e+00
-1.452804180312610605e+00,-2.077606771900649463e+01,0.000000000000000000e+00
-1.084180145411748564e+00,-2.068738954872243596e+01,0.000000000000000000e+00
-7.191968034600272341e-01,-2.059510182414421564e+01,0.000000000000000000e+00
-3.577660150381212767e-01,-2.049640127432368786e+01,0.000000000000000000e+00
-3.746371561215886192e-15,-2.039429689074028573e+01,0.000000000000000000e+00
3.540962021665384762e-01,-2.028615783571906661e+01,0.000000000000000000e+00
7.045012821764877753e-01,-2.017427715454451942e+01,0.000000000000000000e+00
1.051170416953537190e+00,-2.005752640798665354e+01,0.000000000000000000e+00
1.394064216472902906e+00,-1.993604710020361637e+01,0.000000000000000000e+00
1.733251064591941892e+00,-1.981115032210274052e+01,0.000000000000000000e+00
2.068530831733936370e+00,-1.968075621791293628e+01,0.000000000000000000e+00
2.400040649186690800e+00,-1.954676248819741957e+01,0.000000000000000000e+00
2.727795101576726999e+00,-1.940927067462700251e+01,0.000000000000000000e+00
3.051527447236332513e+00,-1.926658604206088654e+01,0.000000000000000000e+00
3.371469190786374526e+00,-1.912055192710804263e+01,0.000000000000000000e+00
3.687612473636444843e+00,-1.897112156058864585e+01,0.000000000000000000e+00
3.999768246787767989e+00,-1.881743012477365795e+01,0.000000000000000000e+00
4.307980495172998303e+00,-1.865991358172855996e+01,0.000000000000000000e+00
4.612355176697996662e+00,-1.849914620139570332e+01,0.000000000000000000e+00
4.912882944927191353e+00,-1.833512876210685505e+01,0.000000000000000000e+00
5.209464128858887655e+00,-1.816756044765356748e+01,0.000000000000000000e+00
5.501986871598520956e+00,-1.799618816583338443e+01,0.000000000000000000e+00
5.790644237956266593e+00,-1.782177044079675454e+01,0.000000000000000000e+00
6.075415043733104703e+00,-1.764428645640503746e+01,0.000000000000000000e+00
6.356301113397361924e+00,-1.746379378031355500e+01,0.000000000000000000e+00
6.633294595491080692e+00,-1.728032321360634782e+01,0.000000000000000000e+00
6.906395159567341402e+00,-1.709392786394306896e+01,0.000000000000000000e+00
7.175531111601676670e+00,-1.690449194530876653e+01,0.000000000000000000e+00
7.440685406711331495e+00,-1.671205304652607992e+01,0.000000000000000000e+00
7.701964619202496642e+00,-1.651691642739951149e+01,0.000000000000000000e+00
7.959367848066515094e+00,-1.631912247543350958e+01,0.000000000000000000e+00
8.212903510538431817e+00,-1.611873071048286477e+01,0.000000000000000000e+00
8.462578677565359087e+00,-1.591579568397274969e+01,0.000000000000000000e+00
8.708403573845904688e+00,-1.571037591939437128e+01,0.000000000000000000e+00
8.950390203630982811e+00,-1.550253058025561081e+01,0.000000000000000000e+00
9.188553166611862721e+00,-1.529232050767901008e+01,0.000000000000000000e+00
9.422908711658951830e+00,-1.507980617526954958e+01,0.000000000000000000e+00
9.653477398242065632e+00,-1.486505162452892748e+01,0.000000000000000000e+00
9.880278852214761542e+00,-1.464811578431548611e+01,0.000000000000000000e+00
1.010321170255938128e+01,-1.442888165470378681e+01,0.000000000000000000e+00
1.032285390911912515e+01,-1.420818948817674965e+01,0.000000000000000000e+00
1.054129847480497162e+01,-1.398877555414507867e+01,0.000000000000000000e+00
1.075864096145403792e+01,-1.377043247238278845e+01,0.000000000000000000e+00
1.097503540440133385e+01,-1.355304001376672218e+01,0.000000000000000000e+00
1.119062011317784844e+01,-1.333646172323673085e+01,0.000000000000000000e+00
1.140553001424164670e+01,-1.312056139599459037e+01,0.000000000000000000e+00
1.161989862139214225e+01,-1.290520482996461205e+01,0.000000000000000000e+00
1.183385816945724400e+01,-1.269025921979593718e+01,0.000000000000000000e+00
1.204753986253167675e+01,-1.247559273425184756e+01,0.000000000000000000e+00
1.226107424662364842e+01,-1.226107424662365375e+01,0.000000000000000000e+00
1.247459148894830605e+01,-1.204657297118125214e+01,0.000000000000000000e+00
1.268822173188384461e+01,-1.183195818124140786e+01,0.000000000000000000e+00
1.290209537959036901e+01,-1.161709885969963807e+01,0.000000000000000000e+00
1.311634344114675343e+01,-1.140186340203172399e+01,0.000000000000000000e+00
1.333109783525215164e+01,-1.118611927674832351e+01,0.000000000000000000e+00
1.354649172719483374e+01,-1.096973270649064069e+01,0.000000000000000000e+00
1.376265985837473416e+01,-1.075256832984916855e+01,0.000000000000000000e+00
1.397973888600400905e+01,-1.053448885692784209e+01,0.000000000000000000e+00
1.419786774075649838e+01,-1.031535472065499093e+01,0.000000000000000000e+00
1.441718798236141375e+01,-1.009502370503590640e+01,0.000000000000000000e+00
1.463784418573842849e+01,-9.873350571492979455e+00,0.000000000000000000e+00
1.485998433014833608e+01,-9.650186658794350336e+00,0.000000000000000000e+00
1.508376021125730659e+01,-9.425379467564075853e+00,0.000000000000000000e+00
1.530932788661659139e+01,-9.198772230848344833e+00,0.000000000000000000e+00
1.553684810935240890e+01,-8.970203438292953635e+00,0.000000000000000000e+00
1.576648685380823878e+01,-8.739506372676990154e+00,0.000000000000000000e+00
1.599841577766093081e+01,-8.506508560624126858e+00,0.000000000000000000e+00
1.623281282953614735e+01,-8.271031253528338567e+00,0.000000000000000000e+00
1.646986279029860256e+01,-8.032888812036889092e+00,0.000000000000000000e+00
1.670975791765717489e+01,-7.791888082919674829e+00,0.000000000000000000e+00
1.695269864297180717e+01,-7.547827729242141181e+00,0.000000000000000000e+00
1.719889426128796117e+01,-7.300497480568654218e+00,0.000000000000000000e+00
1.744856373979404296e+01,-7.049677354033161869e+00,0.000000000000000000e+00
1.770193657994763825e+01,-6.795136803519739033e+00,0.000000000000000000e+00
1.795925371705494200e+01,-6.536633782642648605e+00,0.000000000000000000e+00
1.822076852799562374e+01,-6.273913739548198976e+00,0.000000000000000000e+00
1.848674793246133774e+01,-6.006708522549650375e+00,0.000000000000000000e+00
1.875747358680971999e+01,-5.734735182138147813e+00,0.000000000000000000e+00
1.903324318054610131e+01,-5.457694658046904124e+00,0.000000000000000000e+00
1.931437186687902496e+01,-5.175270344044628601e+00,0.000000000000000000e+00
1.960119383327153386e+01,-4.887126511791664463e+00,0.000000000000000000e+00
1.989406402848236155e+01,-4.592906576391864171e+00,0.000000000000000000e+00
2.019336006610711820e+01,-4.292231184216470652e+00,0.000000000000000000e+00
2.049948432713007307e+01,-3.984696100671355268e+00,0.000000000000000000e+00
2.081286628653379367e+01,-3.669869872193524785e+00,0.000000000000000000e+00
2.113396509152368452e+01,-3.347291232859271659e+00,0.000000000000000000e+00
2.146327243055311129e+01,-3.016466222834770061e+00,0.000000000000000000e+00
2.180131574398621908e+01,-2.676864980730942367e+00,0.000000000000000000e+00
2.214866177105925971e+01,-2.327918157605305627e+00,0.000000000000000000e+00
2.250592052922199215e+01,-1.969012908522291605e+00,0.000000000000000000e+00
2.287374983823832864e+01,-1.599488403381380763e+00,0.000000000000000000e+00
2.325286027546793832e+01,-1.218630769016132653e+00,0.000000000000000000e+00
2.364402092289978441e+01,-8.256674045066402234e-01,0.000000000000000000e+00
2.404806550911456142e+01,-4.197605448596470334e-01,0.000000000000000000e+00
2.446584877382942480e+01,-5.992404677858680512e-15,0.000000000000000000e+00
