2.713874440118278741e+01,0.000000000000000000e+00,0.000000000000000000e+00
2.626912179811483838e+01,4.585292265933503253e-01,0.000000000000000000e+00
2.542349477538000713e+01,8.878080007256979878e-01,0.000000000000000000e+00
2.460982078360567371e+01,1.289746055822406090e+00,0.000000000000000000e+00
2.384094735637456353e+01,1.667121442344335680e+00,0.000000000000000000e+00
2.311783503303591658e+01,2.022548490653097275e+00,0.000000000000000000e+00
2.243500313893751041e+01,2.358013848101077503e+00,0.000000000000000000e+00
2.178913427870078579e+01,2.675369284864702824e+00,0.000000000000000000e+00
2.117684846098771700e+01,2.976211959073267188e+00,0.000000000000000000e+00
2.059526101412792798e+01,3.261968889060393728e+00,0.000000000000000000e+00
2.004180058519501273e+01,3.533910185148582794e+00,0.000000000000000000e+00
1.951415458115548773e+01,3.793167400046228988e+00,0.000000000000000000e+00
1.901025359606054366e+01,4.040754140853801246e+00,0.000000000000000000e+00
1.852825264475062994e+01,4.277584172811008223e+00,0.000000000000000000e+00
1.806647188387736946e+01,4.504477353229620284e+00,0.000000000000000000e+00
1.762340211536396595e+01,4.722176364700714224e+00,0.000000000000000000e+00
1.719767869234551227e+01,4.931355010792645821e+00,0.000000000000000000e+00
1.678804956302784746e+01,5.132621833266268752e+00,0.000000000000000000e+00
1.639339339957648178e+01,5.326536403616922044e+00,0.000000000000000000e+00
1.601266507921852877e+01,5.513602749134085101e+00,0.000000000000000000e+00
1.564493043227413516e+01,5.694288994513254210e+00,0.000000000000000000e+00
1.528931458223294193e+01,5.869017988461759927e+00,0.000000000000000000e+00
1.494502545053667042e+01,6.038182227790694689e+00,0.000000000000000000e+00
1.461133211869090509e+01,6.202142515658815469e+00,0.000000000000000000e+00
1.428754973705880715e+01,6.361226985711012638e+00,0.000000000000000000e+00
1.397306996809346913e+01,6.515749534057606596e+00,0.000000000000000000e+00
1.366729976389304468e+01,6.665987492549142246e+00,0.000000000000000000e+00
1.336971024096172300e+01,6.812207620136289776e+00,0.000000000000000000e+00
1.307979927562690037e+01,6.954652639089801802e+00,0.000000000000000000e+00
1.279709222434215654e+01,7.093544052228707208e+00,0.000000000000000000e+00
1.252118493306562108e+01,7.229109491678521238e+00,0.000000000000000000e+00
1.225168359272954177e+01,7.361554187657277204e+00,0.000000000000000000e+00
1.198819526274781744e+01,7.491055804395697848e+00,0.000000000000000000e+00
1.173032964648027310e+01,7.617765143134159089e+00,0.000000000000000000e+00
1.147769941652255810e+01,7.741806010201817578e+00,0.000000000000000000e+00
1.123000384507445482e+01,7.863333346445159577e+00,0.000000000000000000e+00
1.098711613532946174e+01,7.982607132450757703e+00,0.000000000000000000e+00
1.074892369234932055e+01,8.099894982615710504e+00,0.000000000000000000e+00
1.051512203363145659e+01,8.215313705840339153e+00,0.000000000000000000e+00
1.028457825686096783e+01,8.328287260550549576e+00,0.000000000000000000e+00
1.005597518268316470e+01,8.437965066917325174e+00,0.000000000000000000e+00
9.828089742624644742e+00,8.543428071331293339e+00,0.000000000000000000e+00
9.600351602543170770e+00,8.644195409611121761e+00,0.000000000000000000e+00
9.372790594720003199e+00,8.740268628785589300e+00,0.000000000000000000e+00
9.145461390890787357e+00,8.831669405614722024e+00,0.000000000000000000e+00
8.918415268227475323e+00,8.918415268227473547e+00,0.000000000000000000e+00
8.691690917851031983e+00,9.000509423532919939e+00,0.000000000000000000e+00
8.465325388058056788e+00,9.077950066331014867e+00,0.000000000000000000e+00
8.239367177611431003e+00,9.150744301728137131e+00,0.000000000000000000e+00
8.014075771597884312e+00,9.219139580721540383e+00,0.000000000000000000e+00
7.789895646754455782e+00,9.283636122953618397e+00,0.000000000000000000e+00
7.567246297984660863e+00,9.344770936181648224e+00,0.000000000000000000e+00
7.346521112382146335e+00,9.403118223523316388e+00,0.000000000000000000e+00
7.128115045437869668e+00,9.459328158962856392e+00,0.000000000000000000e+00
6.912391901665054128e+00,9.514091240663130833e+00,0.000000000000000000e+00
6.699668923056250947e+00,9.568118818294873762e+00,0.000000000000000000e+00
6.490016656901437919e+00,9.621845380519612689e+00,0.000000000000000000e+00
6.283155738808391177e+00,9.675211384381569246e+00,0.000000000000000000e+00
6.078787500569312385e+00,9.728093531864214327e+00,0.000000000000000000e+00
5.876630188717914649e+00,9.780355048444873134e+00,0.000000000000000000e+00
5.676484726004773940e+00,9.831959953828963705e+00,0.000000000000000000e+00
5.478231188358270387e+00,9.882990678215637814e+00,0.000000000000000000e+00
5.281751673520465040e+00,9.933530155777217985e+00,0.000000000000000000e+00
5.086926226946467899e+00,9.983654853734815759e+00,0.000000000000000000e+00
4.893625659492762736e+00,1.003341948890902735e+01,0.000000000000000000e+00
4.701712275186666901e+00,1.008285451238254993e+01,0.000000000000000000e+00
4.511049214357043091e+00,1.013198242433764307e+01,0.000000000000000000e+00
4.321501272245813041e+00,1.018081899613065211e+01,0.000000000000000000e+00
4.132940646284756880e+00,1.022938705956925176e+01,0.000000000000000000e+00
3.945249294129874684e+00,1.027772579362867233e+01,0.000000000000000000e+00
3.758309628790676538e+00,1.032587084042126513e+01,0.000000000000000000e+00
3.572003802786244187e+00,1.037385229915120988e+01,0.000000000000000000e+00
3.386215061962705164e+00,1.042169834953749685e+01,0.000000000000000000e+00
3.200830001587772866e+00,1.046944319201596230e+01,0.000000000000000000e+00
3.015735097714740132e+00,1.051711813856836031e+01,0.000000000000000000e+00
2.830816066644058715e+00,1.056474938759791371e+01,0.000000000000000000e+00
2.645958488038940182e+00,1.061235985475390642e+01,0.000000000000000000e+00
2.461050627612210384e+00,1.065998141889417106e+01,0.000000000000000000e+00
2.275980749897842159e+00,1.070764756456273226e+01,0.000000000000000000e+00
2.090635445321823216e+00,1.075538697616025985e+01,0.000000000000000000e+00
1.904899850897814773e+00,1.080322389258925675e+01,0.000000000000000000e+00
1.718659340415000791e+00,1.085118801375561937e+01,0.000000000000000000e+00
1.531798774656807138e+00,1.089931462197825773e+01,0.000000000000000000e+00
1.344200505667457968e+00,1.094763458681440582e+01,0.000000000000000000e+00
1.155744444813729732e+00,1.099617386390096740e+01,0.000000000000000000e+00
9.663088707446331194e-01,1.104496093323341377e+01,0.000000000000000000e+00
7.757704237623964660e-01,1.109403392205399008e+01,0.000000000000000000e+00
5.840022866992281569e-01,1.114342745845378246e+01,0.000000000000000000e+00
3.908741380103387675e-01,1.119317081780533663e+01,0.000000000000000000e+00
1.962524202570581633e-01,1.124329362647062425e+01,0.000000000000000000e+00
6.915481147802924857e-16,1.129383778672798044e+01,0.000000000000000000e+00
-1.980249670433797959e-01,1.134484276384765522e+01,0.000000000000000000e+00
-3.979690300045949924e-01,1.139634194196790062e+01,0.000000000000000000e+00
-5.999835784486273749e-01,1.144836867077060560e+01,0.000000000000000000e+00
-8.042262220735889588e-01,1.150097079677067846e+01,0.000000000000000000e+00
-1.010860962318096412e+00,1.155419367011549703e+01,0.000000000000000000e+00
-1.220057893449609132e+00,1.160807545353066139e+01,0.000000000000000000e+00
-1.431994229669104390e+00,1.166265708928581191e+01,0.000000000000000000e+00
-1.646856859447644483e+00,1.171799543481452410e+01,0.000000000000000000e+00
-1.864840926512963293e+00,1.177414222439921865e+01,0.000000000000000000e+00
-2.086149409368178276e+00,1.183114121835597388e+01,0.000000000000000000e+00
-2.310996886845573250e+00,1.188904831511628046e+01,0.000000000000000000e+00
-2.539611108355440017e+00,1.194793088673496406e+01,0.000000000000000000e+00
-2.772229800452631121e+00,1.200784649863216025e+01,0.000000000000000000e+00
-3.009102433914605079e+00,1.206885066900100156e+01,0.000000000000000000e+00
-3.250497720308766603e+00,1.213102264207912206e+01,0.000000000000000000e+00
-3.496698600027621229e+00,1.219443720349461557e+01,0.000000000000000000e+00
-3.748001161043555296e+00,1.225915941168091550e+01,0.000000000000000000e+00
-4.004725650841901796e+00,1.232527820649957562e+01,0.000000000000000000e+00
-4.267213342317370817e+00,1.239288740612152573e+01,0.000000000000000000e+00
-4.535821576363746388e+00,1.246206735973446555e+01,0.000000000000000000e+00
-4.810938508410965042e+00,1.253292329917571557e+01,0.000000000000000000e+00
-5.092980417623506284e+00,1.260556887636657741e+01,0.000000000000000000e+00
-5.382384773995479321e+00,1.268010390359100015e+01,0.000000000000000000e+00
-5.679631496470066487e+00,1.275666120329640840e+01,0.000000000000000000e+00
-5.985233120537305496e+00,1.283537384785527635e+01,0.000000000000000000e+00
-6.299735569823390335e+00,1.291637203974262960e+01,0.000000000000000000e+00
-6.623741462811115532e+00,1.299982458066314983e+01,0.000000000000000000e+00
-6.957888195672125242e+00,1.308588447252141407e+01,0.000000000000000000e+00
-7.302876602419145158e+00,1.317473814161846590e+01,0.000000000000000000e+00
-7.659464097805426697e+00,1.326658097614871856e+01,0.000000000000000000e+00
-8.028470732441522983e+00,1.336161911465406504e+01,0.000000000000000000e+00
-8.410798807307747538e+00,1.346009174815187848e+01,0.000000000000000000e+00
-8.807422405710040536e+00,1.356224118406843893e+01,0.000000000000000000e+00
-9.219424575305927405e+00,1.366835902749572007e+01,0.000000000000000000e+00
-9.647974773220406419e+00,1.377873594147293623e+01,0.000000000000000000e+00
-1.009436160311998520e+01,1.389369680923276285e+01,0.000000000000000000e+00
-1.056002580003203839e+01,1.401362755411044247e+01,0.000000000000000000e+00
-1.104658740032438047e+01,1.413898710733469244e+01,0.000000000000000000e+00
-1.155566395763997534e+01,1.427005656316419469e+01,0.000000000000000000e+00
-1.208921763367646207e+01,1.440736854658719679e+01,0.000000000000000000e+00
-1.264998757086564574e+01,1.455214605326227328e+01,0.000000000000000000e+00
-1.323564375185231867e+01,1.469967159262799683e+01,0.000000000000000000e+00
-1.384045328714593737e+01,1.484206903769357133e+01,0.000000000000000000e+00
-1.446117144188780657e+01,1.497498140099731323e+01,0.000000000000000000e+00
-1.509935456950900701e+01,1.509935456950901056e+01,0.000000000000000000e+00
-1.575570634818479476e+01,1.521510875959860520e+01,0.000000000000000000e+00
-1.642975507556603176e+01,1.532099446951214361e+01,0.000000000000000000e+00
-1.712140311589064368e+01,1.541618060960157877e+01,0.000000000000000000e+00
-1.782466323411121323e+01,1.549474335545336778e+01,0.000000000000000000e+00
-1.852057412370219325e+01,1.554060691638999003e+01,0.000000000000000000e+00
-1.920694375455746439e+01,1.555347637891520840e+01,0.000000000000000000e+00
-1.988352368636134671e+01,1.553471126045998396e+01,0.000000000000000000e+00
-2.054863506613376600e+01,1.548450717816939282e+01,0.000000000000000000e+00
-2.120238613663003235e+01,1.540443522345300487e+01,0.000000000000000000e+00
-2.184258157166344105e+01,1.529434027043924083e+01,0.000000000000000000e+00
-2.246229990099865503e+01,1.515101259109239074e+01,0.000000000000000000e+00
-2.306596268619493983e+01,1.497921131282543250e+01,0.000000000000000000e+00
-2.365645210009790489e+01,1.478219189226222419e+01,0.000000000000000000e+00
-2.422921912277493917e+01,1.455838360066496051e+01,0.000000000000000000e+00
-2.477711149844130745e+01,1.430507199336645741e+01,0.000000000000000000e+00
-2.530759364651542143e+01,1.402822822875208786e+01,0.000000000000000000e+00
-2.582004486335538118e+01,1.372876137976858502e+01,0.000000000000000000e+00
-2.630597610991331692e+01,1.340356430179329195e+01,0.000000000000000000e+00
-2.676833794609354911e+01,1.305579075805397693e+01,0.000000000000000000e+00
-2.720951754591733263e+01,1.268800640636405674e+01,0.000000000000000000e+00
-2.762667119996800835e+01,1.230018649781296425e+01,0.000000000000000000e+00
-2.801833401947753899e+01,1.189307718341705922e+01,0.000000000000000000e+00
-2.838468164106159364e+01,1.146815579497058835e+01,0.000000000000000000e+00
-2.872522863418462435e+01,1.102658217083297387e+01,0.000000000000000000e+00
-2.903878504311817821e+01,1.056925339494962124e+01,0.000000000000000000e+00
-2.932437555863209866e+01,1.009719224731359510e+01,0.000000000000000000e+00
-2.958161879408668327e+01,9.611650592652280167e+00,0.000000000000000000e+00
-2.981026499466663537e+01,9.113912631282687471e+00,0.000000000000000000e+00
-3.001004481871824936e+01,8.605241878182495086e+00,0.000000000000000000e+00
-3.018054522755188529e+01,8.086852720853510590e+00,0.000000000000000000e+00
-3.032135938800756847e+01,7.559963979702255088e+00,0.000000000000000000e+00
-3.043212011637923098e+01,7.025808523384326598e+00,0.000000000000000000e+00
-3.051250030381917355e+01,6.485632152535306894e+00,0.000000000000000000e+00
-3.056221331306979039e+01,5.940692471727405888e+00,0.000000000000000000e+00
-3.058101334621723666e+01,5.392257750343753209e+00,0.000000000000000000e+00
-3.056873610536019825e+01,4.841612159475924493e+00,0.000000000000000000e+00
-3.052546186837550124e+01,4.290073890657523314e+00,0.000000000000000000e+00
-3.045151957044502922e+01,3.738976459283300358e+00,0.000000000000000000e+00
-3.034732434613718155e+01,3.189632317760201285e+00,0.000000000000000000e+00
-3.021333552108516329e+01,2.643324345400081654e+00,0.000000000000000000e+00
-3.005005530040551420e+01,2.101304565883551412e+00,0.000000000000000000e+00
-2.985802742336632321e+01,1.564792911030773226e+00,0.000000000000000000e+00
-2.963783578573055877e+01,1.034976031707760757e+00,0.000000000000000000e+00
-2.939010303122056200e+01,5.130061566569571463e-01,0.000000000000000000e+00
-2.911548911356686631e+01,3.565619054853927334e-15,0.000000000000000000e+00
-2.927325508187218261e+01,-5.109665681143450433e-01,0.000000000000000000e+00
-2.909347028171312743e+01,-1.015966369422714788e+00,0.000000000000000000e+00
-2.891155972146091457e+01,-1.515190640610780015e+00,0.000000000000000000e+00
-2.872839241589923986e+01,-2.008884893905943603e+00,0.000000000000000000e+00
-2.854482393336782664e+01,-2.497348496513153826e+00,0.000000000000000000e+00
-2.836169411889350300e+01,-2.980934171205323224e+00,0.000000000000000000e+00
-2.817982483316352216e+01,-3.460047418460757918e+00,0.000000000000000000e+00
-2.799995367863027695e+01,-3.935136861622997362e+00,0.000000000000000000e+00
-2.782218628645918912e+01,-4.406601403585823640e+00,0.000000000000000000e+00
-2.764627380410678015e+01,-4.874783987717680844e+00,0.000000000000000000e+00
-2.747195134496273639e+01,-5.340006395050216348e+00,0.000000000000000000e+00
-2.729894255451442930e+01,-5.802569366615030866e+00,0.000000000000000000e+00
-2.712694418070001134e+01,-6.262748533762331427e+00,0.000000000000000000e+00
-2.695557663325814346e+01,-6.720780087456555307e+00,0.000000000000000000e+00
-2.678443604482867713e+01,-7.176868007934886329e+00,0.000000000000000000e+00
-2.661311294974424158e+01,-7.631187339017134086e+00,0.000000000000000000e+00
-2.644119299295061154e+01,-8.083883952314735666e+00,0.000000000000000000e+00
-2.626795991451220758e+01,-8.534977556081475569e+00,0.000000000000000000e+00
-2.609191261315789845e+01,-8.984165996251176622e+00,0.000000000000000000e+00
-2.591144767848794572e+01,-9.430995681715700130e+00,0.000000000000000000e+00
-2.572499632735317476e+01,-9.874900891489048149e+00,0.000000000000000000e+00
-2.553108068152111088e+01,-1.031522616924785751e+01,0.000000000000000000e+00
-2.532927722453280595e+01,-1.075164029460568571e+01,0.000000000000000000e+00
-2.512010102129140421e+01,-1.118418955252717595e+01,0.000000000000000000e+00
-2.490409012235268449e+01,-1.161296794343530792e+01,0.000000000000000000e+00
-2.468174706963499077e+01,-1.203809238860092634e+01,0.000000000000000000e+00
-2.445320771909682023e+01,-1.245953165465342849e+01,0.000000000000000000e+00
-2.421832313619473354e+01,-1.287711083054014516e+01,0.000000000000000000e+00
-2.397694415406841273e+01,-1.329063717077767315e+01,0.000000000000000000e+00
-2.372899284863948921e+01,-1.369994040876071928e+01,0.000000000000000000e+00
-2.347460296698137938e+01,-1.410496447016663524e+01,0.000000000000000000e+00
-2.321394854671008545e+01,-1.450568498363920078e+01,0.000000000000000000e+00
-2.294718696577853478e+01,-1.490207745809952300e+01,0.000000000000000000e+00
-2.267439279290086418e+01,-1.529407105304216508e+01,0.000000000000000000e+00
-2.239561078561517604e+01,-1.568157549489841784e+01,0.000000000000000000e+00
-2.211087853771200784e+01,-1.606449358920875881e+01,0.000000000000000000e+00
-2.182018670047454023e+01,-1.644269006214170403e+01,0.000000000000000000e+00
-2.152351353077990836e+01,-1.681601175352117039e+01,0.000000000000000000e+00
-2.122091199194393596e+01,-1.718435570091266129e+01,0.000000000000000000e+00
-2.091264570382800514e+01,-1.754779329702320823e+01,0.000000000000000000e+00
-2.059899955333937172e+01,-1.790643712400030196e+01,0.000000000000000000e+00
-2.028000840647133884e+01,-1.826020158758098333e+01,0.000000000000000000e+00
-1.995543990543399460e+01,-1.860874876233070552e+01,0.000000000000000000e+00
-1.962514595427545672e+01,-1.895178315199427743e+01,0.000000000000000000e+00
-1.928938687197703672e+01,-1.928938687197702961e+01,0.000000000000000000e+00
-1.894852360883959363e+01,-1.962177059852966465e+01,0.000000000000000000e+00
-1.860268830134373985e+01,-1.994894085670322070e+01,0.000000000000000000e+00
-1.825180762104579557e+01,-2.027068596218828844e+01,0.000000000000000000e+00
-1.789583429254663471e+01,-2.058680239100797493e+01,0.000000000000000000e+00
-1.753478499583664174e+01,-2.089714301415535758e+01,0.000000000000000000e+00
-1.716871355649692532e+01,-2.120159555228286052e+01,0.000000000000000000e+00
-1.679779055447005476e+01,-2.150019145952589028e+01,0.000000000000000000e+00
-1.642220282136212006e+01,-2.179299921368868809e+01,0.000000000000000000e+00
-1.604203235471555189e+01,-2.207996330064408852e+01,0.000000000000000000e+00
-1.565731507467258510e+01,-2.236096331482689692e+01,0.000000000000000000e+00
-1.526811763155077095e+01,-2.263591526319832781e+01,0.000000000000000000e+00
-1.487452677167634896e+01,-2.290476262902645033e+01,0.000000000000000000e+00
-1.447662389283077644e+01,-2.316744107963775079e+01,0.000000000000000000e+00
-1.407448682250390348e+01,-2.342387964330596617e+01,0.000000000000000000e+00
-1.366820389162878513e+01,-2.367402358851168032e+01,0.000000000000000000e+00
-1.325787034697183486e+01,-2.391783123913412368e+01,0.000000000000000000e+00
-1.284355789164847650e+01,-2.415521923603103005e+01,0.000000000000000000e+00
-1.242532903289145274e+01,-2.438608129431090887e+01,0.000000000000000000e+00
-1.200334258158064848e+01,-2.461049940680712567e+01,0.000000000000000000e+00
-1.157777251049276046e+01,-2.482861327283701769e+01,0.000000000000000000e+00
-1.114842772433080853e+01,-2.503977864006029819e+01,0.000000000000000000e+00
-1.071521862959526317e+01,-2.524347315885074394e+01,0.000000000000000000e+00
-1.027952477737837533e+01,-2.544271663585627508e+01,0.000000000000000000e+00
-9.842749640378098519e+00,-2.564123945466779730e+01,0.000000000000000000e+00
-9.405016114033072583e+00,-2.584006940291267895e+01,0.000000000000000000e+00
-8.966117505024088885e+00,-2.603949598861057169e+01,0.000000000000000000e+00
-8.525764362702497934e+00,-2.623960462092492918e+01,0.000000000000000000e+00
-8.083667876771059468e+00,-2.644048624169272443e+01,0.000000000000000000e+00
-7.639552207654967120e+00,-2.664228471345266414e+01,0.000000000000000000e+00
-7.193131990291670164e+00,-2.684513405331756886e+01,0.000000000000000000e+00
-6.744112579686862396e+00,-2.704915814822729914e+01,0.000000000000000000e+00
-6.292198732826842722e+00,-2.725450700744076826e+01,0.000000000000000000e+00
-5.837084741342891014e+00,-2.746132462569895694e+01,0.000000000000000000e+00
-5.378442347015115033e+00,-2.766968717600129324e+01,0.000000000000000000e+00
-4.915917088002148994e+00,-2.787955120793461816e+01,0.000000000000000000e+00
-4.449126346809452848e+00,-2.809067821114878782e+01,0.000000000000000000e+00
-3.977715653196243206e+00,-2.830291752300637853e+01,0.000000000000000000e+00
-3.501350597837107337e+00,-2.851621223458143106e+01,0.000000000000000000e+00
-3.019685370396886892e+00,-2.873038715104013718e+01,0.000000000000000000e+00
-2.532386100552216579e+00,-2.894530558009765997e+01,0.000000000000000000e+00
-2.039140664280452597e+00,-2.916107009036449682e+01,0.000000000000000000e+00
-1.539608976875318946e+00,-2.937748933341107715e+01,0.000000000000000000e+00
-1.033449769449408473e+00,-2.959412935312343151e+01,0.000000000000000000e+00
-5.203536548789046146e-01,-2.981104092243790404e+01,0.000000000000000000e+00
-5.516085664862081137e-15,-3.002817176186415438e+01,0.000000000000000000e+00
5.279300407481500867e-01,-3.024509177818744021e+01,0.000000000000000000e+00
1.063747406971186082e+00,-3.046174017507131992e+01,0.000000000000000000e+00
1.607762477193427575e+00,-3.067793558872823212e+01,0.000000000000000000e+00
2.160255524452809439e+00,-3.089309328441786562e+01,0.000000000000000000e+00
2.721558140559430239e+00,-3.110755189160029843e+01,0.000000000000000000e+00
3.291969906693652970e+00,-3.132100146461667123e+01,0.000000000000000000e+00
3.871659493271502939e+00,-3.153213616435963829e+01,0.000000000000000000e+00
4.460987558655230778e+00,-3.174157580678808088e+01,0.000000000000000000e+00
5.060300684566775509e+00,-3.194948111189467710e+01,0.000000000000000000e+00
5.669784924686932293e+00,-3.215494816451963800e+01,0.000000000000000000e+00
6.289545428298547236e+00,-3.235690619178109984e+01,0.000000000000000000e+00
6.919971583317273023e+00,-3.255590666760986807e+01,0.000000000000000000e+00
7.561366900489281839e+00,-3.275187830608010131e+01,0.000000000000000000e+00
8.213941382583840323e+00,-3.294431948644835728e+01,0.000000000000000000e+00
8.877857317439801221e+00,-3.313261457103241980e+01,0.000000000000000000e+00
9.553063125775789644e+00,-3.331549032775443919e+01,0.000000000000000000e+00
1.023999577902853453e+01,-3.349351700710202806e+01,0.000000000000000000e+00
1.093889117187780258e+01,-3.366644527464004710e+01,0.000000000000000000e+00
1.164988252718102757e+01,-3.383371555908468764e+01,0.000000000000000000e+00
1.237313589170709349e+01,-3.399491147030882843e+01,0.000000000000000000e+00
1.310878425100494660e+01,-3.414955050372338974e+01,0.000000000000000000e+00
1.385695195102718458e+01,-3.429715960240868355e+01,0.000000000000000000e+00
1.461774749261367212e+01,-3.443725501348817630e+01,0.000000000000000000e+00
1.539126630564116560e+01,-3.456935011942290714e+01,0.000000000000000000e+00
1.617759101530113242e+01,-3.469295588948652664e+01,0.000000000000000000e+00
1.697679262609930717e+01,-3.480758313898648026e+01,0.000000000000000000e+00
1.778893173752348389e+01,-3.491274430977759380e+01,0.000000000000000000e+00
1.861405999239172360e+01,-3.500795525523549401e+01,0.000000000000000000e+00
1.945222173950194744e+01,-3.509273696419053579e+01,0.000000000000000000e+00
2.030345569686077312e+01,-3.516661683618661982e+01,0.000000000000000000e+00
2.116779762830867639e+01,-3.522913127934209143e+01,0.000000000000000000e+00
2.204527925381352915e+01,-3.527982159223013525e+01,0.000000000000000000e+00
2.293594426837536560e+01,-3.531825699087516313e+01,0.000000000000000000e+00
2.383979861079830442e+01,-3.534395491757386054e+01,0.000000000000000000e+00
2.475696610449333335e+01,-3.535661179511424734e+01,0.000000000000000000e+00
2.568627050007196289e+01,-3.535411832063112314e+01,0.000000000000000000e+00
2.662793512687599318e+01,-3.533646342056503897e+01,0.000000000000000000e+00
2.758268875860089153e+01,-3.530423166995728934e+01,0.000000000000000000e+00
2.855046305532250983e+01,-3.525688564477679421e+01,0.000000000000000000e+00
2.953154906944012481e+01,-3.519432969837747294e+01,0.000000000000000000e+00
3.052303049588131856e+01,-3.511272997510531724e+01,0.000000000000000000e+00
3.152686723296161375e+01,-3.501413330228561449e+01,0.000000000000000000e+00
3.254362806726554425e+01,-3.489876845001666084e+01,0.000000000000000000e+00
3.357270380041654079e+01,-3.476555250124325624e+01,0.000000000000000000e+00
3.461077843491295880e+01,-3.461077843491297301e+01,0.000000000000000000e+00
3.566172259503641584e+01,-3.443812520031049473e+01,0.000000000000000000e+00
3.672500502780304998e+01,-3.424662122690779853e+01,0.000000000000000000e+00
3.779571941267870727e+01,-3.403141861632227716e+01,0.000000000000000000e+00
3.887873986679352356e+01,-3.379677294921062014e+01,0.000000000000000000e+00
3.997006220768929552e+01,-3.353886445660504734e+01,0.000000000000000000e+00
4.102185699282532738e+01,-3.321884480479893398e+01,0.000000000000000000e+00
4.202613603553913890e+01,-3.283441602218277211e+01,0.000000000000000000e+00
4.297209298967550950e+01,-3.238179471376387397e+01,0.000000000000000000e+00
4.384747859276470194e+01,-3.185705794344821484e+01,0.000000000000000000e+00
4.465590408132531763e+01,-3.126840066331375212e+01,0.000000000000000000e+00
4.539728227797768767e+01,-3.062085353799574605e+01,0.000000000000000000e+00
4.606324162962054913e+01,-2.991381888156724855e+01,0.000000000000000000e+00
4.665243717716340655e+01,-2.915167818388478338e+01,0.000000000000000000e+00
4.716544365268055117e+01,-2.833985766985917820e+01,0.000000000000000000e+00
4.760566729714616230e+01,-2.748514482895913247e+01,0.000000000000000000e+00
4.797662107465401959e+01,-2.659387531980037522e+01,0.000000000000000000e+00
4.826087794895181560e+01,-2.566076398572116091e+01,0.000000000000000000e+00
4.843101828196765268e+01,-2.467683635959247823e+01,0.000000000000000000e+00
4.853199336503477923e+01,-2.367063475218959923e+01,0.000000000000000000e+00
4.854490217199947466e+01,-2.263685964718861854e+01,0.000000000000000000e+00
4.846831248218538946e+01,-2.157948304556670749e+01,0.000000000000000000e+00
4.832167025037543340e+01,-2.051133209846929262e+01,0.000000000000000000e+00
4.805197670592195891e+01,-1.941425879241253583e+01,0.000000000000000000e+00
4.768109688274924451e+01,-1.830305824432674200e+01,0.000000000000000000e+00
4.722803573095587382e+01,-1.718959922892857506e+01,0.000000000000000000e+00
4.668829878391674981e+01,-1.607607048882088208e+01,0.000000000000000000e+00
4.605061493305233000e+01,-1.496275181538591426e+01,0.000000000000000000e+00
4.531222245582338104e+01,-1.385333664982527146e+01,0.000000000000000000e+00
4.448020360096278836e+01,-1.275449314018842273e+01,0.000000000000000000e+00
4.356054346435913516e+01,-1.167201244313584674e+01,0.000000000000000000e+00
4.252475437808434577e+01,-1.060261208048457959e+01,0.000000000000000000e+00
4.142253894623893729e+01,-9.563146638346387007e+00,0.000000000000000000e+00
4.031930028133293575e+01,-8.570131836741307296e+00,0.000000000000000000e+00
3.921080499159450028e+01,-7.621808395804928971e+00,0.000000000000000000e+00
3.811911288722718893e+01,-6.721428082689944183e+00,0.000000000000000000e+00
3.704395871788140937e+01,-5.867186668936883009e+00,0.000000000000000000e+00
3.597028188335099230e+01,-5.055293440366472879e+00,0.000000000000000000e+00
3.491715831112446011e+01,-4.287287951208645254e+00,0.000000000000000000e+00
3.388377871243510953e+01,-3.561328649481897202e+00,0.000000000000000000e+00
3.285854508796279561e+01,-2.874750195152184329e+00,0.000000000000000000e+00
3.185300859283695374e+01,-2.227379341706313465e+00,0.000000000000000000e+00
3.086870102983010256e+01,-1.617760070325539257e+00,0.000000000000000000e+00
2.990593412261463158e+01,-1.044338231931213778e+00,0.000000000000000000e+00
2.896127292185174440e+01,-5.055208992547791658e-01,0.000000000000000000e+00
2.803600457666648538e+01,-6.866840653139031424e-15,0.000000000000000000e+00
