2.753103359345604417e+01,0.000000000000000000e+00,0.000000000000000000e+00
2.676121251636623199e+01,4.671187020310016980e-01,0.000000000000000000e+00
2.600833697648671006e+01,9.082311404195914095e-01,0.000000000000000000e+00
2.527314620738238560e+01,1.324509468224525977e+00,0.000000000000000000e+00
2.455633304635097502e+01,1.717146082954394970e+00,0.000000000000000000e+00
2.385774273541230173e+01,2.087282026666544610e+00,0.000000000000000000e+00
2.317640162333437459e+01,2.435937968830741873e+00,0.000000000000000000e+00
2.251715160677099092e+01,2.764758572821508498e+00,0.000000000000000000e+00
2.188696181813260111e+01,3.076011883019726945e+00,0.000000000000000000e+00
2.128833796973884063e+01,3.371741494776661519e+00,0.000000000000000000e+00
2.071846782282050725e+01,3.653224876103423391e+00,0.000000000000000000e+00
2.017504192903778204e+01,3.921630887032796053e+00,0.000000000000000000e+00
1.965599974380042170e+01,4.178011721729053107e+00,0.000000000000000000e+00
1.915940454725819819e+01,4.423297070868389191e+00,0.000000000000000000e+00
1.868356042295779673e+01,4.658334806255959748e+00,0.000000000000000000e+00
1.822691604590356107e+01,4.883887435009730105e+00,0.000000000000000000e+00
1.778807470552053616e+01,5.100648343340979274e+00,0.000000000000000000e+00
1.736575939557579318e+01,5.309245454056521929e+00,0.000000000000000000e+00
1.695881211970223390e+01,5.510252082404579532e+00,0.000000000000000000e+00
1.656617269621240851e+01,5.704190705831236663e+00,0.000000000000000000e+00
1.618687595050923278e+01,5.891541031744803369e+00,0.000000000000000000e+00
1.582002588397439524e+01,6.072738970187132601e+00,0.000000000000000000e+00
1.546482013604495087e+01,6.248192912785777153e+00,0.000000000000000000e+00
1.512049002457909630e+01,6.418267224182372388e+00,0.000000000000000000e+00
1.478635782977328539e+01,6.583310657051539394e+00,0.000000000000000000e+00
1.446176719638621755e+01,6.743632794129637453e+00,0.000000000000000000e+00
1.414613316224439643e+01,6.899530145418834692e+00,0.000000000000000000e+00
1.383892340618039896e+01,7.051283669053039382e+00,0.000000000000000000e+00
1.353961386549376300e+01,7.199140393337565058e+00,0.000000000000000000e+00
1.324771667855602786e+01,7.343329266005418354e+00,0.000000000000000000e+00
1.296275481893147230e+01,7.484049984149203638e+00,0.000000000000000000e+00
1.268430202588932509e+01,7.621497567208397328e+00,0.000000000000000000e+00
1.241207614677033355e+01,7.755925977681600081e+00,0.000000000000000000e+00
1.214581702169510002e+01,7.887585799476370951e+00,0.000000000000000000e+00
1.188518118573244919e+01,8.016655933991909677e+00,0.000000000000000000e+00
1.162955452833715064e+01,8.143101746762539506e+00,0.000000000000000000e+00
1.137827963247057461e+01,8.266804048527079729e+00,0.000000000000000000e+00
1.113073378468844687e+01,8.387609524067981326e+00,0.000000000000000000e+00
1.088643122822633380e+01,8.505412242567102155e+00,0.000000000000000000e+00
1.064495574634070785e+01,8.620115197454143896e+00,0.000000000000000000e+00
1.040590955056259403e+01,8.731594865941206152e+00,0.000000000000000000e+00
1.016909191748145602e+01,8.839856739500810079e+00,0.000000000000000000e+00
9.934566135327790093e+00,8.945123526593501850e+00,0.000000000000000000e+00
9.702405215823311835e+00,9.047639235575973160e+00,0.000000000000000000e+00
9.472661139846049849e+00,9.147642530300512220e+00,0.000000000000000000e+00
9.245307875015328136e+00,9.245307875015326360e+00,0.000000000000000000e+00
9.020284115987220019e+00,9.340777641108333640e+00,0.000000000000000000e+00
8.797524151584179108e+00,9.434189625845315064e+00,0.000000000000000000e+00
8.576990353285493640e+00,9.525712825928126293e+00,0.000000000000000000e+00
8.358726340684029310e+00,9.615614706928983679e+00,0.000000000000000000e+00
8.142777017084469549e+00,9.704183763803980511e+00,0.000000000000000000e+00
7.929171518123369289e+00,9.791711361409261016e+00,0.000000000000000000e+00
7.717856742457551711e+00,9.878406155973474156e+00,0.000000000000000000e+00
7.508656941664930251e+00,9.964324311760590192e+00,0.000000000000000000e+00
7.301386784287988263e+00,1.004949676426114635e+01,0.000000000000000000e+00
7.095864040368914161e+00,1.013394408536591129e+01,0.000000000000000000e+00
6.891927050217788953e+00,1.021770204249003733e+01,0.000000000000000000e+00
6.689444302529641284e+00,1.030084090885447168e+01,0.000000000000000000e+00
6.488286047982730231e+00,1.038342819688206120e+01,0.000000000000000000e+00
6.288321628834409260e+00,1.046552466529009173e+01,0.000000000000000000e+00
6.089421404129282678e+00,1.054718726064932710e+01,0.000000000000000000e+00
5.891458934141720505e+00,1.062847326541214166e+01,0.000000000000000000e+00
5.694307414001679390e+00,1.070943465533079042e+01,0.000000000000000000e+00
5.497839289379347960e+00,1.079011714691487889e+01,0.000000000000000000e+00
5.301928284300720051e+00,1.087056392907969382e+01,0.000000000000000000e+00
5.106455256189762260e+00,1.095082863617135693e+01,0.000000000000000000e+00
4.911301577040751098e+00,1.103096394976729755e+01,0.000000000000000000e+00
4.716346945879392294e+00,1.111101711049559349e+01,0.000000000000000000e+00
4.521470153186626817e+00,1.119103133426638763e+01,0.000000000000000000e+00
4.326554354988492612e+00,1.127105943798386178e+01,0.000000000000000000e+00
4.131483659369402872e+00,1.135115806296318297e+01,0.000000000000000000e+00
3.936139450057397404e+00,1.143137900690562248e+01,0.000000000000000000e+00
3.740400525020884270e+00,1.151176911829844940e+01,0.000000000000000000e+00
3.544144250967201426e+00,1.159237350356158203e+01,0.000000000000000000e+00
3.347246620353450108e+00,1.167323621091829011e+01,0.000000000000000000e+00
3.149581011304485312e+00,1.175439635674250738e+01,0.000000000000000000e+00
2.951018292914580510e+00,1.183588790373728550e+01,0.000000000000000000e+00
2.751432701812476900e+00,1.191776436761721847e+01,0.000000000000000000e+00
2.550706295311845118e+00,1.200012963736033988e+01,0.000000000000000000e+00
2.348714889017248897e+00,1.208309061466294310e+01,0.000000000000000000e+00
2.145326203770888451e+00,1.216674949659531357e+01,0.000000000000000000e+00
1.940393210439254501e+00,1.225116057147601012e+01,0.000000000000000000e+00
1.733743966709599071e+00,1.233622932709175402e+01,0.000000000000000000e+00
1.525208219615764360e+00,1.242182411534513875e+01,0.000000000000000000e+00
1.314623373419832486e+00,1.250780589475584037e+01,0.000000000000000000e+00
1.101831116864705251e+00,1.259398729457353205e+01,0.000000000000000000e+00
8.866740969492905577e-01,1.268003033894321163e+01,0.000000000000000000e+00
6.690145832212422983e-01,1.276555870852801355e+01,0.000000000000000000e+00
4.487385331990004222e-01,1.285019029449057015e+01,0.000000000000000000e+00
2.257578727090176485e-01,1.293365986534159262e+01,0.000000000000000000e+00
7.969987307295571680e-16,1.301597703573730413e+01,0.000000000000000000e+00
-2.286122398547374146e-01,1.309718644959990641e+01,0.000000000000000000e+00
-4.601623082203128989e-01,1.317732440944804750e+01,0.000000000000000000e+00
-6.947346606966378069e-01,1.325632702245508199e+01,0.000000000000000000e+00
-9.324063727892906162e-01,1.333403235289096145e+01,0.000000000000000000e+00
-1.173246673282705377e+00,1.341027083966206135e+01,0.000000000000000000e+00
-1.417319311053258479e+00,1.348489247336838304e+01,0.000000000000000000e+00
-1.664693212671746858e+00,1.355783822029670560e+01,0.000000000000000000e+00
-1.915440780474717553e+00,1.362906933440979351e+01,0.000000000000000000e+00
-2.169635470095203189e+00,1.369853923560627251e+01,0.000000000000000000e+00
-2.427343490955922611e+00,1.376614901022571047e+01,0.000000000000000000e+00
-2.688622166680021852e+00,1.383176196502050281e+01,0.000000000000000000e+00
-2.953523966583040838e+00,1.389523778225282413e+01,0.000000000000000000e+00
-3.222099210224978805e+00,1.395644499363953805e+01,0.000000000000000000e+00
-3.494397712949523616e+00,1.401526372128920706e+01,0.000000000000000000e+00
-3.770466269287611638e+00,1.407157168520603996e+01,0.000000000000000000e+00
-4.050347751917238170e+00,1.412524125261473529e+01,0.000000000000000000e+00
-4.334080476747714350e+00,1.417613847609126054e+01,0.000000000000000000e+00
-4.621698859886263833e+00,1.422412649485359992e+01,0.000000000000000000e+00
-4.913237250372595177e+00,1.426907706713415180e+01,0.000000000000000000e+00
-5.208732204550188705e+00,1.431087411598774040e+01,0.000000000000000000e+00
-5.508217710615070040e+00,1.434939772387604684e+01,0.000000000000000000e+00
-5.811713735611542475e+00,1.438449626283103910e+01,0.000000000000000000e+00
-6.119225146538374460e+00,1.441599103848063734e+01,0.000000000000000000e+00
-6.430750315843206444e+00,1.444370169317999952e+01,0.000000000000000000e+00
-6.746283374144936396e+00,1.446745138357239568e+01,0.000000000000000000e+00
-7.065813298470067672e+00,1.448706414973525369e+01,0.000000000000000000e+00
-7.389340525782223779e+00,1.450239734465514729e+01,0.000000000000000000e+00
-7.716905046903434595e+00,1.451338755227597765e+01,0.000000000000000000e+00
-8.048549819931338334e+00,1.451996823583735718e+01,0.000000000000000000e+00
-8.384242916834180548e+00,1.452193471495628962e+01,0.000000000000000000e+00
-8.723887068961134972e+00,1.451898625521501884e+01,0.000000000000000000e+00
-9.067401200750630608e+00,1.451087523022952119e+01,0.000000000000000000e+00
-9.414780137544408234e+00,1.449749007582207305e+01,0.000000000000000000e+00
-9.766031976527266067e+00,1.447873782564666101e+01,0.000000000000000000e+00
-1.012116656492111133e+01,1.445452385559702968e+01,0.000000000000000000e+00
-1.048019306504511405e+01,1.442474825777547132e+01,0.000000000000000000e+00
-1.084304932470336347e+01,1.438921245692228190e+01,0.000000000000000000e+00
-1.120956719180851735e+01,1.434759172766138491e+01,0.000000000000000000e+00
-1.157959362868686348e+01,1.429960724589681575e+01,0.000000000000000000e+00
-1.195308186150443142e+01,1.424512825102059388e+01,0.000000000000000000e+00
-1.233000718941708307e+01,1.418405073151332019e+01,0.000000000000000000e+00
-1.271035563860810846e+01,1.411628004016796289e+01,0.000000000000000000e+00
-1.309410614885907265e+01,1.404170971977827165e+01,0.000000000000000000e+00
-1.348109468139582745e+01,1.396008220566620928e+01,0.000000000000000000e+00
-1.387106752707399515e+01,1.387106752707399693e+01,0.000000000000000000e+00
-1.426417997949465999e+01,1.377475848802578717e+01,0.000000000000000000e+00
-1.466103437175052271e+01,1.367163573004015831e+01,0.000000000000000000e+00
-1.506224940350955066e+01,1.356211027914273082e+01,0.000000000000000000e+00
-1.546841680972101507e+01,1.344648958770406288e+01,0.000000000000000000e+00
-1.587986869940392864e+01,1.332479196881347505e+01,0.000000000000000000e+00
-1.629646872815273539e+01,1.319662017351983785e+01,0.000000000000000000e+00
-1.671808870075182085e+01,1.306160240456176247e+01,0.000000000000000000e+00
-1.714471102468592534e+01,1.291946643049410071e+01,0.000000000000000000e+00
-1.757630353920745137e+01,1.276993200636535697e+01,0.000000000000000000e+00
-1.801279411704267375e+01,1.261269422497279891e+01,0.000000000000000000e+00
-1.845410746740549968e+01,1.244745265749043561e+01,0.000000000000000000e+00
-1.890017200041780399e+01,1.227391520981029949e+01,0.000000000000000000e+00
-1.935090598140058660e+01,1.209178807945611211e+01,0.000000000000000000e+00
-1.980621804704750843e+01,1.190077643634380955e+01,0.000000000000000000e+00
-2.026602735005958777e+01,1.170059634596121789e+01,0.000000000000000000e+00
-2.073021045658903816e+01,1.149094329460814556e+01,0.000000000000000000e+00
-2.119831607897293679e+01,1.127134459453109727e+01,0.000000000000000000e+00
-2.166992401314661265e+01,1.104137777330864800e+01,0.000000000000000000e+00
-2.214523838496377905e+01,1.080095444190645715e+01,0.000000000000000000e+00
-2.262443223322289398e+01,1.054994601176063362e+01,0.000000000000000000e+00
-2.310735886842090636e+01,1.028805900993959099e+01,0.000000000000000000e+00
-2.359369360595341547e+01,1.001492875709281449e+01,0.000000000000000000e+00
-2.408297309479282333e+01,9.730152726378777928e+00,0.000000000000000000e+00
-2.457469515893894396e+01,9.433341643475600335e+00,0.000000000000000000e+00
-2.506859327493513234e+01,9.124221767002289596e+00,0.000000000000000000e+00
-2.556508350661735562e+01,8.802764187384548578e+00,0.000000000000000000e+00
-2.606417728752095897e+01,8.468764566821928241e+00,0.000000000000000000e+00
-2.656524289496394431e+01,8.121809813392168564e+00,0.000000000000000000e+00
-2.706740387485997701e+01,7.761453165586191361e+00,0.000000000000000000e+00
-2.757013694433791429e+01,7.387395929450812915e+00,0.000000000000000000e+00
-2.807421110152283816e+01,6.999686985340540346e+00,0.000000000000000000e+00
-2.857966992512162463e+01,6.598136698578478843e+00,0.000000000000000000e+00
-2.908545733909794251e+01,6.182304806598767577e+00,0.000000000000000000e+00
-2.959042417561504479e+01,5.751795798772275425e+00,0.000000000000000000e+00
-3.009608051051170818e+01,5.306751007577402923e+00,0.000000000000000000e+00
-3.061052604880685024e+01,4.848231036279916140e+00,0.000000000000000000e+00
-3.113919027594534583e+01,4.376327793337959626e+00,0.000000000000000000e+00
-3.168378454140802347e+01,3.890279572659022467e+00,0.000000000000000000e+00
-3.224536373033539860e+01,3.389124295740491011e+00,0.000000000000000000e+00
-3.282501392110544458e+01,2.871816598177380442e+00,0.000000000000000000e+00
-3.342403963936152422e+01,2.337236534254078180e+00,0.000000000000000000e+00
-3.404369621841824767e+01,1.784154517393767181e+00,0.000000000000000000e+00
-3.468580935583688074e+01,1.211255153149876973e+00,0.000000000000000000e+00
-3.535149533687792456e+01,6.170626464147825896e-01,0.000000000000000000e+00
-3.603966720997755147e+01,4.413586309103483119e-15,0.000000000000000000e+00
-3.603419795253872593e+01,-6.289792648977970968e-01,0.000000000000000000e+00
-3.637416648336640179e+01,-1.270213883220091322e+00,0.000000000000000000e+00
-3.669645665273962010e+01,-1.923179800726457112e+00,0.000000000000000000e+00
-3.700069788412395866e+01,-2.587340842721762346e+00,0.000000000000000000e+00
-3.728657662409143825e+01,-3.262152756298710710e+00,0.000000000000000000e+00
-3.755391936103865902e+01,-3.947075975670833792e+00,0.000000000000000000e+00
-3.780259053719218798e+01,-4.641574480101448685e+00,0.000000000000000000e+00
-3.803245537462755976e+01,-5.345113024131614488e+00,0.000000000000000000e+00
-3.824335689497137736e+01,-6.057152677941532559e+00,0.000000000000000000e+00
-3.843514656654554784e+01,-6.777153347166305686e+00,0.000000000000000000e+00
-3.860768984289680361e+01,-7.504574686755431934e+00,0.000000000000000000e+00
-3.876083278492539819e+01,-8.238869344230398184e+00,0.000000000000000000e+00
-3.889438090792443603e+01,-8.979475365161151856e+00,0.000000000000000000e+00
-3.900815028947072705e+01,-9.725824206280366369e+00,0.000000000000000000e+00
-3.910197293972314725e+01,-1.047734207166241305e+01,0.000000000000000000e+00
-3.917569695187823697e+01,-1.123345033483647448e+01,0.000000000000000000e+00
-3.922918664199813321e+01,-1.199356596512705053e+01,0.000000000000000000e+00
-3.926232267809560739e+01,-1.275710195796518676e+01,0.000000000000000000e+00
-3.927500219836784368e+01,-1.352346776891036129e+01,0.000000000000000000e+00
-3.926713891847609261e+01,-1.429206975112125200e+01,0.000000000000000000e+00
-3.923869128368678361e+01,-1.506232236566501470e+01,0.000000000000000000e+00
-3.918972233970291796e+01,-1.583367560843789867e+01,0.000000000000000000e+00
-3.912024550241221021e+01,-1.660555901971103054e+01,0.000000000000000000e+00
-3.903026672302054578e+01,-1.737739434033192509e+01,0.000000000000000000e+00
-3.891980760502394787e+01,-1.814860434014181223e+01,0.000000000000000000e+00
-3.878890535905224368e+01,-1.891861321840674393e+01,0.000000000000000000e+00
-3.863761274797003864e+01,-1.968684700280108402e+01,0.000000000000000000e+00
-3.846599802227506615e+01,-2.045273394671544764e+01,0.000000000000000000e+00
-3.827414484918504201e+01,-2.121570492651763828e+01,0.000000000000000000e+00
-3.806215501894294562e+01,-2.197519544612397624e+01,0.000000000000000000e+00
-3.783015323545119912e+01,-2.273064929096067033e+01,0.000000000000000000e+00
-3.757828022947942515e+01,-2.348151561286189803e+01,0.000000000000000000e+00
-3.730669343208678868e+01,-2.422724999188885775e+01,0.000000000000000000e+00
-3.701565772935492049e+01,-2.496737639497408523e+01,0.000000000000000000e+00
-3.670557189381706564e+01,-2.570151813434914700e+01,0.000000000000000000e+00
-3.637682837554140036e+01,-2.642931284878299181e+01,0.000000000000000000e+00
-3.602940240495718172e+01,-2.715010210503881893e+01,0.000000000000000000e+00
-3.566287274004196917e+01,-2.786288987173299248e+01,0.000000000000000000e+00
-3.527707928535122051e+01,-2.856681554303175830e+01,0.000000000000000000e+00
-3.487272436233664052e+01,-2.926169015058361822e+01,0.000000000000000000e+00
-3.445061835721646304e+01,-2.994746564749652507e+01,0.000000000000000000e+00
-3.401116045328490145e+01,-3.062378642340048174e+01,0.000000000000000000e+00
-3.355451120763469675e+01,-3.129008790909459137e+01,0.000000000000000000e+00
-3.308030036397504858e+01,-3.194527472873707907e+01,0.000000000000000000e+00
-3.258840232950751670e+01,-3.258840232950750249e+01,0.000000000000000000e+00
-3.208006315985459622e+01,-3.321987787034549200e+01,0.000000000000000000e+00
-3.155625482925156078e+01,-3.383994028445462021e+01,0.000000000000000000e+00
-3.101706055030739506e+01,-3.444793562038621815e+01,0.000000000000000000e+00
-3.046204792718009813e+01,-3.504257755468018587e+01,0.000000000000000000e+00
-2.989119643389629033e+01,-3.562294073703512254e+01,0.000000000000000000e+00
-2.930602059200301568e+01,-3.618992149842221551e+01,0.000000000000000000e+00
-2.870700632603704960e+01,-3.674329253232491510e+01,0.000000000000000000e+00
-2.809382659421208217e+01,-3.728176710135090843e+01,0.000000000000000000e+00
-2.746640126491345413e+01,-3.780425812143343478e+01,0.000000000000000000e+00
-2.682626395357140581e+01,-3.831187539363081385e+01,0.000000000000000000e+00
-2.617418401255151039e+01,-3.880482359967899697e+01,0.000000000000000000e+00
-2.550959772948068505e+01,-3.928133578463134512e+01,0.000000000000000000e+00
-2.483229473410551336e+01,-3.973997869831329410e+01,0.000000000000000000e+00
-2.414388792739070055e+01,-4.018217730172668212e+01,0.000000000000000000e+00
-2.344509762883271264e+01,-4.060810028155082563e+01,0.000000000000000000e+00
-2.273616909724020729e+01,-4.101713482334772465e+01,0.000000000000000000e+00
-2.201746183907636478e+01,-4.140882318050384470e+01,0.000000000000000000e+00
-2.128892719449786597e+01,-4.178187216285579098e+01,0.000000000000000000e+00
-2.055105832536047217e+01,-4.213591383300671822e+01,0.000000000000000000e+00
-1.980490580192179451e+01,-4.247175755226113125e+01,0.000000000000000000e+00
-1.905103041324318269e+01,-4.278931488891183932e+01,0.000000000000000000e+00
-1.828986001472382483e+01,-4.308820998627237486e+01,0.000000000000000000e+00
-1.752192916859839400e+01,-4.336829653168938137e+01,0.000000000000000000e+00
-1.674767305147937790e+01,-4.362917992547593826e+01,0.000000000000000000e+00
-1.596828326282274269e+01,-4.387249769206057692e+01,0.000000000000000000e+00
-1.518563287613768331e+01,-4.410228018327065058e+01,0.000000000000000000e+00
-1.440051380546843873e+01,-4.432022426595515441e+01,0.000000000000000000e+00
-1.361308091770800033e+01,-4.452638136532164737e+01,0.000000000000000000e+00
-1.282346302067848676e+01,-4.472073015837398202e+01,0.000000000000000000e+00
-1.203167509457531992e+01,-4.490282275311619742e+01,0.000000000000000000e+00
-1.123794883491538066e+01,-4.507295091912995133e+01,0.000000000000000000e+00
-1.044246466189773415e+01,-4.523128375107482668e+01,0.000000000000000000e+00
-9.645353198008359996e+00,-4.537781907190431951e+01,0.000000000000000000e+00
-8.846743372577968501e+00,-4.551254914565456033e+01,0.000000000000000000e+00
-8.046764603642476033e+00,-4.563546980338087877e+01,0.000000000000000000e+00
-7.245545916686361387e+00,-4.574657650612602566e+01,0.000000000000000000e+00
-6.443216237931917334e+00,-4.584586573415522537e+01,0.000000000000000000e+00
-5.639904303204673397e+00,-4.593333446592363600e+01,0.000000000000000000e+00
-4.835738689622366415e+00,-4.600898029845200199e+01,0.000000000000000000e+00
-4.030847816577230347e+00,-4.607280136794906156e+01,0.000000000000000000e+00
-3.225359959315519109e+00,-4.612479633593301287e+01,0.000000000000000000e+00
-2.419403262799108667e+00,-4.616496436020499061e+01,0.000000000000000000e+00
-1.613105758580424931e+00,-4.619330507483786619e+01,0.000000000000000000e+00
-8.065953834971302250e-01,-4.620981857209831389e+01,0.000000000000000000e+00
-8.489466914840254915e-15,-4.621450538909641637e+01,0.000000000000000000e+00
8.065525823527139870e-01,-4.620736649617793290e+01,0.000000000000000000e+00
1.612934584680275174e+00,-4.618840329567823488e+01,0.000000000000000000e+00
2.419018235564030395e+00,-4.615761760290428128e+01,0.000000000000000000e+00
3.224675751019673520e+00,-4.611501170144429551e+01,0.000000000000000000e+00
4.029779300926762176e+00,-4.606058817817808659e+01,0.000000000000000000e+00
4.834201030788990217e+00,-4.599435045190515581e+01,0.000000000000000000e+00
5.637812890831567891e+00,-4.591630127903311376e+01,0.000000000000000000e+00
6.440487085665726141e+00,-4.582644680675242910e+01,0.000000000000000000e+00
7.242094841346290224e+00,-4.572478727397051301e+01,0.000000000000000000e+00
8.042480487841444869e+00,-4.561117337532546401e+01,0.000000000000000000e+00
8.841477595789895005e+00,-4.548545907253257781e+01,0.000000000000000000e+00
9.639001607150836648e+00,-4.534793718631320303e+01,0.000000000000000000e+00
1.043492480722216165e+01,-4.519862505245206563e+01,0.000000000000000000e+00
1.122911543036226689e+01,-4.503752206857019047e+01,0.000000000000000000e+00
1.202144352460602050e+01,-4.486463801414947028e+01,0.000000000000000000e+00
1.281177795192436086e+01,-4.467997948082347648e+01,0.000000000000000000e+00
1.359998769255764550e+01,-4.448355535555425178e+01,0.000000000000000000e+00
1.438594136336796936e+01,-4.427537490080614191e+01,0.000000000000000000e+00
1.516950742575159872e+01,-4.405544847485201387e+01,0.000000000000000000e+00
1.595055416171908469e+01,-4.382378738711121002e+01,0.000000000000000000e+00
1.672894970648049551e+01,-4.358040394416502750e+01,0.000000000000000000e+00
1.750456218916587048e+01,-4.332531174921243178e+01,0.000000000000000000e+00
1.827725944368181388e+01,-4.305852490117236897e+01,0.000000000000000000e+00
1.904691017321085766e+01,-4.278006067828186332e+01,0.000000000000000000e+00
1.981338079752687520e+01,-4.248993223898756355e+01,0.000000000000000000e+00
2.057654358363758718e+01,-4.218816635595596409e+01,0.000000000000000000e+00
2.133617824138232066e+01,-4.187460756386736449e+01,0.000000000000000000e+00
2.209182573503619196e+01,-4.154868132770178590e+01,0.000000000000000000e+00
2.284368962161061134e+01,-4.121110698398381089e+01,0.000000000000000000e+00
2.359167242153068500e+01,-4.086197526961263549e+01,0.000000000000000000e+00
2.433561873544277177e+01,-4.050127095170228131e+01,0.000000000000000000e+00
2.507540509927586569e+01,-4.012903661006323119e+01,0.000000000000000000e+00
2.581090454130045586e+01,-3.974530758751131998e+01,0.000000000000000000e+00
2.654196429460296969e+01,-3.935008029083720515e+01,0.000000000000000000e+00
2.726851678077904140e+01,-3.894347788728349258e+01,0.000000000000000000e+00
2.799033107912975993e+01,-3.852538564531661791e+01,0.000000000000000000e+00
2.870656834246117839e+01,-3.809490286535554304e+01,0.000000000000000000e+00
2.941758670508519558e+01,-3.765279394248813816e+01,0.000000000000000000e+00
3.012346222933972584e+01,-3.719937785200264102e+01,0.000000000000000000e+00
3.082406566469383691e+01,-3.673469099425872741e+01,0.000000000000000000e+00
3.151927728122446482e+01,-3.625878080275956705e+01,0.000000000000000000e+00
3.220898207242635181e+01,-3.577169857954586263e+01,0.000000000000000000e+00
3.289272052167374483e+01,-3.527312427502972980e+01,0.000000000000000000e+00
3.356954150130276560e+01,-3.476227784464967385e+01,0.000000000000000000e+00
3.424026130011727531e+01,-3.424026130011729663e+01,0.000000000000000000e+00
3.490493758164237192e+01,-3.370730640793364330e+01,0.000000000000000000e+00
3.556357266499239245e+01,-3.316356802705834639e+01,0.000000000000000000e+00
3.621571454834143822e+01,-3.260877584646274130e+01,0.000000000000000000e+00
3.685953994121251753e+01,-3.204150923290353603e+01,0.000000000000000000e+00
3.749646132086521533e+01,-3.146326686479116574e+01,0.000000000000000000e+00
3.812702161330144435e+01,-3.087465333573248216e+01,0.000000000000000000e+00
3.875048965268182855e+01,-3.027520058573763606e+01,0.000000000000000000e+00
3.936559143463438204e+01,-2.966410086026060000e+01,0.000000000000000000e+00
3.996874854296413559e+01,-2.903899560761575671e+01,0.000000000000000000e+00
4.054351537554401830e+01,-2.838887509147721389e+01,0.000000000000000000e+00
4.107430762103123811e+01,-2.770497031379139941e+01,0.000000000000000000e+00
4.155581440433149965e+01,-2.698666141567935384e+01,0.000000000000000000e+00
4.198619392664349448e+01,-2.623588578808112359e+01,0.000000000000000000e+00
4.236474806677068727e+01,-2.545530874834649993e+01,0.000000000000000000e+00
4.269098562925490370e+01,-2.464765204502079499e+01,0.000000000000000000e+00
4.296445444727126528e+01,-2.381558599085262173e+01,0.000000000000000000e+00
4.318411930061186155e+01,-2.296140353012982871e+01,0.000000000000000000e+00
4.334869841871524443e+01,-2.208726504679433233e+01,0.000000000000000000e+00
4.345697456046600848e+01,-2.119538269361684968e+01,0.000000000000000000e+00
4.350779857621053992e+01,-2.028801966555214875e+01,0.000000000000000000e+00
4.350009115167104312e+01,-1.936748839425998270e+01,0.000000000000000000e+00
4.343282850089920544e+01,-1.843614189538252290e+01,0.000000000000000000e+00
4.330499507026409844e+01,-1.749635371804889061e+01,0.000000000000000000e+00
4.311575552749215490e+01,-1.655058789038369582e+01,0.000000000000000000e+00
4.286485042119421962e+01,-1.560152964958777488e+01,0.000000000000000000e+00
4.255223676552746781e+01,-1.465191012561086126e+01,0.000000000000000000e+00
4.217811414589017005e+01,-1.370450003595949440e+01,0.000000000000000000e+00
4.174488804101584094e+01,-1.276269306819523131e+01,0.000000000000000000e+00
4.125598773235591210e+01,-1.182996411717507357e+01,0.000000000000000000e+00
4.070409899262152464e+01,-1.090663045370940942e+01,0.000000000000000000e+00
4.007902294936133814e+01,-9.992822747870274469e+00,0.000000000000000000e+00
3.939469930046508495e+01,-9.094982967433873355e+00,0.000000000000000000e+00
3.865381096940367200e+01,-8.216121155099450846e+00,0.000000000000000000e+00
3.785076491961591216e+01,-7.357443386174045585e+00,0.000000000000000000e+00
3.698670236163135883e+01,-6.521753553789144675e+00,0.000000000000000000e+00
3.608307161460691503e+01,-5.714997102869688206e+00,0.000000000000000000e+00
3.517677074296342710e+01,-4.943772722350758819e+00,0.000000000000000000e+00
3.427943047133565102e+01,-4.208984818424617025e+00,0.000000000000000000e+00
3.339176245081724659e+01,-3.509615656566275721e+00,0.000000000000000000e+00
3.251481697902140411e+01,-2.844677882284608827e+00,0.000000000000000000e+00
3.164945730063894302e+01,-2.213145648775924901e+00,0.000000000000000000e+00
3.079657175742764608e+01,-1.613979935337624960e+00,0.000000000000000000e+00
2.995702370350253219e+01,-1.046122319408830048e+00,0.000000000000000000e+00
2.913166508003243038e+01,-5.084951054390822733e-01,0.000000000000000000e+00
2.832133162273916227e+01,-6.936725623875646225e-15,0.000000000000000000e+00
