3.003296282078486357e+01,0.000000000000000000e+00,0.000000000000000000e+00
2.922797982459072941e+01,5.101762855588648504e-01,0.000000000000000000e+00
2.843700018492755888e+01,9.930419284946427894e-01,0.000000000000000000e+00
2.766062188798640520e+01,1.449631766737249805e+00,0.000000000000000000e+00
2.689944968821630056e+01,1.880992759731821007e+00,0.000000000000000000e+00
2.615409175784930085e+01,2.288186533628619568e+00,0.000000000000000000e+00
2.542515328218869186e+01,2.672291292237046090e+00,0.000000000000000000e+00
2.471322831837881751e+01,3.034402887565370133e+00,0.000000000000000000e+00
2.401888878910682124e+01,3.375634679044984487e+00,0.000000000000000000e+00
2.334267556727538206e+01,3.697116605400138756e+00,0.000000000000000000e+00
2.268507367981616341e+01,3.999990549111051230e+00,0.000000000000000000e+00
2.204653929994608319e+01,4.285413124540379037e+00,0.000000000000000000e+00
2.142737117521756574e+01,4.554528342631586568e+00,0.000000000000000000e+00
2.082743440769428034e+01,4.808392107490692347e+00,0.000000000000000000e+00
2.024712183478401784e+01,5.048174450389255163e+00,0.000000000000000000e+00
1.969133657545064509e+01,5.276277733281428794e+00,0.000000000000000000e+00
1.916087234105406623e+01,5.494291730910820348e+00,0.000000000000000000e+00
1.865316871730205150e+01,5.702845983304122512e+00,0.000000000000000000e+00
1.816663548943216355e+01,5.902697684800233269e+00,0.000000000000000000e+00
1.769973917866413160e+01,6.094508947239000385e+00,0.000000000000000000e+00
1.725100004086412397e+01,6.278850526199581061e+00,0.000000000000000000e+00
1.681912949206274277e+01,6.456258912606367417e+00,0.000000000000000000e+00
1.640295559315812568e+01,6.627224240845354331e+00,0.000000000000000000e+00
1.600140027442608925e+01,6.792191440583331463e+00,0.000000000000000000e+00
1.561345536933606049e+01,6.951558207212997331e+00,0.000000000000000000e+00
1.523818027783459250e+01,7.105680159900735759e+00,0.000000000000000000e+00
1.487484893983901912e+01,7.254948577953844513e+00,0.000000000000000000e+00
1.452278400218288290e+01,7.399728046622732869e+00,0.000000000000000000e+00
1.418097840267344267e+01,7.540159966889200760e+00,0.000000000000000000e+00
1.384822828714661114e+01,7.676198286149642058e+00,0.000000000000000000e+00
1.352256713430359270e+01,7.807257775124964994e+00,0.000000000000000000e+00
1.320147767650664150e+01,7.932248048784300565e+00,0.000000000000000000e+00
1.288344071686971759e+01,8.050467251112619849e+00,0.000000000000000000e+00
1.256861347997477019e+01,8.162153029860203191e+00,0.000000000000000000e+00
1.225729588175034657e+01,8.267650465698210382e+00,0.000000000000000000e+00
1.194971278345204801e+01,8.367278970414055550e+00,0.000000000000000000e+00
1.164605196681403498e+01,8.461352037250874147e+00,0.000000000000000000e+00
1.134639138042375528e+01,8.550119178769755024e+00,0.000000000000000000e+00
1.105070117172235200e+01,8.633753988287612202e+00,0.000000000000000000e+00
1.075916294648546057e+01,8.712598364607272217e+00,0.000000000000000000e+00
1.047288368623478583e+01,8.787792838482161528e+00,0.000000000000000000e+00
1.019313570240820788e+01,8.860757682864543128e+00,0.000000000000000000e+00
9.920390385459754157e+00,8.932359624081369631e+00,0.000000000000000000e+00
9.654057848214261384e+00,9.002554585905487627e+00,0.000000000000000000e+00
9.393499113690584323e+00,9.071196650251195592e+00,0.000000000000000000e+00
9.138294310976828427e+00,9.138294310976828427e+00,0.000000000000000000e+00
8.888192416735634538e+00,9.203992682333209885e+00,0.000000000000000000e+00
8.642945823894725876e+00,9.268424663983203970e+00,0.000000000000000000e+00
8.402287202074557371e+00,9.331685319813164625e+00,0.000000000000000000e+00
8.165937263645725253e+00,9.393836243446820333e+00,0.000000000000000000e+00
7.933621964279380379e+00,9.454922478214283998e+00,0.000000000000000000e+00
7.705094528782046481e+00,9.514999324426728577e+00,0.000000000000000000e+00
7.480135272348597653e+00,9.574136549514884464e+00,0.000000000000000000e+00
7.258528284140180808e+00,9.632392372053505625e+00,0.000000000000000000e+00
7.040065686887621688e+00,9.689819130361591704e+00,0.000000000000000000e+00
6.824554875079545724e+00,9.746474441747031037e+00,0.000000000000000000e+00
6.611807402452445359e+00,9.802407586199601397e+00,0.000000000000000000e+00
6.401638364242698387e+00,9.857658628108625365e+00,0.000000000000000000e+00
6.193876551886186022e+00,9.912274514601184805e+00,0.000000000000000000e+00
5.988359422398252363e+00,9.966303719637807035e+00,0.000000000000000000e+00
5.784926143816647048e+00,1.001978599912393264e+01,0.000000000000000000e+00
5.583420403801460985e+00,1.007275704621468826e+01,0.000000000000000000e+00
5.383696654556606731e+00,1.012526077962112048e+01,0.000000000000000000e+00
5.185612292361368780e+00,1.017733716246506681e+01,0.000000000000000000e+00
4.989025831545315093e+00,1.022901882815570218e+01,0.000000000000000000e+00
4.793800679655405794e+00,1.028033873306444335e+01,0.000000000000000000e+00
4.599807454306354515e+00,1.033133669525081011e+01,0.000000000000000000e+00
4.406917728773895426e+00,1.038204755732261653e+01,0.000000000000000000e+00
4.215003634063046789e+00,1.043250008177136046e+01,0.000000000000000000e+00
4.023941365562303751e+00,1.048272564839539811e+01,0.000000000000000000e+00
3.833611471644378099e+00,1.053276095330513051e+01,0.000000000000000000e+00
3.643894415801112618e+00,1.058263779947177419e+01,0.000000000000000000e+00
3.454670576842418850e+00,1.063238276071164812e+01,0.000000000000000000e+00
3.265823136896239376e+00,1.068202615882315243e+01,0.000000000000000000e+00
3.077237655110465653e+00,1.073160304556336619e+01,0.000000000000000000e+00
2.888798786902451177e+00,1.078114384556328709e+01,0.000000000000000000e+00
2.700390381114398330e+00,1.083067425367721270e+01,0.000000000000000000e+00
2.511897726130771780e+00,1.088022439940467123e+01,0.000000000000000000e+00
2.323206892073417684e+00,1.092982909499645672e+01,0.000000000000000000e+00
2.134202232181094505e+00,1.097951866446004665e+01,0.000000000000000000e+00
1.944766510780039148e+00,1.102931895598820056e+01,0.000000000000000000e+00
1.754782572258721807e+00,1.107926112352386916e+01,0.000000000000000000e+00
1.564132504709923488e+00,1.112938106580994635e+01,0.000000000000000000e+00
1.372695792833191542e+00,1.117971007705675746e+01,0.000000000000000000e+00
1.180349480670805695e+00,1.123027514245440628e+01,0.000000000000000000e+00
9.869692518490091881e-01,1.128111016985141291e+01,0.000000000000000000e+00
7.924283509328114983e-01,1.133225337904671193e+01,0.000000000000000000e+00
5.965964239205966413e-01,1.138373791223872011e+01,0.000000000000000000e+00
3.993397103874712917e-01,1.143559309258175638e+01,0.000000000000000000e+00
2.005213072328808077e-01,1.148785799752155512e+01,0.000000000000000000e+00
7.066563609968132123e-16,1.154057417189698853e+01,0.000000000000000000e+00
-2.023701341370411355e-01,1.159377721992274957e+01,0.000000000000000000e+00
-4.067397030432327587e-01,1.164750115656397256e+01,0.000000000000000000e+00
-6.132649846910442903e-01,1.170179299868741118e+01,0.000000000000000000e+00
-8.221084148365929156e-01,1.175669806741258938e+01,0.000000000000000000e+00
-1.033438391782682375e+00,1.181225486975761818e+01,0.000000000000000000e+00
-1.247430451820497943e+00,1.186850794991578262e+01,0.000000000000000000e+00
-1.464268878390949657e+00,1.192551300931770619e+01,0.000000000000000000e+00
-1.684145641156854056e+00,1.198331890317282777e+01,0.000000000000000000e+00
-1.907260804338821281e+00,1.204197079227455980e+01,0.000000000000000000e+00
-2.133826447371692137e+00,1.210153113719852769e+01,0.000000000000000000e+00
-2.364065240770820697e+00,1.216206132842334497e+01,0.000000000000000000e+00
-2.598209402950234725e+00,1.222361418784972464e+01,0.000000000000000000e+00
-2.836506020282071994e+00,1.228625739411356932e+01,0.000000000000000000e+00
-3.079217323232430026e+00,1.235006613023390898e+01,0.000000000000000000e+00
-3.326617235945867890e+00,1.241510454188431822e+01,0.000000000000000000e+00
-3.578998193944352479e+00,1.248144999604206618e+01,0.000000000000000000e+00
-3.836673203063283744e+00,1.254919259250748098e+01,0.000000000000000000e+00
-4.099969924095860030e+00,1.261840993830350577e+01,0.000000000000000000e+00
-4.369240703541350079e+00,1.268919637840876469e+01,0.000000000000000000e+00
-4.644863434587177764e+00,1.276165740297871487e+01,0.000000000000000000e+00
-4.927235232405283050e+00,1.283588662311302464e+01,0.000000000000000000e+00
-5.216789317908646417e+00,1.291200665779825485e+01,0.000000000000000000e+00
-5.513987498384773644e+00,1.299014049319236896e+01,0.000000000000000000e+00
-5.819321181474983895e+00,1.307040937275254855e+01,0.000000000000000000e+00
-6.133325227855860540e+00,1.315295839687276391e+01,0.000000000000000000e+00
-6.456565970770889784e+00,1.323792201328170925e+01,0.000000000000000000e+00
-6.789677695126803414e+00,1.332549277344986294e+01,0.000000000000000000e+00
-7.133344276461588862e+00,1.341586936716810108e+01,0.000000000000000000e+00
-7.488267650773670958e+00,1.350919244624986248e+01,0.000000000000000000e+00
-7.855170100836967428e+00,1.360555371674557712e+01,0.000000000000000000e+00
-8.234995916564981755e+00,1.370533474117939932e+01,0.000000000000000000e+00
-8.628945619746176021e+00,1.380919962449733340e+01,0.000000000000000000e+00
-9.036725051062951763e+00,1.391533629375738634e+01,0.000000000000000000e+00
-9.456141237338096417e+00,1.401930591122123460e+01,0.000000000000000000e+00
-9.886213016602365400e+00,1.411897541388862365e+01,0.000000000000000000e+00
-1.032705921686923745e+01,1.421397759773401859e+01,0.000000000000000000e+00
-1.077852690677753245e+01,1.430358831633537697e+01,0.000000000000000000e+00
-1.124072382396792058e+01,1.438747039828113117e+01,0.000000000000000000e+00
-1.171469814304518664e+01,1.446644742651295346e+01,0.000000000000000000e+00
-1.219986326121486542e+01,1.453923087071093256e+01,0.000000000000000000e+00
-1.269478210804620311e+01,1.460367627365087451e+01,0.000000000000000000e+00
-1.320148269502852045e+01,1.466173189539969535e+01,0.000000000000000000e+00
-1.372001712581572797e+01,1.471291706672757016e+01,0.000000000000000000e+00
-1.424820329724676249e+01,1.475444643134977873e+01,0.000000000000000000e+00
-1.478695095192285613e+01,1.478695095192285791e+01,0.000000000000000000e+00
-1.533090697771318034e+01,1.480488477598905739e+01,0.000000000000000000e+00
-1.587145312596430990e+01,1.480036947888846655e+01,0.000000000000000000e+00
-1.640537806310451430e+01,1.477146875625437339e+01,0.000000000000000000e+00
-1.693551048216352228e+01,1.472181466029243957e+01,0.000000000000000000e+00
-1.746063897692807032e+01,1.465121572565999131e+01,0.000000000000000000e+00
-1.797483737917412583e+01,1.455573630893200843e+01,0.000000000000000000e+00
-1.848296182459079873e+01,1.444047240882516547e+01,0.000000000000000000e+00
-1.898428458842301225e+01,1.430568453991021194e+01,0.000000000000000000e+00
-1.947329728419272499e+01,1.414817863745731508e+01,0.000000000000000000e+00
-1.995370500861227825e+01,1.397173466224316840e+01,0.000000000000000000e+00
-2.042536640668735259e+01,1.377708360093781081e+01,0.000000000000000000e+00
-2.088356447160539986e+01,1.356194534089029524e+01,0.000000000000000000e+00
-2.132911094925000128e+01,1.332790773565998599e+01,0.000000000000000000e+00
-2.176324475545057524e+01,1.307667671580834501e+01,0.000000000000000000e+00
-2.218477109475366404e+01,1.280838356346625595e+01,0.000000000000000000e+00
-2.259266802576681599e+01,1.252332038315010898e+01,0.000000000000000000e+00
-2.298629342461589076e+01,1.222202901280651410e+01,0.000000000000000000e+00
-2.336497548878923780e+01,1.190504963835165064e+01,0.000000000000000000e+00
-2.372807039792638761e+01,1.157295319685362323e+01,0.000000000000000000e+00
-2.407532630723389389e+01,1.122650902964366892e+01,0.000000000000000000e+00
-2.440667198572903018e+01,1.086655048096282350e+01,0.000000000000000000e+00
-2.472158060246602673e+01,1.049368838264271098e+01,0.000000000000000000e+00
-2.501918931253809575e+01,1.010840863140006540e+01,0.000000000000000000e+00
-2.529887033722754452e+01,9.711326449485953916e+00,0.000000000000000000e+00
-2.556049095042526886e+01,9.303257879185435897e+00,0.000000000000000000e+00
-2.580400066760511280e+01,8.885029963201406034e+00,0.000000000000000000e+00
-2.602917939449812224e+01,8.457393062052155130e+00,0.000000000000000000e+00
-2.623559149146648295e+01,8.021025265157089024e+00,0.000000000000000000e+00
-2.642280747234520177e+01,7.576618121488351676e+00,0.000000000000000000e+00
-2.659043290349137223e+01,7.124885022884474672e+00,0.000000000000000000e+00
-2.673818876377490383e+01,6.666579204115970825e+00,0.000000000000000000e+00
-2.686585763622012379e+01,6.202471955511029478e+00,0.000000000000000000e+00
-2.697324688475101695e+01,5.733340614899310239e+00,0.000000000000000000e+00
-2.706018870090395012e+01,5.259967845006710441e+00,0.000000000000000000e+00
-2.712654023313563556e+01,4.783140936375503749e+00,0.000000000000000000e+00
-2.717218369817817702e+01,4.303651107431442746e+00,0.000000000000000000e+00
-2.719702647438293042e+01,3.822292802132824185e+00,0.000000000000000000e+00
-2.720100117700524933e+01,3.339862985637982451e+00,0.000000000000000000e+00
-2.718411068590440038e+01,2.857165165019492914e+00,0.000000000000000000e+00
-2.714656370127321239e+01,2.375016577545766783e+00,0.000000000000000000e+00
-2.708864054151525380e+01,1.894222272951895381e+00,0.000000000000000000e+00
-2.701064754345119212e+01,1.415568054749208660e+00,0.000000000000000000e+00
-2.691291622077771706e+01,9.398197436964897955e-01,0.000000000000000000e+00
-2.679580240351018006e+01,4.677224707569569429e-01,0.000000000000000000e+00
-2.665968535931203220e+01,3.264869834155703245e-15,0.000000000000000000e+00
-2.672275368269421847e+01,-4.664474005921846467e-01,0.000000000000000000e+00
-2.663374367768771478e+01,-9.300708236708240539e-01,0.000000000000000000e+00
-2.654386101032828194e+01,-1.391104809149000365e+00,0.000000000000000000e+00
-2.645323640838600454e+01,-1.849790487626418400e+00,0.000000000000000000e+00
-2.636198950441276168e+01,-2.306375229625502232e+00,0.000000000000000000e+00
-2.627022859231561114e+01,-2.761112286449829423e+00,0.000000000000000000e+00
-2.617805039394705346e+01,-3.214260422914904325e+00,0.000000000000000000e+00
-2.608553983595535541e+01,-3.666083542207651202e+00,0.000000000000000000e+00
-2.599276983713158629e+01,-4.116850303138571476e+00,0.000000000000000000e+00
-2.589980110648394174e+01,-4.566833730056077734e+00,0.000000000000000000e+00
-2.580668195226320449e+01,-5.016310815699699610e+00,0.000000000000000000e+00
-2.571344810215619248e+01,-5.465562117274869181e+00,0.000000000000000000e+00
-2.562012253485784186e+01,-5.914871346037906541e+00,0.000000000000000000e+00
-2.552665856806992650e+01,-6.364510800036635274e+00,0.000000000000000000e+00
-2.543227970975352648e+01,-6.814558809910872483e+00,0.000000000000000000e+00
-2.533571994184985599e+01,-7.264900788202854010e+00,0.000000000000000000e+00
-2.523571785293800929e+01,-7.715333216277208805e+00,0.000000000000000000e+00
-2.513103018109323017e+01,-8.165566692460823006e+00,0.000000000000000000e+00
-2.502043551495098939e+01,-8.615226844331054679e+00,0.000000000000000000e+00
-2.490273795990965411e+01,-9.063855369138165585e+00,0.000000000000000000e+00
-2.477677076724173588e+01,-9.510911201860952957e+00,0.000000000000000000e+00
-2.464167082622973126e+01,-9.955881262193887693e+00,0.000000000000000000e+00
-2.449762097952094564e+01,-1.039862316285470456e+01,0.000000000000000000e+00
-2.434504318186932892e+01,-1.083911156964320988e+01,0.000000000000000000e+00
-2.418435173302893659e+01,-1.127734842062549880e+01,0.000000000000000000e+00
-2.401595211205055236e+01,-1.171336249048417244e+01,0.000000000000000000e+00
-2.384018753654834200e+01,-1.214718227059125688e+01,0.000000000000000000e+00
-2.365707523311355231e+01,-1.257869002697165506e+01,0.000000000000000000e+00
-2.346651567400073191e+01,-1.300770204415687559e+01,0.000000000000000000e+00
-2.326841558092461781e+01,-1.343402599926291430e+01,0.000000000000000000e+00
-2.306269924556985984e+01,-1.385746774513955515e+01,0.000000000000000000e+00
-2.284939731236913474e+01,-1.427788809009882520e+01,0.000000000000000000e+00
-2.262859705941204069e+01,-1.469518275378903915e+01,0.000000000000000000e+00
-2.240038646171154113e+01,-1.510925144898622108e+01,0.000000000000000000e+00
-2.216482662506323109e+01,-1.551997868598054531e+01,0.000000000000000000e+00
-2.192191503830744992e+01,-1.592720357065063119e+01,0.000000000000000000e+00
-2.167164414676116380e+01,-1.633075521917837492e+01,0.000000000000000000e+00
-2.141401957484859153e+01,-1.673046569956267504e+01,0.000000000000000000e+00
-2.114908438826472903e+01,-1.712619085431057542e+01,0.000000000000000000e+00
-2.087689312173201728e+01,-1.751779331857282784e+01,0.000000000000000000e+00
-2.059753743193438424e+01,-1.790516612125386686e+01,0.000000000000000000e+00
-2.031121372895854194e+01,-1.828829898615208194e+01,0.000000000000000000e+00
-2.001812773874130258e+01,-1.866720611260705454e+01,0.000000000000000000e+00
-1.971831398790603629e+01,-1.904175447624217554e+01,0.000000000000000000e+00
-1.941159986598879783e+01,-1.941159986598878717e+01,0.000000000000000000e+00
-1.909786961178273756e+01,-1.977642291182074175e+01,0.000000000000000000e+00
-1.877733017455806319e+01,-2.013622133699836070e+01,0.000000000000000000e+00
-1.845028627266329480e+01,-2.049111883660110323e+01,0.000000000000000000e+00
-1.811688009501300201e+01,-2.084108649871409469e+01,0.000000000000000000e+00
-1.777709814807280608e+01,-2.118592058386563082e+01,0.000000000000000000e+00
-1.743092408893544842e+01,-2.152539859320473425e+01,0.000000000000000000e+00
-1.707834203089402436e+01,-2.185928097417416538e+01,0.000000000000000000e+00
-1.671938278113415777e+01,-2.218737034039353517e+01,0.000000000000000000e+00
-1.635422046862212042e+01,-2.250965337641108377e+01,0.000000000000000000e+00
-1.598303853747621694e+01,-2.282614462897904417e+01,0.000000000000000000e+00
-1.560593371270007701e+01,-2.313674819964621676e+01,0.000000000000000000e+00
-1.522298180432084891e+01,-2.344133632526058264e+01,0.000000000000000000e+00
-1.483427426350084843e+01,-2.373980131714539965e+01,0.000000000000000000e+00
-1.443989465347480028e+01,-2.403202039908103416e+01,0.000000000000000000e+00
-1.403986465435305675e+01,-2.431775891272992141e+01,0.000000000000000000e+00
-1.363423432766728460e+01,-2.459680983367276852e+01,0.000000000000000000e+00
-1.322319077259870745e+01,-2.486920484234980222e+01,0.000000000000000000e+00
-1.280691077378713238e+01,-2.513497762770171562e+01,0.000000000000000000e+00
-1.238549314020248460e+01,-2.539402416521115313e+01,0.000000000000000000e+00
-1.195905619475935744e+01,-2.564627877242411103e+01,0.000000000000000000e+00
-1.152775011531825555e+01,-2.589175067938337804e+01,0.000000000000000000e+00
-1.109164563512924495e+01,-2.613027961039792757e+01,0.000000000000000000e+00
-1.065075248699661081e+01,-2.636153745955620664e+01,0.000000000000000000e+00
-1.020503966235165549e+01,-2.658503722915878598e+01,0.000000000000000000e+00
-9.754865017469514399e+00,-2.680127136532525967e+01,0.000000000000000000e+00
-9.301447499054294354e+00,-2.701336500488405790e+01,0.000000000000000000e+00
-8.845536054977142015e+00,-2.722376069389327569e+01,0.000000000000000000e+00
-8.387283318693780743e+00,-2.743356760491787227e+01,0.000000000000000000e+00
-7.926460585563210870e+00,-2.764285313462884019e+01,0.000000000000000000e+00
-7.462773752843621544e+00,-2.785145081100387543e+01,0.000000000000000000e+00
-6.996043876397743944e+00,-2.805959938963626144e+01,0.000000000000000000e+00
-6.525995737753751413e+00,-2.826719309376155920e+01,0.000000000000000000e+00
-6.052314926493286507e+00,-2.847390303522612243e+01,0.000000000000000000e+00
-5.574819558891126903e+00,-2.867996035000307486e+01,0.000000000000000000e+00
-5.093285262227414734e+00,-2.888545610979715761e+01,0.000000000000000000e+00
-4.607417551261059785e+00,-2.909008954301485872e+01,0.000000000000000000e+00
-4.116977503604479338e+00,-2.929381707688434133e+01,0.000000000000000000e+00
-3.621732707018763264e+00,-2.949664583548709729e+01,0.000000000000000000e+00
-3.121432181551146545e+00,-2.969844339441672432e+01,0.000000000000000000e+00
-2.615833641105064888e+00,-2.989911533315351377e+01,0.000000000000000000e+00
-2.104693909701401466e+00,-3.009852517517380832e+01,0.000000000000000000e+00
-1.587769406256503313e+00,-3.029644506937313153e+01,0.000000000000000000e+00
-1.064839290108894554e+00,-3.049300761715776531e+01,0.000000000000000000e+00
-5.356615400660245108e-01,-3.068802907745607556e+01,0.000000000000000000e+00
-5.672706374862111547e-15,-3.088077519609012356e+01,0.000000000000000000e+00
5.423595290877331054e-01,-3.107175661151366342e+01,0.000000000000000000e+00
1.091652802794465416e+00,-3.126084615782675513e+01,0.000000000000000000e+00
1.648076636053815935e+00,-3.144717556439409378e+01,0.000000000000000000e+00
2.211842399314778884e+00,-3.163081996504564586e+01,0.000000000000000000e+00
2.783188163900795153e+00,-3.181198628181250498e+01,0.000000000000000000e+00
3.362322901100713413e+00,-3.199036549385133554e+01,0.000000000000000000e+00
3.949393271466992594e+00,-3.216522698313904982e+01,0.000000000000000000e+00
4.544569782534933822e+00,-3.233629423191125341e+01,0.000000000000000000e+00
5.148091120698905065e+00,-3.250376811099789620e+01,0.000000000000000000e+00
5.760169740059585486e+00,-3.266754592471207275e+01,0.000000000000000000e+00
6.380972444704505975e+00,-3.282725741620055970e+01,0.000000000000000000e+00
7.010617288501980404e+00,-3.298236118151674390e+01,0.000000000000000000e+00
7.649115176056200838e+00,-3.313195784470825345e+01,0.000000000000000000e+00
8.296761404319195066e+00,-3.327649245053955696e+01,0.000000000000000000e+00
8.953732816787734805e+00,-3.341578578964856661e+01,0.000000000000000000e+00
9.620138240043079492e+00,-3.354940905007246243e+01,0.000000000000000000e+00
1.029610580154102450e+01,-3.367704462116020636e+01,0.000000000000000000e+00
1.098174072268958490e+01,-3.379832263174883167e+01,0.000000000000000000e+00
1.167714072305549244e+01,-3.391287910804912542e+01,0.000000000000000000e+00
1.238239112890249061e+01,-3.402034002551487646e+01,0.000000000000000000e+00
1.309756636086682313e+01,-3.412032690079563224e+01,0.000000000000000000e+00
1.382272980211542546e+01,-3.421245681154152862e+01,0.000000000000000000e+00
1.455793421345170024e+01,-3.429634375826677228e+01,0.000000000000000000e+00
1.530322216005332514e+01,-3.437159973070564689e+01,0.000000000000000000e+00
1.605862656911356012e+01,-3.443783581134267990e+01,0.000000000000000000e+00
1.682417138950625102e+01,-3.449466323129315271e+01,0.000000000000000000e+00
1.759987235330758892e+01,-3.454169437615114902e+01,0.000000000000000000e+00
1.838573783164986253e+01,-3.457854372490321992e+01,0.000000000000000000e+00
1.918176977956403562e+01,-3.460482871295578633e+01,0.000000000000000000e+00
1.998796475178708576e+01,-3.462017048999107516e+01,0.000000000000000000e+00
2.080431503507276858e+01,-3.462419465722800993e+01,0.000000000000000000e+00
2.163080962042854338e+01,-3.461653152668515787e+01,0.000000000000000000e+00
2.246743624994957855e+01,-3.459681790803509216e+01,0.000000000000000000e+00
2.331417932800095372e+01,-3.456469228460085219e+01,0.000000000000000000e+00
2.417103233228238324e+01,-3.451981164624829290e+01,0.000000000000000000e+00
2.503761139148015857e+01,-3.446131565101640604e+01,0.000000000000000000e+00
2.591293662605514214e+01,-3.438762836258436550e+01,0.000000000000000000e+00
2.679810173658360384e+01,-3.430000607639897936e+01,0.000000000000000000e+00
2.769300916695421932e+01,-3.419801827617087042e+01,0.000000000000000000e+00
2.859765605017489065e+01,-3.408135933756948077e+01,0.000000000000000000e+00
2.951167414764847763e+01,-3.394929758365584860e+01,0.000000000000000000e+00
3.043293094666762144e+01,-3.379919397230173672e+01,0.000000000000000000e+00
3.136364414564803127e+01,-3.363339061414180975e+01,0.000000000000000000e+00
3.230363755406224868e+01,-3.345139593293497171e+01,0.000000000000000000e+00
3.325230635724470574e+01,-3.325230635724471995e+01,0.000000000000000000e+00
3.420699431390082879e+01,-3.303331042882346935e+01,0.000000000000000000e+00
3.517065234623898817e+01,-3.279716390217078015e+01,0.000000000000000000e+00
3.614336043612774318e+01,-3.254362791120394860e+01,0.000000000000000000e+00
3.712091895364236649e+01,-3.226872254195231449e+01,0.000000000000000000e+00
3.810607668976926732e+01,-3.197479489599855995e+01,0.000000000000000000e+00
3.909930237480175208e+01,-3.166199077217812174e+01,0.000000000000000000e+00
4.008513243291969275e+01,-3.131793780645844549e+01,0.000000000000000000e+00
4.102497770750247241e+01,-3.091453810686532577e+01,0.000000000000000000e+00
4.191496600962332053e+01,-3.045300536589051177e+01,0.000000000000000000e+00
4.274739493420629088e+01,-2.993204817175882582e+01,0.000000000000000000e+00
4.351802536671598887e+01,-2.935327874601473752e+01,0.000000000000000000e+00
4.422368215815313874e+01,-2.871919499265791131e+01,0.000000000000000000e+00
4.486250988590516897e+01,-2.803320747743142505e+01,0.000000000000000000e+00
4.543631411567675116e+01,-2.730089182587623498e+01,0.000000000000000000e+00
4.594223308496136582e+01,-2.652476063877500678e+01,0.000000000000000000e+00
4.637504008757342433e+01,-2.570610448202694798e+01,0.000000000000000000e+00
4.673370665153442616e+01,-2.484875260312163903e+01,0.000000000000000000e+00
4.702029188067292154e+01,-2.395803535585912414e+01,0.000000000000000000e+00
4.723911043083351302e+01,-2.304005361197899049e+01,0.000000000000000000e+00
4.737074367243749151e+01,-2.208934054695508209e+01,0.000000000000000000e+00
4.742312824156660866e+01,-2.111413704021081017e+01,0.000000000000000000e+00
4.739500733268123867e+01,-2.011798702679278961e+01,0.000000000000000000e+00
4.727448366892959797e+01,-1.910013121506339573e+01,0.000000000000000000e+00
4.707970918118517289e+01,-1.807220713458368166e+01,0.000000000000000000e+00
4.680525913791156256e+01,-1.703572113331597393e+01,0.000000000000000000e+00
4.644575689151521658e+01,-1.599255661788750338e+01,0.000000000000000000e+00
4.599910978308719223e+01,-1.494601677770480741e+01,0.000000000000000000e+00
4.546813320167908756e+01,-1.390100334840246354e+01,0.000000000000000000e+00
4.485395417712467747e+01,-1.286166439332754052e+01,0.000000000000000000e+00
4.415427091885314326e+01,-1.183110123509170108e+01,0.000000000000000000e+00
4.336271002474853731e+01,-1.081153788833852936e+01,0.000000000000000000e+00
4.248464532153863615e+01,-9.808353215994756624e+00,0.000000000000000000e+00
4.156369659617587331e+01,-8.834636438779169154e+00,0.000000000000000000e+00
4.063884649772173674e+01,-7.899391545227433475e+00,0.000000000000000000e+00
3.971919294052421634e+01,-7.003565367379650297e+00,0.000000000000000000e+00
3.879859584311476084e+01,-6.145093887989622417e+00,0.000000000000000000e+00
3.788157719013464941e+01,-5.323908478144613987e+00,0.000000000000000000e+00
3.697231511732582021e+01,-4.539629477244695899e+00,0.000000000000000000e+00
3.607127295925064914e+01,-3.791243559441512367e+00,0.000000000000000000e+00
3.517926380671813291e+01,-3.077786774275683701e+00,0.000000000000000000e+00
3.429477681880503326e+01,-2.398124409253220790e+00,0.000000000000000000e+00
3.341689019765593827e+01,-1.751305005804393522e+00,0.000000000000000000e+00
3.255091346357618676e+01,-1.136702945807366749e+00,0.000000000000000000e+00
3.169707577151484301e+01,-5.532745156264536890e-01,0.000000000000000000e+00
3.085606268172611522e+01,-7.557555679493195988e-15,0.000000000000000000e+00
