1.136644062153250267e+01,0.000000000000000000e+00,0.000000000000000000e+00
1.124135599391599882e+01,1.962185987550116861e-01,0.000000000000000000e+00
1.111495553140471415e+01,3.881428000232103881e-01,0.000000000000000000e+00
1.098754807226151620e+01,5.758329942328863638e-01,0.000000000000000000e+00
1.085924341569296381e+01,7.593522721779656370e-01,0.000000000000000000e+00
1.073014207575164036e+01,9.387657896507949351e-01,0.000000000000000000e+00
1.060023823997394743e+01,1.114129933846441656e+00,0.000000000000000000e+00
1.046971740024666531e+01,1.285519653766786563e+00,0.000000000000000000e+00
1.033869431952678219e+01,1.453008729399166699e+00,0.000000000000000000e+00
1.020727024643687386e+01,1.616672785223195685e+00,0.000000000000000000e+00
1.007553783258978619e+01,1.776589165034467843e+00,0.000000000000000000e+00
9.943578245241315727e+00,1.932835813245098899e+00,0.000000000000000000e+00
9.811460269060765071e+00,2.085490259753585818e+00,0.000000000000000000e+00
9.679168659234479222e+00,2.234612159956706368e+00,0.000000000000000000e+00
9.546799026134857868e+00,2.380284334731426643e+00,0.000000000000000000e+00
9.414497528774241175e+00,2.522607009979857651e+00,0.000000000000000000e+00
9.282333598331147684e+00,2.661666328395408065e+00,0.000000000000000000e+00
9.150364255487120957e+00,2.797547099425044870e+00,0.000000000000000000e+00
9.018637530929208168e+00,2.930332966984206422e+00,0.000000000000000000e+00
8.887194042863605148e+00,3.060106313621355323e+00,0.000000000000000000e+00
8.756037988199338429e+00,3.186937197808679567e+00,0.000000000000000000e+00
8.625752896527020042e+00,3.311116312079287027e+00,0.000000000000000000e+00
8.497332546889735383e+00,3.433145198586100122e+00,0.000000000000000000e+00
8.371076328425932189e+00,3.553311085985169981e+00,0.000000000000000000e+00
8.246756484620131999e+00,3.671692547707065657e+00,0.000000000000000000e+00
8.124173605773567175e+00,3.788364368552922912e+00,0.000000000000000000e+00
8.003251984791841522e+00,3.903446807487393144e+00,0.000000000000000000e+00
7.883901672850697651e+00,4.017048543629130997e+00,0.000000000000000000e+00
7.766011456861201978e+00,4.129261538004202592e+00,0.000000000000000000e+00
7.649480968643207923e+00,4.240176539834624947e+00,0.000000000000000000e+00
7.534219292830531600e+00,4.349883536849378451e+00,0.000000000000000000e+00
7.420137691293189341e+00,4.458468526460158010e+00,0.000000000000000000e+00
7.307148827604907027e+00,4.566013352210480214e+00,0.000000000000000000e+00
7.195169111102078574e+00,4.672597455089872120e+00,0.000000000000000000e+00
7.084117825534119284e+00,4.778297807638016259e+00,0.000000000000000000e+00
6.973916672947363615e+00,4.883189025244123016e+00,0.000000000000000000e+00
6.864489588282061128e+00,4.987343618936926681e+00,0.000000000000000000e+00
6.755762207030669764e+00,5.090831972639352720e+00,0.000000000000000000e+00
6.647662534543002266e+00,5.193723188105661137e+00,0.000000000000000000e+00
6.540119397420321334e+00,5.296084263219926314e+00,0.000000000000000000e+00
6.433063993113044887e+00,5.397981623960996345e+00,0.000000000000000000e+00
6.326427580939706807e+00,5.499479593865679306e+00,0.000000000000000000e+00
6.220143752231910739e+00,5.600642590623554185e+00,0.000000000000000000e+00
6.114145618233821189e+00,5.701533027845518298e+00,0.000000000000000000e+00
6.008368327353000637e+00,5.802213848631146753e+00,0.000000000000000000e+00
5.902746340390500279e+00,5.902746340390498503e+00,0.000000000000000000e+00
5.797215543750177780e+00,6.003192431131186169e+00,0.000000000000000000e+00
5.691711244510434753e+00,6.103613045108635227e+00,0.000000000000000000e+00
5.586169330663259380e+00,6.204069568589629213e+00,0.000000000000000000e+00
5.480525387168940554e+00,6.304623260371839955e+00,0.000000000000000000e+00
5.374714654927167601e+00,6.405335499178200109e+00,0.000000000000000000e+00
5.268672349002359034e+00,6.506268502497860595e+00,0.000000000000000000e+00
5.162332481179863208e+00,6.607484261884699173e+00,0.000000000000000000e+00
5.055629170687955032e+00,6.709046510994537194e+00,0.000000000000000000e+00
4.948494650482783364e+00,6.811018570472819000e+00,0.000000000000000000e+00
4.840861152596634298e+00,6.913466205996217084e+00,0.000000000000000000e+00
4.732658568370240459e+00,7.016454870763101148e+00,0.000000000000000000e+00
4.623816411219514144e+00,7.120052890747810892e+00,0.000000000000000000e+00
4.514261586943044691e+00,7.224328690708603062e+00,0.000000000000000000e+00
4.403920051672626457e+00,7.329353783910781850e+00,0.000000000000000000e+00
4.292714954118628690e+00,7.435200402944164288e+00,0.000000000000000000e+00
4.180567837500793082e+00,7.541944023003213537e+00,0.000000000000000000e+00
4.067397187086859489e+00,7.649661534829482079e+00,0.000000000000000000e+00
3.953119216874544151e+00,7.758433304552273313e+00,0.000000000000000000e+00
3.837646705151713800e+00,7.868341782196687006e+00,0.000000000000000000e+00
3.720889516053287771e+00,7.979473317627737039e+00,0.000000000000000000e+00
3.602753528265615124e+00,8.091916911797733647e+00,0.000000000000000000e+00
3.483141087180180229e+00,8.205766170731344289e+00,0.000000000000000000e+00
3.361949809489624297e+00,8.321117775313190634e+00,0.000000000000000000e+00
3.239073153561266238e+00,8.438074052085717369e+00,0.000000000000000000e+00
3.114398919372958652e+00,8.556740706151078513e+00,0.000000000000000000e+00
2.987810037781156058e+00,8.677230412153042138e+00,0.000000000000000000e+00
2.859182733410542632e+00,8.799659628393365907e+00,0.000000000000000000e+00
2.728387391271595241e+00,8.924153042979810380e+00,0.000000000000000000e+00
2.595286686829794132e+00,9.050840277558240388e+00,0.000000000000000000e+00
2.459735981594079135e+00,9.179859656514409494e+00,0.000000000000000000e+00
2.321582044114064214e+00,9.311356998171854471e+00,0.000000000000000000e+00
2.180662353773904272e+00,9.445486375331370255e+00,0.000000000000000000e+00
2.036804697140444542e+00,9.582412705294073518e+00,0.000000000000000000e+00
1.889825564869453300e+00,9.722309699232500435e+00,0.000000000000000000e+00
1.739529781579386203e+00,9.865363624954733623e+00,0.000000000000000000e+00
1.585709046413039891e+00,1.001177289362424538e+01,0.000000000000000000e+00
1.428140647116050044e+00,1.016174871979571392e+01,0.000000000000000000e+00
1.266586523827026411e+00,1.031551943105139912e+01,0.000000000000000000e+00
1.100790804026250846e+00,1.047332489736246330e+01,0.000000000000000000e+00
9.304795282321868255e-01,1.063542967434260156e+01,0.000000000000000000e+00
7.553581358875885998e-01,1.080212460562043830e+01,0.000000000000000000e+00
5.751046460281281636e-01,1.097365036061023424e+01,0.000000000000000000e+00
3.893847075244958877e-01,1.115051910916544564e+01,0.000000000000000000e+00
1.978134574739948415e-01,1.133272538873311319e+01,0.000000000000000000e+00
7.052668964878506217e-16,1.151788249442835088e+01,0.000000000000000000e+00
-2.042330066279020861e-01,1.170050111344717259e+01,0.000000000000000000e+00
-4.147382866351667086e-01,1.187655062220716751e+01,0.000000000000000000e+00
-6.312717204518201175e-01,1.204538198503858126e+01,0.000000000000000000e+00
-8.535923446975001161e-01,1.220693924080315007e+01,0.000000000000000000e+00
-1.081445868681761846e+00,1.236098284163770522e+01,0.000000000000000000e+00
-1.314578323665606563e+00,1.250737727497557472e+01,0.000000000000000000e+00
-1.552732747289820692e+00,1.264599340398904204e+01,0.000000000000000000e+00
-1.795651631545340798e+00,1.277672525104753198e+01,0.000000000000000000e+00
-2.043080027699394119e+00,1.289949961948936519e+01,0.000000000000000000e+00
-2.294756489499631957e+00,1.301421075934902305e+01,0.000000000000000000e+00
-2.550437433668262255e+00,1.312086314185907199e+01,0.000000000000000000e+00
-2.809603489648395680e+00,1.321814517309559278e+01,0.000000000000000000e+00
-3.072179007865972089e+00,1.330706925405370278e+01,0.000000000000000000e+00
-3.337920421551708650e+00,1.338766758441951943e+01,0.000000000000000000e+00
-3.606584207059556402e+00,1.345995550252177075e+01,0.000000000000000000e+00
-3.877908640198006740e+00,1.352387460372199257e+01,0.000000000000000000e+00
-4.151672787567953549e+00,1.357950980830599974e+01,0.000000000000000000e+00
-4.427210277882984713e+00,1.362555218785354505e+01,0.000000000000000000e+00
-4.704383098711557132e+00,1.366252056803240933e+01,0.000000000000000000e+00
-4.983168439635720759e+00,1.369114276523806772e+01,0.000000000000000000e+00
-5.263282913570303201e+00,1.371132076253172549e+01,0.000000000000000000e+00
-5.544528079527597519e+00,1.372318855803625759e+01,0.000000000000000000e+00
-5.825898628198749485e+00,1.372495706629138645e+01,0.000000000000000000e+00
-6.107687114872855538e+00,1.371808986350538362e+01,0.000000000000000000e+00
-6.389741049457669853e+00,1.370284390082598769e+01,0.000000000000000000e+00
-6.671823577449230491e+00,1.367926551118347511e+01,0.000000000000000000e+00
-6.953368641686330065e+00,1.364675434482367322e+01,0.000000000000000000e+00
-7.233722248823265311e+00,1.360465287632650977e+01,0.000000000000000000e+00
-7.513303644442353324e+00,1.355435857442883929e+01,0.000000000000000000e+00
-7.791783307373160383e+00,1.349576456993738915e+01,0.000000000000000000e+00
-8.068946048586484565e+00,1.342898135285577332e+01,0.000000000000000000e+00
-8.344017286753453888e+00,1.335321897490698007e+01,0.000000000000000000e+00
-8.616729232829127838e+00,1.326859944831048388e+01,0.000000000000000000e+00
-8.887300616345600091e+00,1.317596500923320946e+01,0.000000000000000000e+00
-9.155424579350711412e+00,1.307530136387748954e+01,0.000000000000000000e+00
-9.420841660566058096e+00,1.296667613722475210e+01,0.000000000000000000e+00
-9.683273780587946078e+00,1.285013832686192359e+01,0.000000000000000000e+00
-9.942344112502285114e+00,1.272562015118142575e+01,0.000000000000000000e+00
-1.019739517619176183e+01,1.259273430714346276e+01,0.000000000000000000e+00
-1.044873784431105435e+01,1.245232086403278160e+01,0.000000000000000000e+00
-1.069607909940368629e+01,1.230443147709094198e+01,0.000000000000000000e+00
-1.093922328525547272e+01,1.214923828311564691e+01,0.000000000000000000e+00
-1.117745881670342634e+01,1.198635709262227245e+01,0.000000000000000000e+00
-1.140920567744558412e+01,1.181457833526638090e+01,0.000000000000000000e+00
-1.163350302134935710e+01,1.163350302134935887e+01,0.000000000000000000e+00
-1.184995960351055722e+01,1.144337297102742745e+01,0.000000000000000000e+00
-1.205837725003897809e+01,1.124461870000051711e+01,0.000000000000000000e+00
-1.225838959609549050e+01,1.103750356890294704e+01,0.000000000000000000e+00
-1.244893978241356614e+01,1.082169825272493391e+01,0.000000000000000000e+00
-1.263000902359652855e+01,1.059783591346556975e+01,0.000000000000000000e+00
-1.280226370206986530e+01,1.036706873468818557e+01,0.000000000000000000e+00
-1.296502719576788643e+01,1.012938939532214633e+01,0.000000000000000000e+00
-1.311713686334571172e+01,9.884471609126821434e+00,0.000000000000000000e+00
-1.325949340123476183e+01,9.633585855803508124e+00,0.000000000000000000e+00
-1.339184685064250324e+01,9.377072115369848859e+00,0.000000000000000000e+00
-1.351307410926171215e+01,9.114683575419913808e+00,0.000000000000000000e+00
-1.362294727800398952e+01,8.846845404065144081e+00,0.000000000000000000e+00
-1.372151712427635140e+01,8.574155512659302758e+00,0.000000000000000000e+00
-1.380875437655412341e+01,8.297136702695848243e+00,0.000000000000000000e+00
-1.388461599128741319e+01,8.016286780164367798e+00,0.000000000000000000e+00
-1.394900150918113013e+01,7.732057795267437861e+00,0.000000000000000000e+00
-1.400170539965661121e+01,7.444838820342880581e+00,0.000000000000000000e+00
-1.404252239372128130e+01,7.155022534696419356e+00,0.000000000000000000e+00
-1.407125808264492051e+01,6.863011129026705071e+00,0.000000000000000000e+00
-1.408772926476007470e+01,6.569216042171912129e+00,0.000000000000000000e+00
-1.409176428645361412e+01,6.274057686935528899e+00,0.000000000000000000e+00
-1.408319463936344462e+01,5.977961456187895983e+00,0.000000000000000000e+00
-1.406187016738463846e+01,5.681364331912403642e+00,0.000000000000000000e+00
-1.402781187843136124e+01,5.384772470372397812e+00,0.000000000000000000e+00
-1.398109990095935906e+01,5.088704206251358997e+00,0.000000000000000000e+00
-1.392183219796073779e+01,4.793671253343040561e+00,0.000000000000000000e+00
-1.385012425259283120e+01,4.500178164940471959e+00,0.000000000000000000e+00
-1.376609797914098010e+01,4.208718516189462910e+00,0.000000000000000000e+00
-1.366963768197927642e+01,3.919705530302292296e+00,0.000000000000000000e+00
-1.356038046762876981e+01,3.633492995359902888e+00,0.000000000000000000e+00
-1.343807814089280228e+01,3.350489184919405172e+00,0.000000000000000000e+00
-1.330341702443178775e+01,3.071335824219584953e+00,0.000000000000000000e+00
-1.315733183228799597e+01,2.796677215022667973e+00,0.000000000000000000e+00
-1.299864955592967242e+01,2.526681519054478908e+00,0.000000000000000000e+00
-1.282591365590454657e+01,2.261554629773117053e+00,0.000000000000000000e+00
-1.264231351696850325e+01,2.002345750792378087e+00,0.000000000000000000e+00
-1.244807304431679462e+01,1.749462576084625187e+00,0.000000000000000000e+00
-1.223921552392988588e+01,1.502786703901745069e+00,0.000000000000000000e+00
-1.201935364724545430e+01,1.263284973481455964e+00,0.000000000000000000e+00
-1.178804692659978492e+01,1.031320471189096422e+00,0.000000000000000000e+00
-1.154866545931414734e+01,8.075613577719773506e-01,0.000000000000000000e+00
-1.131247921358377972e+01,5.928619137694899344e-01,0.000000000000000000e+00
-1.108582643447572558e+01,3.871255895438474592e-01,0.000000000000000000e+00
-1.086828872577123661e+01,1.897066853669512887e-01,0.000000000000000000e+00
-1.065954976377939012e+01,1.305418349856435323e-15,0.000000000000000000e+00
-1.065711371796532880e+01,-1.860206118944797427e-01,0.000000000000000000e+00
-1.045347306082385508e+01,-3.650433231452235860e-01,0.000000000000000000e+00
-1.025656275890231406e+01,-5.375236772712098654e-01,0.000000000000000000e+00
-1.006662865843781773e+01,-7.039272491037289470e-01,0.000000000000000000e+00
-9.883221990287621495e+00,-8.646698832602843776e-01,0.000000000000000000e+00
-9.705813932622893603e+00,-1.020122151019272838e+00,0.000000000000000000e+00
-9.534046380261155917e+00,-1.170633698428295455e+00,0.000000000000000000e+00
-9.367559840760611323e+00,-1.316524679145098187e+00,0.000000000000000000e+00
-9.206007623547767693e+00,-1.458088365079026394e+00,0.000000000000000000e+00
-9.049082347244995717e+00,-1.595597368471980415e+00,0.000000000000000000e+00
-8.896497475457113779e+00,-1.729303929522285399e+00,0.000000000000000000e+00
-8.747984712203169977e+00,-1.859441551967821127e+00,0.000000000000000000e+00
-8.603297513399279950e+00,-1.986227734633546849e+00,0.000000000000000000e+00
-8.462203357131659942e+00,-2.109864262686493852e+00,0.000000000000000000e+00
-8.324489310352719329e+00,-2.230540188110520905e+00,0.000000000000000000e+00
-8.189952195406263513e+00,-2.348431001617962810e+00,0.000000000000000000e+00
-8.058406078556890506e+00,-2.463701981867805646e+00,0.000000000000000000e+00
-7.929673129970384871e+00,-2.576506984616219853e+00,0.000000000000000000e+00
-7.803589178112623870e+00,-2.686991236792581894e+00,0.000000000000000000e+00
-7.679998405873329936e+00,-2.795290818949775602e+00,0.000000000000000000e+00
-7.558753923132303321e+00,-2.901533780773347004e+00,0.000000000000000000e+00
-7.439719184404749441e+00,-3.005841663348461701e+00,0.000000000000000000e+00
-7.322761432752061594e+00,-3.108327813314211152e+00,0.000000000000000000e+00
-7.207759953033806788e+00,-3.209101487908753825e+00,0.000000000000000000e+00
-7.094595381807920376e+00,-3.308264158048118020e+00,0.000000000000000000e+00
-6.983158097538058939e+00,-3.405913775276890210e+00,0.000000000000000000e+00
-6.873342518896253139e+00,-3.502142936469778256e+00,0.000000000000000000e+00
-6.765046546248300707e+00,-3.597039054269134173e+00,0.000000000000000000e+00
-6.658176361868751059e+00,-3.690687423552714730e+00,0.000000000000000000e+00
-6.552638237102216046e+00,-3.783167450093200213e+00,0.000000000000000000e+00
-6.448345027273572505e+00,-3.874556584790889158e+00,0.000000000000000000e+00
-6.345213173001036822e+00,-3.964929243139683646e+00,0.000000000000000000e+00
-6.243159675338127101e+00,-4.054355298709085176e+00,0.000000000000000000e+00
-6.142108207639224382e+00,-4.142904297420427540e+00,0.000000000000000000e+00
-6.041982958508469892e+00,-4.230642013282231773e+00,0.000000000000000000e+00
-5.942709995317615679e+00,-4.317631543200786126e+00,0.000000000000000000e+00
-5.844220400902321977e+00,-4.403935952793316844e+00,0.000000000000000000e+00
-5.746444590158392707e+00,-4.489614561808031645e+00,0.000000000000000000e+00
-5.649315566797564081e+00,-4.574725544472671324e+00,0.000000000000000000e+00
-5.552769617837908456e+00,-4.659326938340194957e+00,0.000000000000000000e+00
-5.456741970170936540e+00,-4.743473426354785083e+00,0.000000000000000000e+00
-5.361170554422335144e+00,-4.827219649372364252e+00,0.000000000000000000e+00
-5.265995265955363713e+00,-4.910620029032882528e+00,0.000000000000000000e+00
-5.171154757452626427e+00,-4.993726102062199246e+00,0.000000000000000000e+00
-5.076590167620731897e+00,-5.076590167620729233e+00,0.000000000000000000e+00
-4.982243654270444466e+00,-5.159264334687741815e+00,0.000000000000000000e+00
-4.888055960611145778e+00,-5.241798265009029123e+00,0.000000000000000000e+00
-4.793969955875843958e+00,-5.324243028710863079e+00,0.000000000000000000e+00
-4.699928810927954004e+00,-5.406649620279317503e+00,0.000000000000000000e+00
-4.605874071071942133e+00,-5.489066971236503889e+00,0.000000000000000000e+00
-4.511749007557486202e+00,-5.571546020432584179e+00,0.000000000000000000e+00
-4.417496571970424668e+00,-5.654137772535158923e+00,0.000000000000000000e+00
-4.323057842241230020e+00,-5.736891523111727231e+00,0.000000000000000000e+00
-4.228375225460052178e+00,-5.819859213291436184e+00,0.000000000000000000e+00
-4.133390179153609623e+00,-5.903092945445654216e+00,0.000000000000000000e+00
-4.038042024812088293e+00,-5.986643495200548948e+00,0.000000000000000000e+00
-3.942271020832575967e+00,-6.070565022841634573e+00,0.000000000000000000e+00
-3.846015753108214863e+00,-6.154911808934893536e+00,0.000000000000000000e+00
-3.749212441617816971e+00,-6.239737341557817452e+00,0.000000000000000000e+00
-3.651797801609404814e+00,-6.325099331355813703e+00,0.000000000000000000e+00
-3.553705999378672153e+00,-6.411055331073687746e+00,0.000000000000000000e+00
-3.454868730102733654e+00,-6.497663055001685173e+00,0.000000000000000000e+00
-3.355217530565272277e+00,-6.584985173742450293e+00,0.000000000000000000e+00
-3.254680376232327088e+00,-6.673083678501884108e+00,0.000000000000000000e+00
-3.153182885630430921e+00,-6.762022519866749626e+00,0.000000000000000000e+00
-3.050649380762616492e+00,-6.851870693480965002e+00,0.000000000000000000e+00
-2.946999650620330424e+00,-6.942696098995676302e+00,0.000000000000000000e+00
-2.842151375312376604e+00,-7.034571504454701696e+00,0.000000000000000000e+00
-2.736019085547750418e+00,-7.127573400553970373e+00,0.000000000000000000e+00
-2.628512248215379987e+00,-7.221778048731645860e+00,0.000000000000000000e+00
-2.519538007351318942e+00,-7.317269687667367961e+00,0.000000000000000000e+00
-2.408997961439369284e+00,-7.414133367010689923e+00,0.000000000000000000e+00
-2.296789045942775331e+00,-7.512458465027608945e+00,0.000000000000000000e+00
-2.182803857097540767e+00,-7.612341699313619259e+00,0.000000000000000000e+00
-2.066927907595653480e+00,-7.713879966729013660e+00,0.000000000000000000e+00
-1.949042073886909865e+00,-7.817180788604776609e+00,0.000000000000000000e+00
-1.829019409782232319e+00,-7.922353447069174770e+00,0.000000000000000000e+00
-1.706726227181210032e+00,-8.029515597033265450e+00,0.000000000000000000e+00
-1.582020942477885717e+00,-8.138792192973712147e+00,0.000000000000000000e+00
-1.454752828216956617e+00,-8.250313266704269566e+00,0.000000000000000000e+00
-1.324762510001163074e+00,-8.364221304104543009e+00,0.000000000000000000e+00
-1.191879387363514953e+00,-8.480662505580225385e+00,0.000000000000000000e+00
-1.055922532364683475e+00,-8.599798904682220524e+00,0.000000000000000000e+00
-9.166978116442509039e-01,-8.721797074371702152e+00,0.000000000000000000e+00
-7.739983665899122789e-01,-8.846841812374538705e+00,0.000000000000000000e+00
-6.276018474373263878e-01,-8.975124562297004616e+00,0.000000000000000000e+00
-4.772701528601925314e-01,-9.106857023698188058e+00,0.000000000000000000e+00
-3.227468704337222438e-01,-9.242261128008237847e+00,0.000000000000000000e+00
-1.637561108726043879e-01,-9.381581308693899501e+00,0.000000000000000000e+00
-1.749728227320106640e-15,-9.525076827802299917e+00,0.000000000000000000e+00
1.688433276318969667e-01,-9.673027761641332489e+00,0.000000000000000000e+00
3.431226333229425718e-01,-9.825746634936674440e+00,0.000000000000000000e+00
5.232163526724716851e-01,-9.983562742598019568e+00,0.000000000000000000e+00
7.095339990982036937e-01,-1.014680891889356573e+01,0.000000000000000000e+00
9.025281885264586634e-01,-1.031594439957390641e+01,0.000000000000000000e+00
1.102689465245567213e+00,-1.049138945217818275e+01,0.000000000000000000e+00
1.310459933154808576e+00,-1.067283967559317226e+01,0.000000000000000000e+00
1.525932724094796411e+00,-1.085757550341937083e+01,0.000000000000000000e+00
1.748976578602622345e+00,-1.104260352228349618e+01,0.000000000000000000e+00
1.979585096954959100e+00,-1.122678497074684500e+01,0.000000000000000000e+00
2.217857194420802536e+00,-1.140988613640621985e+01,0.000000000000000000e+00
2.463993124666187917e+00,-1.159217624385248868e+01,0.000000000000000000e+00
2.718118804381431275e+00,-1.177346602461626901e+01,0.000000000000000000e+00
2.980319180575238480e+00,-1.195340734530235416e+01,0.000000000000000000e+00
3.250689931305541958e+00,-1.213173998328484515e+01,0.000000000000000000e+00
3.529311010404153404e+00,-1.230817019449018623e+01,0.000000000000000000e+00
3.816257348663909532e+00,-1.248241534168669098e+01,0.000000000000000000e+00
4.110688692654725251e+00,-1.265139891583592302e+01,0.000000000000000000e+00
4.410134243735285509e+00,-1.280795984266667098e+01,0.000000000000000000e+00
4.712940200037547989e+00,-1.294869677884313575e+01,0.000000000000000000e+00
5.018482838256828948e+00,-1.307359476329640735e+01,0.000000000000000000e+00
5.326095610707313632e+00,-1.318254922609991375e+01,0.000000000000000000e+00
5.634355114584797874e+00,-1.327370882658576967e+01,0.000000000000000000e+00
5.943500263037609699e+00,-1.334932015649183867e+01,0.000000000000000000e+00
6.252879180116081237e+00,-1.340934267486906251e+01,0.000000000000000000e+00
6.561911661252121775e+00,-1.345391268716920763e+01,0.000000000000000000e+00
6.869976340335227860e+00,-1.348308773811375261e+01,0.000000000000000000e+00
7.176464214304296263e+00,-1.349696617545297173e+01,0.000000000000000000e+00
7.480748351624061598e+00,-1.349562727149781338e+01,0.000000000000000000e+00
7.782233177351162823e+00,-1.347922325952039024e+01,0.000000000000000000e+00
8.079889375474875735e+00,-1.344719410726477804e+01,0.000000000000000000e+00
8.373227631050763620e+00,-1.339996529749114629e+01,0.000000000000000000e+00
8.662041628202798549e+00,-1.333837441837292914e+01,0.000000000000000000e+00
8.945735254630175604e+00,-1.326259792316310104e+01,0.000000000000000000e+00
9.223750700692681548e+00,-1.317288117788043955e+01,0.000000000000000000e+00
9.495537416487996651e+00,-1.306948602521164204e+01,0.000000000000000000e+00
9.760570873998092978e+00,-1.295271503439817984e+01,0.000000000000000000e+00
1.001835216607598866e+01,-1.282290602333235974e+01,0.000000000000000000e+00
1.026841934982911830e+01,-1.268044185721347539e+01,0.000000000000000000e+00
1.051008003228245435e+01,-1.252542563692528610e+01,0.000000000000000000e+00
1.074215720662876628e+01,-1.235743827590723143e+01,0.000000000000000000e+00
1.096494696520660561e+01,-1.217780732399684673e+01,0.000000000000000000e+00
1.117837301649354131e+01,-1.198733745187191779e+01,0.000000000000000000e+00
1.138196988792415887e+01,-1.178637484959694248e+01,0.000000000000000000e+00
1.157492653368261948e+01,-1.157492653368262481e+01,0.000000000000000000e+00
1.175603052718233243e+01,-1.135266671638927782e+01,0.000000000000000000e+00
1.192558611473947749e+01,-1.112078896302837805e+01,0.000000000000000000e+00
1.208375895108105524e+01,-1.088026542987360301e+01,0.000000000000000000e+00
1.222967834491739580e+01,-1.063109719299499467e+01,0.000000000000000000e+00
1.236284186751720959e+01,-1.037365605133673441e+01,0.000000000000000000e+00
1.248302928412621959e+01,-1.010855780019112160e+01,0.000000000000000000e+00
1.258986538193936155e+01,-9.836280862563739902e+00,0.000000000000000000e+00
1.268289687811948951e+01,-9.557248309543025400e+00,0.000000000000000000e+00
1.276250095199738865e+01,-9.272499705335011555e+00,0.000000000000000000e+00
1.283061670156093115e+01,-8.984094534312372815e+00,0.000000000000000000e+00
1.288946745279169370e+01,-8.694055574471265757e+00,0.000000000000000000e+00
1.294133366072552604e+01,-8.404200345377690340e+00,0.000000000000000000e+00
1.298732841366012991e+01,-8.115383488877418117e+00,0.000000000000000000e+00
1.302745516004589099e+01,-7.827684771818965714e+00,0.000000000000000000e+00
1.306167563907941975e+01,-7.541161946290088736e+00,0.000000000000000000e+00
1.308994989556897437e+01,-7.255877710177106366e+00,0.000000000000000000e+00
1.311223652779007054e+01,-6.971899832002140585e+00,0.000000000000000000e+00
1.312849294025802749e+01,-6.689301266569409599e+00,0.000000000000000000e+00
1.313867560112685418e+01,-6.408160261264717938e+00,0.000000000000000000e+00
1.314274030391971593e+01,-6.128560452860126517e+00,0.000000000000000000e+00
1.314064243329208459e+01,-5.850590954684196099e+00,0.000000000000000000e+00
1.313239688520508963e+01,-5.574371754239031418e+00,0.000000000000000000e+00
1.311821767846731390e+01,-5.300103978315185316e+00,0.000000000000000000e+00
1.309821323876131771e+01,-5.027932985585229275e+00,0.000000000000000000e+00
1.307245237923799763e+01,-4.757983554905025336e+00,0.000000000000000000e+00
1.304104821870222963e+01,-4.490393007941192671e+00,0.000000000000000000e+00
1.300420834809099624e+01,-4.225323426211154754e+00,0.000000000000000000e+00
1.296198698836019503e+01,-3.962877115009644235e+00,0.000000000000000000e+00
1.291434363621583969e+01,-3.703128447788526234e+00,0.000000000000000000e+00
1.286135419349445996e+01,-3.446189469717473308e+00,0.000000000000000000e+00
1.280359953306325949e+01,-3.192295900782545104e+00,0.000000000000000000e+00
1.273997091041155549e+01,-2.941254039079013616e+00,0.000000000000000000e+00
1.267173568163112485e+01,-2.693460566878853157e+00,0.000000000000000000e+00
1.259799924315712438e+01,-2.448802987401623277e+00,0.000000000000000000e+00
1.252002020443299202e+01,-2.207617361056660066e+00,0.000000000000000000e+00
1.243718119580099568e+01,-1.969855982911790981e+00,0.000000000000000000e+00
1.234941631265075124e+01,-1.735597276667271371e+00,0.000000000000000000e+00
1.225688060340706187e+01,-1.504955702928672423e+00,0.000000000000000000e+00
1.215983368525677122e+01,-1.278050020446724888e+00,0.000000000000000000e+00
1.205870503464914378e+01,-1.054999987334786393e+00,0.000000000000000000e+00
1.195321843947263929e+01,-8.358504579366976550e-01,0.000000000000000000e+00
1.184335810037256564e+01,-6.206840972943500345e-01,0.000000000000000000e+00
1.172949167047928043e+01,-4.096028748801801012e-01,0.000000000000000000e+00
1.161193990250035668e+01,-2.026871649407151754e-01,0.000000000000000000e+00
1.149020474005185832e+01,-2.814288491290451109e-15,0.000000000000000000e+00
