1.330107854339966522e+01,0.000000000000000000e+00,0.000000000000000000e+00
1.304337958694215160e+01,2.276730375734631051e-01,0.000000000000000000e+00
1.279480428865750596e+01,4.468044112562339909e-01,0.000000000000000000e+00
1.255571604933580332e+01,6.580171954541288448e-01,0.000000000000000000e+00
1.232477197627765442e+01,8.618320122318148258e-01,0.000000000000000000e+00
1.210168767770388243e+01,1.058760481330455416e+00,0.000000000000000000e+00
1.188589477982546505e+01,1.249257881281851335e+00,0.000000000000000000e+00
1.167689980019563301e+01,1.433743014674235150e+00,0.000000000000000000e+00
1.147427996184332066e+01,1.612604883446384418e+00,0.000000000000000000e+00
1.127762574663755402e+01,1.786200442070769778e+00,0.000000000000000000e+00
1.108656301805281785e+01,1.954860183407380436e+00,0.000000000000000000e+00
1.090074419674843398e+01,2.118890026795151371e+00,0.000000000000000000e+00
1.071984920231894556e+01,2.278574288066044229e+00,0.000000000000000000e+00
1.054357789075985252e+01,2.434176755631207278e+00,0.000000000000000000e+00
1.037165171902741534e+01,2.585943209290147760e+00,0.000000000000000000e+00
1.020381200872995286e+01,2.734103187458182038e+00,0.000000000000000000e+00
1.003981442168895555e+01,2.878870459294042394e+00,0.000000000000000000e+00
9.879433894954869899e+00,3.020446057130339756e+00,0.000000000000000000e+00
9.722455323981384012e+00,3.159017230506034224e+00,0.000000000000000000e+00
9.568681141902329657e+00,3.294761139921057680e+00,0.000000000000000000e+00
9.417921127230652445e+00,3.427842958978756460e+00,0.000000000000000000e+00
9.270000308917316190e+00,3.558419723360551679e+00,0.000000000000000000e+00
9.124749835347614635e+00,3.686638237665464946e+00,0.000000000000000000e+00
8.982013180859437895e+00,3.812638394137556119e+00,0.000000000000000000e+00
8.841640149300532769e+00,3.936551819644244610e+00,0.000000000000000000e+00
8.703489053040840417e+00,4.058503598101141030e+00,0.000000000000000000e+00
8.567426099027454001e+00,4.178612908625380484e+00,0.000000000000000000e+00
8.433321684663086515e+00,4.296992022109073162e+00,0.000000000000000000e+00
8.301055868258412573e+00,4.413749697901863556e+00,0.000000000000000000e+00
8.170509932742882953e+00,4.528987610704134248e+00,0.000000000000000000e+00
8.041574306571947162e+00,4.642805090607690310e+00,0.000000000000000000e+00
7.914141331474382035e+00,4.755295859501297961e+00,0.000000000000000000e+00
7.788108357331223530e+00,4.866550221845178825e+00,0.000000000000000000e+00
7.663378074971853415e+00,4.976655911430043489e+00,0.000000000000000000e+00
7.539853714044589594e+00,5.085695545869078238e+00,0.000000000000000000e+00
7.417445332425617543e+00,5.193751136022843440e+00,0.000000000000000000e+00
7.296063471934818523e+00,5.300900399387093564e+00,0.000000000000000000e+00
7.175621873909218351e+00,5.407218925090493400e+00,0.000000000000000000e+00
7.056038323929739065e+00,5.512781322566851827e+00,0.000000000000000000e+00
6.937230018265672982e+00,5.617658103392648705e+00,0.000000000000000000e+00
6.819118788326546721e+00,5.721920060238865346e+00,0.000000000000000000e+00
6.701627171498807378e+00,5.825635621972783618e+00,0.000000000000000000e+00
6.584678207777852954e+00,5.928870888683031914e+00,0.000000000000000000e+00
6.468198729640190159e+00,6.031692895525935683e+00,0.000000000000000000e+00
6.352114450993302519e+00,6.134165621614031672e+00,0.000000000000000000e+00
6.236352916215487596e+00,6.236352916215486708e+00,0.000000000000000000e+00
6.120843422963583969e+00,6.338318910444421306e+00,0.000000000000000000e+00
6.005513748641337912e+00,6.440125031666006805e+00,0.000000000000000000e+00
5.890294108174903620e+00,6.541834352563705934e+00,0.000000000000000000e+00
5.775114404932498502e+00,6.643509159521305385e+00,0.000000000000000000e+00
5.659903431602229418e+00,6.745210248348254112e+00,0.000000000000000000e+00
5.544592050895260193e+00,6.847000957797403586e+00,0.000000000000000000e+00
5.429109248329256232e+00,6.948942952661086636e+00,0.000000000000000000e+00
5.313383713051778479e+00,7.051098341687587201e+00,0.000000000000000000e+00
5.197344883244720215e+00,7.153531531751392336e+00,0.000000000000000000e+00
5.080919503196658304e+00,7.256305060907441984e+00,0.000000000000000000e+00
4.964034714476846410e+00,7.359484114025656609e+00,0.000000000000000000e+00
4.846616538565283960e+00,7.463135000780987127e+00,0.000000000000000000e+00
4.728588252739588604e+00,7.567323054477053113e+00,0.000000000000000000e+00
4.609873553209167696e+00,7.672117970836291434e+00,0.000000000000000000e+00
4.490393066478455708e+00,7.777588937095695876e+00,0.000000000000000000e+00
4.370065445537392179e+00,7.883806757410944499e+00,0.000000000000000000e+00
4.248808394847722880e+00,7.990846394375779482e+00,0.000000000000000000e+00
4.126535378741950311e+00,8.098781685657627349e+00,0.000000000000000000e+00
4.003158695088510299e+00,8.207691650991534971e+00,0.000000000000000000e+00
3.878587145776428713e+00,8.317656975916968065e+00,0.000000000000000000e+00
3.752725608653538103e+00,8.428759719407930007e+00,0.000000000000000000e+00
3.625476939094289808e+00,8.541088424204735574e+00,0.000000000000000000e+00
3.496738346805649655e+00,8.654731112015296546e+00,0.000000000000000000e+00
3.366404216459167653e+00,8.769782811636881448e+00,0.000000000000000000e+00
3.234363694872489869e+00,8.886341217965982864e+00,0.000000000000000000e+00
3.100500589748874880e+00,9.004507538988981707e+00,0.000000000000000000e+00
2.964694188888195026e+00,9.124390497900336072e+00,0.000000000000000000e+00
2.826816435567229391e+00,9.246099940249075999e+00,0.000000000000000000e+00
2.686734634079150918e+00,9.369757169655251516e+00,0.000000000000000000e+00
2.544307499808493578e+00,9.495484859363839902e+00,0.000000000000000000e+00
2.399386483104164469e+00,9.623413558617800234e+00,0.000000000000000000e+00
2.251813813424833111e+00,9.753677206229472318e+00,0.000000000000000000e+00
2.101425474906326141e+00,9.886429562069356081e+00,0.000000000000000000e+00
1.948048150558857161e+00,1.002183893626109956e+01,0.000000000000000000e+00
1.791490624014711264e+00,1.016004820599021485e+01,0.000000000000000000e+00
1.631546509038022341e+00,1.030117924270158980e+01,0.000000000000000000e+00
1.468020153532613392e+00,1.044550615229575641e+01,0.000000000000000000e+00
1.300706924413854715e+00,1.059340779369179764e+01,0.000000000000000000e+00
1.129276822749504028e+00,1.074435126134530094e+01,0.000000000000000000e+00
9.533669438981314803e-01,1.089703403247938951e+01,0.000000000000000000e+00
7.727000075621365260e-01,1.105012492470487118e+01,0.000000000000000000e+00
5.871029562361900211e-01,1.120259175771202642e+01,0.000000000000000000e+00
3.965135414443918260e-01,1.135466220290742356e+01,0.000000000000000000e+00
2.008497969723789522e-01,1.150667716209350111e+01,0.000000000000000000e+00
7.138731457451074525e-16,1.165843321098187246e+01,0.000000000000000000e+00
-2.061057969075949237e-01,1.180779319671323435e+01,0.000000000000000000e+00
-4.173864481878915011e-01,1.195238404716507219e+01,0.000000000000000000e+00
-6.337066703588218886e-01,1.209184359704185141e+01,0.000000000000000000e+00
-8.549411546884675417e-01,1.222622812232769185e+01,0.000000000000000000e+00
-1.080938726528227312e+00,1.235518618029787064e+01,0.000000000000000000e+00
-1.311469357629506449e+00,1.247779743903232230e+01,0.000000000000000000e+00
-1.546458310107100553e+00,1.259489221393240221e+01,0.000000000000000000e+00
-1.785817963778782991e+00,1.270675506916138175e+01,0.000000000000000000e+00
-2.029298676190802730e+00,1.281248759052772712e+01,0.000000000000000000e+00
-2.276625702038692634e+00,1.291138595404644462e+01,0.000000000000000000e+00
-2.527775304113512700e+00,1.300427659224774501e+01,0.000000000000000000e+00
-2.782637757265604694e+00,1.309128137660337465e+01,0.000000000000000000e+00
-3.041045132601011947e+00,1.317221362447055455e+01,0.000000000000000000e+00
-3.302795593211657277e+00,1.324678959261952116e+01,0.000000000000000000e+00
-3.567439856164116296e+00,1.331386679615068580e+01,0.000000000000000000e+00
-3.835051879662469965e+00,1.337441531801412964e+01,0.000000000000000000e+00
-4.105508810102155515e+00,1.342851424173234776e+01,0.000000000000000000e+00
-4.378602074902641306e+00,1.347595152176926803e+01,0.000000000000000000e+00
-4.654168167346951712e+00,1.351668581814157655e+01,0.000000000000000000e+00
-4.932014708053665153e+00,1.355059904279552718e+01,0.000000000000000000e+00
-5.211975755427181944e+00,1.357766104591256706e+01,0.000000000000000000e+00
-5.493841626222575769e+00,1.359773518381469870e+01,0.000000000000000000e+00
-5.777164325006726386e+00,1.361014624281968821e+01,0.000000000000000000e+00
-6.062018055798874094e+00,1.361551547739561485e+01,0.000000000000000000e+00
-6.348242081833503470e+00,1.361384907756195872e+01,0.000000000000000000e+00
-6.635633185609050244e+00,1.360506421176529379e+01,0.000000000000000000e+00
-6.924012956822917175e+00,1.358914056931444136e+01,0.000000000000000000e+00
-7.213192143871362205e+00,1.356604136460712695e+01,0.000000000000000000e+00
-7.502985514207474615e+00,1.353574417474000846e+01,0.000000000000000000e+00
-7.793206580860339905e+00,1.349822975193024988e+01,0.000000000000000000e+00
-8.083670342991871038e+00,1.345348669392674701e+01,0.000000000000000000e+00
-8.374190354530277602e+00,1.340150597711732416e+01,0.000000000000000000e+00
-8.664586220028404284e+00,1.334229274617237060e+01,0.000000000000000000e+00
-8.954667086674442444e+00,1.327583990872922470e+01,0.000000000000000000e+00
-9.244133193881348021e+00,1.320199039490027459e+01,0.000000000000000000e+00
-9.532705653197345086e+00,1.312064371423418052e+01,0.000000000000000000e+00
-9.820387591617395273e+00,1.303209449976119139e+01,0.000000000000000000e+00
-1.010701860030597921e+01,1.293639388388144340e+01,0.000000000000000000e+00
-1.039240570558839316e+01,1.283355225538976008e+01,0.000000000000000000e+00
-1.067639572293519912e+01,1.272363295876548150e+01,0.000000000000000000e+00
-1.095875035161275513e+01,1.260660018711743646e+01,0.000000000000000000e+00
-1.123950760907393942e+01,1.248273781115545766e+01,0.000000000000000000e+00
-1.151775474615625328e+01,1.235127979951625043e+01,0.000000000000000000e+00
-1.179045739131775861e+01,1.220937604216562811e+01,0.000000000000000000e+00
-1.205453623086589232e+01,1.205453623086589410e+01,0.000000000000000000e+00
-1.230876014904020721e+01,1.188643150772077028e+01,0.000000000000000000e+00
-1.255352489175749398e+01,1.170635134576851932e+01,0.000000000000000000e+00
-1.278945147525654669e+01,1.151567383267197364e+01,0.000000000000000000e+00
-1.301524591874753334e+01,1.131398066658400126e+01,0.000000000000000000e+00
-1.322834987304668353e+01,1.109990349955749522e+01,0.000000000000000000e+00
-1.343079732200529719e+01,1.087604522443815824e+01,0.000000000000000000e+00
-1.362277923283240000e+01,1.064328160768616449e+01,0.000000000000000000e+00
-1.380197292959578093e+01,1.040053260050602546e+01,0.000000000000000000e+00
-1.396838240959301913e+01,1.014862386801133098e+01,0.000000000000000000e+00
-1.412244778074556706e+01,9.888644394051038233e+00,0.000000000000000000e+00
-1.426339536383822626e+01,9.620781651999667616e+00,0.000000000000000000e+00
-1.439038538690037861e+01,9.345225539291595496e+00,0.000000000000000000e+00
-1.450329993082594093e+01,9.062667628321801061e+00,0.000000000000000000e+00
-1.460223713660097467e+01,8.773909245085295794e+00,0.000000000000000000e+00
-1.468717426782017199e+01,8.479644017160918423e+00,0.000000000000000000e+00
-1.475781676952478882e+01,8.180391415029054869e+00,0.000000000000000000e+00
-1.481385165579746221e+01,7.876664644621532041e+00,0.000000000000000000e+00
-1.485498059766150902e+01,7.568990666254501676e+00,0.000000000000000000e+00
-1.488092040990761511e+01,7.257909831766798270e+00,0.000000000000000000e+00
-1.489140352977289439e+01,6.943975506609479709e+00,0.000000000000000000e+00
-1.488596986924873100e+01,6.627660794428098079e+00,0.000000000000000000e+00
-1.486403311887945300e+01,6.309407726269842698e+00,0.000000000000000000e+00
-1.482630013346070363e+01,5.990214086021413920e+00,0.000000000000000000e+00
-1.477387411422977515e+01,5.671158930593520608e+00,0.000000000000000000e+00
-1.470606596058031990e+01,5.352570272806646656e+00,0.000000000000000000e+00
-1.462043284955022848e+01,5.034218748347454309e+00,0.000000000000000000e+00
-1.451957101428993901e+01,4.717694603395199415e+00,0.000000000000000000e+00
-1.440285884187373533e+01,4.403395848678952618e+00,0.000000000000000000e+00
-1.426959404485992522e+01,4.091740249014955033e+00,0.000000000000000000e+00
-1.412029678766808516e+01,3.783522121143442885e+00,0.000000000000000000e+00
-1.395439629573404439e+01,3.479221759297647765e+00,0.000000000000000000e+00
-1.377293107431917640e+01,3.179731683625123484e+00,0.000000000000000000e+00
-1.357570057744858616e+01,2.885604237004204986e+00,0.000000000000000000e+00
-1.336231558709817158e+01,2.597371034615898910e+00,0.000000000000000000e+00
-1.313334595353333434e+01,2.315763238586267647e+00,0.000000000000000000e+00
-1.288915659405455472e+01,2.041441853404638795e+00,0.000000000000000000e+00
-1.262898015171827915e+01,1.774887411962424943e+00,0.000000000000000000e+00
-1.235407900036948270e+01,1.516890165420162306e+00,0.000000000000000000e+00
-1.209093937402152186e+01,1.270808936550192225e+00,0.000000000000000000e+00
-1.183965772003343453e+01,1.035835830530119184e+00,0.000000000000000000e+00
-1.159932863444682383e+01,8.111040720919412417e-01,0.000000000000000000e+00
-1.136911362435609796e+01,5.958299974690707268e-01,0.000000000000000000e+00
-1.114825541321425462e+01,3.893056575199807523e-01,0.000000000000000000e+00
-1.093606861317680234e+01,1.908897877024427203e-01,0.000000000000000000e+00
-1.073197674818465686e+01,1.314288097318816253e-15,0.000000000000000000e+00
-1.073023322056688222e+01,-1.872969175599087932e-01,0.000000000000000000e+00
-1.053045650713382031e+01,-3.677316443284942005e-01,0.000000000000000000e+00
-1.033770107020773921e+01,-5.417759559815031878e-01,0.000000000000000000e+00
-1.015153642985941573e+01,-7.098645788684696534e-01,0.000000000000000000e+00
-9.971527819968926565e+00,-8.723956422806496969e-01,0.000000000000000000e+00
-9.797269839624933141e+00,-1.029734554185251172e+00,0.000000000000000000e+00
-9.628389832556068839e+00,-1.182217617792390651e+00,0.000000000000000000e+00
-9.464544321258996362e+00,-1.330154958987519231e+00,0.000000000000000000e+00
-9.305416023978336781e+00,-1.473833108944779591e+00,0.000000000000000000e+00
-9.150711214584850595e+00,-1.613517279802838100e+00,0.000000000000000000e+00
-9.000157502658556297e+00,-1.749453397654925801e+00,0.000000000000000000e+00
-8.853501854688474282e+00,-1.881869912971743553e+00,0.000000000000000000e+00
-8.710508819189087149e+00,-2.010979414869448867e+00,0.000000000000000000e+00
-8.570958928726092552e+00,-2.136980072150202581e+00,0.000000000000000000e+00
-8.434647255259402954e+00,-2.260056920488138665e+00,0.000000000000000000e+00
-8.301382129072102600e+00,-2.380383020932053117e+00,0.000000000000000000e+00
-8.170983986931256382e+00,-2.498120502512291452e+00,0.000000000000000000e+00
-8.043284332318549446e+00,-2.613421501971840311e+00,0.000000000000000000e+00
-7.918124795390798276e+00,-2.726429012526633944e+00,0.000000000000000000e+00
-7.795356281528533771e+00,-2.837277651976451764e+00,0.000000000000000000e+00
-7.674838198518089349e+00,-2.946094359127096940e+00,0.000000000000000000e+00
-7.556437753941045443e+00,-3.052999026483089295e+00,0.000000000000000000e+00
-7.440029322220119923e+00,-3.158105079143453953e+00,0.000000000000000000e+00
-7.325493865613697864e+00,-3.261520003022928993e+00,0.000000000000000000e+00
-7.212718396888022632e+00,-3.363345824584327737e+00,0.000000000000000000e+00
-7.101595488171341231e+00,-3.463679550393447215e+00,0.000000000000000000e+00
-6.992022818905148540e+00,-3.562613569677944181e+00,0.000000000000000000e+00
-6.883902758979938419e+00,-3.660236023590109689e+00,0.000000000000000000e+00
-6.777141985009437875e+00,-3.756631145271316363e+00,0.000000000000000000e+00
-6.671651160458976548e+00,-3.851879593430270532e+00,0.000000000000000000e+00
-6.567344618895261554e+00,-3.946058753076723935e+00,0.000000000000000000e+00
-6.464140022538841457e+00,-4.039242986534990365e+00,0.000000000000000000e+00
-6.361958073099788002e+00,-4.131503880275205987e+00,0.000000000000000000e+00
-6.260722248323522976e+00,-4.222910478079080931e+00,0.000000000000000000e+00
-6.160358616287473943e+00,-4.313529541199622841e+00,0.000000000000000000e+00
-6.060795594979829559e+00,-4.403425753300399315e+00,0.000000000000000000e+00
-5.961963678704432112e+00,-4.492661876653476050e+00,0.000000000000000000e+00
-5.863795229576862056e+00,-4.581298929647054763e+00,0.000000000000000000e+00
-5.766224340073801358e+00,-4.669396402412182567e+00,0.000000000000000000e+00
-5.669186675567628342e+00,-4.757012448543946448e+00,0.000000000000000000e+00
-5.572619215147200933e+00,-4.844203978627334983e+00,0.000000000000000000e+00
-5.476460078145364285e+00,-4.931026802797751074e+00,0.000000000000000000e+00
-5.380648434889571341e+00,-5.017535838737522624e+00,0.000000000000000000e+00
-5.285124356651279776e+00,-5.103785264677600964e+00,0.000000000000000000e+00
-5.189828581749841518e+00,-5.189828581749838854e+00,0.000000000000000000e+00
-5.094702375118409066e+00,-5.275718749175921651e+00,0.000000000000000000e+00
-4.999687473539483840e+00,-5.361508406526094284e+00,0.000000000000000000e+00
-4.904725894777620887e+00,-5.447249960546833414e+00,0.000000000000000000e+00
-4.809759741661497223e+00,-5.532995653130865499e+00,0.000000000000000000e+00
-4.714731093956233465e+00,-5.618797719337967678e+00,0.000000000000000000e+00
-4.619581941762709754e+00,-5.704708604263445615e+00,0.000000000000000000e+00
-4.524253959393792712e+00,-5.790780997242492845e+00,0.000000000000000000e+00
-4.428688344027735369e+00,-5.877067933512674536e+00,0.000000000000000000e+00
-4.332825726179946102e+00,-5.963622994066460237e+00,0.000000000000000000e+00
-4.236606045242854002e+00,-6.050500478865170173e+00,0.000000000000000000e+00
-4.139968324263290533e+00,-6.137755448431843064e+00,0.000000000000000000e+00
-4.042850514659516392e+00,-6.225443861463944906e+00,0.000000000000000000e+00
-3.945189391800402845e+00,-6.313622807304644091e+00,0.000000000000000000e+00
-3.846920377463224128e+00,-6.402350654448148326e+00,0.000000000000000000e+00
-3.747977314454951081e+00,-6.491687134251522551e+00,0.000000000000000000e+00
-3.648292287061342343e+00,-6.581693511047067346e+00,0.000000000000000000e+00
-3.547795467626499999e+00,-6.672432829600925430e+00,0.000000000000000000e+00
-3.446414908407280375e+00,-6.763970105569697466e+00,0.000000000000000000e+00
-3.344076285616689681e+00,-6.856372454934115623e+00,0.000000000000000000e+00
-3.240702671101259202e+00,-6.949709305490451960e+00,0.000000000000000000e+00
-3.136214297016543640e+00,-7.044052641943318704e+00,0.000000000000000000e+00
-3.030528315037824605e+00,-7.139477300677728344e+00,0.000000000000000000e+00
-2.923558486161595749e+00,-7.236061174292207632e+00,0.000000000000000000e+00
-2.815214869752006965e+00,-7.333885471954328494e+00,0.000000000000000000e+00
-2.705403498517725769e+00,-7.433035022690973825e+00,0.000000000000000000e+00
-2.594026026348406955e+00,-7.533598602695234625e+00,0.000000000000000000e+00
-2.480979349394250910e+00,-7.635669299702452228e+00,0.000000000000000000e+00
-2.366155189306479389e+00,-7.739344896682926134e+00,0.000000000000000000e+00
-2.249439630478327512e+00,-7.844728257878284872e+00,0.000000000000000000e+00
-2.130712625895061496e+00,-7.951927776168871809e+00,0.000000000000000000e+00
-2.009847457992615105e+00,-8.061057863832262527e+00,0.000000000000000000e+00
-1.886710148117924923e+00,-8.172239488339865687e+00,0.000000000000000000e+00
-1.761158808640775675e+00,-8.285600758704577018e+00,0.000000000000000000e+00
-1.633042930970370898e+00,-8.401277568775515903e+00,0.000000000000000000e+00
-1.502202601778710900e+00,-8.519414304850027264e+00,0.000000000000000000e+00
-1.368467638604240033e+00,-8.640164626021286765e+00,0.000000000000000000e+00
-1.231656634676855822e+00,-8.763692326753361073e+00,0.000000000000000000e+00
-1.091575901264183024e+00,-8.890172292324120207e+00,0.000000000000000000e+00
-9.480182940259717084e-01,-9.019791558633452055e+00,0.000000000000000000e+00
-8.007619079309211685e-01,-9.152750489709385207e+00,0.000000000000000000e+00
-6.495686227063882656e-01,-9.289264084156050316e+00,0.000000000000000000e+00
-4.941824790228432351e-01,-9.429563430915164801e+00,0.000000000000000000e+00
-3.343278635158113410e-01,-9.573897379174628242e+00,0.000000000000000000e+00
-1.697074673712144488e-01,-9.722534294150239731e+00,0.000000000000000000e+00
-1.814148557161991609e-15,-9.875764769755507544e+00,0.000000000000000000e+00
1.751424334976317831e-01,-1.003390329499738165e+01,0.000000000000000000e+00
3.560966622185606778e-01,-1.019727421249145749e+01,0.000000000000000000e+00
5.432692900960726101e-01,-1.036619558256820817e+01,0.000000000000000000e+00
7.368815261542173145e-01,-1.053789677626801691e+01,0.000000000000000000e+00
9.369296226796018923e-01,-1.070915459123433422e+01,0.000000000000000000e+00
1.143551465750338947e+00,-1.088016541730921105e+01,0.000000000000000000e+00
1.356873358751689906e+00,-1.105084669256319785e+01,0.000000000000000000e+00
1.576730968762884100e+00,-1.121902379548094686e+01,0.000000000000000000e+00
1.803548576590286556e+00,-1.138715755723695366e+01,0.000000000000000000e+00
2.037164304190372199e+00,-1.155333288192904462e+01,0.000000000000000000e+00
2.277746380602499787e+00,-1.171798928969046649e+01,0.000000000000000000e+00
2.525331649715612414e+00,-1.188075131567101295e+01,0.000000000000000000e+00
2.780087483748868049e+00,-1.204188186425757046e+01,0.000000000000000000e+00
3.041745590958857548e+00,-1.219977522088452204e+01,0.000000000000000000e+00
3.310881589229723421e+00,-1.235637830884969546e+01,0.000000000000000000e+00
3.587131965993696436e+00,-1.250981583016984189e+01,0.000000000000000000e+00
3.870464773749942466e+00,-1.265971983997062367e+01,0.000000000000000000e+00
4.161173528376218123e+00,-1.280677526361295904e+01,0.000000000000000000e+00
4.458713153694653819e+00,-1.294904324139630347e+01,0.000000000000000000e+00
4.760947554842586804e+00,-1.308059590213772516e+01,0.000000000000000000e+00
5.066962310149904170e+00,-1.319988810538719015e+01,0.000000000000000000e+00
5.376267011993026479e+00,-1.330672780183965465e+01,0.000000000000000000e+00
5.688305249551413922e+00,-1.340080737968338198e+01,0.000000000000000000e+00
6.002775739075577377e+00,-1.348245505546379164e+01,0.000000000000000000e+00
6.319296843325247437e+00,-1.355177581326519309e+01,0.000000000000000000e+00
6.637432960957923456e+00,-1.360875429807707171e+01,0.000000000000000000e+00
6.956749643710166353e+00,-1.365338993491479158e+01,0.000000000000000000e+00
7.276814333779819677e+00,-1.368569730095125792e+01,0.000000000000000000e+00
7.597196634511750979e+00,-1.370570553484656173e+01,0.000000000000000000e+00
7.917468533054774049e+00,-1.371345776657869386e+01,0.000000000000000000e+00
8.237204684359127782e+00,-1.370901074810047682e+01,0.000000000000000000e+00
8.555982694072675088e+00,-1.369243453520218168e+01,0.000000000000000000e+00
8.873383293851679454e+00,-1.366381204469985455e+01,0.000000000000000000e+00
9.188990446851795113e+00,-1.362323857653893633e+01,0.000000000000000000e+00
9.502391779481941469e+00,-1.357082187914978988e+01,0.000000000000000000e+00
9.813180248807011452e+00,-1.350668387678278926e+01,0.000000000000000000e+00
1.012095839625180815e+01,-1.343096542958158501e+01,0.000000000000000000e+00
1.042534641514644100e+01,-1.334383490678079198e+01,0.000000000000000000e+00
1.072599372082404656e+01,-1.324549914685842644e+01,0.000000000000000000e+00
1.102258955238355753e+01,-1.313621069874451486e+01,0.000000000000000000e+00
1.131486039027722512e+01,-1.301625792509131152e+01,0.000000000000000000e+00
1.160252742744664545e+01,-1.288591216457121824e+01,0.000000000000000000e+00
1.188477796282482579e+01,-1.274486401292425164e+01,0.000000000000000000e+00
1.216061716216680466e+01,-1.259268770582560037e+01,0.000000000000000000e+00
1.243103206956509155e+01,-1.243103206956509688e+01,0.000000000000000000e+00
1.269606718430412329e+01,-1.226044956407895725e+01,0.000000000000000000e+00
1.295313855438318207e+01,-1.207899711479369209e+01,0.000000000000000000e+00
1.320386427990835010e+01,-1.188881279798926194e+01,0.000000000000000000e+00
1.344783343978078172e+01,-1.169002326156300420e+01,0.000000000000000000e+00
1.368323676843201930e+01,-1.148159892570271090e+01,0.000000000000000000e+00
1.391183546002694627e+01,-1.126558222796595032e+01,0.000000000000000000e+00
1.413173491794645464e+01,-1.104092136899466503e+01,0.000000000000000000e+00
1.434295670395774280e+01,-1.080819311471638144e+01,0.000000000000000000e+00
1.454661774411372654e+01,-1.056873642973602934e+01,0.000000000000000000e+00
1.474059473962402045e+01,-1.032147555437914122e+01,0.000000000000000000e+00
1.492382885932749481e+01,-1.006624966951520506e+01,0.000000000000000000e+00
1.509655002508158361e+01,-9.803814217374046791e+00,0.000000000000000000e+00
1.525810309030564405e+01,-9.534320989405017599e+00,0.000000000000000000e+00
1.540814114538685509e+01,-9.258145226681175899e+00,0.000000000000000000e+00
1.554655429388818888e+01,-8.975807306547489262e+00,0.000000000000000000e+00
1.567314448168256114e+01,-8.687765850923655719e+00,0.000000000000000000e+00
1.578723706866449739e+01,-8.394222849284629362e+00,0.000000000000000000e+00
1.588839407538685400e+01,-8.095541133006110002e+00,0.000000000000000000e+00
1.597683136929072312e+01,-7.792421320824410635e+00,0.000000000000000000e+00
1.605273963126680670e+01,-7.485515424427972242e+00,0.000000000000000000e+00
1.611582336754215916e+01,-7.175226850595379346e+00,0.000000000000000000e+00
1.616579598588970512e+01,-6.861973279992516161e+00,0.000000000000000000e+00
1.620248106691925827e+01,-6.546227274632978599e+00,0.000000000000000000e+00
1.622572775185188476e+01,-6.228473326211999783e+00,0.000000000000000000e+00
1.623539990448517756e+01,-5.909202306640946922e+00,0.000000000000000000e+00
1.623137632937037722e+01,-5.588911071898485794e+00,0.000000000000000000e+00
1.621352152396319823e+01,-5.268092488431813436e+00,0.000000000000000000e+00
1.618165294192064607e+01,-4.947227781060925977e+00,0.000000000000000000e+00
1.613580007224439683e+01,-4.626866216242731866e+00,0.000000000000000000e+00
1.607606771166955184e+01,-4.307569360809901937e+00,0.000000000000000000e+00
1.600257954002357508e+01,-3.989891197053224925e+00,0.000000000000000000e+00
1.591547777417782683e+01,-3.674377564623544590e+00,0.000000000000000000e+00
1.581491068618486473e+01,-3.361563038573954110e+00,0.000000000000000000e+00
1.570079977937637672e+01,-3.051926314824599640e+00,0.000000000000000000e+00
1.557285370688381398e+01,-2.745914275149464956e+00,0.000000000000000000e+00
1.543086696590104800e+01,-2.444009228116617027e+00,0.000000000000000000e+00
1.527531780939498063e+01,-2.146805915276682963e+00,0.000000000000000000e+00
1.510694536757410589e+01,-1.854899653541765003e+00,0.000000000000000000e+00
1.492544644150991751e+01,-1.568727634233711088e+00,0.000000000000000000e+00
1.473005742671501395e+01,-1.288713037923409965e+00,0.000000000000000000e+00
1.452165356718882094e+01,-1.015452938101611746e+00,0.000000000000000000e+00
1.430080744778637580e+01,-7.494735602928678242e-01,0.000000000000000000e+00
1.406650864145919222e+01,-4.912133058220717885e-01,0.000000000000000000e+00
1.382001631102332162e+01,-2.412292820179510744e-01,0.000000000000000000e+00
1.356298896185356107e+01,-3.321974203800969538e-15,0.000000000000000000e+00
