1.107986463734408034e+01,0.000000000000000000e+00,0.000000000000000000e+00
1.095051371181604694e+01,1.911419278370860286e-01,0.000000000000000000e+00
1.082094902017433746e+01,3.778758664154614477e-01,0.000000000000000000e+00
1.069128288707872976e+01,5.603063937985776066e-01,0.000000000000000000e+00
1.056148555623118668e+01,7.385310143346797140e-01,0.000000000000000000e+00
1.043164500342994927e+01,9.126506797269690052e-01,0.000000000000000000e+00
1.030187067975394477e+01,1.082770239601432705e+00,0.000000000000000000e+00
1.017227974438541871e+01,1.248998901795874250e+00,0.000000000000000000e+00
1.004298382915974486e+01,1.411449330252729784e+00,0.000000000000000000e+00
9.914071376984551875e+00,1.570234646381202914e+00,0.000000000000000000e+00
9.785620513325405057e+00,1.725468919473487794e+00,0.000000000000000000e+00
9.657705470615907117e+00,1.877267774939354705e+00,0.000000000000000000e+00
9.530396109242365910e+00,2.025748228333913215e+00,0.000000000000000000e+00
9.403758057612421339e+00,2.171028612543418390e+00,0.000000000000000000e+00
9.277852276428415479e+00,2.313228378755954662e+00,0.000000000000000000e+00
9.152732432156120979e+00,2.452467263734377401e+00,0.000000000000000000e+00
9.028445623177196566e+00,2.588865123020366088e+00,0.000000000000000000e+00
8.905040811654961530e+00,2.722544195764453612e+00,0.000000000000000000e+00
8.782570073037554437e+00,2.853630000275576339e+00,0.000000000000000000e+00
8.661062444643556901e+00,2.982242960116868957e+00,0.000000000000000000e+00
8.540504467013462886e+00,3.108489411610437791e+00,0.000000000000000000e+00
8.420896205649739841e+00,3.232479196115130904e+00,0.000000000000000000e+00
8.302321836532343013e+00,3.354355757282970085e+00,0.000000000000000000e+00
8.184885634090296236e+00,3.474277825227112260e+00,0.000000000000000000e+00
8.068725763823131558e+00,3.592428163942086972e+00,0.000000000000000000e+00
7.953991580404032646e+00,3.709007186842780524e+00,0.000000000000000000e+00
7.840713499613892523e+00,3.824171491369978249e+00,0.000000000000000000e+00
7.728772069427094493e+00,3.938006062714827227e+00,0.000000000000000000e+00
7.618046396469528858e+00,4.050587119837589789e+00,0.000000000000000000e+00
7.508453659020560167e+00,4.162003825608759477e+00,0.000000000000000000e+00
7.399918579474566549e+00,4.272344983840953070e+00,0.000000000000000000e+00
7.292363846922746973e+00,4.381694255236203261e+00,0.000000000000000000e+00
7.185710285779668638e+00,4.490130129283329552e+00,0.000000000000000000e+00
7.079879122251694135e+00,4.597727260910776437e+00,0.000000000000000000e+00
6.974798711845865640e+00,4.704561134401624045e+00,0.000000000000000000e+00
6.870397555886220253e+00,4.810704159129096880e+00,0.000000000000000000e+00
6.766606083548875716e+00,4.916227089958054464e+00,0.000000000000000000e+00
6.663357165536195836e+00,5.021199779371274374e+00,0.000000000000000000e+00
6.560582648669266881e+00,5.125688924914666877e+00,0.000000000000000000e+00
6.458217973159976033e+00,5.229761797557968883e+00,0.000000000000000000e+00
6.356198629248588361e+00,5.333483925492022770e+00,0.000000000000000000e+00
6.254460176181812159e+00,5.436919283354589183e+00,0.000000000000000000e+00
6.152941037337488872e+00,5.540132994344821427e+00,0.000000000000000000e+00
6.051578078505049696e+00,5.643187853145921196e+00,0.000000000000000000e+00
5.950309156062200344e+00,5.746146758641020647e+00,0.000000000000000000e+00
5.849072680072145758e+00,5.849072680072143982e+00,0.000000000000000000e+00
5.747805594552333197e+00,5.952026930933966398e+00,0.000000000000000000e+00
5.646448395584128477e+00,6.055074582193489263e+00,0.000000000000000000e+00
5.544940888439542803e+00,6.158280744689057506e+00,0.000000000000000000e+00
5.443219228228154627e+00,6.261707433731594108e+00,0.000000000000000000e+00
5.341215308259264383e+00,6.365412532437169091e+00,0.000000000000000000e+00
5.238852897820978960e+00,6.469444547024537862e+00,0.000000000000000000e+00
5.135955249872503181e+00,6.573722945392423078e+00,0.000000000000000000e+00
5.032265248058376272e+00,6.678041538456214177e+00,0.000000000000000000e+00
4.927567870804113959e+00,6.782215329269416060e+00,0.000000000000000000e+00
4.821812141459545842e+00,6.886261398710376014e+00,0.000000000000000000e+00
4.714992480978689393e+00,6.990263819130053236e+00,0.000000000000000000e+00
4.607067147622564640e+00,7.094261286565171964e+00,0.000000000000000000e+00
4.497948553765664492e+00,7.198222380441448465e+00,0.000000000000000000e+00
4.387553789453755293e+00,7.302115749497146702e+00,0.000000000000000000e+00
4.275837793688504362e+00,7.405968303591698110e+00,0.000000000000000000e+00
4.162765597840610177e+00,7.509827932505457326e+00,0.000000000000000000e+00
4.048275634705923665e+00,7.613699125208149177e+00,0.000000000000000000e+00
3.932279301107365121e+00,7.717532666933767160e+00,0.000000000000000000e+00
3.814697134411504820e+00,7.821288189145441549e+00,0.000000000000000000e+00
3.695475777967597963e+00,7.924973380426958869e+00,0.000000000000000000e+00
3.574563782989142346e+00,8.028601707259783282e+00,0.000000000000000000e+00
3.451899825863598892e+00,8.132166371347356204e+00,0.000000000000000000e+00
3.327418393643145844e+00,8.235649521921720506e+00,0.000000000000000000e+00
3.201053162622087722e+00,8.339028589450308004e+00,0.000000000000000000e+00
3.072737408900914957e+00,8.442276646868766221e+00,0.000000000000000000e+00
2.942404988316017267e+00,8.545364573594977031e+00,0.000000000000000000e+00
2.809990419320040012e+00,8.648261253161473761e+00,0.000000000000000000e+00
2.675428672294213772e+00,8.750932878341076915e+00,0.000000000000000000e+00
2.538655262324177375e+00,8.853343029762068994e+00,0.000000000000000000e+00
2.399606968423289466e+00,8.955455124352043939e+00,0.000000000000000000e+00
2.258221934138244791e+00,9.057233477134104760e+00,0.000000000000000000e+00
2.114437578548388874e+00,9.158635359162158096e+00,0.000000000000000000e+00
1.968191155707168738e+00,9.259611372349136005e+00,0.000000000000000000e+00
1.819427381471692584e+00,9.360142442116536898e+00,0.000000000000000000e+00
1.668092549125104407e+00,9.460222947292962203e+00,0.000000000000000000e+00
1.514109275903832375e+00,9.559709734121351943e+00,0.000000000000000000e+00
1.357402453148841559e+00,9.658420316225297952e+00,0.000000000000000000e+00
1.197929719056912035e+00,9.756354628365770054e+00,0.000000000000000000e+00
1.035653362967604574e+00,9.853583543515060938e+00,0.000000000000000000e+00
8.705291112120148167e-01,9.950193272229681085e+00,0.000000000000000000e+00
7.024791187799848124e-01,1.004591942998163745e+01,0.000000000000000000e+00
5.314341218005007583e-01,1.014036711859813167e+01,0.000000000000000000e+00
3.573741723626926436e-01,1.023385731655037389e+01,0.000000000000000000e+00
1.802487292469253100e-01,1.032644278254957548e+01,0.000000000000000000e+00
6.378951969610176384e-16,1.041761914382408172e+01,0.000000000000000000e+00
-1.834065808214001836e-01,1.050735597808681554e+01,0.000000000000000000e+00
-3.699919272354293409e-01,1.059518254094790635e+01,0.000000000000000000e+00
-5.597177110241027265e-01,1.068005015059330454e+01,0.000000000000000000e+00
-7.525903321953681946e-01,1.076254316875391659e+01,0.000000000000000000e+00
-9.486106230388420268e-01,1.084266903628897971e+01,0.000000000000000000e+00
-1.147701994069338260e+00,1.091965505641370804e+01,0.000000000000000000e+00
-1.349863831088621291e+00,1.099375867097872295e+01,0.000000000000000000e+00
-1.555116413836500122e+00,1.106522824579495179e+01,0.000000000000000000e+00
-1.763425049066925876e+00,1.113382757456220418e+01,0.000000000000000000e+00
-1.974695494870479573e+00,1.119905465933995004e+01,0.000000000000000000e+00
-2.188908941851374745e+00,1.126096028739481270e+01,0.000000000000000000e+00
-2.406079865472650514e+00,1.131971578091251018e+01,0.000000000000000000e+00
-2.626201167379142998e+00,1.137532699751965382e+01,0.000000000000000000e+00
-2.849218850671346281e+00,1.142759264174354605e+01,0.000000000000000000e+00
-3.075037531449957395e+00,1.147619630255241674e+01,0.000000000000000000e+00
-3.303562312798626888e+00,1.152089092578241569e+01,0.000000000000000000e+00
-3.534840670573417665e+00,1.156194286326930154e+01,0.000000000000000000e+00
-3.768852142500100921e+00,1.159933419302024582e+01,0.000000000000000000e+00
-4.005534559353420399e+00,1.163291703818064704e+01,0.000000000000000000e+00
-4.244840840580508257e+00,1.166260435867372713e+01,0.000000000000000000e+00
-4.486716289502163946e+00,1.168829554216563515e+01,0.000000000000000000e+00
-4.731100580975684977e+00,1.170988485016311742e+01,0.000000000000000000e+00
-4.977885968610327616e+00,1.172716443595150970e+01,0.000000000000000000e+00
-5.226950336773676042e+00,1.173992267176470605e+01,0.000000000000000000e+00
-5.478333769610321369e+00,1.174832468179055489e+01,0.000000000000000000e+00
-5.731980487904203336e+00,1.175230161420755515e+01,0.000000000000000000e+00
-5.987816467942200127e+00,1.175175150502010624e+01,0.000000000000000000e+00
-6.245773413511636285e+00,1.174659135534784227e+01,0.000000000000000000e+00
-6.505777630583234661e+00,1.173673353074873127e+01,0.000000000000000000e+00
-6.767754330532090634e+00,1.172209435362588081e+01,0.000000000000000000e+00
-7.031626249375547921e+00,1.170259129439305212e+01,0.000000000000000000e+00
-7.297314151981328934e+00,1.167814380667563690e+01,0.000000000000000000e+00
-7.564736734207769153e+00,1.164867305748769333e+01,0.000000000000000000e+00
-7.833810697087718822e+00,1.161410197421983703e+01,0.000000000000000000e+00
-8.104450751888039761e+00,1.157435518704854260e+01,0.000000000000000000e+00
-8.376569664161973350e+00,1.152935904131983236e+01,0.000000000000000000e+00
-8.650078160851450093e+00,1.147904142996971721e+01,0.000000000000000000e+00
-8.924885305682675352e+00,1.142333226529150991e+01,0.000000000000000000e+00
-9.200897049024264973e+00,1.136216160341181869e+01,0.000000000000000000e+00
-9.478021716783654682e+00,1.129546643166286479e+01,0.000000000000000000e+00
-9.756149034935097220e+00,1.122316562592907196e+01,0.000000000000000000e+00
-1.003519808360095844e+01,1.114521658043715746e+01,0.000000000000000000e+00
-1.031402449278316169e+01,1.106043714048886351e+01,0.000000000000000000e+00
-1.058827049753739402e+01,1.096447507081433415e+01,0.000000000000000000e+00
-1.085495764480544167e+01,1.085495764480544345e+01,0.000000000000000000e+00
-1.111343335606536442e+01,1.073211784151882675e+01,0.000000000000000000e+00
-1.136327288051925244e+01,1.059642338898316538e+01,0.000000000000000000e+00
-1.160404921798341071e+01,1.044833284610345459e+01,0.000000000000000000e+00
-1.183546483925385751e+01,1.028841262065363793e+01,0.000000000000000000e+00
-1.205713860130299331e+01,1.011714055340669205e+01,0.000000000000000000e+00
-1.226807326038077228e+01,9.934489844322968111e+00,0.000000000000000000e+00
-1.246695857773793215e+01,9.740255543041277164e+00,0.000000000000000000e+00
-1.265547690486410737e+01,9.536585877642719922e+00,0.000000000000000000e+00
-1.283308815064565422e+01,9.323784307085736245e+00,0.000000000000000000e+00
-1.299695656795923782e+01,9.100566962669260462e+00,0.000000000000000000e+00
-1.314797254775060509e+01,8.868419462668203579e+00,0.000000000000000000e+00
-1.328695545386965193e+01,8.628649762220023334e+00,0.000000000000000000e+00
-1.341305808828714241e+01,8.381408914750148043e+00,0.000000000000000000e+00
-1.352556391023706794e+01,8.126978703801878368e+00,0.000000000000000000e+00
-1.362419382687398794e+01,7.865931973437332303e+00,0.000000000000000000e+00
-1.370871773348430089e+01,7.598866323481438201e+00,0.000000000000000000e+00
-1.377888533094230716e+01,7.326363288244027494e+00,0.000000000000000000e+00
-1.383444783770721287e+01,7.049003253014997306e+00,0.000000000000000000e+00
-1.387517510046659375e+01,6.767375068555155693e+00,0.000000000000000000e+00
-1.390085590576538799e+01,6.482075563767541126e+00,0.000000000000000000e+00
-1.391129821312025250e+01,6.193709014362522858e+00,0.000000000000000000e+00
-1.390614477158596962e+01,5.902808246103117717e+00,0.000000000000000000e+00
-1.388398648923898548e+01,5.609494660793539644e+00,0.000000000000000000e+00
-1.384809109854943188e+01,5.315784126627207229e+00,0.000000000000000000e+00
-1.379620300941705757e+01,5.021407241321615089e+00,0.000000000000000000e+00
-1.372850241888242806e+01,4.727102471935187289e+00,0.000000000000000000e+00
-1.364461051586600959e+01,4.433402704031504271e+00,0.000000000000000000e+00
-1.354426256862914002e+01,4.140896624962016048e+00,0.000000000000000000e+00
-1.342836480536179877e+01,3.850521646223475258e+00,0.000000000000000000e+00
-1.329632993263382978e+01,3.562740867747002937e+00,0.000000000000000000e+00
-1.314826412760631946e+01,3.278230435790719266e+00,0.000000000000000000e+00
-1.298405935430690405e+01,2.997606296595778819e+00,0.000000000000000000e+00
-1.280423641887909803e+01,2.721624468007017406e+00,0.000000000000000000e+00
-1.260853925675168696e+01,2.450851758502453848e+00,0.000000000000000000e+00
-1.239689536600615938e+01,2.185907130046625735e+00,0.000000000000000000e+00
-1.216969436773397462e+01,1.927490231354208827e+00,0.000000000000000000e+00
-1.192694898513933488e+01,1.676223365824326406e+00,0.000000000000000000e+00
-1.167011169256946346e+01,1.432909539859995141e+00,0.000000000000000000e+00
-1.142522966831534070e+01,1.200840027023005296e+00,0.000000000000000000e+00
-1.119121830767966941e+01,9.791047329657522891e-01,0.000000000000000000e+00
-1.096724206944787205e+01,7.669042737292397494e-01,0.000000000000000000e+00
-1.075260058952197184e+01,5.635199184143659945e-01,0.000000000000000000e+00
-1.054656432967581559e+01,3.682941418864951744e-01,0.000000000000000000e+00
-1.034847181555569406e+01,1.806332474483535455e-01,0.000000000000000000e+00
-1.015787775753903333e+01,1.243981248190027208e-15,0.000000000000000000e+00
-1.015413770703040086e+01,-1.772411329662748336e-01,0.000000000000000000e+00
-9.969347840066983935e+00,-3.481372979060315398e-01,0.000000000000000000e+00
-9.789451747846479535e+00,-5.130434265031176277e-01,0.000000000000000000e+00
-9.615161688037726861e+00,-6.723576031658556884e-01,0.000000000000000000e+00
-9.446724725923585808e+00,-8.264813209683530282e-01,0.000000000000000000e+00
-9.283602544105029608e+00,-9.757459459086437192e-01,0.000000000000000000e+00
-9.125417761245216752e+00,-1.120460412870063038e+00,0.000000000000000000e+00
-8.971897942330974374e+00,-1.260918025679864218e+00,0.000000000000000000e+00
-8.822743247040154557e+00,-1.397385251309535947e+00,0.000000000000000000e+00
-8.677677108228575520e+00,-1.530108604056909405e+00,0.000000000000000000e+00
-8.536450976208806551e+00,-1.659317979694445944e+00,0.000000000000000000e+00
-8.398833966388107086e+00,-1.785227269932847749e+00,0.000000000000000000e+00
-8.264605717884883518e+00,-1.908034572454068600e+00,0.000000000000000000e+00
-8.133566121724863152e+00,-2.027925797122612561e+00,0.000000000000000000e+00
-8.005523533585744644e+00,-2.145073565812644745e+00,0.000000000000000000e+00
-7.880303357260342700e+00,-2.259640626074044700e+00,0.000000000000000000e+00
-7.757736900087730980e+00,-2.371778189040814500e+00,0.000000000000000000e+00
-7.637670781421024735e+00,-2.481629670226266349e+00,0.000000000000000000e+00
-7.519955911241846813e+00,-2.589328470961416162e+00,0.000000000000000000e+00
-7.404456386131178292e+00,-2.695001725474042598e+00,0.000000000000000000e+00
-7.291040023715464891e+00,-2.798768043108133430e+00,0.000000000000000000e+00
-7.179584873097972775e+00,-2.900740579340956860e+00,0.000000000000000000e+00
-7.069973900760190944e+00,-3.001025872131882544e+00,0.000000000000000000e+00
-6.962096047740760518e+00,-3.099724870327370763e+00,0.000000000000000000e+00
-6.855847643469654251e+00,-3.196934259293798597e+00,0.000000000000000000e+00
-6.751126787486541936e+00,-3.292744543797136103e+00,0.000000000000000000e+00
-6.647840307735561005e+00,-3.387243820966139740e+00,0.000000000000000000e+00
-6.545895816044482451e+00,-3.480514544064264193e+00,0.000000000000000000e+00
-6.445206847152975094e+00,-3.572636493862256124e+00,0.000000000000000000e+00
-6.345690784390036754e+00,-3.663686282561716023e+00,0.000000000000000000e+00
-6.247266063754976173e+00,-3.753736154297684813e+00,0.000000000000000000e+00
-6.149857506787132166e+00,-3.842857474600786194e+00,0.000000000000000000e+00
-6.053390024192114360e+00,-3.931117446296421125e+00,0.000000000000000000e+00
-5.957791944378552529e+00,-4.018581408058533810e+00,0.000000000000000000e+00
-5.862995193240230662e+00,-4.105313430794100604e+00,0.000000000000000000e+00
-5.768931204198794127e+00,-4.191373860987601674e+00,0.000000000000000000e+00
-5.675535788502619639e+00,-4.276822979929502111e+00,0.000000000000000000e+00
-5.582745699955588670e+00,-4.361718971817479584e+00,0.000000000000000000e+00
-5.490497899658763892e+00,-4.446117533434390978e+00,0.000000000000000000e+00
-5.398733192500172251e+00,-4.530075030651433465e+00,0.000000000000000000e+00
-5.307391790292043332e+00,-4.613645295695595117e+00,0.000000000000000000e+00
-5.216414930375342429e+00,-4.696881100045594337e+00,0.000000000000000000e+00
-5.125746436277522911e+00,-4.779835879545145438e+00,0.000000000000000000e+00
-5.035328884554667539e+00,-4.862560581276268223e+00,0.000000000000000000e+00
-4.945106370178320887e+00,-4.945106370178318222e+00,0.000000000000000000e+00
-4.855024253770324094e+00,-5.027524788967604685e+00,0.000000000000000000e+00
-4.765026405874945858e+00,-5.109865220101659666e+00,0.000000000000000000e+00
-4.675058388819452126e+00,-5.192178354180083666e+00,0.000000000000000000e+00
-4.585065829680069704e+00,-5.274514875492531729e+00,0.000000000000000000e+00
-4.494992824615590798e+00,-5.356923847420822504e+00,0.000000000000000000e+00
-4.404785061599831408e+00,-5.439456547717707480e+00,0.000000000000000000e+00
-4.314387214284827188e+00,-5.522163812964675067e+00,0.000000000000000000e+00
-4.223742542495807051e+00,-5.605095668876884041e+00,0.000000000000000000e+00
-4.132795496796621393e+00,-5.688305002795548404e+00,0.000000000000000000e+00
-4.041488549364773419e+00,-5.771843816046376752e+00,0.000000000000000000e+00
-3.949763046748807405e+00,-5.855764527983735590e+00,0.000000000000000000e+00
-3.857560726293106423e+00,-5.940122608205891552e+00,0.000000000000000000e+00
-3.764820560035845531e+00,-6.024972337869026973e+00,0.000000000000000000e+00
-3.671480785308155248e+00,-6.110370140832524832e+00,0.000000000000000000e+00
-3.577478779376044749e+00,-6.196375008878792556e+00,0.000000000000000000e+00
-3.482748665256052867e+00,-6.283044911729732007e+00,0.000000000000000000e+00
-3.387224101053781133e+00,-6.370442010910785768e+00,0.000000000000000000e+00
-3.290836204841839141e+00,-6.458629707519291330e+00,0.000000000000000000e+00
-3.193512934507019452e+00,-6.547671837752906399e+00,0.000000000000000000e+00
-3.095181307472212762e+00,-6.637637734105974907e+00,0.000000000000000000e+00
-2.995764110109758516e+00,-6.728596357248959769e+00,0.000000000000000000e+00
-2.895181700444207085e+00,-6.820620658481119314e+00,0.000000000000000000e+00
-2.793351554713697116e+00,-6.913787710041837009e+00,0.000000000000000000e+00
-2.690186260084565184e+00,-7.008174808135806622e+00,0.000000000000000000e+00
-2.585596057391494451e+00,-7.103866783514016348e+00,0.000000000000000000e+00
-2.479485618303613137e+00,-7.200949103718117250e+00,0.000000000000000000e+00
-2.371755569000564279e+00,-7.299513068916758662e+00,0.000000000000000000e+00
-2.262301608740886927e+00,-7.399655140751006499e+00,0.000000000000000000e+00
-2.151013141041775878e+00,-7.501474296960699562e+00,0.000000000000000000e+00
-2.037774772131608625e+00,-7.605078983977259455e+00,0.000000000000000000e+00
-1.922463241552425872e+00,-7.710578914641982529e+00,0.000000000000000000e+00
-1.804949466407902658e+00,-7.818095068047880680e+00,0.000000000000000000e+00
-1.685095530512128237e+00,-7.927751170194910380e+00,0.000000000000000000e+00
-1.562755938840874048e+00,-8.039682341145240940e+00,0.000000000000000000e+00
-1.437775332189874300e+00,-8.154029102143246277e+00,0.000000000000000000e+00
-1.309988790564036387e+00,-8.270943710631001977e+00,0.000000000000000000e+00
-1.179219988475066261e+00,-8.390586202025772877e+00,0.000000000000000000e+00
-1.045280924956749846e+00,-8.513129967401507514e+00,0.000000000000000000e+00
-9.079700301761689518e-01,-8.638757780607560832e+00,0.000000000000000000e+00
-7.670716407374571499e-01,-8.767668973594085813e+00,0.000000000000000000e+00
-6.223537608722005121e-01,-8.900073427842805529e+00,0.000000000000000000e+00
-4.735672556692254731e-01,-9.036201536256740496e+00,0.000000000000000000e+00
-3.204433553456511596e-01,-9.176297086505217138e+00,0.000000000000000000e+00
-1.626921437319014951e-01,-9.320626672026641302e+00,0.000000000000000000e+00
-1.739514733829345676e-15,-9.469477158858992993e+00,0.000000000000000000e+00
1.679728441111192627e-01,-9.623157794135767773e+00,0.000000000000000000e+00
3.415952959309355164e-01,-9.782009414530692837e+00,0.000000000000000000e+00
5.212684921636927537e-01,-9.946395349981383305e+00,0.000000000000000000e+00
7.074295371113268338e-01,-1.011671371036930189e+01,0.000000000000000000e+00
9.005581679162544262e-01,-1.029342696096175480e+01,0.000000000000000000e+00
1.101169737224763301e+00,-1.047693020591696111e+01,0.000000000000000000e+00
1.309855930291529580e+00,-1.066792046703113783e+01,0.000000000000000000e+00
1.527212249048738757e+00,-1.086667979653568672e+01,0.000000000000000000e+00
1.753383226076982604e+00,-1.107042599944937500e+01,0.000000000000000000e+00
1.987947226027173109e+00,-1.127420896132738903e+01,0.000000000000000000e+00
2.230951442487468572e+00,-1.147725020288370068e+01,0.000000000000000000e+00
2.482556146727416202e+00,-1.167950839636466043e+01,0.000000000000000000e+00
2.742858408890368249e+00,-1.188062502468605963e+01,0.000000000000000000e+00
3.011997545423290568e+00,-1.208046232704051270e+01,0.000000000000000000e+00
3.290042526808213630e+00,-1.227860586911052287e+01,0.000000000000000000e+00
3.576984706169082262e+00,-1.247442812969207537e+01,0.000000000000000000e+00
3.869387779305266228e+00,-1.265619714987116318e+01,0.000000000000000000e+00
4.166272783256919965e+00,-1.282246915641115237e+01,0.000000000000000000e+00
4.467009321880888173e+00,-1.297313706328579208e+01,0.000000000000000000e+00
4.770991703325500488e+00,-1.310819197329218078e+01,0.000000000000000000e+00
5.077731527216616136e+00,-1.322794287500299326e+01,0.000000000000000000e+00
5.385040769839057440e+00,-1.332844361453942561e+01,0.000000000000000000e+00
5.693589648341865761e+00,-1.341325664307582599e+01,0.000000000000000000e+00
6.002921587581369955e+00,-1.348278263657122089e+01,0.000000000000000000e+00
6.312510669185162016e+00,-1.353722281585799614e+01,0.000000000000000000e+00
6.620780061939890437e+00,-1.357461079524696856e+01,0.000000000000000000e+00
6.926992570161158547e+00,-1.359498838975441970e+01,0.000000000000000000e+00
7.231574921451287885e+00,-1.360061434090827071e+01,0.000000000000000000e+00
7.533776172720222597e+00,-1.359129199311327696e+01,0.000000000000000000e+00
7.833056562139936396e+00,-1.356725194418716995e+01,0.000000000000000000e+00
8.127558193034237988e+00,-1.352652834227673750e+01,0.000000000000000000e+00
8.417420648944347050e+00,-1.347068890996877322e+01,0.000000000000000000e+00
8.702451588609259048e+00,-1.340060030059196983e+01,0.000000000000000000e+00
8.981999826241462870e+00,-1.331636236157382847e+01,0.000000000000000000e+00
9.255441708761585673e+00,-1.321814062788569011e+01,0.000000000000000000e+00
9.522159160830971913e+00,-1.310612771281671840e+01,0.000000000000000000e+00
9.781553834582703999e+00,-1.298056036358425303e+01,0.000000000000000000e+00
1.003305165914536268e+01,-1.284172051648398494e+01,0.000000000000000000e+00
1.027611269818751794e+01,-1.268994235122549874e+01,0.000000000000000000e+00
1.051023545648549984e+01,-1.252561086427764359e+01,0.000000000000000000e+00
1.073498784221633784e+01,-1.234919086558731749e+01,0.000000000000000000e+00
1.094993315074878915e+01,-1.216113279376467382e+01,0.000000000000000000e+00
1.115494396017246537e+01,-1.196221286496778902e+01,0.000000000000000000e+00
1.134937263950893893e+01,-1.175261941071681804e+01,0.000000000000000000e+00
1.153197972641657110e+01,-1.153197972641657643e+01,0.000000000000000000e+00
1.170285688068804042e+01,-1.130131752285418045e+01,0.000000000000000000e+00
1.186178237361338894e+01,-1.106129101187628017e+01,0.000000000000000000e+00
1.200838424432260432e+01,-1.081239773907052992e+01,0.000000000000000000e+00
1.214242649776557670e+01,-1.055525031941595060e+01,0.000000000000000000e+00
1.226309873525821637e+01,-1.028996162584574492e+01,0.000000000000000000e+00
1.236936785303823960e+01,-1.001651658810598278e+01,0.000000000000000000e+00
1.246222352973365766e+01,-9.736556118094730650e+00,0.000000000000000000e+00
1.254397593032044789e+01,-9.452563866684940308e+00,0.000000000000000000e+00
1.261667223347049571e+01,-9.166548939520698269e+00,0.000000000000000000e+00
1.268126642986966068e+01,-8.879518348240477366e+00,0.000000000000000000e+00
1.273855771142066651e+01,-8.592265668642021126e+00,0.000000000000000000e+00
1.278937495133694924e+01,-8.305517205648255796e+00,0.000000000000000000e+00
1.283415848265641301e+01,-8.019672293359128901e+00,0.000000000000000000e+00
1.287288827522025692e+01,-7.734811617721474519e+00,0.000000000000000000e+00
1.290551868902649879e+01,-7.451004689141203841e+00,0.000000000000000000e+00
1.293200282190804629e+01,-7.168326217596377781e+00,0.000000000000000000e+00
1.295229276457719436e+01,-6.886856224566423101e+00,0.000000000000000000e+00
1.296633986024293961e+01,-6.606680145587816355e+00,0.000000000000000000e+00
1.297409496850648125e+01,-6.327888923288976564e+00,0.000000000000000000e+00
1.297550873323585918e+01,-6.050579090764955481e+00,0.000000000000000000e+00
1.297059593366386032e+01,-5.774881375213404944e+00,0.000000000000000000e+00
1.295958397274133667e+01,-5.501017024982333581e+00,0.000000000000000000e+00
1.294258064604075287e+01,-5.229142010986994826e+00,0.000000000000000000e+00
1.291964950869818551e+01,-4.959388791652221684e+00,0.000000000000000000e+00
1.289085703322257714e+01,-4.691888254274140913e+00,0.000000000000000000e+00
1.285627257468587281e+01,-4.426769651442978848e+00,0.000000000000000000e+00
1.281596833454599782e+01,-4.164160538191234551e+00,0.000000000000000000e+00
1.277001932311679511e+01,-3.904186709896751317e+00,0.000000000000000000e+00
1.271850332070041389e+01,-3.646972140968928411e+00,0.000000000000000000e+00
1.266150083739782950e+01,-3.392638924346730978e+00,0.000000000000000000e+00
1.259909165967082245e+01,-3.141306361143902937e+00,0.000000000000000000e+00
1.253134201611599075e+01,-2.893088263636470536e+00,0.000000000000000000e+00
1.245831566941738267e+01,-2.648096742891125732e+00,0.000000000000000000e+00
1.238007863251116625e+01,-2.406443511736781282e+00,0.000000000000000000e+00
1.229671601633636868e+01,-2.168242807790027094e+00,0.000000000000000000e+00
1.220841290152607250e+01,-1.933622644659058532e+00,0.000000000000000000e+00
1.211539288607832887e+01,-1.702707428956869329e+00,0.000000000000000000e+00
1.201785954692277869e+01,-1.475607607461701054e+00,0.000000000000000000e+00
1.191577658069263990e+01,-1.252398585110356510e+00,0.000000000000000000e+00
1.180896555164528294e+01,-1.033150613737123358e+00,0.000000000000000000e+00
1.169734342695013929e+01,-8.179579340549937294e-01,0.000000000000000000e+00
1.158125432602545679e+01,-6.069478205391145575e-01,0.000000000000000000e+00
1.146114844206638850e+01,-4.002321228561021016e-01,0.000000000000000000e+00
1.133719972996496672e+01,-1.978915573907199521e-01,0.000000000000000000e+00
1.120933836619555990e+01,-2.745496070144202649e-15,0.000000000000000000e+00
