1.065465255793057864e+01,0.000000000000000000e+00,0.000000000000000000e+00
1.050314383944023078e+01,1.833330576678377233e-01,0.000000000000000000e+00
1.035194783887316206e+01,3.614979842718856751e-01,0.000000000000000000e+00
1.020090634948737573e+01,5.346068484509078900e-01,0.000000000000000000e+00
1.005090818087538551e+01,7.028279662255633164e-01,0.000000000000000000e+00
9.903794334299252711e+00,8.664697301434597376e-01,0.000000000000000000e+00
9.760281641698876243e+00,1.025846937928381442e+00,0.000000000000000000e+00
9.620390909181036676e+00,1.181235473498088995e+00,0.000000000000000000e+00
9.483926004205731175e+00,1.332878876886789410e+00,0.000000000000000000e+00
9.350623524613091320e+00,1.480993273631287188e+00,0.000000000000000000e+00
9.220297239181697080e+00,1.625787173419503961e+00,0.000000000000000000e+00
9.092783222899695872e+00,1.767458013789502624e+00,0.000000000000000000e+00
8.967919863505128930e+00,1.906190211518943745e+00,0.000000000000000000e+00
8.845545501776168607e+00,2.042155089513925770e+00,0.000000000000000000e+00
8.725515023081271693e+00,2.175515234483023086e+00,0.000000000000000000e+00
8.607690776030699098e+00,2.306423792134249418e+00,0.000000000000000000e+00
8.491942833593906670e+00,2.435025423660629240e+00,0.000000000000000000e+00
8.378149135364116873e+00,2.561457244517157950e+00,0.000000000000000000e+00
8.266190542461620439e+00,2.685848120059952659e+00,0.000000000000000000e+00
8.155959133852249465e+00,2.808321942647389768e+00,0.000000000000000000e+00
8.047347218736025098e+00,2.928994852424823492e+00,0.000000000000000000e+00
7.940256078777855109e+00,3.047978737614155609e+00,0.000000000000000000e+00
7.834590118986887397e+00,3.165379876739684128e+00,0.000000000000000000e+00
7.730256390974910907e+00,3.281299160812197524e+00,0.000000000000000000e+00
7.627169717754811451e+00,3.395834746061053622e+00,0.000000000000000000e+00
7.525244209551585683e+00,3.509079004400463386e+00,0.000000000000000000e+00
7.424400012278133509e+00,3.621121836536827843e+00,0.000000000000000000e+00
7.324560371313052265e+00,3.732049915542363649e+00,0.000000000000000000e+00
7.225648406338724961e+00,3.841945407520033218e+00,0.000000000000000000e+00
7.127593625804422572e+00,3.950889661860451874e+00,0.000000000000000000e+00
7.030325458225108015e+00,4.058960295796943285e+00,0.000000000000000000e+00
6.933774813409714355e+00,4.166232226583067799e+00,0.000000000000000000e+00
6.837877343372211314e+00,4.272779983988467478e+00,0.000000000000000000e+00
6.742567399498731184e+00,4.378674466880468685e+00,0.000000000000000000e+00
6.647781849212056393e+00,4.483985475404028698e+00,0.000000000000000000e+00
6.553460405449117232e+00,4.588782377254333689e+00,0.000000000000000000e+00
6.459541159658931164e+00,4.693131363893280117e+00,0.000000000000000000e+00
6.365965097463663902e+00,4.797098782006772311e+00,0.000000000000000000e+00
6.272674502102247196e+00,4.900750428247664381e+00,0.000000000000000000e+00
6.179609994992187438e+00,5.004149505316950908e+00,0.000000000000000000e+00
6.086715054073019715e+00,5.107360356953868141e+00,0.000000000000000000e+00
5.993933265999124238e+00,5.210446695488539781e+00,0.000000000000000000e+00
5.901206573448262382e+00,5.313470264969813783e+00,0.000000000000000000e+00
5.808479513463167265e+00,5.416494773825947462e+00,0.000000000000000000e+00
5.715695768713658254e+00,5.519583244059069749e+00,0.000000000000000000e+00
5.622797409992977613e+00,5.622797409992976725e+00,0.000000000000000000e+00
5.529728702531403250e+00,5.726201698509060911e+00,0.000000000000000000e+00
5.436432191562978744e+00,5.829859776403049310e+00,0.000000000000000000e+00
5.342848897702840993e+00,5.933834850630130830e+00,0.000000000000000000e+00
5.248921478133966367e+00,6.038193440429117764e+00,0.000000000000000000e+00
5.154590029442611687e+00,6.143001185938526731e+00,0.000000000000000000e+00
5.059793331584834242e+00,6.248324397829123633e+00,0.000000000000000000e+00
4.964470987812974911e+00,6.354233099116524563e+00,0.000000000000000000e+00
4.868559221427842587e+00,6.460796303548112185e+00,0.000000000000000000e+00
4.771993315073696174e+00,6.568085323476732462e+00,0.000000000000000000e+00
4.674708146130282849e+00,6.676175120997088541e+00,0.000000000000000000e+00
4.576634528838497751e+00,6.785139719603651365e+00,0.000000000000000000e+00
4.477702801189341386e+00,6.895057661925879877e+00,0.000000000000000000e+00
4.377841091935585460e+00,7.006010262079293227e+00,0.000000000000000000e+00
4.276973251337606641e+00,7.118078828763160004e+00,0.000000000000000000e+00
4.175022727062482453e+00,7.231351486026987629e+00,0.000000000000000000e+00
4.071908471087954950e+00,7.345917336936918396e+00,0.000000000000000000e+00
3.967545949863960253e+00,7.461868670386801128e+00,0.000000000000000000e+00
3.861848708665311491e+00,7.579304846298040133e+00,0.000000000000000000e+00
3.754724110494380263e+00,7.698325267817033968e+00,0.000000000000000000e+00
3.646077181006954326e+00,7.819037747381395675e+00,0.000000000000000000e+00
3.535807528630320107e+00,7.941553734751084725e+00,0.000000000000000000e+00
3.423809156054992808e+00,8.065988900421178442e+00,0.000000000000000000e+00
3.309972243269100556e+00,8.192468784488198708e+00,0.000000000000000000e+00
3.194178843278763225e+00,8.321120375301799044e+00,0.000000000000000000e+00
3.076306695132321245e+00,8.452083180193122658e+00,0.000000000000000000e+00
2.956224790655116674e+00,8.585500193875519770e+00,0.000000000000000000e+00
2.833795464920781715e+00,8.721525650108580052e+00,0.000000000000000000e+00
2.708872303296975481e+00,8.860322066378074624e+00,0.000000000000000000e+00
2.581299619946834767e+00,9.002061578483639082e+00,0.000000000000000000e+00
2.450912350132347317e+00,9.146929415591960932e+00,0.000000000000000000e+00
2.317533658098710259e+00,9.295119808729879196e+00,0.000000000000000000e+00
2.180975561141147434e+00,9.446843025486233003e+00,0.000000000000000000e+00
2.041036468424043182e+00,9.602321623891317159e+00,0.000000000000000000e+00
1.897501536803644528e+00,9.761799151473018910e+00,0.000000000000000000e+00
1.750138501412394465e+00,9.925528664873091600e+00,0.000000000000000000e+00
1.598697275032464837e+00,1.009377734174308472e+01,0.000000000000000000e+00
1.442913637421215700e+00,1.026686400772216601e+01,0.000000000000000000e+00
1.282500819419230664e+00,1.044513096751150272e+01,0.000000000000000000e+00
1.117132026340418305e+00,1.062880124208692756e+01,0.000000000000000000e+00
9.464803579018469248e-01,1.081831999435439151e+01,0.000000000000000000e+00
7.702173800082445787e-01,1.101462169661694723e+01,0.000000000000000000e+00
5.878401334017556712e-01,1.121665793597125571e+01,0.000000000000000000e+00
3.988598290438178373e-01,1.142185108887915135e+01,0.000000000000000000e+00
2.029584372200099462e-01,1.162748108097335731e+01,0.000000000000000000e+00
7.243640113634911191e-16,1.182976204841790313e+01,0.000000000000000000e+00
-2.098946349993104921e-01,1.202485558561278012e+01,0.000000000000000000e+00
-4.264061807871468712e-01,1.221067539442152139e+01,0.000000000000000000e+00
-6.492317823813594790e-01,1.238808038163618797e+01,0.000000000000000000e+00
-8.781058547711878548e-01,1.255749876714750179e+01,0.000000000000000000e+00
-1.112743695398843657e+00,1.271871863797670876e+01,0.000000000000000000e+00
-1.352843884283529752e+00,1.287144976473964419e+01,0.000000000000000000e+00
-1.598100812965936646e+00,1.301548664762243313e+01,0.000000000000000000e+00
-1.848202428642226502e+00,1.315064360159786894e+01,0.000000000000000000e+00
-2.102833548792558904e+00,1.327676850379850038e+01,0.000000000000000000e+00
-2.361676721674988322e+00,1.339373425544971852e+01,0.000000000000000000e+00
-2.624413365007185917e+00,1.350143631651387466e+01,0.000000000000000000e+00
-2.890724460386176808e+00,1.359978933453867889e+01,0.000000000000000000e+00
-3.160291055513677616e+00,1.368872446267351606e+01,0.000000000000000000e+00
-3.432794574018902978e+00,1.376818702622031587e+01,0.000000000000000000e+00
-3.707916985781844144e+00,1.383813458118548390e+01,0.000000000000000000e+00
-3.985340872401347934e+00,1.389853532204199382e+01,0.000000000000000000e+00
-4.264749419959619203e+00,1.394936680745364477e+01,0.000000000000000000e+00
-4.545826365634924926e+00,1.399061496837182972e+01,0.000000000000000000e+00
-4.828255920602583018e+00,1.402227336481672459e+01,0.000000000000000000e+00
-5.111722687981775870e+00,1.404434265974381724e+01,0.000000000000000000e+00
-5.395911591697165832e+00,1.405683028158481207e+01,0.000000000000000000e+00
-5.680507829867562641e+00,1.405975025043353455e+01,0.000000000000000000e+00
-5.965196864683208311e+00,1.405312314626837455e+01,0.000000000000000000e+00
-6.249664459584837850e+00,1.403697620078976804e+01,0.000000000000000000e+00
-6.533596773817579084e+00,1.401134349727072959e+01,0.000000000000000000e+00
-6.816680523996391017e+00,1.397626626516856518e+01,0.000000000000000000e+00
-7.098603222073513130e+00,1.393179325805419033e+01,0.000000000000000000e+00
-7.379053498947270029e+00,1.387798120467659047e+01,0.000000000000000000e+00
-7.657721522714262541e+00,1.381489532354633809e+01,0.000000000000000000e+00
-7.934299520354189283e+00,1.374260989172283765e+01,0.000000000000000000e+00
-8.208482410493965986e+00,1.366120885702023102e+01,0.000000000000000000e+00
-8.479968555672106945e+00,1.357078648482444194e+01,0.000000000000000000e+00
-8.748460634343441455e+00,1.347144801813656656e+01,0.000000000000000000e+00
-9.013666655805440797e+00,1.336331036708191178e+01,0.000000000000000000e+00
-9.275301037940460347e+00,1.324650268926774643e+01,0.000000000000000000e+00
-9.533086084671168692e+00,1.312116733323672513e+01,0.000000000000000000e+00
-9.786752383498438235e+00,1.298745907100280661e+01,0.000000000000000000e+00
-1.003604445407490431e+01,1.284555111931093130e+01,0.000000000000000000e+00
-1.028070511582683721e+01,1.269561351470992605e+01,0.000000000000000000e+00
-1.052054331619052618e+01,1.253789529311306339e+01,0.000000000000000000e+00
-1.075518593068501083e+01,1.237242610844792168e+01,0.000000000000000000e+00
-1.098394827522490047e+01,1.219891041670130249e+01,0.000000000000000000e+00
-1.120555374104002588e+01,1.201648521039135176e+01,0.000000000000000000e+00
-1.141832213542884134e+01,1.182401870386244269e+01,0.000000000000000000e+00
-1.162295396121377600e+01,1.162295396121377777e+01,0.000000000000000000e+00
-1.182010853348512036e+01,1.141454612778787947e+01,0.000000000000000000e+00
-1.200877338346120382e+01,1.119836234608598247e+01,0.000000000000000000e+00
-1.218701874248026940e+01,1.097324096366281232e+01,0.000000000000000000e+00
-1.235606921092499100e+01,1.074096709659650450e+01,0.000000000000000000e+00
-1.251643945362196852e+01,1.050253972918695489e+01,0.000000000000000000e+00
-1.266697707072689383e+01,1.025751578072190817e+01,0.000000000000000000e+00
-1.280703055467649421e+01,1.000594889060110049e+01,0.000000000000000000e+00
-1.293629600465685137e+01,9.748198247637763103e+00,0.000000000000000000e+00
-1.305486507407212038e+01,9.484914673685253206e+00,0.000000000000000000e+00
-1.316292204793267828e+01,9.216777242829259364e+00,0.000000000000000000e+00
-1.326025412973241657e+01,8.944154345999475453e+00,0.000000000000000000e+00
-1.334644000661207031e+01,8.667279482448906336e+00,0.000000000000000000e+00
-1.342109753846198217e+01,8.386432520770608079e+00,0.000000000000000000e+00
-1.348403556361603783e+01,8.102025955743975771e+00,0.000000000000000000e+00
-1.353513057527137242e+01,7.814511281149658650e+00,0.000000000000000000e+00
-1.357427388396736312e+01,7.524342880782045384e+00,0.000000000000000000e+00
-1.360137165530654535e+01,7.231977592659596610e+00,0.000000000000000000e+00
-1.361634494267456397e+01,6.937874277387451549e+00,0.000000000000000000e+00
-1.361912970842031179e+01,6.642493386702063241e+00,0.000000000000000000e+00
-1.360957103484938280e+01,6.346247197754717462e+00,0.000000000000000000e+00
-1.358638652223249288e+01,6.049049009387191589e+00,0.000000000000000000e+00
-1.355307778059834867e+01,5.752940199993968662e+00,0.000000000000000000e+00
-1.350542361288977489e+01,5.456545330620866885e+00,0.000000000000000000e+00
-1.344621411210590800e+01,5.161518005023124189e+00,0.000000000000000000e+00
-1.337403830054502230e+01,4.867751853334537415e+00,0.000000000000000000e+00
-1.328972327222442651e+01,4.576018695605161390e+00,0.000000000000000000e+00
-1.319225194901902398e+01,4.286422495903228658e+00,0.000000000000000000e+00
-1.308260097172046699e+01,3.999752510335834899e+00,0.000000000000000000e+00
-1.296027123370603640e+01,3.716297974447825947e+00,0.000000000000000000e+00
-1.282571606259025820e+01,3.436640261321942447e+00,0.000000000000000000e+00
-1.267841576519542812e+01,3.161084081951673230e+00,0.000000000000000000e+00
-1.251875538091340978e+01,2.890182409934885399e+00,0.000000000000000000e+00
-1.234703091307695821e+01,2.624442437717111165e+00,0.000000000000000000e+00
-1.216319684225981312e+01,2.364285962301385435e+00,0.000000000000000000e+00
-1.196757061132265854e+01,2.110205592309881695e+00,0.000000000000000000e+00
-1.175997881630086184e+01,1.862597663048216390e+00,0.000000000000000000e+00
-1.154058104231563320e+01,1.621922892637637448e+00,0.000000000000000000e+00
-1.130923347911222621e+01,1.388599266881223482e+00,0.000000000000000000e+00
-1.107434792276001012e+01,1.163960869487726590e+00,0.000000000000000000e+00
-1.084892896865089540e+01,9.491582961549528408e-01,0.000000000000000000e+00
-1.063362053242882332e+01,7.435751832498037617e-01,0.000000000000000000e+00
-1.042696634201645267e+01,5.464541506440975249e-01,0.000000000000000000e+00
-1.022860225409124268e+01,3.571906615378886984e-01,0.000000000000000000e+00
-1.003791609517414685e+01,1.752124771852643093e-01,0.000000000000000000e+00
-9.854899231367815204e+00,1.206877079961430749e-15,0.000000000000000000e+00
-9.852559832976812260e+00,-1.719770715937557481e-01,0.000000000000000000e+00
-9.672938003975941612e+00,-3.377864383448094809e-01,0.000000000000000000e+00
-9.499068008192182333e+00,-4.978250595679311052e-01,0.000000000000000000e+00
-9.331213510267925670e+00,-6.525020123372444747e-01,0.000000000000000000e+00
-9.168794855212802020e+00,-8.021656080259338406e-01,0.000000000000000000e+00
-9.011431445616910452e+00,-9.471396107406307996e-01,0.000000000000000000e+00
-8.858841252572148051e+00,-1.087728933305611045e+00,0.000000000000000000e+00
-8.710711591081253147e+00,-1.224210677862356489e+00,0.000000000000000000e+00
-8.566758640087980936e+00,-1.356841272605719517e+00,0.000000000000000000e+00
-8.426726017963177995e+00,-1.485859156004914139e+00,0.000000000000000000e+00
-8.290376312750261434e+00,-1.611485910540413791e+00,0.000000000000000000e+00
-8.157482896199269362e+00,-1.733926516298128551e+00,0.000000000000000000e+00
-8.027840570066778980e+00,-1.853373031055726594e+00,0.000000000000000000e+00
-7.901253042570457907e+00,-1.970003641062695321e+00,0.000000000000000000e+00
-7.777541504634595704e+00,-2.083985965266375473e+00,0.000000000000000000e+00
-7.656533669928453634e+00,-2.195475700758934501e+00,0.000000000000000000e+00
-7.538072988799407348e+00,-2.304620191750760494e+00,0.000000000000000000e+00
-7.422007356297088521e+00,-2.411556375646449091e+00,0.000000000000000000e+00
-7.308198746848848515e+00,-2.516414631948987513e+00,0.000000000000000000e+00
-7.196512279847651961e+00,-2.619316260395751161e+00,0.000000000000000000e+00
-7.086824769517775735e+00,-2.720377151616025557e+00,0.000000000000000000e+00
-6.979016874024551065e+00,-2.819705847652012931e+00,0.000000000000000000e+00
-6.872976759086807164e+00,-2.917405546626255841e+00,0.000000000000000000e+00
-6.768599134746211554e+00,-3.013574494143547611e+00,0.000000000000000000e+00
-6.665781285633710418e+00,-3.108304861077269443e+00,0.000000000000000000e+00
-6.564429334474874089e+00,-3.201686111761102183e+00,0.000000000000000000e+00
-6.464449911047373654e+00,-3.293801746660629082e+00,0.000000000000000000e+00
-6.365756458911776328e+00,-3.384732748863368723e+00,0.000000000000000000e+00
-6.268265735991839449e+00,-3.474556434371528280e+00,0.000000000000000000e+00
-6.171896029125497840e+00,-3.563345833825989573e+00,0.000000000000000000e+00
-6.076572171492784946e+00,-3.651172916528801160e+00,0.000000000000000000e+00
-5.982218914053517800e+00,-3.738105255804341276e+00,0.000000000000000000e+00
-5.888764849410836888e+00,-3.824208607761992784e+00,0.000000000000000000e+00
-5.796142141584617491e+00,-3.909547239328125201e+00,0.000000000000000000e+00
-5.704282484935109032e+00,-3.994181596029175996e+00,0.000000000000000000e+00
-5.613122182863160781e+00,-4.078171980740369129e+00,0.000000000000000000e+00
-5.522598576064668308e+00,-4.161576524085452533e+00,0.000000000000000000e+00
-5.432649148200964895e+00,-4.244450693343370773e+00,0.000000000000000000e+00
-5.343215462339510502e+00,-4.326850567323215380e+00,0.000000000000000000e+00
-5.254238664518624979e+00,-4.408829725514982201e+00,0.000000000000000000e+00
-5.165660681347896244e+00,-4.490440322354461777e+00,0.000000000000000000e+00
-5.077426435758494172e+00,-4.571735297381714247e+00,0.000000000000000000e+00
-4.989479739920162693e+00,-4.652765129453766413e+00,0.000000000000000000e+00
-4.901765541715164431e+00,-4.733579960370452255e+00,0.000000000000000000e+00
-4.814230685243982677e+00,-4.814230685243980012e+00,0.000000000000000000e+00
-4.726820537160290492e+00,-4.894765954077300307e+00,0.000000000000000000e+00
-4.639481723613377184e+00,-4.975235031134363162e+00,0.000000000000000000e+00
-4.552161775364345075e+00,-5.055687837246714444e+00,0.000000000000000000e+00
-4.464806505659194791e+00,-5.136172348465164461e+00,0.000000000000000000e+00
-4.377362965644440607e+00,-5.216738040395603626e+00,0.000000000000000000e+00
-4.289778195112648795e+00,-5.297434895310678904e+00,0.000000000000000000e+00
-4.201997338049447528e+00,-5.378311331333984313e+00,0.000000000000000000e+00
-4.113966654789472877e+00,-5.459418145557411783e+00,0.000000000000000000e+00
-4.025631483525945242e+00,-5.540806392404657998e+00,0.000000000000000000e+00
-3.936935163662847792e+00,-5.622526106658032319e+00,0.000000000000000000e+00
-3.847821903108126662e+00,-5.704630567336512748e+00,0.000000000000000000e+00
-3.758234025985802695e+00,-5.787172902431363397e+00,0.000000000000000000e+00
-3.668111910461307357e+00,-5.870206146697961813e+00,0.000000000000000000e+00
-3.577396282984476539e+00,-5.953787234008066420e+00,0.000000000000000000e+00
-3.486025003399665589e+00,-6.037972422343682588e+00,0.000000000000000000e+00
-3.393934265912894155e+00,-6.122819493958927772e+00,0.000000000000000000e+00
-3.301059592855225766e+00,-6.208390139968211763e+00,0.000000000000000000e+00
-3.207332809092506842e+00,-6.294745065776297999e+00,0.000000000000000000e+00
-3.112684462152116360e+00,-6.381948910374663164e+00,0.000000000000000000e+00
-3.017042770456082490e+00,-6.470069100716390409e+00,0.000000000000000000e+00
-2.920331913442131722e+00,-6.559172869597094113e+00,0.000000000000000000e+00
-2.822474740885674294e+00,-6.649333795793298307e+00,0.000000000000000000e+00
-2.723389685921878911e+00,-6.740626008354771770e+00,0.000000000000000000e+00
-2.622991707343963697e+00,-6.833127013584275211e+00,0.000000000000000000e+00
-2.521192775116623874e+00,-6.926920219725046124e+00,0.000000000000000000e+00
-2.417899156415058037e+00,-7.022089031183809560e+00,0.000000000000000000e+00
-2.313014034910332750e+00,-7.118725216498835273e+00,0.000000000000000000e+00
-2.206434551299382818e+00,-7.216922229631458130e+00,0.000000000000000000e+00
-2.098052732080655680e+00,-7.316779401797967708e+00,0.000000000000000000e+00
-1.987755033312347042e+00,-7.418402777322450348e+00,0.000000000000000000e+00
-1.875420605442025490e+00,-7.521901206667124029e+00,0.000000000000000000e+00
-1.760922792323951880e+00,-7.627394591428275916e+00,0.000000000000000000e+00
-1.644126001017216288e+00,-7.735004688161981612e+00,0.000000000000000000e+00
-1.524887421471611715e+00,-7.844865708034363116e+00,0.000000000000000000e+00
-1.403054124632716393e+00,-7.957115348969164614e+00,0.000000000000000000e+00
-1.278464441489761239e+00,-8.071906803914151496e+00,0.000000000000000000e+00
-1.150944957345724440e+00,-8.189398901628582195e+00,0.000000000000000000e+00
-1.020310098590697878e+00,-8.309758906883576657e+00,0.000000000000000000e+00
-8.863611010936111034e-01,-8.433162553850655385e+00,0.000000000000000000e+00
-7.488882200179829418e-01,-8.559831523727382319e+00,0.000000000000000000e+00
-6.076626850857861362e-01,-8.689981256069232884e+00,0.000000000000000000e+00
-4.624321645099636058e-01,-8.823731339816553998e+00,0.000000000000000000e+00
-3.129386963496058605e-01,-8.961391770692557657e+00,0.000000000000000000e+00
-1.589049833298581405e-01,-9.103660397904047130e+00,0.000000000000000000e+00
-1.699154565280719680e-15,-9.249766634558019618e+00,0.000000000000000000e+00
1.640385589350598361e-01,-9.397762747354851953e+00,0.000000000000000000e+00
3.333748638952703236e-01,-9.546607040662392407e+00,0.000000000000000000e+00
5.081071982044308433e-01,-9.695262900957336782e+00,0.000000000000000000e+00
6.882735282173235714e-01,-9.842770020365557926e+00,0.000000000000000000e+00
8.739993626560795814e-01,-9.989858427739102709e+00,0.000000000000000000e+00
1.065426848273712146e+00,-1.013685933378985204e+01,0.000000000000000000e+00
1.262599900203708714e+00,-1.028305098718513655e+01,0.000000000000000000e+00
1.465483381402656660e+00,-1.042745608068969432e+01,0.000000000000000000e+00
1.674247082257759311e+00,-1.057078005154521350e+01,0.000000000000000000e+00
1.888990781026004040e+00,-1.071299907385825811e+01,0.000000000000000000e+00
2.109757004002694281e+00,-1.085375886766358455e+01,0.000000000000000000e+00
2.336608635365470921e+00,-1.099287934000779821e+01,0.000000000000000000e+00
2.569591841869259152e+00,-1.113012506981408833e+01,0.000000000000000000e+00
2.808749231375076594e+00,-1.126527786428263234e+01,0.000000000000000000e+00
3.054121543952748485e+00,-1.139813677452234231e+01,0.000000000000000000e+00
3.305733715501487868e+00,-1.152846350693175204e+01,0.000000000000000000e+00
3.563660789917609151e+00,-1.165620922609127064e+01,0.000000000000000000e+00
3.827632735722946933e+00,-1.178024225708759865e+01,0.000000000000000000e+00
4.095853390966806451e+00,-1.189522197141121929e+01,0.000000000000000000e+00
4.367063690730583758e+00,-1.199840887960246327e+01,0.000000000000000000e+00
4.640693779486055881e+00,-1.208942061753170094e+01,0.000000000000000000e+00
4.916314011690449348e+00,-1.216830417760136562e+01,0.000000000000000000e+00
5.193488377486573881e+00,-1.223509188097991718e+01,0.000000000000000000e+00
5.471760829045010155e+00,-1.228977604004370150e+01,0.000000000000000000e+00
5.750725043500485079e+00,-1.233246965373441562e+01,0.000000000000000000e+00
6.029304729780823102e+00,-1.236190664952184193e+01,0.000000000000000000e+00
6.307479996093480423e+00,-1.237912650359665534e+01,0.000000000000000000e+00
6.584975117320687410e+00,-1.238453697679209675e+01,0.000000000000000000e+00
6.861349209717406694e+00,-1.237820163992406464e+01,0.000000000000000000e+00
7.136161463271204042e+00,-1.236019422540078772e+01,0.000000000000000000e+00
7.408969998679971525e+00,-1.233059675415362655e+01,0.000000000000000000e+00
7.679332929063560798e+00,-1.228950164638237297e+01,0.000000000000000000e+00
7.946810661016334265e+00,-1.223701531096727280e+01,0.000000000000000000e+00
8.210963024575264058e+00,-1.217325329413661983e+01,0.000000000000000000e+00
8.471361197613001437e+00,-1.209835760876350186e+01,0.000000000000000000e+00
8.727451492908313568e+00,-1.201230644662816438e+01,0.000000000000000000e+00
8.978891893465046792e+00,-1.191539199111227809e+01,0.000000000000000000e+00
9.225458656655343148e+00,-1.180804861072920176e+01,0.000000000000000000e+00
9.466771857673975887e+00,-1.169048964860763640e+01,0.000000000000000000e+00
9.702367967226113166e+00,-1.156283188161270559e+01,0.000000000000000000e+00
9.931640426224545237e+00,-1.142504537820772548e+01,0.000000000000000000e+00
1.015443589316184791e+01,-1.127764358397631206e+01,0.000000000000000000e+00
1.037046736343095255e+01,-1.112096470887554034e+01,0.000000000000000000e+00
1.057946455499447502e+01,-1.095535625036965932e+01,0.000000000000000000e+00
1.078117062961860917e+01,-1.078117062961861450e+01,0.000000000000000000e+00
1.097547890591955166e+01,-1.059889677757834470e+01,0.000000000000000000e+00
1.116175680063081188e+01,-1.040850660438786512e+01,0.000000000000000000e+00
1.133857123134687406e+01,-1.020929539326386326e+01,0.000000000000000000e+00
1.150728326136519541e+01,-1.000312872739942094e+01,0.000000000000000000e+00
1.166770104218846704e+01,-9.790363641187115107e+00,0.000000000000000000e+00
1.181836908115265494e+01,-9.570326580322975119e+00,0.000000000000000000e+00
1.196086978843524662e+01,-9.344855646222912426e+00,0.000000000000000000e+00
1.209601506636950496e+01,-9.115001143367159386e+00,0.000000000000000000e+00
1.222296747518349491e+01,-8.880505689147121018e+00,0.000000000000000000e+00
1.234137795385692549e+01,-8.641525875185751104e+00,0.000000000000000000e+00
1.245127230689262632e+01,-8.398489216523335799e+00,0.000000000000000000e+00
1.255255247737561852e+01,-8.151722892817948818e+00,0.000000000000000000e+00
1.264503955127493384e+01,-7.901497669272998792e+00,0.000000000000000000e+00
1.272858653204152724e+01,-7.648106382988346219e+00,0.000000000000000000e+00
1.280309519215806979e+01,-7.391870455652873595e+00,0.000000000000000000e+00
1.286848073728166497e+01,-7.133115351120824954e+00,0.000000000000000000e+00
1.292465209089094103e+01,-6.872159417669965187e+00,0.000000000000000000e+00
1.297150060813090455e+01,-6.609309677975159225e+00,0.000000000000000000e+00
1.300892402717794560e+01,-6.344876190232121793e+00,0.000000000000000000e+00
1.303682905911078471e+01,-6.079173228320993161e+00,0.000000000000000000e+00
1.305513153046363684e+01,-5.812519047838341280e+00,0.000000000000000000e+00
1.306375652011294797e+01,-5.545235647881985308e+00,0.000000000000000000e+00
1.306263849038193392e+01,-5.277648528718066778e+00,0.000000000000000000e+00
1.305172093030354397e+01,-5.010086260462517593e+00,0.000000000000000000e+00
1.303096244442958174e+01,-4.742882453613116667e+00,0.000000000000000000e+00
1.300036096267844776e+01,-4.476383262183218470e+00,0.000000000000000000e+00
1.295993259352655258e+01,-4.210937361487592234e+00,0.000000000000000000e+00
1.290970425431607005e+01,-3.946892679101811741e+00,0.000000000000000000e+00
1.284971363536064537e+01,-3.684596093261710781e+00,0.000000000000000000e+00
1.278000915625369771e+01,-3.424393132680530805e+00,0.000000000000000000e+00
1.270065124512612620e+01,-3.166628009755055206e+00,0.000000000000000000e+00
1.261172699864621194e+01,-2.911646599146882508e+00,0.000000000000000000e+00
1.251334495264892510e+01,-2.659793578125988045e+00,0.000000000000000000e+00
1.240561063799243158e+01,-2.411406430855135952e+00,0.000000000000000000e+00
1.228843342905548042e+01,-2.166782364182333609e+00,0.000000000000000000e+00
1.216157676807695687e+01,-1.926204529875754856e+00,0.000000000000000000e+00
1.202527861330843528e+01,-1.690042693843189392e+00,0.000000000000000000e+00
1.188073192779475384e+01,-1.458770452959405883e+00,0.000000000000000000e+00
1.173011658991388906e+01,-1.232884933760123314e+00,0.000000000000000000e+00
1.157727897739232681e+01,-1.012880664998832447e+00,0.000000000000000000e+00
1.142429644467719640e+01,-7.988646290738508071e-01,0.000000000000000000e+00
1.127079889533536061e+01,-5.906775408502862312e-01,0.000000000000000000e+00
1.111675241882999998e+01,-3.882055487147897388e-01,0.000000000000000000e+00
1.096244274691602172e+01,-1.913501499192973299e-01,0.000000000000000000e+00
1.080786868073421481e+01,-2.647164357093216588e-15,0.000000000000000000e+00
