2.045870929105721814e+01,0.000000000000000000e+00,0.000000000000000000e+00
2.042535091205938613e+01,3.565258263516247750e-01,0.000000000000000000e+00
2.038160675624184748e+01,7.117413914061696545e-01,0.000000000000000000e+00
2.032754810371654486e+01,1.065321654384979499e+00,0.000000000000000000e+00
2.026325560856496821e+01,1.416944864303405271e+00,0.000000000000000000e+00
2.018881917470433862e+01,1.766292807761430383e+00,0.000000000000000000e+00
2.010433782564492944e+01,2.113051052687223041e+00,0.000000000000000000e+00
2.000991956825732743e+01,2.456909187890914392e+00,0.000000000000000000e+00
1.990568017751194674e+01,2.797560907466376534e+00,0.000000000000000000e+00
1.979168392066043580e+01,3.134694780853926499e+00,0.000000000000000000e+00
1.966791349363648322e+01,3.467983803168197987e+00,0.000000000000000000e+00
1.953435451580023852e+01,3.797093869587037318e+00,0.000000000000000000e+00
1.939100346712378098e+01,4.121685024303308076e+00,0.000000000000000000e+00
1.923792445397307560e+01,4.441424819698999826e+00,0.000000000000000000e+00
1.907541739519367141e+01,4.756035722543705546e+00,0.000000000000000000e+00
1.890384496973279482e+01,5.065269993483042299e+00,0.000000000000000000e+00
1.872355918251642493e+01,5.368894200568542274e+00,0.000000000000000000e+00
1.853471495170743921e+01,5.666631032827537773e+00,0.000000000000000000e+00
1.833733538741953240e+01,5.958161443801277990e+00,0.000000000000000000e+00
1.813146747617049215e+01,6.243164921508975951e+00,0.000000000000000000e+00
1.791729957917518945e+01,6.521363725250121313e+00,0.000000000000000000e+00
1.769509365826663938e+01,6.792510051991829556e+00,0.000000000000000000e+00
1.746506349899901167e+01,7.056343689471927583e+00,0.000000000000000000e+00
1.722730230379430338e+01,7.312555979190385358e+00,0.000000000000000000e+00
1.698194202709036205e+01,7.560847722707217500e+00,0.000000000000000000e+00
1.672943467442769716e+01,7.801063505289411282e+00,0.000000000000000000e+00
1.647031492190484414e+01,8.033109331355584359e+00,0.000000000000000000e+00
1.620449082484006453e+01,8.256600471354980542e+00,0.000000000000000000e+00
1.593160754557430181e+01,8.470985993511037648e+00,0.000000000000000000e+00
1.565436001797058907e+01,8.677353452661430211e+00,0.000000000000000000e+00
1.537788408999925771e+01,8.878425518927931748e+00,0.000000000000000000e+00
1.510486636244331926e+01,9.075919352866264944e+00,0.000000000000000000e+00
1.483582896206448609e+01,9.270454828562865401e+00,0.000000000000000000e+00
1.457076551198034586e+01,9.462365762180448669e+00,0.000000000000000000e+00
1.430927231365803642e+01,9.651726045379881214e+00,0.000000000000000000e+00
1.405104749615131787e+01,9.838649376547820680e+00,0.000000000000000000e+00
1.379591497521350618e+01,1.002331894223863529e+01,0.000000000000000000e+00
1.354368963295292261e+01,1.020590217624689977e+01,0.000000000000000000e+00
1.329416426858746014e+01,1.038653945946656698e+01,0.000000000000000000e+00
1.304713616943876353e+01,1.056536254893257798e+01,0.000000000000000000e+00
1.280242315724459168e+01,1.074250854941940503e+01,0.000000000000000000e+00
1.255984612486054175e+01,1.091810766535379429e+01,0.000000000000000000e+00
1.231923309586689896e+01,1.109228730216635483e+01,0.000000000000000000e+00
1.208041361586775864e+01,1.126516794357950424e+01,0.000000000000000000e+00
1.184322393989588384e+01,1.143686841628386297e+01,0.000000000000000000e+00
1.160750490316056904e+01,1.160750490316056727e+01,0.000000000000000000e+00
1.137309952610372754e+01,1.177718932103756444e+01,0.000000000000000000e+00
1.113985668173346610e+01,1.194603373965035864e+01,0.000000000000000000e+00
1.090762490313416677e+01,1.211414472448336355e+01,0.000000000000000000e+00
1.067625841966104794e+01,1.228163039330537032e+01,0.000000000000000000e+00
1.044561135556088161e+01,1.244859485983255531e+01,0.000000000000000000e+00
1.021554050459180907e+01,1.261514192158906589e+01,0.000000000000000000e+00
9.985904646660960893e+00,1.278137509237167890e+01,0.000000000000000000e+00
9.756561749310465714e+00,1.294739474624222098e+01,0.000000000000000000e+00
9.527373142951391927e+00,1.311330414354091367e+01,0.000000000000000000e+00
9.298197888841826853e+00,1.327920278124319253e+01,0.000000000000000000e+00
9.068897048992248244e+00,1.344519279229628062e+01,0.000000000000000000e+00
8.839330563849131295e+00,1.361137543884667522e+01,0.000000000000000000e+00
8.609357211982219482e+00,1.377785161918373547e+01,0.000000000000000000e+00
8.378836404449096165e+00,1.394472551389621273e+01,0.000000000000000000e+00
8.147623922777549765e+00,1.411209859521435561e+01,0.000000000000000000e+00
7.915576192908448050e+00,1.428007746249640597e+01,0.000000000000000000e+00
7.682545776501465085e+00,1.444876716310099063e+01,0.000000000000000000e+00
7.448383631353214795e+00,1.461827596392642370e+01,0.000000000000000000e+00
7.212938088707834261e+00,1.478871467235129700e+01,0.000000000000000000e+00
6.976053053466848120e+00,1.496019405100149413e+01,0.000000000000000000e+00
6.737570614083334242e+00,1.513283136600758283e+01,0.000000000000000000e+00
6.497326629567531597e+00,1.530674231179633260e+01,0.000000000000000000e+00
6.255154365225954471e+00,1.548205033546031828e+01,0.000000000000000000e+00
6.010880481855219948e+00,1.565887901246243707e+01,0.000000000000000000e+00
5.764326936196014550e+00,1.583735809555259344e+01,0.000000000000000000e+00
5.515309314860598278e+00,1.601762130596493350e+01,0.000000000000000000e+00
5.263636063475237492e+00,1.619980605823969100e+01,0.000000000000000000e+00
5.009109157173693205e+00,1.638405780301446057e+01,0.000000000000000000e+00
4.751521258775513346e+00,1.657052386807086108e+01,0.000000000000000000e+00
4.490657735497224579e+00,1.675936282827784041e+01,0.000000000000000000e+00
4.226292818637430670e+00,1.695073465653045730e+01,0.000000000000000000e+00
3.958191908235110912e+00,1.714481275630715373e+01,0.000000000000000000e+00
3.686107566986067674e+00,1.734177264641900962e+01,0.000000000000000000e+00
3.409781464227326975e+00,1.754180492537181024e+01,0.000000000000000000e+00
3.128940552174925838e+00,1.774510366821424512e+01,0.000000000000000000e+00
2.843298431611189336e+00,1.795187977925831291e+01,0.000000000000000000e+00
2.552551730292144327e+00,1.816234929654011410e+01,0.000000000000000000e+00
2.256380820910645291e+00,1.837674707893399528e+01,0.000000000000000000e+00
1.954446414622065253e+00,1.859531549496295710e+01,0.000000000000000000e+00
1.646389424182380656e+00,1.881831722911775273e+01,0.000000000000000000e+00
1.331827938623020291e+00,1.904602686161238623e+01,0.000000000000000000e+00
1.010355900508234983e+00,1.927873904085030787e+01,0.000000000000000000e+00
6.815405488036223591e-01,1.951676777811777086e+01,0.000000000000000000e+00
3.449198581976667399e-01,1.976044544183146456e+01,0.000000000000000000e+00
1.225267214126230443e-15,2.001013214551835162e+01,0.000000000000000000e+00
-3.537479913148381394e-01,2.026620884938533962e+01,0.000000000000000000e+00
-7.168915003835131250e-01,2.052908658135181241e+01,0.000000000000000000e+00
-1.090040308572802097e+00,2.079920812301115873e+01,0.000000000000000000e+00
-1.473850694910818770e+00,2.107704690014255888e+01,0.000000000000000000e+00
-1.869030423820378317e+00,2.136311549971910750e+01,0.000000000000000000e+00
-2.276344228875461173e+00,2.165796861678743568e+01,0.000000000000000000e+00
-2.696619667997338876e+00,2.196220476066018179e+01,0.000000000000000000e+00
-3.130754073393708481e+00,2.227647274205663663e+01,0.000000000000000000e+00
-3.579722663342141065e+00,2.260147938779299537e+01,0.000000000000000000e+00
-4.044586773478317632e+00,2.293799143629384218e+01,0.000000000000000000e+00
-4.526505941103409647e+00,2.328685431761701707e+01,0.000000000000000000e+00
-5.026742692696941184e+00,2.364896502466285710e+01,0.000000000000000000e+00
-5.546696215964016297e+00,2.402538084143137098e+01,0.000000000000000000e+00
-6.087855284472543538e+00,2.441705390108790752e+01,0.000000000000000000e+00
-6.652027995447009623e+00,2.482570645237878537e+01,0.000000000000000000e+00
-7.239891540605839282e+00,2.524850233055042636e+01,0.000000000000000000e+00
-7.848784489730934233e+00,2.567221730015414138e+01,0.000000000000000000e+00
-8.478616744379458225e+00,2.609449917219511406e+01,0.000000000000000000e+00
-9.129835610494152931e+00,2.651496789138922239e+01,0.000000000000000000e+00
-9.803094258736114952e+00,2.693378011666272442e+01,0.000000000000000000e+00
-1.049722613773215230e+01,2.734620902102398077e+01,0.000000000000000000e+00
-1.121335804690650129e+01,2.775403508454810719e+01,0.000000000000000000e+00
-1.195295854266527869e+01,2.815940566133124534e+01,0.000000000000000000e+00
-1.271446272878349326e+01,2.855715084928228364e+01,0.000000000000000000e+00
-1.349819346355029204e+01,2.894696929696049992e+01,0.000000000000000000e+00
-1.430581490938783062e+01,2.933126726564023201e+01,0.000000000000000000e+00
-1.511875051001611858e+01,2.967221858106899290e+01,0.000000000000000000e+00
-1.594075256715476030e+01,2.998019523058546199e+01,0.000000000000000000e+00
-1.675713114256104674e+01,3.023066482252613341e+01,0.000000000000000000e+00
-1.757970170851275427e+01,3.044893654104950542e+01,0.000000000000000000e+00
-1.839237316337373329e+01,3.061004928753720122e+01,0.000000000000000000e+00
-1.920829643787010355e+01,3.073970003357975145e+01,0.000000000000000000e+00
-2.001072923520603197e+01,3.081382084967395585e+01,0.000000000000000000e+00
-2.081187806623265146e+01,3.085487810244294238e+01,0.000000000000000000e+00
-2.159896565065202623e+01,3.084651974167011446e+01,0.000000000000000000e+00
-2.237741848200227679e+01,3.079987422544543918e+01,0.000000000000000000e+00
-2.314435053812190901e+01,3.071359053138222706e+01,0.000000000000000000e+00
-2.389314308619103855e+01,3.058182855996214045e+01,0.000000000000000000e+00
-2.463029507237110849e+01,3.041588134949039102e+01,0.000000000000000000e+00
-2.534918936755678587e+01,3.020998749813674777e+01,0.000000000000000000e+00
-2.604634947652303723e+01,2.996289756122956405e+01,0.000000000000000000e+00
-2.672547100175416546e+01,2.968164255925286454e+01,0.000000000000000000e+00
-2.738389286436290249e+01,2.936562986641096629e+01,0.000000000000000000e+00
-2.801982465503044395e+01,2.901537781738043620e+01,0.000000000000000000e+00
-2.862916954206492193e+01,2.862916954206492193e+01,0.000000000000000000e+00
-2.921224011959764866e+01,2.820993237046429414e+01,0.000000000000000000e+00
-2.976875935176321519e+01,2.775981719112079915e+01,0.000000000000000000e+00
-3.029754458644550041e+01,2.728003167792966366e+01,0.000000000000000000e+00
-3.079724448592466501e+01,2.677163619289822805e+01,0.000000000000000000e+00
-3.126318061934650672e+01,2.623292332712235009e+01,0.000000000000000000e+00
-3.169697527792754599e+01,2.566770448064261956e+01,0.000000000000000000e+00
-3.210098708945029955e+01,2.508003980966523017e+01,0.000000000000000000e+00
-3.247206882203983724e+01,2.446945897606478582e+01,0.000000000000000000e+00
-3.280427039701324077e+01,2.383369754361742920e+01,0.000000000000000000e+00
-3.310017197288318158e+01,2.317698993145057784e+01,0.000000000000000000e+00
-3.336167507052722669e+01,2.250273397120027852e+01,0.000000000000000000e+00
-3.358624595117932188e+01,2.181116314769498743e+01,0.000000000000000000e+00
-3.377153022448888464e+01,2.110279420436263464e+01,0.000000000000000000e+00
-3.391686146113757871e+01,2.037930637301114345e+01,0.000000000000000000e+00
-3.402191877823595689e+01,1.964256396496211110e+01,0.000000000000000000e+00
-3.408645012033765909e+01,1.889442783359649525e+01,0.000000000000000000e+00
-3.411027173347442698e+01,1.813675319722430501e+01,0.000000000000000000e+00
-3.409149630498424699e+01,1.737048497873476194e+01,0.000000000000000000e+00
-3.402694593938188206e+01,1.659605042400534458e+01,0.000000000000000000e+00
-3.392422471827288177e+01,1.581912578310174666e+01,0.000000000000000000e+00
-3.377908716916401488e+01,1.503941857124934955e+01,0.000000000000000000e+00
-3.358583997250067910e+01,1.425634324957243848e+01,0.000000000000000000e+00
-3.335181929539649559e+01,1.347500967465521526e+01,0.000000000000000000e+00
-3.307541719115696566e+01,1.269646310347727081e+01,0.000000000000000000e+00
-3.275342369219283256e+01,1.192127129426761378e+01,0.000000000000000000e+00
-3.238496790740419584e+01,1.115103870601890179e+01,0.000000000000000000e+00
-3.197490875601949867e+01,1.038927764008075627e+01,0.000000000000000000e+00
-3.151855428822192096e+01,9.636189081129879597e+00,0.000000000000000000e+00
-3.102011598382885538e+01,8.894875124065984906e+00,0.000000000000000000e+00
-3.047615540435405634e+01,8.166061229002073318e+00,0.000000000000000000e+00
-2.988704564204023129e+01,7.451677400812878105e+00,0.000000000000000000e+00
-2.925555096139755662e+01,6.754176130839574910e+00,0.000000000000000000e+00
-2.858217866758843329e+01,6.075329622620849968e+00,0.000000000000000000e+00
-2.786359203093955728e+01,5.416133632661304098e+00,0.000000000000000000e+00
-2.710281520214333639e+01,4.778957573293416417e+00,0.000000000000000000e+00
-2.630090988922861683e+01,4.165654892831539335e+00,0.000000000000000000e+00
-2.545651120518927968e+01,3.577679333388090299e+00,0.000000000000000000e+00
-2.457011016509356338e+01,3.016830187957007414e+00,0.000000000000000000e+00
-2.371650532573725911e+01,2.492705155435964048e+00,0.000000000000000000e+00
-2.292260313265713734e+01,2.005467912611342829e+00,0.000000000000000000e+00
-2.218218777802137254e+01,1.551129673249340701e+00,0.000000000000000000e+00
-2.148971851830565072e+01,1.126228424962045116e+00,0.000000000000000000e+00
-2.084032332777684360e+01,7.277601270627824803e-01,0.000000000000000000e+00
-2.022971851127996601e+01,3.531110500939554364e-01,0.000000000000000000e+00
-1.965468361689180199e+01,2.407004537968046396e-15,0.000000000000000000e+00
-1.965045987532894500e+01,-3.430000529931948594e-01,0.000000000000000000e+00
-1.910200321511857524e+01,-6.670566511057782755e-01,0.000000000000000000e+00
-1.858177501644367524e+01,-9.738295637489042811e-01,0.000000000000000000e+00
-1.808838007080450438e+01,-1.264862751573879507e+00,0.000000000000000000e+00
-1.761936985697656866e+01,-1.541495120955826748e+00,0.000000000000000000e+00
-1.717274519417192025e+01,-1.804928251045753163e+00,0.000000000000000000e+00
-1.674667925548900271e+01,-2.056233658967002498e+00,0.000000000000000000e+00
-1.633954490035526419e+01,-2.296373278953133479e+00,0.000000000000000000e+00
-1.594987468232062255e+01,-2.526211974805840921e+00,0.000000000000000000e+00
-1.557634637280176548e+01,-2.746530126385386961e+00,0.000000000000000000e+00
-1.521776263165183352e+01,-2.958033404724902393e+00,0.000000000000000000e+00
-1.487303748724248820e+01,-3.161361709877604564e+00,0.000000000000000000e+00
-1.454118581057268145e+01,-3.357097264907619838e+00,0.000000000000000000e+00
-1.422130895008624663e+01,-3.545770558340851419e+00,0.000000000000000000e+00
-1.391258321010472621e+01,-3.727865435778351610e+00,0.000000000000000000e+00
-1.361425840679487997e+01,-3.903825778676488945e+00,0.000000000000000000e+00
-1.332564565299848702e+01,-4.074058726367857375e+00,0.000000000000000000e+00
-1.304610768168329926e+01,-4.238937344954328168e+00,0.000000000000000000e+00
-1.277506413120303996e+01,-4.398807341919556357e+00,0.000000000000000000e+00
-1.251197292220020074e+01,-4.553985715625586295e+00,0.000000000000000000e+00
-1.225633725998135759e+01,-4.704767075371358409e+00,0.000000000000000000e+00
-1.200769493606193450e+01,-4.851423665997027790e+00,0.000000000000000000e+00
-1.176561677548529339e+01,-4.994208018366759205e+00,0.000000000000000000e+00
-1.152970557501468107e+01,-5.133355655158281294e+00,0.000000000000000000e+00
-1.129958878599733652e+01,-5.269084784912898556e+00,0.000000000000000000e+00
-1.107492166876234840e+01,-5.401600213669604855e+00,0.000000000000000000e+00
-1.085537978144927429e+01,-5.531092262575668883e+00,0.000000000000000000e+00
-1.064066063843022114e+01,-5.657739620562401761e+00,0.000000000000000000e+00
-1.043048115057335501e+01,-5.781710112770301002e+00,0.000000000000000000e+00
-1.022457285109542546e+01,-5.903159887928885574e+00,0.000000000000000000e+00
-1.002268810527714926e+01,-6.022238579256994129e+00,0.000000000000000000e+00
-9.824586775500382174e+00,-6.139083171183871812e+00,0.000000000000000000e+00
-9.630049985402850510e+00,-6.253827583392188139e+00,0.000000000000000000e+00
-9.438863957759057399e+00,-6.366594128825497911e+00,0.000000000000000000e+00
-9.250830645044946010e+00,-6.477501352361858977e+00,0.000000000000000000e+00
-9.065761665065616981e+00,-6.586661398430861958e+00,0.000000000000000000e+00
-8.883474640130938127e+00,-6.694178294056126077e+00,0.000000000000000000e+00
-8.703801943347965420e+00,-6.800155354298992982e+00,0.000000000000000000e+00
-8.526578191580020061e+00,-6.904686877330262540e+00,0.000000000000000000e+00
-8.351648221654638604e+00,-7.007864942512792794e+00,0.000000000000000000e+00
-8.178864895827635095e+00,-7.109778784333661505e+00,0.000000000000000000e+00
-8.008082739378547643e+00,-7.210510085608169639e+00,0.000000000000000000e+00
-7.839166966671513137e+00,-7.310141459173196132e+00,0.000000000000000000e+00
-7.671985918511714075e+00,-7.408750681984702879e+00,0.000000000000000000e+00
-7.506410623295666440e+00,-7.506410623295662887e+00,0.000000000000000000e+00
-7.342320902103281810e+00,-7.603195867706062927e+00,0.000000000000000000e+00
-7.179597379268895629e+00,-7.699175580103168492e+00,0.000000000000000000e+00
-7.018123878695262441e+00,-7.794416210300549430e+00,0.000000000000000000e+00
-6.857790800015139965e+00,-7.888985879668300782e+00,0.000000000000000000e+00
-6.698488331573762444e+00,-7.982947534103422171e+00,0.000000000000000000e+00
-6.540109657509767693e+00,-8.076362819486245570e+00,0.000000000000000000e+00
-6.382552807192431565e+00,-8.169295057596404064e+00,0.000000000000000000e+00
-6.225715019708649933e+00,-8.261802877788772648e+00,0.000000000000000000e+00
-6.069495907077817165e+00,-8.353944432875691106e+00,0.000000000000000000e+00
-5.913798685162439561e+00,-8.445779804488868336e+00,0.000000000000000000e+00
-5.758525322561204085e+00,-8.537364879421467379e+00,0.000000000000000000e+00
-5.603579347688238954e+00,-8.628755509460095396e+00,0.000000000000000000e+00
-5.448866968157047630e+00,-8.720009953292942484e+00,0.000000000000000000e+00
-5.294292706428182171e+00,-8.811182724866412741e+00,0.000000000000000000e+00
-5.139761775586303649e+00,-8.902328534115895309e+00,0.000000000000000000e+00
-4.985181297787237398e+00,-8.993505129894153072e+00,0.000000000000000000e+00
-4.830456248908664207e+00,-9.084766907020092930e+00,0.000000000000000000e+00
-4.675491438429831170e+00,-9.176168615461770983e+00,0.000000000000000000e+00
-4.520192840764296172e+00,-9.267768746098260735e+00,0.000000000000000000e+00
-4.364463766268756650e+00,-9.359622751076548397e+00,0.000000000000000000e+00
-4.208206563300929126e+00,-9.451786693358968705e+00,0.000000000000000000e+00
-4.051323955541999311e+00,-9.544321125382062121e+00,0.000000000000000000e+00
-3.893715387573194242e+00,-9.637283766727142265e+00,0.000000000000000000e+00
-3.735278583155310805e+00,-9.730733390562845031e+00,0.000000000000000000e+00
-3.575910667656244879e+00,-9.824733813372416691e+00,0.000000000000000000e+00
-3.415504747745437886e+00,-9.919346041155717941e+00,0.000000000000000000e+00
-3.253951632779031655e+00,-1.001463337096855710e+01,0.000000000000000000e+00
-3.091140481380665328e+00,-1.011066493762626450e+01,0.000000000000000000e+00
-2.926955513052749147e+00,-1.020750693269994791e+01,0.000000000000000000e+00
-2.761277687006736148e+00,-1.030522862171541654e+01,0.000000000000000000e+00
-2.593984481362273442e+00,-1.040390349973567119e+01,0.000000000000000000e+00
-2.424947658293661767e+00,-1.050360227830084092e+01,0.000000000000000000e+00
-2.254036303145037223e+00,-1.060440705963362262e+01,0.000000000000000000e+00
-2.081114681891038209e+00,-1.070640689441727744e+01,0.000000000000000000e+00
-1.906039174024831029e+00,-1.080968531512618114e+01,0.000000000000000000e+00
-1.728657768180261955e+00,-1.091431560220289398e+01,0.000000000000000000e+00
-1.548811154538259238e+00,-1.102036399469250050e+01,0.000000000000000000e+00
-1.366339003823895171e+00,-1.112793818519553390e+01,0.000000000000000000e+00
-1.181080943849492915e+00,-1.123723454972128977e+01,0.000000000000000000e+00
-9.928588974751637597e-01,-1.134842912740307241e+01,0.000000000000000000e+00
-8.014603184085384857e-01,-1.146141653155853746e+01,0.000000000000000000e+00
-6.066678542562117249e-01,-1.157591225111344890e+01,0.000000000000000000e+00
-4.082594354544864523e-01,-1.169102059881458366e+01,0.000000000000000000e+00
-2.060508829476097314e-01,-1.180464717805267405e+01,0.000000000000000000e+00
-2.188728674956187663e-15,-1.191488395663721889e+01,0.000000000000000000e+00
2.098383981347421989e-01,-1.202163377779966424e+01,0.000000000000000000e+00
4.234273938588147823e-01,-1.212537409746577666e+01,0.000000000000000000e+00
6.407437956314790961e-01,-1.222611994625801657e+01,0.000000000000000000e+00
8.617489112304415055e-01,-1.232358357659143344e+01,0.000000000000000000e+00
1.086398131027840108e+00,-1.241758745927042540e+01,0.000000000000000000e+00
1.314651056533235440e+00,-1.250806928198603885e+01,0.000000000000000000e+00
1.546465010913584459e+00,-1.259494678762172093e+01,0.000000000000000000e+00
1.781791780586428953e+00,-1.267810728717772584e+01,0.000000000000000000e+00
2.020581408834047465e+00,-1.275744893055021656e+01,0.000000000000000000e+00
2.262784009992694578e+00,-1.283288581759325631e+01,0.000000000000000000e+00
2.508347214092469635e+00,-1.290432773370739561e+01,0.000000000000000000e+00
2.757215752600643999e+00,-1.297168024801333708e+01,0.000000000000000000e+00
3.009339505980211271e+00,-1.303488146768348876e+01,0.000000000000000000e+00
3.264672404987638554e+00,-1.309388583616505031e+01,0.000000000000000000e+00
3.523136885989813560e+00,-1.314852586053396166e+01,0.000000000000000000e+00
3.784631578775517813e+00,-1.319857883243814989e+01,0.000000000000000000e+00
4.049069024616462897e+00,-1.324390802158978175e+01,0.000000000000000000e+00
4.316379239569974047e+00,-1.328444932582955573e+01,0.000000000000000000e+00
4.586532217485771667e+00,-1.332025675683280674e+01,0.000000000000000000e+00
4.859521104792457358e+00,-1.335142450478047849e+01,0.000000000000000000e+00
5.135340051076178192e+00,-1.337801821054269347e+01,0.000000000000000000e+00
5.413746793668076762e+00,-1.339949351673248579e+01,0.000000000000000000e+00
5.694427863977095328e+00,-1.341523135536315081e+01,0.000000000000000000e+00
5.977534325707078544e+00,-1.342576191281282405e+01,0.000000000000000000e+00
6.263182411191082544e+00,-1.343143802521301389e+01,0.000000000000000000e+00
6.551192593581068202e+00,-1.343193534154509727e+01,0.000000000000000000e+00
6.841268233690541933e+00,-1.342674490641972795e+01,0.000000000000000000e+00
7.133237069247480910e+00,-1.341566773972325599e+01,0.000000000000000000e+00
7.427450890463656030e+00,-1.339947610632971831e+01,0.000000000000000000e+00
7.723689779896514729e+00,-1.337782312068124391e+01,0.000000000000000000e+00
8.021288236787723847e+00,-1.334966543450537912e+01,0.000000000000000000e+00
8.320673569461341401e+00,-1.331586121808824075e+01,0.000000000000000000e+00
8.621934839542726436e+00,-1.327661537970416639e+01,0.000000000000000000e+00
8.924382538450567282e+00,-1.323094121958347991e+01,0.000000000000000000e+00
9.228205423675865049e+00,-1.317924318162945951e+01,0.000000000000000000e+00
9.533503993798911225e+00,-1.312174253580455385e+01,0.000000000000000000e+00
9.839738672178492962e+00,-1.305777425101257094e+01,0.000000000000000000e+00
1.014701563873197721e+01,-1.298758775852729563e+01,0.000000000000000000e+00
1.045537696787190640e+01,-1.291131528812708318e+01,0.000000000000000000e+00
1.076431770472266081e+01,-1.282841429642869358e+01,0.000000000000000000e+00
1.107398267612335907e+01,-1.273915981272508802e+01,0.000000000000000000e+00
1.138438207485312503e+01,-1.264363720592902851e+01,0.000000000000000000e+00
1.169491081322844828e+01,-1.254125642263552010e+01,0.000000000000000000e+00
1.200584860762247175e+01,-1.243242017597339455e+01,0.000000000000000000e+00
1.231720043398624220e+01,-1.231720043398624753e+01,0.000000000000000000e+00
1.262815247165161026e+01,-1.219486508842617667e+01,0.000000000000000000e+00
1.293921730924505198e+01,-1.206601534368456541e+01,0.000000000000000000e+00
1.325036660929579213e+01,-1.193068368343898555e+01,0.000000000000000000e+00
1.356048269665344108e+01,-1.178794776658725851e+01,0.000000000000000000e+00
1.387064923528368610e+01,-1.163885665751596754e+01,0.000000000000000000e+00
1.418005486687167327e+01,-1.148278202102184409e+01,0.000000000000000000e+00
1.448517875064062999e+01,-1.131706195525607228e+01,0.000000000000000000e+00
1.478600754732144651e+01,-1.114205587213455928e+01,0.000000000000000000e+00
1.508240035856754702e+01,-1.095800528490262948e+01,0.000000000000000000e+00
1.537282173116832951e+01,-1.076416565971811323e+01,0.000000000000000000e+00
1.565725503079143444e+01,-1.056095186864276592e+01,0.000000000000000000e+00
1.593607535481563886e+01,-1.034900834118498558e+01,0.000000000000000000e+00
1.620921096968117681e+01,-1.012863915358626166e+01,0.000000000000000000e+00
1.647600496602380815e+01,-9.899782542986233835e+00,0.000000000000000000e+00
1.673558212091552733e+01,-9.662292842555679329e+00,0.000000000000000000e+00
1.698794374596842260e+01,-9.416570983960749430e+00,0.000000000000000000e+00
1.723323249267349055e+01,-9.163072254369549086e+00,0.000000000000000000e+00
1.747121430466910752e+01,-8.902028321800024457e+00,0.000000000000000000e+00
1.770164314965304442e+01,-8.633668235249416512e+00,0.000000000000000000e+00
1.792435967459822521e+01,-8.358266183789803350e+00,0.000000000000000000e+00
1.813914075461475051e+01,-8.076065790803612643e+00,0.000000000000000000e+00
1.834562664422529821e+01,-7.787256498057582910e+00,0.000000000000000000e+00
1.854351918096249463e+01,-7.492068068386121382e+00,0.000000000000000000e+00
1.873271315962636052e+01,-7.190814860615218684e+00,0.000000000000000000e+00
1.891313374282217197e+01,-6.883817719082997222e+00,0.000000000000000000e+00
1.908464687733739851e+01,-6.571370909749667533e+00,0.000000000000000000e+00
1.924709733633726572e+01,-6.253761019887889461e+00,0.000000000000000000e+00
1.940032580390785810e+01,-5.931274828548771083e+00,0.000000000000000000e+00
1.954415269900115959e+01,-5.604195605004147929e+00,0.000000000000000000e+00
1.967840240036056088e+01,-5.272812031511278086e+00,0.000000000000000000e+00
1.980292461437666773e+01,-4.937423644556601765e+00,0.000000000000000000e+00
1.991762672652953725e+01,-4.598346453868052741e+00,0.000000000000000000e+00
2.002243429304866140e+01,-4.255899789594375093e+00,0.000000000000000000e+00
2.011728248093301019e+01,-3.910403587654563751e+00,0.000000000000000000e+00
2.020210598242823608e+01,-3.562176351834008159e+00,0.000000000000000000e+00
2.027682274268226692e+01,-3.211533221659565118e+00,0.000000000000000000e+00
2.034135567753261142e+01,-2.858791105898672136e+00,0.000000000000000000e+00
2.039563689890330878e+01,-2.504269320966934220e+00,0.000000000000000000e+00
2.043960778551929636e+01,-2.148289345427371266e+00,0.000000000000000000e+00
2.047321904748622856e+01,-1.791174572538063892e+00,0.000000000000000000e+00
2.049643078468447754e+01,-1.433250060993797925e+00,0.000000000000000000e+00
2.050921253892978058e+01,-1.074842284009224214e+00,0.000000000000000000e+00
2.051154333985608957e+01,-7.162788768911046988e-01,0.000000000000000000e+00
2.050339994616329875e+01,-3.578881773095125007e-01,0.000000000000000000e+00
2.048474003012876210e+01,-5.017314261852568341e-15,0.000000000000000000e+00
