1.234805215494155384e+01,0.000000000000000000e+00,0.000000000000000000e+00
1.217254413154321036e+01,2.124725481576806851e-01,0.000000000000000000e+00
1.199803642216262745e+01,4.189806642519346980e-01,0.000000000000000000e+00
1.182613573425190445e+01,6.197815113319601332e-01,0.000000000000000000e+00
1.165843046775114189e+01,8.152368748749263538e-01,0.000000000000000000e+00
1.149579122619913463e+01,1.005751410553205272e+00,0.000000000000000000e+00
1.133777201899635934e+01,1.191647857673196809e+00,0.000000000000000000e+00
1.118377582060671038e+01,1.373195003369716449e+00,0.000000000000000000e+00
1.103320695818861807e+01,1.550616115348061541e+00,0.000000000000000000e+00
1.088570245932680258e+01,1.724125891559903812e+00,0.000000000000000000e+00
1.074116049032830489e+01,1.893956398564645038e+00,0.000000000000000000e+00
1.059948564463015686e+01,2.060331296304018789e+00,0.000000000000000000e+00
1.046057493531057681e+01,2.223463841341229763e+00,0.000000000000000000e+00
1.032430590836013451e+01,2.383553829690067793e+00,0.000000000000000000e+00
1.019052789481472310e+01,2.540783967931877996e+00,0.000000000000000000e+00
1.005908267558917757e+01,2.695323079522016663e+00,0.000000000000000000e+00
9.929807350290145607e+00,2.847326439169594714e+00,0.000000000000000000e+00
9.802540281576295200e+00,2.996937320312289543e+00,0.000000000000000000e+00
9.677161372113603832e+00,3.144300333423967420e+00,0.000000000000000000e+00
9.553569138485947576e+00,3.289557659852669236e+00,0.000000000000000000e+00
9.431658126919705509e+00,3.432842817973695837e+00,0.000000000000000000e+00
9.311319122708106022e+00,3.574280529945160989e+00,0.000000000000000000e+00
9.192443258975492526e+00,3.713988156127696616e+00,0.000000000000000000e+00
9.074939573458097541e+00,3.852083307556894098e+00,0.000000000000000000e+00
8.958721106249141641e+00,3.988679620181140084e+00,0.000000000000000000e+00
8.843697636616637325e+00,4.123883934361600723e+00,0.000000000000000000e+00
8.729775966549675914e+00,4.257796229765317797e+00,0.000000000000000000e+00
8.616861984671432495e+00,4.390510475971168169e+00,0.000000000000000000e+00
8.504877044921057561e+00,4.522123339905732564e+00,0.000000000000000000e+00
8.393750040726992268e+00,4.652731623207020384e+00,0.000000000000000000e+00
8.283406976186602932e+00,4.782427247508557855e+00,0.000000000000000000e+00
8.173771033966394484e+00,4.911297123258589359e+00,0.000000000000000000e+00
8.064762860350271012e+00,5.039423141849487031e+00,0.000000000000000000e+00
7.956308289416184287e+00,5.166887016967165458e+00,0.000000000000000000e+00
7.848344161126137308e+00,5.293774979790110358e+00,0.000000000000000000e+00
7.740805694773007950e+00,5.420170499296710354e+00,0.000000000000000000e+00
7.633625154521996414e+00,5.546153317611724809e+00,0.000000000000000000e+00
7.526731988839780563e+00,5.671799374228475799e+00,0.000000000000000000e+00
7.420054054158329748e+00,5.797181580416797431e+00,0.000000000000000000e+00
7.313528044958301777e+00,5.922378237131129097e+00,0.000000000000000000e+00
7.207094385492985644e+00,6.047470240727008672e+00,0.000000000000000000e+00
7.100690193388616400e+00,6.172535814454460201e+00,0.000000000000000000e+00
6.994249268805415198e+00,6.297650328459607039e+00,0.000000000000000000e+00
6.887702186586611930e+00,6.422886197815374842e+00,0.000000000000000000e+00
6.780979780095031551e+00,6.548316055831513438e+00,0.000000000000000000e+00
6.674021320829694126e+00,6.674021320829692350e+00,0.000000000000000000e+00
6.566764604350169066e+00,6.800083811331533390e+00,0.000000000000000000e+00
6.459143301353135413e+00,6.926583169936630924e+00,0.000000000000000000e+00
6.351087011830567342e+00,7.053596718108167352e+00,0.000000000000000000e+00
6.242521589069828458e+00,7.181199617461023088e+00,0.000000000000000000e+00
6.133376721333181791e+00,7.309473742382515127e+00,0.000000000000000000e+00
6.023586327450439981e+00,7.438509627911958688e+00,0.000000000000000000e+00
5.913079527000937752e+00,7.568396661077058774e+00,0.000000000000000000e+00
5.801780149254589958e+00,7.699222303248392407e+00,0.000000000000000000e+00
5.689606764818369911e+00,7.831071885686486489e+00,0.000000000000000000e+00
5.576475819631161457e+00,7.964032826451842517e+00,0.000000000000000000e+00
5.462310289616283399e+00,8.098208033290624996e+00,0.000000000000000000e+00
5.347029367947675915e+00,8.233703184190257929e+00,0.000000000000000000e+00
5.230545251670768003e+00,8.370622171960441449e+00,0.000000000000000000e+00
5.112763155710155161e+00,8.509066818166093782e+00,0.000000000000000000e+00
4.993583015848174433e+00,8.649139495262058830e+00,0.000000000000000000e+00
4.872909848802579269e+00,8.790962074372304258e+00,0.000000000000000000e+00
4.750645401155482617e+00,8.934664533428957611e+00,0.000000000000000000e+00
4.626682112194457908e+00,9.080374919025603120e+00,0.000000000000000000e+00
4.500903092683661733e+00,9.228218901505446325e+00,0.000000000000000000e+00
4.373184699238078288e+00,9.378324852182570837e+00,0.000000000000000000e+00
4.243407241221760273e+00,9.530848710435511961e+00,0.000000000000000000e+00
4.111443772729148627e+00,9.685954538935297009e+00,0.000000000000000000e+00
3.977154868610452976e+00,9.843803729298349126e+00,0.000000000000000000e+00
3.840388782272770030e+00,1.000455482087153491e+01,0.000000000000000000e+00
3.700989599679433528e+00,1.016838535475564242e+01,0.000000000000000000e+00
3.558799713926871444e+00,1.033550484065602149e+01,0.000000000000000000e+00
3.413646094620311100e+00,1.050612238715552671e+01,0.000000000000000000e+00
3.265339104694131134e+00,1.068044296082745781e+01,0.000000000000000000e+00
3.113678100352610834e+00,1.085868598064081780e+01,0.000000000000000000e+00
2.958458837609349690e+00,1.104111869405925717e+01,0.000000000000000000e+00
2.799457874816762004e+00,1.122801226855183643e+01,0.000000000000000000e+00
2.636429871094593924e+00,1.141963238088832533e+01,0.000000000000000000e+00
2.469115168391157411e+00,1.161627356498299690e+01,0.000000000000000000e+00
2.297242127623180252e+00,1.181828621332000395e+01,0.000000000000000000e+00
2.120511719147589513e+00,1.202601956108801318e+01,0.000000000000000000e+00
1.938597827864746215e+00,1.223982497202678488e+01,0.000000000000000000e+00
1.751156862820712146e+00,1.246012852085979006e+01,0.000000000000000000e+00
1.557815026636227396e+00,1.268738524762990671e+01,0.000000000000000000e+00
1.358161665218927450e+00,1.292204507064672292e+01,0.000000000000000000e+00
1.151756532537214994e+00,1.316463740694742235e+01,0.000000000000000000e+00
9.381203959923238855e-01,1.341574669170062606e+01,0.000000000000000000e+00
7.167265141375523951e-01,1.367595658397756964e+01,0.000000000000000000e+00
4.870036780285330047e-01,1.394596067373650961e+01,0.000000000000000000e+00
2.483245099978101667e-01,1.422650164975178910e+01,0.000000000000000000e+00
8.889932318944039917e-16,1.451836125343822737e+01,0.000000000000000000e+00
-2.587271010102175639e-01,1.482246568971301492e+01,0.000000000000000000e+00
-5.286922203739281567e-01,1.513976433133494481e+01,0.000000000000000000e+00
-8.108200665793101614e-01,1.547136851955276882e+01,0.000000000000000000e+00
-1.106134819974543770e+00,1.581846489538406964e+01,0.000000000000000000e+00
-1.415777173687422730e+00,1.618240714430286076e+01,0.000000000000000000e+00
-1.741017807851724886e+00,1.656467794519300085e+01,0.000000000000000000e+00
-2.083281094596173944e+00,1.696696294124136983e+01,0.000000000000000000e+00
-2.444162054309710452e+00,1.739111667783571491e+01,0.000000000000000000e+00
-2.825466912659568841e+00,1.783929599946855049e+01,0.000000000000000000e+00
-3.229228047235887633e+00,1.831386231568849254e+01,0.000000000000000000e+00
-3.657747073091734524e+00,1.881747739427773070e+01,0.000000000000000000e+00
-4.113716222598862160e+00,1.935351320268859610e+01,0.000000000000000000e+00
-4.600039869503024903e+00,1.992496171549760220e+01,0.000000000000000000e+00
-5.120331930258757325e+00,2.053652967925660988e+01,0.000000000000000000e+00
-5.678052945932950735e+00,2.119078208228790317e+01,0.000000000000000000e+00
-6.267703863144365783e+00,2.185808098204713801e+01,0.000000000000000000e+00
-6.887962463330706164e+00,2.252951005920572314e+01,0.000000000000000000e+00
-7.539647604108852263e+00,2.320464930726866726e+01,0.000000000000000000e+00
-8.221477863174511569e+00,2.387690544080241750e+01,0.000000000000000000e+00
-8.935516009752644706e+00,2.455012846797065862e+01,0.000000000000000000e+00
-9.682684120035119690e+00,2.522425451798780927e+01,0.000000000000000000e+00
-1.046473911785675881e+01,2.590113821503850389e+01,0.000000000000000000e+00
-1.127841237077045378e+01,2.657027446641546575e+01,0.000000000000000000e+00
-1.212601789093686477e+01,2.723548210406465486e+01,0.000000000000000000e+00
-1.301061212338470163e+01,2.790134773866406803e+01,0.000000000000000000e+00
-1.392648159134501995e+01,2.855351870641803558e+01,0.000000000000000000e+00
-1.488033130444877550e+01,2.920429454350833254e+01,0.000000000000000000e+00
-1.586942350698871174e+01,2.984604477938289335e+01,0.000000000000000000e+00
-1.689172779753913645e+01,3.047348361580640486e+01,0.000000000000000000e+00
-1.795236738617522221e+01,3.109441242899798397e+01,0.000000000000000000e+00
-1.905014339923647171e+01,3.170476279518441487e+01,0.000000000000000000e+00
-2.018404957318989901e+01,3.230123146785208377e+01,0.000000000000000000e+00
-2.135352757031666826e+01,3.288154895937937994e+01,0.000000000000000000e+00
-2.255883798789266592e+01,3.344485269585215548e+01,0.000000000000000000e+00
-2.377352227723347511e+01,3.395210845347026662e+01,0.000000000000000000e+00
-2.498022109309613370e+01,3.438232468191018398e+01,0.000000000000000000e+00
-2.617644607034270621e+01,3.473731720607420925e+01,0.000000000000000000e+00
-2.735824361882561817e+01,3.501695499141555246e+01,0.000000000000000000e+00
-2.852280334438639997e+01,3.522272874639124041e+01,0.000000000000000000e+00
-2.966717703268036388e+01,3.535596481082526310e+01,0.000000000000000000e+00
-3.078886078786819880e+01,3.541853274468932256e+01,0.000000000000000000e+00
-3.188613588126616705e+01,3.541314155927837248e+01,0.000000000000000000e+00
-3.295800991829909066e+01,3.534313858106710882e+01,0.000000000000000000e+00
-3.400236669309855131e+01,3.521048145132637330e+01,0.000000000000000000e+00
-3.500274552253807059e+01,3.500274552253807059e+01,0.000000000000000000e+00
-3.597344541817361829e+01,3.473915243146522158e+01,0.000000000000000000e+00
-3.690745210891119399e+01,3.441675588246294382e+01,0.000000000000000000e+00
-3.779523485836439534e+01,3.403098232165801562e+01,0.000000000000000000e+00
-3.864323363027218505e+01,3.359205050112960578e+01,0.000000000000000000e+00
-3.944886591050907754e+01,3.310152883587015538e+01,0.000000000000000000e+00
-4.019802333964865682e+01,3.255171746644774089e+01,0.000000000000000000e+00
-4.090132285352773067e+01,3.195561565057194287e+01,0.000000000000000000e+00
-4.155315214217210951e+01,3.131254609127138266e+01,0.000000000000000000e+00
-4.215092807225276772e+01,3.062444183938666953e+01,0.000000000000000000e+00
-4.269222946082195591e+01,2.989342089144620829e+01,0.000000000000000000e+00
-4.317843498336394958e+01,2.912422214020596911e+01,0.000000000000000000e+00
-4.360743273217169502e+01,2.831899793612194571e+01,0.000000000000000000e+00
-4.396951542863872930e+01,2.747520260966065919e+01,0.000000000000000000e+00
-4.426647146588463499e+01,2.659797944715729301e+01,0.000000000000000000e+00
-4.450154405564428117e+01,2.569297843988020702e+01,0.000000000000000000e+00
-4.467317345329838929e+01,2.476274440228285556e+01,0.000000000000000000e+00
-4.477915122164846196e+01,2.380949704634613440e+01,0.000000000000000000e+00
-4.481732366509247356e+01,2.283556698559354814e+01,0.000000000000000000e+00
-4.478354370669749329e+01,2.184239369721995416e+01,0.000000000000000000e+00
-4.467405702114025701e+01,2.083185490981079369e+01,0.000000000000000000e+00
-4.450019486512267264e+01,1.981276325577225350e+01,0.000000000000000000e+00
-4.425695180492192549e+01,1.878596148339159200e+01,0.000000000000000000e+00
-4.393252864627093857e+01,1.774989374034776901e+01,0.000000000000000000e+00
-4.354013723813369552e+01,1.671349276622575886e+01,0.000000000000000000e+00
-4.307658986323186667e+01,1.567859650390962933e+01,0.000000000000000000e+00
-4.253661905082956451e+01,1.464653251518386412e+01,0.000000000000000000e+00
-4.191834865832212387e+01,1.362009711264708756e+01,0.000000000000000000e+00
-4.123002552406077825e+01,1.260528380002907411e+01,0.000000000000000000e+00
-4.046380298780275098e+01,1.160280879700592571e+01,0.000000000000000000e+00
-3.962692334996051358e+01,1.061800211015193085e+01,0.000000000000000000e+00
-3.871209323983610773e+01,9.652008893367332476e+00,0.000000000000000000e+00
-3.772195802699891942e+01,8.708800215407645595e+00,0.000000000000000000e+00
-3.665940720057818680e+01,7.792197547416147785e+00,0.000000000000000000e+00
-3.552587275743878337e+01,6.905530128978207394e+00,0.000000000000000000e+00
-3.431622414061346404e+01,6.050876192029306821e+00,0.000000000000000000e+00
-3.303383200089140104e+01,5.232044993235946961e+00,0.000000000000000000e+00
-3.168262290838191930e+01,4.452702269105113686e+00,0.000000000000000000e+00
-3.025878511415498906e+01,3.715311643696868060e+00,0.000000000000000000e+00
-2.879940529224956336e+01,3.026939469348173706e+00,0.000000000000000000e+00
-2.747899268636624015e+01,2.404100345168835418e+00,0.000000000000000000e+00
-2.627784371662252738e+01,1.837525835853226042e+00,0.000000000000000000e+00
-2.517987658799299666e+01,1.319621414597752951e+00,0.000000000000000000e+00
-2.417175466147637763e+01,8.440962727444886182e-01,0.000000000000000000e+00
-2.324234758508652376e+01,4.056966861818847025e-01,0.000000000000000000e+00
-2.238240082114513640e+01,2.741053552284848040e-15,0.000000000000000000e+00
-2.237803557801712984e+01,-3.906100639802449481e-01,0.000000000000000000e+00
-2.157367949413546171e+01,-7.533694887035473631e-01,0.000000000000000000e+00
-2.082358269486959657e+01,-1.091317725754876511e+00,0.000000000000000000e+00
-2.012263858692004703e+01,-1.407111964274774474e+00,0.000000000000000000e+00
-1.946579977726091926e+01,-1.703036806975782413e+00,0.000000000000000000e+00
-1.884866479314887755e+01,-1.981074498862984479e+00,0.000000000000000000e+00
-1.826739392283926477e+01,-2.242953941656211647e+00,0.000000000000000000e+00
-1.771862507559504962e+01,-2.490190357902853702e+00,0.000000000000000000e+00
-1.719939872311480755e+01,-2.724117140679080507e+00,0.000000000000000000e+00
-1.670709960610018285e+01,-2.945912429939232080e+00,0.000000000000000000e+00
-1.623940819248334932e+01,-3.156621184668510161e+00,0.000000000000000000e+00
-1.579425984328523214e+01,-3.357173566411606913e+00,0.000000000000000000e+00
-1.536981055345366798e+01,-3.548400360418437760e+00,0.000000000000000000e+00
-1.496440812115559993e+01,-3.731045990577996019e+00,0.000000000000000000e+00
-1.457656771368041149e+01,-3.905779547298235954e+00,0.000000000000000000e+00
-1.420495090608115696e+01,-4.073204127249167250e+00,0.000000000000000000e+00
-1.384834740672638986e+01,-4.233864689734725850e+00,0.000000000000000000e+00
-1.350566010358186020e+01,-4.388254978280705210e+00,0.000000000000000000e+00
-1.317589396720887507e+01,-4.536824122686732963e+00,0.000000000000000000e+00
-1.285814237721981002e+01,-4.679981093264877323e+00,0.000000000000000000e+00
-1.255157535175759342e+01,-4.818098360576740902e+00,0.000000000000000000e+00
-1.225543585442145300e+01,-4.951517494226759020e+00,0.000000000000000000e+00
-1.196903076735883431e+01,-5.080552135181743090e+00,0.000000000000000000e+00
-1.169171893250420347e+01,-5.205488649315762828e+00,0.000000000000000000e+00
-1.142291517759194441e+01,-5.326592825766087280e+00,0.000000000000000000e+00
-1.116207656095954981e+01,-5.444108494847124113e+00,0.000000000000000000e+00
-1.090870136191517759e+01,-5.558260964830310513e+00,0.000000000000000000e+00
-1.066232778566947204e+01,-5.669260247106708839e+00,0.000000000000000000e+00
-1.042252265895047714e+01,-5.777298648827829730e+00,0.000000000000000000e+00
-1.018888959109065695e+01,-5.882558148159569456e+00,0.000000000000000000e+00
-9.961052802691423125e+00,-5.985204353191383220e+00,0.000000000000000000e+00
-9.738668963956987668e+00,-6.085395763967282434e+00,0.000000000000000000e+00
-9.521410402161652797e+00,-6.183276213113540365e+00,0.000000000000000000e+00
-9.308977189974847022e+00,-6.278984397729913347e+00,0.000000000000000000e+00
-9.101082407644284444e+00,-6.372646507700298280e+00,0.000000000000000000e+00
-8.897461337913989965e+00,-6.464384053277990816e+00,0.000000000000000000e+00
-8.697862341315017787e+00,-6.554309394534500122e+00,0.000000000000000000e+00
-8.502048880918465557e+00,-6.642528586519111933e+00,0.000000000000000000e+00
-8.309799978281557031e+00,-6.729143341456625294e+00,0.000000000000000000e+00
-8.120902361010429615e+00,-6.814246175950553486e+00,0.000000000000000000e+00
-7.935160090912591890e+00,-6.897929429478922181e+00,0.000000000000000000e+00
-7.752381839993586432e+00,-6.980275961671355667e+00,0.000000000000000000e+00
-7.572389583878796238e+00,-7.061367525078666496e+00,0.000000000000000000e+00
-7.395013542327208533e+00,-7.141281567371684957e+00,0.000000000000000000e+00
-7.220089103543590348e+00,-7.220089103543586795e+00,0.000000000000000000e+00
-7.047463888286989331e+00,-7.297862491665527251e+00,0.000000000000000000e+00
-6.876988147329925027e+00,-7.374666908407214727e+00,0.000000000000000000e+00
-6.708519843365484014e+00,-7.450566094021678687e+00,0.000000000000000000e+00
-6.541924461347510267e+00,-7.525623222760487785e+00,0.000000000000000000e+00
-6.377069004139049646e+00,-7.599894895903888781e+00,0.000000000000000000e+00
-6.213828561597241951e+00,-7.673439221912728314e+00,0.000000000000000000e+00
-6.052082046001356908e+00,-7.746311772125408446e+00,0.000000000000000000e+00
-5.891709997125842868e+00,-7.818563242175051720e+00,0.000000000000000000e+00
-5.732599993536791061e+00,-7.890246988397202621e+00,0.000000000000000000e+00
-5.574641313181682101e+00,-7.961412879722656655e+00,0.000000000000000000e+00
-5.417724892914791646e+00,-8.032107464375325634e+00,0.000000000000000000e+00
-5.261747217733629967e+00,-8.102380189036880509e+00,0.000000000000000000e+00
-5.106605326361130182e+00,-8.172276829960656741e+00,0.000000000000000000e+00
-4.952197671570035098e+00,-8.241840977338013019e+00,0.000000000000000000e+00
-4.798427020546845334e+00,-8.311119395998476378e+00,0.000000000000000000e+00
-4.645195988565310685e+00,-8.380155395967074483e+00,0.000000000000000000e+00
-4.492407945362849375e+00,-8.448990515976049664e+00,0.000000000000000000e+00
-4.339969160343295940e+00,-8.517669067658117044e+00,0.000000000000000000e+00
-4.187785202916352922e+00,-8.586232089248323263e+00,0.000000000000000000e+00
-4.035762265466346754e+00,-8.654720107823903774e+00,0.000000000000000000e+00
-3.883809535133013746e+00,-8.723179038748590131e+00,0.000000000000000000e+00
-3.731834972799656924e+00,-8.791652249533891350e+00,0.000000000000000000e+00
-3.579744884683930817e+00,-8.860179502665424423e+00,0.000000000000000000e+00
-3.427444276678610624e+00,-8.928797605022792183e+00,0.000000000000000000e+00
-3.274836544471472433e+00,-8.997539458340156671e+00,0.000000000000000000e+00
-3.121828095864274566e+00,-9.066447114243027627e+00,0.000000000000000000e+00
-2.968334376063670010e+00,-9.135593842042530000e+00,0.000000000000000000e+00
-2.814267836525624400e+00,-9.205055322215525138e+00,0.000000000000000000e+00
-2.659525317473162787e+00,-9.274867005916497931e+00,0.000000000000000000e+00
-2.503976335352610771e+00,-9.344966904486074810e+00,0.000000000000000000e+00
-2.347491350738839522e+00,-9.415273551183640066e+00,0.000000000000000000e+00
-2.189988311851666314e+00,-9.485881537749765613e+00,0.000000000000000000e+00
-2.031462031043153704e+00,-9.557277437507853080e+00,0.000000000000000000e+00
-1.871879584892352844e+00,-9.629985635870756511e+00,0.000000000000000000e+00
-1.710977251457278747e+00,-9.703434179969143258e+00,0.000000000000000000e+00
-1.548248715380770468e+00,-9.775257671829015393e+00,0.000000000000000000e+00
-1.383331725392390688e+00,-9.842916674870558325e+00,0.000000000000000000e+00
-1.216094227260419824e+00,-9.904292675868951790e+00,0.000000000000000000e+00
-1.046597489590336716e+00,-9.957709952836903966e+00,0.000000000000000000e+00
-8.750512096823410690e-01,-1.000188109426373373e+01,0.000000000000000000e+00
-7.019629459255807280e-01,-1.003853781426001213e+01,0.000000000000000000e+00
-5.277933208161704748e-01,-1.007089649736324333e+01,0.000000000000000000e+00
-3.527560062844209421e-01,-1.010161034303025218e+01,0.000000000000000000e+00
-1.768504001425593164e-01,-1.013175263855168318e+01,0.000000000000000000e+00
-1.866748624192726354e-15,-1.016210619797985615e+01,0.000000000000000000e+00
1.779185822671559281e-01,-1.019294875148470148e+01,0.000000000000000000e+00
3.570334887783171429e-01,-1.022410141513880433e+01,0.000000000000000000e+00
5.374632723880217178e-01,-1.025541016506951841e+01,0.000000000000000000e+00
7.193308353272076516e-01,-1.028691020417621793e+01,0.000000000000000000e+00
9.027676299863094389e-01,-1.031868122798344878e+01,0.000000000000000000e+00
1.087909706344235339e+00,-1.035076943944537042e+01,0.000000000000000000e+00
1.274894862320439470e+00,-1.038318541798261485e+01,0.000000000000000000e+00
1.463864761906923384e+00,-1.041593900453769450e+01,0.000000000000000000e+00
1.654968464599584133e+00,-1.044905965010506854e+01,0.000000000000000000e+00
1.848361099120149564e+00,-1.048257669752873511e+01,0.000000000000000000e+00
2.044204434080015620e+00,-1.051652013081069192e+01,0.000000000000000000e+00
2.242666879777240219e+00,-1.055091812813014052e+01,0.000000000000000000e+00
2.443924342317100429e+00,-1.058579932732229700e+01,0.000000000000000000e+00
2.648162091355970915e+00,-1.062119802492294873e+01,0.000000000000000000e+00
2.855573552820258598e+00,-1.065714558387515432e+01,0.000000000000000000e+00
3.066363412251813969e+00,-1.069368005395226184e+01,0.000000000000000000e+00
3.280745782803571320e+00,-1.073083593426386173e+01,0.000000000000000000e+00
3.498948099963774538e+00,-1.076865496468914962e+01,0.000000000000000000e+00
3.721209256241700292e+00,-1.080717640008511715e+01,0.000000000000000000e+00
3.947783646403253854e+00,-1.084644642538519044e+01,0.000000000000000000e+00
4.178939580422452948e+00,-1.088650980297466120e+01,0.000000000000000000e+00
4.414963259461473832e+00,-1.092741752180905479e+01,0.000000000000000000e+00
4.656157500951735528e+00,-1.096921966426516803e+01,0.000000000000000000e+00
4.902847962405751936e+00,-1.101197682042466042e+01,0.000000000000000000e+00
5.155379677238164149e+00,-1.105574739569156861e+01,0.000000000000000000e+00
5.414118551917220579e+00,-1.110058806576161494e+01,0.000000000000000000e+00
5.679460511292288238e+00,-1.114656886506390343e+01,0.000000000000000000e+00
5.951852193208369890e+00,-1.119380593759660236e+01,0.000000000000000000e+00
6.231714938908615942e+00,-1.124231134702950285e+01,0.000000000000000000e+00
6.519477230127700196e+00,-1.129206580136958848e+01,0.000000000000000000e+00
6.815967107807793468e+00,-1.134367420990051478e+01,0.000000000000000000e+00
7.121403327030994213e+00,-1.139662763947552371e+01,0.000000000000000000e+00
7.434005241390429397e+00,-1.144736421203110588e+01,0.000000000000000000e+00
7.749005814472871734e+00,-1.148837356531577214e+01,0.000000000000000000e+00
8.062132323269635137e+00,-1.151391820756870210e+01,0.000000000000000000e+00
8.372852969045545990e+00,-1.152424344935768197e+01,0.000000000000000000e+00
8.681938900601778641e+00,-1.152132205966839962e+01,0.000000000000000000e+00
8.988920001832475748e+00,-1.150529293879846549e+01,0.000000000000000000e+00
9.291587275397493073e+00,-1.147415470608562948e+01,0.000000000000000000e+00
9.590804653966289450e+00,-1.142987590223359362e+01,0.000000000000000000e+00
9.886696458741178972e+00,-1.137334325791969292e+01,0.000000000000000000e+00
1.017720422592527463e+01,-1.130293037928517208e+01,0.000000000000000000e+00
1.046224725603216577e+01,-1.121938659391050308e+01,0.000000000000000000e+00
1.074219699182244625e+01,-1.112387062174203045e+01,0.000000000000000000e+00
1.101671213465693278e+01,-1.101671213465693810e+01,0.000000000000000000e+00
1.128463587380205091e+01,-1.089744619111586665e+01,0.000000000000000000e+00
1.154473521465489583e+01,-1.076563975313040089e+01,0.000000000000000000e+00
1.179733155035684611e+01,-1.062236503986380853e+01,0.000000000000000000e+00
1.204265191570716453e+01,-1.046851759846141405e+01,0.000000000000000000e+00
1.228000596861598837e+01,-1.030414847912047804e+01,0.000000000000000000e+00
1.250878630332574559e+01,-1.012941542308159626e+01,0.000000000000000000e+00
1.272861934875865764e+01,-9.944687342460445834e+00,0.000000000000000000e+00
1.293924674638699557e+01,-9.750421791019322271e+00,0.000000000000000000e+00
1.314052108478457015e+01,-9.547147408247131040e+00,0.000000000000000000e+00
1.333208781255150477e+01,-9.335228386422370406e+00,0.000000000000000000e+00
1.351324341973481857e+01,-9.114797776776025984e+00,0.000000000000000000e+00
1.368335471121379676e+01,-8.886074449877167325e+00,0.000000000000000000e+00
1.384225554873374797e+01,-8.649601253700568648e+00,0.000000000000000000e+00
1.398992933620024637e+01,-8.405997601101113048e+00,0.000000000000000000e+00
1.412629600901263238e+01,-8.155820803455789303e+00,0.000000000000000000e+00
1.425109518098104289e+01,-7.899511051932723404e+00,0.000000000000000000e+00
1.436405274219004546e+01,-7.637502319905374648e+00,0.000000000000000000e+00
1.446490871985191973e+01,-7.370239117378435623e+00,0.000000000000000000e+00
1.455342805332812617e+01,-7.098181136956744020e+00,0.000000000000000000e+00
1.462939748428148334e+01,-6.821800081113937431e+00,0.000000000000000000e+00
1.469261863309805172e+01,-6.541575277753945983e+00,0.000000000000000000e+00
1.474290809892734444e+01,-6.257993205687294669e+00,0.000000000000000000e+00
1.478009768012068648e+01,-5.971547083174122861e+00,0.000000000000000000e+00
1.480403458428912167e+01,-5.682736450329075595e+00,0.000000000000000000e+00
1.481458162782190691e+01,-5.392066745634114255e+00,0.000000000000000000e+00
1.481161742471144294e+01,-5.100048876810524767e+00,0.000000000000000000e+00
1.479505945319436044e+01,-4.807206223279703039e+00,0.000000000000000000e+00
1.476491005139083867e+01,-4.514086011687537869e+00,0.000000000000000000e+00
1.472111695395116904e+01,-4.221212359761265631e+00,0.000000000000000000e+00
1.466362040864630600e+01,-3.929105246613306512e+00,0.000000000000000000e+00
1.459237690175534929e+01,-3.638288189649624638e+00,0.000000000000000000e+00
1.450735929348408604e+01,-3.349287798095303526e+00,0.000000000000000000e+00
1.440855694209676408e+01,-3.062633322238824451e+00,0.000000000000000000e+00
1.429597581664027039e+01,-2.778856198663880672e+00,0.000000000000000000e+00
1.416963859814547710e+01,-2.498489591741131832e+00,0.000000000000000000e+00
1.402990990495877810e+01,-2.222119428100568062e+00,0.000000000000000000e+00
1.387908251820126004e+01,-1.950577842011380403e+00,0.000000000000000000e+00
1.372017973763112408e+01,-1.684626244593975031e+00,0.000000000000000000e+00
1.355626149632838384e+01,-1.424820497633128902e+00,0.000000000000000000e+00
1.339004510684012672e+01,-1.171477150949282953e+00,0.000000000000000000e+00
1.322198248845209356e+01,-9.245710829903701633e-01,0.000000000000000000e+00
1.305165394069087448e+01,-6.840081990023693104e-01,0.000000000000000000e+00
1.287863467047511001e+01,-4.497318326960897950e-01,0.000000000000000000e+00
1.270286861967580805e+01,-2.217293965310708215e-01,0.000000000000000000e+00
1.252509906353833813e+01,-3.067764495433146914e-15,0.000000000000000000e+00
