1.882192247404826446e+01,0.000000000000000000e+00,0.000000000000000000e+00
1.838035133998828030e+01,3.208302260429464758e-01,0.000000000000000000e+00
1.795876906167195131e+01,6.271340347581768615e-01,0.000000000000000000e+00
1.755561485767693242e+01,9.200507886392115253e-01,0.000000000000000000e+00
1.716947478647757563e+01,1.200606634562860986e+00,0.000000000000000000e+00
1.679906780109357101e+01,1.469727990399059214e+00,0.000000000000000000e+00
1.644324896369932532e+01,1.728255107612744368e+00,0.000000000000000000e+00
1.610095640720898658e+01,1.976948862575963473e+00,0.000000000000000000e+00
1.577124907294816225e+01,2.216504509011451685e+00,0.000000000000000000e+00
1.545324214717601663e+01,2.447553108680009082e+00,0.000000000000000000e+00
1.514615323728230045e+01,2.670675469677730174e+00,0.000000000000000000e+00
1.484923766228324382e+01,2.886399407254068628e+00,0.000000000000000000e+00
1.456184049674746817e+01,3.095214747575928182e+00,0.000000000000000000e+00
1.428333003326069317e+01,3.297566568028325484e+00,0.000000000000000000e+00
1.401315010824454355e+01,3.493870730030313343e+00,0.000000000000000000e+00
1.375076841770511749e+01,3.684507292831472824e+00,0.000000000000000000e+00
1.349569833249629980e+01,3.869829224436152515e+00,0.000000000000000000e+00
1.324749759865328969e+01,4.050166468458238356e+00,0.000000000000000000e+00
1.300573369212914443e+01,4.225819040532676318e+00,0.000000000000000000e+00
1.277002939004994708e+01,4.397073741514778256e+00,0.000000000000000000e+00
1.254001844400887045e+01,4.564193450768406102e+00,0.000000000000000000e+00
1.231535433500928889e+01,4.727421607927565717e+00,0.000000000000000000e+00
1.209573216468396772e+01,4.886993015210173930e+00,0.000000000000000000e+00
1.188084847042178893e+01,5.043120970896452171e+00,0.000000000000000000e+00
1.167042033515630983e+01,5.196005902819648803e+00,0.000000000000000000e+00
1.146419633967372143e+01,5.345842547782360121e+00,0.000000000000000000e+00
1.126192481687049352e+01,5.492807743166360446e+00,0.000000000000000000e+00
1.106336781921743295e+01,5.637067461008960834e+00,0.000000000000000000e+00
1.086831541252953315e+01,5.778785811113768212e+00,0.000000000000000000e+00
1.067655849317582017e+01,5.918113011132293266e+00,0.000000000000000000e+00
1.048789223473746546e+01,6.055187404957459663e+00,0.000000000000000000e+00
1.030213693790297391e+01,6.190148377815075875e+00,0.000000000000000000e+00
1.011911800729423838e+01,6.323126711111955345e+00,0.000000000000000000e+00
9.938659738963014689e+00,6.454241100688969723e+00,0.000000000000000000e+00
9.760600656476153603e+00,6.583608272290946140e+00,0.000000000000000000e+00
9.584793022743463453e+00,6.711344326704801411e+00,0.000000000000000000e+00
9.411087943465094696e+00,6.837555625725903141e+00,0.000000000000000000e+00
9.239337854384690019e+00,6.962340460439643053e+00,0.000000000000000000e+00
9.069410791248159853e+00,7.085800292087101049e+00,0.000000000000000000e+00
8.901179423977069405e+00,7.208032974140560434e+00,0.000000000000000000e+00
8.734514762034827129e+00,7.329128115335930005e+00,0.000000000000000000e+00
8.569290625273577433e+00,7.449170693043239311e+00,0.000000000000000000e+00
8.405393401271384235e+00,7.568250212419131984e+00,0.000000000000000000e+00
8.242710520699265686e+00,7.686451911217684341e+00,0.000000000000000000e+00
8.081127667310918028e+00,7.803854276105028909e+00,0.000000000000000000e+00
7.920533134606805525e+00,7.920533134606803749e+00,0.000000000000000000e+00
7.760824834157643792e+00,8.036569375788907621e+00,0.000000000000000000e+00
7.601900462401089520e+00,8.152040192601093693e+00,0.000000000000000000e+00
7.443655698298718093e+00,8.267017174610190366e+00,0.000000000000000000e+00
7.285987607906285746e+00,8.381569959539167058e+00,0.000000000000000000e+00
7.128800846425476401e+00,8.495774019616206374e+00,0.000000000000000000e+00
6.971999341468261058e+00,8.609702162143404891e+00,0.000000000000000000e+00
6.815484571154435400e+00,8.723422446190154389e+00,0.000000000000000000e+00
6.659157879158036586e+00,8.837000979889424457e+00,0.000000000000000000e+00
6.502926596144932070e+00,8.950510597085033382e+00,0.000000000000000000e+00
6.346697088464711811e+00,9.064022796286860029e+00,0.000000000000000000e+00
6.190372688472369767e+00,9.177604928476414514e+00,0.000000000000000000e+00
6.033855206078214906e+00,9.291322228570061625e+00,0.000000000000000000e+00
5.877050970205670133e+00,9.405247596554341172e+00,0.000000000000000000e+00
5.719865177126264300e+00,9.519454256102452661e+00,0.000000000000000000e+00
5.562199226718055556e+00,9.634011662495989725e+00,0.000000000000000000e+00
5.403951740476344412e+00,9.748987007001449712e+00,0.000000000000000000e+00
5.245024124351660433e+00,9.864455682048136609e+00,0.000000000000000000e+00
5.085316142809471529e+00,9.980494885692797524e+00,0.000000000000000000e+00
4.924722857465464898e+00,1.009717819337481082e+01,0.000000000000000000e+00
4.763135586012246847e+00,1.021457722752861308e+01,0.000000000000000000e+00
4.600447765342293494e+00,1.033277485738426371e+01,0.000000000000000000e+00
4.436550353630998700e+00,1.045185764669779083e+01,0.000000000000000000e+00
4.271328296843400096e+00,1.057190851414212140e+01,0.000000000000000000e+00
4.104661319512158180e+00,1.069300831773275107e+01,0.000000000000000000e+00
3.936427570237332141e+00,1.081524586254569087e+01,0.000000000000000000e+00
3.766500127807492770e+00,1.093871064194589238e+01,0.000000000000000000e+00
3.594745125330864433e+00,1.106348789257179277e+01,0.000000000000000000e+00
3.421025535246178251e+00,1.118967032986106958e+01,0.000000000000000000e+00
3.245208751011141146e+00,1.131738787155516945e+01,0.000000000000000000e+00
3.067154214295483516e+00,1.144677536239974458e+01,0.000000000000000000e+00
2.886710195977529647e+00,1.157796221467018860e+01,0.000000000000000000e+00
2.703705607617730156e+00,1.171103561056298759e+01,0.000000000000000000e+00
2.517951221877464452e+00,1.184602913264277468e+01,0.000000000000000000e+00
2.329252683073711250e+00,1.198296624491647400e+01,0.000000000000000000e+00
2.137425377961267969e+00,1.212194168682124484e+01,0.000000000000000000e+00
1.942334848372770262e+00,1.226341959091969436e+01,0.000000000000000000e+00
1.743826929349679755e+00,1.240797333417291526e+01,0.000000000000000000e+00
1.541691945033272448e+00,1.255607328556893520e+01,0.000000000000000000e+00
1.335559164650305997e+00,1.270699664266008178e+01,0.000000000000000000e+00
1.125036301400934580e+00,1.285922376751786267e+01,0.000000000000000000e+00
9.098286556091879085e-01,1.301115595465986097e+01,0.000000000000000000e+00
6.897062859996641038e-01,1.316037991754492253e+01,0.000000000000000000e+00
4.645790029955086942e-01,1.330380199970375266e+01,0.000000000000000000e+00
2.345695651474307419e-01,1.343848138704033524e+01,0.000000000000000000e+00
8.305250746408807437e-16,1.356350378279067392e+01,0.000000000000000000e+00
-2.387720519347591996e-01,1.367924169384007982e+01,0.000000000000000000e+00
-4.814195390658270179e-01,1.378605185603359828e+01,0.000000000000000000e+00
-7.276338416140492038e-01,1.388408079045450805e+01,0.000000000000000000e+00
-9.771164638123872592e-01,1.397341644291948093e+01,0.000000000000000000e+00
-1.229564653375283756e+00,1.405398829770610547e+01,0.000000000000000000e+00
-1.484647070727024065e+00,1.412547331679090057e+01,0.000000000000000000e+00
-1.742016469674219525e+00,1.418758561226415615e+01,0.000000000000000000e+00
-2.001360060004480967e+00,1.424041677454493637e+01,0.000000000000000000e+00
-2.262399670552890374e+00,1.428422934675361589e+01,0.000000000000000000e+00
-2.524832215237763577e+00,1.431903503986303861e+01,0.000000000000000000e+00
-2.788275883365558983e+00,1.434443589340145309e+01,0.000000000000000000e+00
-3.052337841125146944e+00,1.436012051165784520e+01,0.000000000000000000e+00
-3.316754610169077022e+00,1.436644257486811860e+01,0.000000000000000000e+00
-3.581342285223079180e+00,1.436397935403841153e+01,0.000000000000000000e+00
-3.845801336627864497e+00,1.435272598411148515e+01,0.000000000000000000e+00
-4.109637171567137592e+00,1.433200803106874233e+01,0.000000000000000000e+00
-4.372373727088996631e+00,1.430139005424031140e+01,0.000000000000000000e+00
-4.633824665378053709e+00,1.426144588679066771e+01,0.000000000000000000e+00
-4.893910827690883814e+00,1.421294906015536519e+01,0.000000000000000000e+00
-5.152346083798653886e+00,1.415595452245225516e+01,0.000000000000000000e+00
-5.408610110684207051e+00,1.408991105453575798e+01,0.000000000000000000e+00
-5.662222431318602922e+00,1.401449230087552777e+01,0.000000000000000000e+00
-5.912984645582029408e+00,1.393011886637395413e+01,0.000000000000000000e+00
-6.160784236450381535e+00,1.383734795115697302e+01,0.000000000000000000e+00
-6.405405075360562250e+00,1.373643551277777952e+01,0.000000000000000000e+00
-6.646504106110152854e+00,1.362735290183020886e+01,0.000000000000000000e+00
-6.883712858714820193e+00,1.351004717339460015e+01,0.000000000000000000e+00
-7.116574469467794373e+00,1.338432994733612347e+01,0.000000000000000000e+00
-7.344583624453707493e+00,1.324997960109897122e+01,0.000000000000000000e+00
-7.567688663216568301e+00,1.310762126055409915e+01,0.000000000000000000e+00
-7.787300865341169498e+00,1.296024505307774177e+01,0.000000000000000000e+00
-8.005295688091658590e+00,1.281115110483652053e+01,0.000000000000000000e+00
-8.223149198744058808e+00,1.266253934336593368e+01,0.000000000000000000e+00
-8.441033734614913797e+00,1.251434714883940380e+01,0.000000000000000000e+00
-8.658913890620272724e+00,1.236621061344095907e+01,0.000000000000000000e+00
-8.876809622348861950e+00,1.221788027566552159e+01,0.000000000000000000e+00
-9.094883781610977991e+00,1.206931842562629598e+01,0.000000000000000000e+00
-9.313317621803605562e+00,1.192050295798386905e+01,0.000000000000000000e+00
-9.532274240365667950e+00,1.177137835473988581e+01,0.000000000000000000e+00
-9.751882287082894507e+00,1.162184075018687857e+01,0.000000000000000000e+00
-9.972263372304668749e+00,1.147177673198653025e+01,0.000000000000000000e+00
-1.019354829895690706e+01,1.132108231133737064e+01,0.000000000000000000e+00
-1.041588386362395013e+01,1.116966794260132545e+01,0.000000000000000000e+00
-1.063941621472943488e+01,1.101743801138725232e+01,0.000000000000000000e+00
-1.086429404032698187e+01,1.086429404032698365e+01,0.000000000000000000e+00
-1.109066907895784126e+01,1.071013463464949389e+01,0.000000000000000000e+00
-1.131869178978507406e+01,1.055485084931707362e+01,0.000000000000000000e+00
-1.154852143347844518e+01,1.039833540436428727e+01,0.000000000000000000e+00
-1.178032338860153061e+01,1.024047888889762170e+01,0.000000000000000000e+00
-1.201426318155887962e+01,1.008116380451283511e+01,0.000000000000000000e+00
-1.225051782145764001e+01,9.920273730187288308e+00,0.000000000000000000e+00
-1.248926801582556401e+01,9.757685586354586604e+00,0.000000000000000000e+00
-1.273069826362804235e+01,9.593269237193517540e+00,0.000000000000000000e+00
-1.297500767552810075e+01,9.426894877467148604e+00,0.000000000000000000e+00
-1.322239697542722503e+01,9.258422035395414085e+00,0.000000000000000000e+00
-1.347307846430488887e+01,9.087706172259933268e+00,0.000000000000000000e+00
-1.372727709168173504e+01,8.914597977264355322e+00,0.000000000000000000e+00
-1.398522094958456030e+01,8.738935951075655240e+00,0.000000000000000000e+00
-1.424715857771022165e+01,8.560556522386782774e+00,0.000000000000000000e+00
-1.451334418811919136e+01,8.379283173852304145e+00,0.000000000000000000e+00
-1.478404829565149647e+01,8.194931787394507339e+00,0.000000000000000000e+00
-1.505955965123647999e+01,8.007309903231092818e+00,0.000000000000000000e+00
-1.534017500489833097e+01,7.816209564694025502e+00,0.000000000000000000e+00
-1.562621681320655931e+01,7.621415175796618868e+00,0.000000000000000000e+00
-1.591801631674015916e+01,7.422692911132160454e+00,0.000000000000000000e+00
-1.621594537488184429e+01,7.219804040293685610e+00,0.000000000000000000e+00
-1.652039075641066646e+01,7.012489830038278527e+00,0.000000000000000000e+00
-1.683173877236197313e+01,6.800463890440687997e+00,0.000000000000000000e+00
-1.715038355174890228e+01,6.583415432579358573e+00,0.000000000000000000e+00
-1.747687764990681458e+01,6.361063252478342811e+00,0.000000000000000000e+00
-1.781185921805288785e+01,6.133114972803681120e+00,0.000000000000000000e+00
-1.815542891599010034e+01,5.899056448361628568e+00,0.000000000000000000e+00
-1.850713166900381523e+01,5.658197977009696622e+00,0.000000000000000000e+00
-1.886515706128160730e+01,5.409496738937704663e+00,0.000000000000000000e+00
-1.922735049289403619e+01,5.151953037161112192e+00,0.000000000000000000e+00
-1.959342383544629485e+01,4.885189233751797921e+00,0.000000000000000000e+00
-1.996385522774740906e+01,4.609019144322656913e+00,0.000000000000000000e+00
-2.033965269430896683e+01,4.323326642264714970e+00,0.000000000000000000e+00
-2.072322960557815108e+01,4.028187777064204944e+00,0.000000000000000000e+00
-2.111828595601048875e+01,3.723723600361307007e+00,0.000000000000000000e+00
-2.152635692836108205e+01,3.409439994324677148e+00,0.000000000000000000e+00
-2.194803827617479186e+01,3.084595619413648571e+00,0.000000000000000000e+00
-2.238437217940705537e+01,2.748455309135690694e+00,0.000000000000000000e+00
-2.283644170107841376e+01,2.400206741181056369e+00,0.000000000000000000e+00
-2.330538244441815721e+01,2.038956763022687468e+00,0.000000000000000000e+00
-2.379248374196184912e+01,1.663732536293200726e+00,0.000000000000000000e+00
-2.429903682498284212e+01,1.273458558714190447e+00,0.000000000000000000e+00
-2.482684842075730458e+01,8.669726509078201637e-01,0.000000000000000000e+00
-2.537703868718391931e+01,4.429578579706829333e-01,0.000000000000000000e+00
-2.594866745409982300e+01,3.177795253980244392e-15,0.000000000000000000e+00
-2.594811460153292870e+01,-4.529260251345797461e-01,0.000000000000000000e+00
-2.619442472924167475e+01,-9.147294679387830696e-01,0.000000000000000000e+00
-2.642369816527294191e+01,-1.384807341287318083e+00,0.000000000000000000e+00
-2.663564401155539585e+01,-1.862545669790310665e+00,0.000000000000000000e+00
-2.682996521192936257e+01,-2.347317798838728375e+00,0.000000000000000000e+00
-2.700634264423140962e+01,-2.838480990944757476e+00,0.000000000000000000e+00
-2.716447374460980413e+01,-3.335377980890403382e+00,0.000000000000000000e+00
-2.730409551264069989e+01,-3.837340374140347343e+00,0.000000000000000000e+00
-2.742507908742555500e+01,-4.343705802118037695e+00,0.000000000000000000e+00
-2.752735849014942460e+01,-4.853816009447580626e+00,0.000000000000000000e+00
-2.761088785309598137e+01,-5.367012916451670002e+00,0.000000000000000000e+00
-2.767564128998867545e+01,-5.882639154612880894e+00,0.000000000000000000e+00
-2.772161283096110296e+01,-6.400038609367189935e+00,0.000000000000000000e+00
-2.774881634389719665e+01,-6.918556960286093904e+00,0.000000000000000000e+00
-2.775728544222411287e+01,-7.437542218324097121e+00,0.000000000000000000e+00
-2.774703872960011708e+01,-7.956335324183765323e+00,0.000000000000000000e+00
-2.771800835772904037e+01,-8.474245583885332778e+00,0.000000000000000000e+00
-2.767023884743964146e+01,-8.990605601002062741e+00,0.000000000000000000e+00
-2.760382644069892777e+01,-9.504759675988019296e+00,0.000000000000000000e+00
-2.751899559736811440e+01,-1.001609527434466251e+01,0.000000000000000000e+00
-2.741624275254799414e+01,-1.052410956850355284e+01,0.000000000000000000e+00
-2.729578932811474701e+01,-1.102821474342975172e+01,0.000000000000000000e+00
-2.715849218704945400e+01,-1.152809597962779797e+01,0.000000000000000000e+00
-2.700198394175413341e+01,-1.202205781110938432e+01,0.000000000000000000e+00
-2.682861392597612138e+01,-1.251038813136650241e+01,0.000000000000000000e+00
-2.663738064008067497e+01,-1.299191861220069555e+01,0.000000000000000000e+00
-2.643029267452840259e+01,-1.346690675525837477e+01,0.000000000000000000e+00
-2.620606121935042054e+01,-1.393400991702673508e+01,0.000000000000000000e+00
-2.596506886295545158e+01,-1.439267269233065605e+01,0.000000000000000000e+00
-2.570846509629994969e+01,-1.484278924380087972e+01,0.000000000000000000e+00
-2.543604951023722549e+01,-1.528352045433681283e+01,0.000000000000000000e+00
-2.514765757026600568e+01,-1.571400048796980542e+01,0.000000000000000000e+00
-2.484405669701407504e+01,-1.613391906487040472e+01,0.000000000000000000e+00
-2.452607154454299732e+01,-1.654304414148093016e+01,0.000000000000000000e+00
-2.419364071835786945e+01,-1.694056960773154330e+01,0.000000000000000000e+00
-2.384719715854729927e+01,-1.732600290941321219e+01,0.000000000000000000e+00
-2.348755327083360456e+01,-1.769914089424177916e+01,0.000000000000000000e+00
-2.311464892770376522e+01,-1.805914296896384030e+01,0.000000000000000000e+00
-2.272868673278012608e+01,-1.840532761169654563e+01,0.000000000000000000e+00
-2.233086445699521150e+01,-1.873782012973451216e+01,0.000000000000000000e+00
-2.192176187181703284e+01,-1.905629686473596962e+01,0.000000000000000000e+00
-2.150070283404250659e+01,-1.935931978701790257e+01,0.000000000000000000e+00
-2.106906941657176446e+01,-1.964722508183479022e+01,0.000000000000000000e+00
-2.062739341983261099e+01,-1.991964227906165874e+01,0.000000000000000000e+00
-2.017619749154728481e+01,-2.017619749154728126e+01,0.000000000000000000e+00
-1.971544055397486161e+01,-2.041593634337689522e+01,0.000000000000000000e+00
-1.924608009351593552e+01,-2.063889408291538174e+01,0.000000000000000000e+00
-1.876925805066293762e+01,-2.084537288512482434e+01,0.000000000000000000e+00
-1.828453920519720555e+01,-2.103395624225279192e+01,0.000000000000000000e+00
-1.779326394459149441e+01,-2.120518622994393354e+01,0.000000000000000000e+00
-1.729545351383109164e+01,-2.135810636521419781e+01,0.000000000000000000e+00
-1.679261412640985895e+01,-2.149356593374559665e+01,0.000000000000000000e+00
-1.628430130631540251e+01,-2.160999772225233428e+01,0.000000000000000000e+00
-1.577159593680852190e+01,-2.170773950439986066e+01,0.000000000000000000e+00
-1.526567851414730015e+01,-2.180164834154537346e+01,0.000000000000000000e+00
-1.476776812608204992e+01,-2.189411661577575430e+01,0.000000000000000000e+00
-1.427733623893968584e+01,-2.198516985094350318e+01,0.000000000000000000e+00
-1.379394597379818777e+01,-2.207492803359601297e+01,0.000000000000000000e+00
-1.331714846583297174e+01,-2.216345695510148062e+01,0.000000000000000000e+00
-1.284652887785165021e+01,-2.225084071733982682e+01,0.000000000000000000e+00
-1.238168520017455521e+01,-2.233715139185233056e+01,0.000000000000000000e+00
-1.192223400596352256e+01,-2.242246102106762251e+01,0.000000000000000000e+00
-1.146780664094039182e+01,-2.250683778861133533e+01,0.000000000000000000e+00
-1.101804867609000738e+01,-2.259034752729499829e+01,0.000000000000000000e+00
-1.057261855115159577e+01,-2.267305365085230306e+01,0.000000000000000000e+00
-1.013118649499512181e+01,-2.275501743104081243e+01,0.000000000000000000e+00
-9.693433455065095572e+00,-2.283629813807021591e+01,0.000000000000000000e+00
-9.259050111085757706e+00,-2.291695320507103162e+01,0.000000000000000000e+00
-8.827735951852082152e+00,-2.299703839417414741e+01,0.000000000000000000e+00
-8.399198408285645456e+00,-2.307660796828396954e+01,0.000000000000000000e+00
-7.973152066587788411e+00,-2.315571496114772287e+01,0.000000000000000000e+00
-7.549317845531790638e+00,-2.323441125009653518e+01,0.000000000000000000e+00
-7.127422220569620492e+00,-2.331274763319215637e+01,0.000000000000000000e+00
-6.707196501113615206e+00,-2.339077395566285489e+01,0.000000000000000000e+00
-6.288376143561468012e+00,-2.346853926487545294e+01,0.000000000000000000e+00
-5.870700114096829125e+00,-2.354609208412626131e+01,0.000000000000000000e+00
-5.453910192687918546e+00,-2.362348042014014027e+01,0.000000000000000000e+00
-5.037750314866345391e+00,-2.370075181535472097e+01,0.000000000000000000e+00
-4.621965944615920030e+00,-2.377795346205175164e+01,0.000000000000000000e+00
-4.206303471862780974e+00,-2.385513240777024535e+01,0.000000000000000000e+00
-3.790509605952725902e+00,-2.393233576597429746e+01,0.000000000000000000e+00
-3.374330723990340619e+00,-2.400961066679174394e+01,0.000000000000000000e+00
-2.957512252516502294e+00,-2.408700434947393632e+01,0.000000000000000000e+00
-2.539798050326146583e+00,-2.416456429092694336e+01,0.000000000000000000e+00
-2.120929793886240144e+00,-2.424233847460454072e+01,0.000000000000000000e+00
-1.700646321616855472e+00,-2.432037546614732904e+01,0.000000000000000000e+00
-1.278682964345132511e+00,-2.439872442293875210e+01,0.000000000000000000e+00
-8.547708731321838060e-01,-2.447743522187165865e+01,0.000000000000000000e+00
-4.286363250693690508e-01,-2.455655861677389851e+01,0.000000000000000000e+00
-4.525586694992308651e-15,-2.463614650985192256e+01,0.000000000000000000e+00
4.314237834716462827e-01,-2.471625200168821834e+01,0.000000000000000000e+00
8.659278582975495908e-01,-2.479692947494106292e+01,0.000000000000000000e+00
1.303813036082646981e+00,-2.487823475673484452e+01,0.000000000000000000e+00
1.745388980110878174e+00,-2.496022529270851109e+01,0.000000000000000000e+00
2.190975135183571787e+00,-2.504296038919790846e+01,0.000000000000000000e+00
2.640901715127076610e+00,-2.512650140550063682e+01,0.000000000000000000e+00
3.095510743897543993e+00,-2.521091186981889720e+01,0.000000000000000000e+00
3.555157170502257991e+00,-2.529625768930887730e+01,0.000000000000000000e+00
4.020210063907420306e+00,-2.538260738030735553e+01,0.000000000000000000e+00
4.491053896514673127e+00,-2.547003231422699443e+01,0.000000000000000000e+00
4.968089925984777722e+00,-2.555860698042670975e+01,0.000000000000000000e+00
5.451737687212847128e+00,-2.564840927224009093e+01,0.000000000000000000e+00
5.942436606181311198e+00,-2.573952079413737692e+01,0.000000000000000000e+00
6.440647742049240065e+00,-2.583202716343181393e+01,0.000000000000000000e+00
6.946855682636746465e+00,-2.592601836044887875e+01,0.000000000000000000e+00
7.461570608729402920e+00,-2.602158911462169755e+01,0.000000000000000000e+00
7.985330545567681959e+00,-2.611883932443144829e+01,0.000000000000000000e+00
8.518703823426076127e+00,-2.621787451543033853e+01,0.000000000000000000e+00
9.062291772063357342e+00,-2.631880634109854711e+01,0.000000000000000000e+00
9.616731677078037777e+00,-2.642175313172593576e+01,0.000000000000000000e+00
1.018270002984962375e+01,-2.652684049681856493e+01,0.000000000000000000e+00
1.076091610678645871e+01,-2.663420198662283767e+01,0.000000000000000000e+00
1.135214591805570450e+01,-2.674397981822801285e+01,0.000000000000000000e+00
1.195720657928746533e+01,-2.685632569024905791e+01,0.000000000000000000e+00
1.257697117773981965e+01,-2.697140172971228722e+01,0.000000000000000000e+00
1.321237415141974836e+01,-2.708938147903890581e+01,0.000000000000000000e+00
1.386441725827515725e+01,-2.721045096379775075e+01,0.000000000000000000e+00
1.453417623526063629e+01,-2.733480989766242075e+01,0.000000000000000000e+00
1.522280829615151454e+01,-2.746267313559938472e+01,0.000000000000000000e+00
1.593156000584334819e+01,-2.759427137395298857e+01,0.000000000000000000e+00
1.666177897143957409e+01,-2.772985688162620121e+01,0.000000000000000000e+00
1.741493611621891091e+01,-2.786972358782919201e+01,0.000000000000000000e+00
1.819251630031088496e+01,-2.801401845447445993e+01,0.000000000000000000e+00
1.899524983163098568e+01,-2.816161598752434259e+01,0.000000000000000000e+00
1.981834415759680468e+01,-2.830352870560111000e+01,0.000000000000000000e+00
2.065807908955122940e+01,-2.843340657052192810e+01,0.000000000000000000e+00
2.151851835833292270e+01,-2.855603835636945931e+01,0.000000000000000000e+00
2.239686593198814890e+01,-2.866668113699845222e+01,0.000000000000000000e+00
2.329354430529161490e+01,-2.876513162822784864e+01,0.000000000000000000e+00
2.421021287358826868e+01,-2.885260816956941810e+01,0.000000000000000000e+00
2.514284685184595958e+01,-2.892353668595982796e+01,0.000000000000000000e+00
2.605292750802319546e+01,-2.893470733834833197e+01,0.000000000000000000e+00
2.694110632996846633e+01,-2.889079944170612890e+01,0.000000000000000000e+00
2.780778810584066818e+01,-2.879580754306290302e+01,0.000000000000000000e+00
2.863191694247845831e+01,-2.863191694247846897e+01,0.000000000000000000e+00
2.943432381416080545e+01,-2.842439610137165573e+01,0.000000000000000000e+00
3.019196502929930759e+01,-2.815446286996229830e+01,0.000000000000000000e+00
3.092247000220139341e+01,-2.784271704966075944e+01,0.000000000000000000e+00
3.160530741250311593e+01,-2.747407457829384470e+01,0.000000000000000000e+00
3.224805628474484820e+01,-2.705933213471358911e+01,0.000000000000000000e+00
3.284930662397233903e+01,-2.660084400561981255e+01,0.000000000000000000e+00
3.340541082043264964e+01,-2.609916732155603825e+01,0.000000000000000000e+00
3.391376487625748837e+01,-2.555585487673771539e+01,0.000000000000000000e+00
3.437235375659479075e+01,-2.497297679181095020e+01,0.000000000000000000e+00
3.478302062280796747e+01,-2.435533324179395720e+01,0.000000000000000000e+00
3.514326337487381124e+01,-2.370443045598894471e+01,0.000000000000000000e+00
3.544460058876941844e+01,-2.301799276019980667e+01,0.000000000000000000e+00
3.568929149897069664e+01,-2.230114444906493887e+01,0.000000000000000000e+00
3.587992203663507240e+01,-2.155883216559317006e+01,0.000000000000000000e+00
3.601453774913524342e+01,-2.079300306420319444e+01,0.000000000000000000e+00
3.609067437941531153e+01,-2.000538748154444590e+01,0.000000000000000000e+00
3.610589936001706945e+01,-1.919784722834122448e+01,0.000000000000000000e+00
3.605802427640877283e+01,-1.837248102731821220e+01,0.000000000000000000e+00
3.594594120125581327e+01,-1.753200695052472824e+01,0.000000000000000000e+00
3.576962695052777264e+01,-1.667965097637855720e+01,0.000000000000000000e+00
3.552937781522586391e+01,-1.581869817450327886e+01,0.000000000000000000e+00
3.522559421084597631e+01,-1.495237762852300811e+01,0.000000000000000000e+00
3.485805879274062846e+01,-1.408356993397101142e+01,0.000000000000000000e+00
3.442590739156680968e+01,-1.321486772108240615e+01,0.000000000000000000e+00
3.393076515786743386e+01,-1.234978854334050169e+01,0.000000000000000000e+00
3.337048415115958022e+01,-1.149037916208941112e+01,0.000000000000000000e+00
3.273651356110266875e+01,-1.063673804199790673e+01,0.000000000000000000e+00
3.203856787873407086e+01,-9.795173190524897322e+00,0.000000000000000000e+00
3.126460724164719451e+01,-8.964981864103766185e+00,0.000000000000000000e+00
3.042505172689444848e+01,-8.152368039896499496e+00,0.000000000000000000e+00
2.953586191498346381e+01,-7.364117463514793904e+00,0.000000000000000000e+00
2.858448178162623421e+01,-6.599247603185672162e+00,0.000000000000000000e+00
2.763781032621919209e+01,-5.874597935029400197e+00,0.000000000000000000e+00
2.669606813879399709e+01,-5.189189977580370261e+00,0.000000000000000000e+00
2.578003713287892040e+01,-4.545716110192676851e+00,0.000000000000000000e+00
2.492624496594569905e+01,-3.947929358323606142e+00,0.000000000000000000e+00
2.413156207778664353e+01,-3.391469877084721585e+00,0.000000000000000000e+00
2.338952187719213072e+01,-2.871872173419931951e+00,0.000000000000000000e+00
2.269464723294006347e+01,-2.385303542042464642e+00,0.000000000000000000e+00
2.204220007972084971e+01,-1.928442626145796090e+00,0.000000000000000000e+00
2.142804482813777867e+01,-1.498394861014289425e+00,0.000000000000000000e+00
2.084856442280320010e+01,-1.092626962638546528e+00,0.000000000000000000e+00
2.030057792667770755e+01,-7.089118023267712010e-01,0.000000000000000000e+00
1.978127622619023995e+01,-3.452834608911760639e-01,0.000000000000000000e+00
1.928817203020427939e+01,-4.724239627638635297e-15,0.000000000000000000e+00
