2.035211839834204994e+01,0.000000000000000000e+00,0.000000000000000000e+00
1.974321511015227060e+01,3.446191016394744011e-01,0.000000000000000000e+00
1.916934882687863961e+01,6.694084116903337156e-01,0.000000000000000000e+00
1.862725941765475213e+01,9.762133002084008027e-01,0.000000000000000000e+00
1.811407348318409660e+01,1.266659409989542961e+00,0.000000000000000000e+00
1.762724984214178647e+01,1.542184530326539571e+00,0.000000000000000000e+00
1.716453485394845657e+01,1.804065309515301641e+00,0.000000000000000000e+00
1.672392063871612677e+01,2.053439252199783738e+00,0.000000000000000000e+00
1.630360732022463566e+01,2.291322581444389606e+00,0.000000000000000000e+00
1.590198371170881408e+01,2.518626790228893242e+00,0.000000000000000000e+00
1.551760690536484866e+01,2.736172773443810602e+00,0.000000000000000000e+00
1.514916257856604531e+01,2.944698905199224281e+00,0.000000000000000000e+00
1.479547361981264864e+01,3.144875000906892204e+00,0.000000000000000000e+00
1.445546784912681026e+01,3.337307714201641407e+00,0.000000000000000000e+00
1.412816699246533148e+01,3.522547660066328135e+00,0.000000000000000000e+00
1.381268958333174268e+01,3.701099019155520420e+00,0.000000000000000000e+00
1.350821649439982153e+01,3.873418749600168631e+00,0.000000000000000000e+00
1.321401360589675456e+01,4.039929384534825196e+00,0.000000000000000000e+00
1.292939225913332102e+01,4.201014205313688521e+00,0.000000000000000000e+00
1.265373180484868421e+01,4.357029271571074780e+00,0.000000000000000000e+00
1.238645355470773168e+01,4.508300402034407739e+00,0.000000000000000000e+00
1.212702258540380562e+01,4.655127822598725373e+00,0.000000000000000000e+00
1.187495443617637569e+01,4.797793022812793851e+00,0.000000000000000000e+00
1.162978159009684020e+01,4.936549403014200088e+00,0.000000000000000000e+00
1.139109261347431001e+01,5.071641188524943722e+00,0.000000000000000000e+00
1.115848755700528727e+01,5.203288201258827073e+00,0.000000000000000000e+00
1.093159897219337928e+01,5.331697063871787101e+00,0.000000000000000000e+00
1.071009332410834780e+01,5.457065115093587160e+00,0.000000000000000000e+00
1.049364130571738407e+01,5.579568054722407133e+00,0.000000000000000000e+00
1.028194892842319952e+01,5.699377357600079463e+00,0.000000000000000000e+00
1.007474025728460276e+01,5.816653999558823784e+00,0.000000000000000000e+00
9.871742999708954969e+00,5.931541609686107996e+00,0.000000000000000000e+00
9.672715092028843387e+00,6.044183210759633162e+00,0.000000000000000000e+00
9.477427036293917695e+00,6.154713081344649339e+00,0.000000000000000000e+00
9.285651049491086440e+00,6.263250717308555870e+00,0.000000000000000000e+00
9.097182073294053595e+00,6.369915464186731491e+00,0.000000000000000000e+00
8.911828184980887357e+00,6.474822178665441186e+00,0.000000000000000000e+00
8.729397504737681501e+00,6.578072844652305129e+00,0.000000000000000000e+00
8.549710913574315896e+00,6.679766247563225789e+00,0.000000000000000000e+00
8.372605817429207065e+00,6.780002507189801797e+00,0.000000000000000000e+00
8.197920214123490368e+00,6.878871828091789098e+00,0.000000000000000000e+00
8.025495121694019574e+00,6.976456473697433935e+00,0.000000000000000000e+00
7.855187816791316280e+00,7.072842878958021551e+00,0.000000000000000000e+00
7.686860176116784515e+00,7.168113079259704534e+00,0.000000000000000000e+00
7.520373654001365260e+00,7.262340420023976506e+00,0.000000000000000000e+00
7.355596097693919866e+00,7.355596097693918090e+00,0.000000000000000000e+00
7.192406770377337111e+00,7.447955239838258912e+00,0.000000000000000000e+00
7.030685353033305773e+00,7.539486982621755651e+00,0.000000000000000000e+00
6.870311234836906422e+00,7.630253638181473619e+00,0.000000000000000000e+00
6.711170912339587069e+00,7.720318993016060283e+00,0.000000000000000000e+00
6.553157727071789118e+00,7.809749264074311803e+00,0.000000000000000000e+00
6.396164290500974126e+00,7.898605095070687199e+00,0.000000000000000000e+00
6.240082776430590172e+00,7.986941733884489025e+00,0.000000000000000000e+00
6.084811469120076310e+00,8.074817550632277019e+00,0.000000000000000000e+00
5.930252873362626076e+00,8.162292838718546051e+00,0.000000000000000000e+00
5.776308209556576756e+00,8.249423055806337501e+00,0.000000000000000000e+00
5.622877812417338639e+00,8.336259175406249611e+00,0.000000000000000000e+00
5.469866601595437139e+00,8.422855936536352672e+00,0.000000000000000000e+00
5.317182283184931357e+00,8.509270404986173375e+00,0.000000000000000000e+00
5.164730774451219197e+00,8.595555459783463803e+00,0.000000000000000000e+00
5.012416487952886079e+00,8.681760025830350003e+00,0.000000000000000000e+00
4.860146862707392934e+00,8.767937037956722079e+00,0.000000000000000000e+00
4.707831194003929909e+00,8.854142720946210687e+00,0.000000000000000000e+00
4.555376415093649101e+00,8.940429608793188265e+00,0.000000000000000000e+00
4.402687248744080684e+00,9.026846579372170609e+00,0.000000000000000000e+00
4.249669997732099525e+00,9.113446720018327341e+00,0.000000000000000000e+00
4.096231940301102270e+00,9.200287572357295218e+00,0.000000000000000000e+00
3.942277302261668837e+00,9.287423309266429783e+00,0.000000000000000000e+00
3.787707326643665606e+00,9.374904608764321523e+00,0.000000000000000000e+00
3.632423645232883302e+00,9.462787116531378828e+00,0.000000000000000000e+00
3.476327799530980034e+00,9.551132131833739436e+00,0.000000000000000000e+00
3.319317390449947780e+00,9.639997671803261170e+00,0.000000000000000000e+00
3.161286156370885170e+00,9.729438359762704991e+00,0.000000000000000000e+00
3.002127045279513240e+00,9.819515107074549221e+00,0.000000000000000000e+00
2.841731233372030818e+00,9.910294548775462786e+00,0.000000000000000000e+00
2.679984867535132764e+00,1.000183968915686350e+01,0.000000000000000000e+00
2.516769402022805746e+00,1.009421073173947114e+01,0.000000000000000000e+00
2.351964974926083585e+00,1.018747954605367312e+01,0.000000000000000000e+00
2.185447858829551837e+00,1.028172379934471969e+01,0.000000000000000000e+00
2.017087735312239616e+00,1.037701680926503478e+01,0.000000000000000000e+00
1.846748269025622502e+00,1.047342988353548421e+01,0.000000000000000000e+00
1.674288574763276749e+00,1.057104202491475498e+01,0.000000000000000000e+00
1.499560959449848463e+00,1.066993064773884647e+01,0.000000000000000000e+00
1.322410402436473786e+00,1.077016843739993668e+01,0.000000000000000000e+00
1.142677959075932392e+00,1.087185455645565924e+01,0.000000000000000000e+00
9.601990171241869820e-01,1.097512498678949555e+01,0.000000000000000000e+00
7.747969407344277304e-01,1.108011246616443835e+01,0.000000000000000000e+00
5.862816809205525503e-01,1.118692089115609356e+01,0.000000000000000000e+00
3.944496011641932531e-01,1.129555868628284543e+01,0.000000000000000000e+00
1.990925460585673268e-01,1.140600432466561465e+01,0.000000000000000000e+00
7.052919154327081715e-16,1.151829108480518293e+01,0.000000000000000000e+00
-2.030534420679385998e-01,1.163292390506585683e+01,0.000000000000000000e+00
-4.103406520493454446e-01,1.175061884436187754e+01,0.000000000000000000e+00
-6.221777410952811227e-01,1.187185852190107838e+01,0.000000000000000000e+00
-8.387912606301040075e-01,1.199527387731778383e+01,0.000000000000000000e+00
-1.060238792900464855e+00,1.211858485626885695e+01,0.000000000000000000e+00
-1.286429580544947715e+00,1.223955987399733836e+01,0.000000000000000000e+00
-1.517154148188519347e+00,1.235622896748601640e+01,0.000000000000000000e+00
-1.752083293935718267e+00,1.246672042076540876e+01,0.000000000000000000e+00
-1.990865180167033177e+00,1.256982804679339516e+01,0.000000000000000000e+00
-2.233292817401301811e+00,1.266563295321081739e+01,0.000000000000000000e+00
-2.479193541454213889e+00,1.275434509005593142e+01,0.000000000000000000e+00
-2.728357329430436184e+00,1.283591204145466946e+01,0.000000000000000000e+00
-2.980536728591302253e+00,1.291012293231105801e+01,0.000000000000000000e+00
-3.235479977500491877e+00,1.297680140459595322e+01,0.000000000000000000e+00
-3.492943443281287585e+00,1.303584239829033997e+01,0.000000000000000000e+00
-3.752688221105648925e+00,1.308717910551549224e+01,0.000000000000000000e+00
-4.014525085020348882e+00,1.313091988630908169e+01,0.000000000000000000e+00
-4.278297386114547685e+00,1.316724543238466616e+01,0.000000000000000000e+00
-4.543783636433635920e+00,1.319610586273598329e+01,0.000000000000000000e+00
-4.810661294936147137e+00,1.321718328048140023e+01,0.000000000000000000e+00
-5.078619581128708482e+00,1.323025633453821648e+01,0.000000000000000000e+00
-5.347448182489276114e+00,1.323539869580407213e+01,0.000000000000000000e+00
-5.616961652099431213e+00,1.323273239683974545e+01,0.000000000000000000e+00
-5.886963909743989198e+00,1.322233742793194722e+01,0.000000000000000000e+00
-6.157255388237917515e+00,1.320427679142098931e+01,0.000000000000000000e+00
-6.427626462129236273e+00,1.317858722754031220e+01,0.000000000000000000e+00
-6.697855535448804076e+00,1.314528163822765094e+01,0.000000000000000000e+00
-6.967681066426417047e+00,1.310430218372072630e+01,0.000000000000000000e+00
-7.236754223709676026e+00,1.305545021273443851e+01,0.000000000000000000e+00
-7.504745207658706008e+00,1.299859999752392881e+01,0.000000000000000000e+00
-7.771523710063764412e+00,1.293398745725969867e+01,0.000000000000000000e+00
-8.037028262326735728e+00,1.286193383908027066e+01,0.000000000000000000e+00
-8.301103176086556346e+00,1.278257794186564134e+01,0.000000000000000000e+00
-8.563517958643132033e+00,1.269593747864220923e+01,0.000000000000000000e+00
-8.823981756512001340e+00,1.260195195709140670e+01,0.000000000000000000e+00
-9.082096425722214761e+00,1.250043332033992449e+01,0.000000000000000000e+00
-9.337512146390640311e+00,1.239129714068537602e+01,0.000000000000000000e+00
-9.590253815986796937e+00,1.227496512238004378e+01,0.000000000000000000e+00
-9.840478003057150147e+00,1.215197830492100017e+01,0.000000000000000000e+00
-1.008791427059649237e+01,1.202230807376576927e+01,0.000000000000000000e+00
-1.033179602612318959e+01,1.188537173830368232e+01,0.000000000000000000e+00
-1.057166144207195835e+01,1.174101950010234852e+01,0.000000000000000000e+00
-1.080865348087214706e+01,1.159086179038666309e+01,0.000000000000000000e+00
-1.104444535948033668e+01,1.143685796874548011e+01,0.000000000000000000e+00
-1.128011360290351561e+01,1.128011360290351739e+01,0.000000000000000000e+00
-1.151580027369178616e+01,1.112067905722438432e+01,0.000000000000000000e+00
-1.175157107963327618e+01,1.095851731757708158e+01,0.000000000000000000e+00
-1.198742286413958347e+01,1.079352402757968399e+01,0.000000000000000000e+00
-1.222331309841027647e+01,1.062556396862342289e+01,0.000000000000000000e+00
-1.245922329932773742e+01,1.045452967522128418e+01,0.000000000000000000e+00
-1.269521251405581097e+01,1.028038039189984865e+01,0.000000000000000000e+00
-1.293134877765794144e+01,1.010307693132936180e+01,0.000000000000000000e+00
-1.316761615149871112e+01,9.922510481160818685e+00,0.000000000000000000e+00
-1.340391511939832547e+01,9.738514376016942364e+00,0.000000000000000000e+00
-1.364015420265913292e+01,9.550938795044784158e+00,0.000000000000000000e+00
-1.387633755586043449e+01,9.359707864008287359e+00,0.000000000000000000e+00
-1.411249997204711093e+01,9.164764640847048227e+00,0.000000000000000000e+00
-1.434865741597634070e+01,8.966036260290103144e+00,0.000000000000000000e+00
-1.458479372597120438e+01,8.763428186576339485e+00,0.000000000000000000e+00
-1.482088008320417849e+01,8.556839105665092760e+00,0.000000000000000000e+00
-1.505681812801982034e+01,8.346130574439525773e+00,0.000000000000000000e+00
-1.529246255213634242e+01,8.131146572300869124e+00,0.000000000000000000e+00
-1.552770467805750343e+01,7.911760705703997587e+00,0.000000000000000000e+00
-1.576257760143056075e+01,7.687922776015993165e+00,0.000000000000000000e+00
-1.599714066919088751e+01,7.459589202626490057e+00,0.000000000000000000e+00
-1.623136646853794929e+01,7.226669953548213066e+00,0.000000000000000000e+00
-1.646512328993907559e+01,6.989030182365379318e+00,0.000000000000000000e+00
-1.669827045153763123e+01,6.746539188509474094e+00,0.000000000000000000e+00
-1.693068498236542396e+01,6.499081053244307959e+00,0.000000000000000000e+00
-1.716224911053680557e+01,6.246547829297007581e+00,0.000000000000000000e+00
-1.739287959123800675e+01,5.988848717885518091e+00,0.000000000000000000e+00
-1.762259207029395824e+01,5.725927262316337085e+00,0.000000000000000000e+00
-1.785141054652860504e+01,5.457723911388512761e+00,0.000000000000000000e+00
-1.807918587377539055e+01,5.184123127580925861e+00,0.000000000000000000e+00
-1.830557457447794789e+01,4.904963924219065241e+00,0.000000000000000000e+00
-1.853039679183388344e+01,4.620146823999625063e+00,0.000000000000000000e+00
-1.875507591685559916e+01,4.329950451347059470e+00,0.000000000000000000e+00
-1.898189343869733392e+01,4.034726003316257525e+00,0.000000000000000000e+00
-1.921276066876588828e+01,3.734582358183715645e+00,0.000000000000000000e+00
-1.944802191014768411e+01,3.429210984168413745e+00,0.000000000000000000e+00
-1.968762935353515431e+01,3.118214156476580179e+00,0.000000000000000000e+00
-1.993171098751347614e+01,2.801219299231977100e+00,0.000000000000000000e+00
-2.018064683800482939e+01,2.477871860741014398e+00,0.000000000000000000e+00
-2.043481297633753968e+01,2.147785390675084560e+00,0.000000000000000000e+00
-2.069450272769854493e+01,1.810534385979944094e+00,0.000000000000000000e+00
-2.095997620098154357e+01,1.465664314146495117e+00,0.000000000000000000e+00
-2.123167977398271233e+01,1.112705187403095541e+00,0.000000000000000000e+00
-2.151025494396579063e+01,7.511546546069504116e-01,0.000000000000000000e+00
-2.179599917554870459e+01,3.804505807845779963e-01,0.000000000000000000e+00
-2.208847379187861648e+01,2.705057872727434721e-15,0.000000000000000000e+00
-2.205440673408710239e+01,-3.849611014968024603e-01,0.000000000000000000e+00
-2.216961704215859186e+01,-7.741800864495407275e-01,0.000000000000000000e+00
-2.227191716884007633e+01,-1.167221719194740714e+00,0.000000000000000000e+00
-2.236115952623698533e+01,-1.563644597029999472e+00,0.000000000000000000e+00
-2.243721001115269686e+01,-1.963001517126226725e+00,0.000000000000000000e+00
-2.249994821081136820e+01,-2.364839850214644379e+00,0.000000000000000000e+00
-2.254926759893888644e+01,-2.768701920817811413e+00,0.000000000000000000e+00
-2.258507572201182256e+01,-3.174125393788259863e+00,0.000000000000000000e+00
-2.260729437548928189e+01,-3.580643666913903900e+00,0.000000000000000000e+00
-2.261585976984848756e+01,-3.987786269343426060e+00,0.000000000000000000e+00
-2.261072268625073889e+01,-4.395079265580640993e+00,0.000000000000000000e+00
-2.259184862167019503e+01,-4.802045664791838142e+00,0.000000000000000000e+00
-2.255934587169514316e+01,-5.208235374374197590e+00,0.000000000000000000e+00
-2.251384521907819902e+01,-5.613332064793254084e+00,0.000000000000000000e+00
-2.245605366084535959e+01,-6.017081443613461644e+00,0.000000000000000000e+00
-2.238597384508724986e+01,-6.419074705796123936e+00,0.000000000000000000e+00
-2.230299090686250452e+01,-6.818708608521370174e+00,0.000000000000000000e+00
-2.220668703274711220e+01,-7.215390005019419739e+00,0.000000000000000000e+00
-2.209771520500421715e+01,-7.608853535693850922e+00,0.000000000000000000e+00
-2.197798641261494623e+01,-7.999332863298873164e+00,0.000000000000000000e+00
-2.184372538748445436e+01,-8.385020567445339523e+00,0.000000000000000000e+00
-2.169920736603254596e+01,-8.767048855712562982e+00,0.000000000000000000e+00
-2.154242648576937924e+01,-9.144217523255871782e+00,0.000000000000000000e+00
-2.137319661496166745e+01,-9.515960229720228369e+00,0.000000000000000000e+00
-2.119191055421393699e+01,-9.881950182365693891e+00,0.000000000000000000e+00
-2.099923707027295805e+01,-1.024201225419241545e+01,0.000000000000000000e+00
-2.079623797506529925e+01,-1.059621250203824161e+01,0.000000000000000000e+00
-2.058100708049132521e+01,-1.094311557778891419e+01,0.000000000000000000e+00
-2.035573583725864211e+01,-1.128336862357396875e+01,0.000000000000000000e+00
-2.011987457389473022e+01,-1.161621500129963103e+01,0.000000000000000000e+00
-1.987338861913030641e+01,-1.194113658786590726e+01,0.000000000000000000e+00
-1.961654860863740524e+01,-1.225778001577707066e+01,0.000000000000000000e+00
-1.934975835891621898e+01,-1.256588000481719192e+01,0.000000000000000000e+00
-1.907375220524165016e+01,-1.286540831057750367e+01,0.000000000000000000e+00
-1.878855520817147351e+01,-1.315588798883096189e+01,0.000000000000000000e+00
-1.849406391732196653e+01,-1.343672395158382749e+01,0.000000000000000000e+00
-1.819087992310944912e+01,-1.370781124099272041e+01,0.000000000000000000e+00
-1.787961637439428131e+01,-1.396908728076838457e+01,0.000000000000000000e+00
-1.756025434576720912e+01,-1.422001358804552495e+01,0.000000000000000000e+00
-1.723303267990192822e+01,-1.446023136577172252e+01,0.000000000000000000e+00
-1.689830384013594511e+01,-1.468947141981919380e+01,0.000000000000000000e+00
-1.655648466935301499e+01,-1.490752575564063775e+01,0.000000000000000000e+00
-1.620811690569433949e+01,-1.511431353244284459e+01,0.000000000000000000e+00
-1.585374980766575703e+01,-1.530978822786263471e+01,0.000000000000000000e+00
-1.549285752193856425e+01,-1.549285752193855892e+01,0.000000000000000000e+00
-1.512682597040476651e+01,-1.566428684378857383e+01,0.000000000000000000e+00
-1.475528258758135891e+01,-1.582310335449426475e+01,0.000000000000000000e+00
-1.437945021888649499e+01,-1.596999736945870652e+01,0.000000000000000000e+00
-1.399888291945796404e+01,-1.610387264693023823e+01,0.000000000000000000e+00
-1.361614855006373048e+01,-1.622709395183488823e+01,0.000000000000000000e+00
-1.323801821234385834e+01,-1.634759104858267165e+01,0.000000000000000000e+00
-1.286563891430455264e+01,-1.646726687118176713e+01,0.000000000000000000e+00
-1.249783487129324833e+01,-1.658518704741668870e+01,0.000000000000000000e+00
-1.213446116254454132e+01,-1.670165295878592104e+01,0.000000000000000000e+00
-1.177527870955692357e+01,-1.681684081788656826e+01,0.000000000000000000e+00
-1.141994878405440339e+01,-1.693077032965356921e+01,0.000000000000000000e+00
-1.106820883640930830e+01,-1.704354699936967066e+01,0.000000000000000000e+00
-1.071979721752593129e+01,-1.715526163152492245e+01,0.000000000000000000e+00
-1.037445381019212753e+01,-1.726599061689590542e+01,0.000000000000000000e+00
-1.003193137560234582e+01,-1.737581484058758008e+01,0.000000000000000000e+00
-9.691989689410331010e+00,-1.748481224329450257e+01,0.000000000000000000e+00
-9.354394297465852048e+00,-1.759305692252884157e+01,0.000000000000000000e+00
-9.018917585933701631e+00,-1.770062240243862561e+01,0.000000000000000000e+00
-8.685337097233958303e+00,-1.780758001586994155e+01,0.000000000000000000e+00
-8.353435011180277314e+00,-1.791399919150291709e+01,0.000000000000000000e+00
-8.022998141096584490e+00,-1.801994886186809808e+01,0.000000000000000000e+00
-7.693816532599643487e+00,-1.812549588053876803e+01,0.000000000000000000e+00
-7.365683593806116036e+00,-1.823070662945359999e+01,0.000000000000000000e+00
-7.038395354922815983e+00,-1.833564677210105032e+01,0.000000000000000000e+00
-6.711749636494789506e+00,-1.844038057130216401e+01,0.000000000000000000e+00
-6.385546223417010836e+00,-1.854497280194945574e+01,0.000000000000000000e+00
-6.059585682231743320e+00,-1.864948709630750301e+01,0.000000000000000000e+00
-5.733669259458793022e+00,-1.875398711082279135e+01,0.000000000000000000e+00
-5.407598441954178270e+00,-1.885853691296262014e+01,0.000000000000000000e+00
-5.081174062547897385e+00,-1.896319976352992498e+01,0.000000000000000000e+00
-4.754196383201258591e+00,-1.906804020802867683e+01,0.000000000000000000e+00
-4.426464138609984111e+00,-1.917312262477311791e+01,0.000000000000000000e+00
-4.097774201311919384e+00,-1.927851188933603765e+01,0.000000000000000000e+00
-3.767921243501567208e+00,-1.938427436511576474e+01,0.000000000000000000e+00
-3.436696842308225808e+00,-1.949047632132023011e+01,0.000000000000000000e+00
-3.103889326894486267e+00,-1.959718593906373840e+01,0.000000000000000000e+00
-2.769283012283140888e+00,-1.970447249831247305e+01,0.000000000000000000e+00
-2.432657587266704002e+00,-1.981240613134092854e+01,0.000000000000000000e+00
-2.093787740768987771e+00,-1.992105965545949431e+01,0.000000000000000000e+00
-1.752442280614313841e+00,-2.003050692499195762e+01,0.000000000000000000e+00
-1.408383607660874892e+00,-2.014082393458200571e+01,0.000000000000000000e+00
-1.061367043809748001e+00,-2.025208963878363377e+01,0.000000000000000000e+00
-7.111399799577611258e-01,-2.036438458567757692e+01,0.000000000000000000e+00
-3.574411990377441284e-01,-2.047779257812502252e+01,0.000000000000000000e+00
-3.782762658048558761e-15,-2.059240079497351772e+01,0.000000000000000000e+00
3.614647020304912473e-01,-2.070829891020118652e+01,0.000000000000000000e+00
7.272453049048953622e-01,-2.082558075006758358e+01,0.000000000000000000e+00
1.097646578059705114e+00,-2.094434439077432231e+01,0.000000000000000000e+00
1.472986723049027891e+00,-2.106469152689193791e+01,0.000000000000000000e+00
1.853598583424827639e+00,-2.118672875687018475e+01,0.000000000000000000e+00
2.239830985700414168e+00,-2.131056831381445704e+01,0.000000000000000000e+00
2.632050062188527217e+00,-2.143632752223540194e+01,0.000000000000000000e+00
3.030640755540038089e+00,-2.156412947139318703e+01,0.000000000000000000e+00
3.436008578303761940e+00,-2.169410436570184686e+01,0.000000000000000000e+00
3.848581374091560203e+00,-2.182638957820485714e+01,0.000000000000000000e+00
4.268811237495657274e+00,-2.196112999527754184e+01,0.000000000000000000e+00
4.697176682052970342e+00,-2.209847884792659301e+01,0.000000000000000000e+00
5.134185083242383207e+00,-2.223859882217397654e+01,0.000000000000000000e+00
5.580375296777438265e+00,-2.238166284228940839e+01,0.000000000000000000e+00
6.036320478523522937e+00,-2.252785471661823280e+01,0.000000000000000000e+00
6.502631269316252904e+00,-2.267737021158502131e+01,0.000000000000000000e+00
6.979959323597018539e+00,-2.283041823050010422e+01,0.000000000000000000e+00
7.469001219988630424e+00,-2.298722209390090754e+01,0.000000000000000000e+00
7.970502802523459884e+00,-2.314802093963428931e+01,0.000000000000000000e+00
8.485264010220213038e+00,-2.331307126619105219e+01,0.000000000000000000e+00
9.014144263126683043e+00,-2.348264864744374592e+01,0.000000000000000000e+00
9.558068484891180105e+00,-2.365704965100677981e+01,0.000000000000000000e+00
1.011803385795265342e+01,-2.383659400174261123e+01,0.000000000000000000e+00
1.069511741678240568e+01,-2.402162701931672117e+01,0.000000000000000000e+00
1.129048460849761426e+01,-2.421252237882977454e+01,0.000000000000000000e+00
1.190539896679466914e+01,-2.440968523715329752e+01,0.000000000000000000e+00
1.254123303142426238e+01,-2.461355569946147526e+01,0.000000000000000000e+00
1.319948084112501263e+01,-2.482461294673569441e+01,0.000000000000000000e+00
1.388177176584020245e+01,-2.504337919335428353e+01,0.000000000000000000e+00
1.458988556594252906e+01,-2.527042307682825495e+01,0.000000000000000000e+00
1.532578347288879783e+01,-2.550638698487549760e+01,0.000000000000000000e+00
1.609161687136257513e+01,-2.575197010734106939e+01,0.000000000000000000e+00
1.688900208313901175e+01,-2.600678258161730128e+01,0.000000000000000000e+00
1.771575895781776211e+01,-2.626469275844059226e+01,0.000000000000000000e+00
1.856557363842659214e+01,-2.651438698574288821e+01,0.000000000000000000e+00
1.943744609978807958e+01,-2.675334939188125460e+01,0.000000000000000000e+00
2.033454482829364451e+01,-2.698485241439519555e+01,0.000000000000000000e+00
2.125324728442678790e+01,-2.720291601863232600e+01,0.000000000000000000e+00
2.219459518428914535e+01,-2.740804248352520744e+01,0.000000000000000000e+00
2.316023942148964210e+01,-2.760129853590233751e+01,0.000000000000000000e+00
2.414974618992349065e+01,-2.778110505929394947e+01,0.000000000000000000e+00
2.516257679914898304e+01,-2.794587269848558364e+01,0.000000000000000000e+00
2.619752298738394458e+01,-2.809340393182292317e+01,0.000000000000000000e+00
2.722564738864526390e+01,-2.819298318351527755e+01,0.000000000000000000e+00
2.822250176964870150e+01,-2.822250176964871571e+01,0.000000000000000000e+00
2.918783756330936541e+01,-2.818636709578013821e+01,0.000000000000000000e+00
3.012196607159452100e+01,-2.808918778588867582e+01,0.000000000000000000e+00
3.102598429670746327e+01,-2.793592173907666520e+01,0.000000000000000000e+00
3.188584984956593260e+01,-2.771794639822719830e+01,0.000000000000000000e+00
3.270532654850708809e+01,-2.744302744438481767e+01,0.000000000000000000e+00
3.348521421558263711e+01,-2.711579181989332099e+01,0.000000000000000000e+00
3.421841356304692283e+01,-2.673435467867111370e+01,0.000000000000000000e+00
3.490057900511045119e+01,-2.629947266023352626e+01,0.000000000000000000e+00
3.553776589090729487e+01,-2.581969827004248685e+01,0.000000000000000000e+00
3.612383928498309871e+01,-2.529418457642124451e+01,0.000000000000000000e+00
3.665511650035998059e+01,-2.472418826534420688e+01,0.000000000000000000e+00
3.712913915091077399e+01,-2.411194489348842396e+01,0.000000000000000000e+00
3.754672793482811954e+01,-2.346179955095194458e+01,0.000000000000000000e+00
3.790633778637912599e+01,-2.277642558739158218e+01,0.000000000000000000e+00
3.820553461348944069e+01,-2.205797569363171817e+01,0.000000000000000000e+00
3.844398326169641678e+01,-2.130984789585705386e+01,0.000000000000000000e+00
3.862028801534859213e+01,-2.053477139124361628e+01,0.000000000000000000e+00
3.873221673530930786e+01,-1.973505014197412066e+01,0.000000000000000000e+00
3.877758021303166203e+01,-1.891308957562223725e+01,0.000000000000000000e+00
3.875434500610662525e+01,-1.807144786312847273e+01,0.000000000000000000e+00
3.866118121745915204e+01,-1.721306688592440892e+01,0.000000000000000000e+00
3.849800135080811003e+01,-1.634143204782143499e+01,0.000000000000000000e+00
3.826511282407444270e+01,-1.546010911546727051e+01,0.000000000000000000e+00
3.796293651108797462e+01,-1.457260599093956266e+01,0.000000000000000000e+00
3.759098778296152688e+01,-1.368200062966245234e+01,0.000000000000000000e+00
3.714759293139724861e+01,-1.279094201352409321e+01,0.000000000000000000e+00
3.663350739407615464e+01,-1.190294809442916169e+01,0.000000000000000000e+00
3.604772824465062797e+01,-1.102089652127361674e+01,0.000000000000000000e+00
3.538553498283291532e+01,-1.014663887893424032e+01,0.000000000000000000e+00
3.464858686776291563e+01,-9.284060870096674023e+00,0.000000000000000000e+00
3.384250163659580579e+01,-8.437883344269511809e+00,0.000000000000000000e+00
3.297526424327026007e+01,-7.612939607731278535e+00,0.000000000000000000e+00
3.201261820498991995e+01,-6.804492055707830112e+00,0.000000000000000000e+00
3.101003308104868950e+01,-6.027739816665116379e+00,0.000000000000000000e+00
2.999530303761073569e+01,-5.288981220057377364e+00,0.000000000000000000e+00
2.898104202220942938e+01,-4.590146120709515998e+00,0.000000000000000000e+00
2.798629919426690549e+01,-3.933217848993148635e+00,0.000000000000000000e+00
2.698553740177246141e+01,-3.313407360605558072e+00,0.000000000000000000e+00
2.600427824353632644e+01,-2.733159778422752151e+00,0.000000000000000000e+00
2.503344537536695213e+01,-2.190142679340080889e+00,0.000000000000000000e+00
2.410622272221847240e+01,-1.685671302964935503e+00,0.000000000000000000e+00
2.324603932863705325e+01,-1.218273298340118549e+00,0.000000000000000000e+00
2.244611158899695269e+01,-7.838354887854066533e-01,0.000000000000000000e+00
2.170035801219405514e+01,-3.787811580684342094e-01,0.000000000000000000e+00
2.100297573858889777e+01,-5.144245402166481798e-15,0.000000000000000000e+00
