1.945832963261619142e+01,0.000000000000000000e+00,0.000000000000000000e+00
1.897312714834690439e+01,3.311771662657229109e-01,0.000000000000000000e+00
1.851125964381770572e+01,6.464274310236503007e-01,0.000000000000000000e+00
1.807082296953506884e+01,9.470517016503050556e-01,0.000000000000000000e+00
1.765010430138785580e+01,1.234215524266492947e+00,0.000000000000000000e+00
1.724756998203134373e+01,1.508966846797766825e+00,0.000000000000000000e+00
1.686184073980139786e+01,1.772250876128453889e+00,0.000000000000000000e+00
1.649165623016878257e+01,2.024920768782924707e+00,0.000000000000000000e+00
1.613589124639061367e+01,2.267751624434747981e+00,0.000000000000000000e+00
1.579350924993123684e+01,2.501446123310745229e+00,0.000000000000000000e+00
1.546357430541964106e+01,2.726645368235643740e+00,0.000000000000000000e+00
1.514522891466674359e+01,2.943934278394433779e+00,0.000000000000000000e+00
1.483768822914019303e+01,3.153847993117798509e+00,0.000000000000000000e+00
1.454023351006759235e+01,3.356877409012602342e+00,0.000000000000000000e+00
1.425220525923249326e+01,3.553473873395514016e+00,0.000000000000000000e+00
1.397299091587402664e+01,3.744051631755858534e+00,0.000000000000000000e+00
1.370203702158419823e+01,3.928995891435628884e+00,0.000000000000000000e+00
1.343881326868566362e+01,4.108657538630955841e+00,0.000000000000000000e+00
1.318285229230691868e+01,4.283368362299636800e+00,0.000000000000000000e+00
1.293369720180931282e+01,4.453429088510223011e+00,0.000000000000000000e+00
1.269093946753042523e+01,4.619124211055241958e+00,0.000000000000000000e+00
1.245419624342675213e+01,4.780718023124710392e+00,0.000000000000000000e+00
1.222309781471508572e+01,4.938452078093288122e+00,0.000000000000000000e+00
1.199731960126763930e+01,5.092560032755969246e+00,0.000000000000000000e+00
1.177654250387476331e+01,5.243254536480257855e+00,0.000000000000000000e+00
1.156046737584929573e+01,5.390734469209547797e+00,0.000000000000000000e+00
1.134882743351986711e+01,5.535192981337906382e+00,0.000000000000000000e+00
1.114135666852321549e+01,5.676804764507043188e+00,0.000000000000000000e+00
1.093780720461168166e+01,5.815735252386904364e+00,0.000000000000000000e+00
1.073795654435672553e+01,5.952146506643430257e+00,0.000000000000000000e+00
1.054158217054847313e+01,6.086185303850719208e+00,0.000000000000000000e+00
1.034847278783444224e+01,6.217989765288066906e+00,0.000000000000000000e+00
1.015844040628709344e+01,6.347698073086141868e+00,0.000000000000000000e+00
9.971298135920473982e+00,6.475436723502939529e+00,0.000000000000000000e+00
9.786862295501768116e+00,6.601321971479964468e+00,0.000000000000000000e+00
9.604969771347484198e+00,6.725472238173899164e+00,0.000000000000000000e+00
9.425462396396458331e+00,6.847999277097349236e+00,0.000000000000000000e+00
9.248181105258577617e+00,6.969004327951735966e+00,0.000000000000000000e+00
9.072977874046705082e+00,7.088587202606163373e+00,0.000000000000000000e+00
8.899716638834474836e+00,7.206848434088093391e+00,0.000000000000000000e+00
8.728260537261972374e+00,7.323880197635728173e+00,0.000000000000000000e+00
8.558473611517966262e+00,7.439767606442711845e+00,0.000000000000000000e+00
8.390232558735490898e+00,7.554599328484849607e+00,0.000000000000000000e+00
8.223418133727166790e+00,7.668461469318597068e+00,0.000000000000000000e+00
8.057909612551226175e+00,7.781432861250737965e+00,0.000000000000000000e+00
7.893588629862126282e+00,7.893588629862124506e+00,0.000000000000000000e+00
7.730347064027760950e+00,8.005008720922672794e+00,0.000000000000000000e+00
7.568077325641080932e+00,8.115769319064776610e+00,0.000000000000000000e+00
7.406670159579967105e+00,8.225940572441446719e+00,0.000000000000000000e+00
7.246018997796775274e+00,8.335591333188652641e+00,0.000000000000000000e+00
7.086024721338035626e+00,8.444795418865989944e+00,0.000000000000000000e+00
6.926587281206167290e+00,8.553622938053347724e+00,0.000000000000000000e+00
6.767604629131959371e+00,8.662138915048595678e+00,0.000000000000000000e+00
6.608976890313761565e+00,8.770408558499838136e+00,0.000000000000000000e+00
6.450609552493131282e+00,8.878502364070193664e+00,0.000000000000000000e+00
6.292406300635759564e+00,8.986487515864483910e+00,0.000000000000000000e+00
6.134268326333851107e+00,9.094426791006542388e+00,0.000000000000000000e+00
5.976098143044300315e+00,9.202384150791305117e+00,0.000000000000000000e+00
5.817802033303513198e+00,9.310429477020845113e+00,0.000000000000000000e+00
5.659283691721082477e+00,9.418629732932288334e+00,0.000000000000000000e+00
5.500443680968377436e+00,9.527047919608403248e+00,0.000000000000000000e+00
5.341183061395215148e+00,9.635749312403786959e+00,0.000000000000000000e+00
5.181405272026452735e+00,9.744806022785157396e+00,0.000000000000000000e+00
5.021010251809609137e+00,9.854287468450598553e+00,0.000000000000000000e+00
4.859894019181917102e+00,9.964259377196929890e+00,0.000000000000000000e+00
4.697952315284543268e+00,1.007479125235160566e+01,0.000000000000000000e+00
4.535081512579480112e+00,1.018595984990666636e+01,0.000000000000000000e+00
4.371173340809466623e+00,1.029783905637169283e+01,0.000000000000000000e+00
4.206114767675492416e+00,1.041049936543374876e+01,0.000000000000000000e+00
4.039792416560853638e+00,1.052401904801562438e+01,0.000000000000000000e+00
3.872091638901683730e+00,1.063848434394141407e+01,0.000000000000000000e+00
3.702891610066293637e+00,1.075397809280906891e+01,0.000000000000000000e+00
3.532065673961827468e+00,1.087058037697413049e+01,0.000000000000000000e+00
3.359484824478499831e+00,1.098837973490323527e+01,0.000000000000000000e+00
3.185014945614257353e+00,1.110746712518432844e+01,0.000000000000000000e+00
3.008514503764523784e+00,1.122792898335707434e+01,0.000000000000000000e+00
2.829837915491409284e+00,1.134985995644975532e+01,0.000000000000000000e+00
2.648840190166721786e+00,1.147338737854141399e+01,0.000000000000000000e+00
2.465367145064364163e+00,1.159864050158873638e+01,0.000000000000000000e+00
2.279253103016125603e+00,1.172574070453439532e+01,0.000000000000000000e+00
2.090315613043618459e+00,1.185476893351731675e+01,0.000000000000000000e+00
1.898360322386626109e+00,1.198577536086755835e+01,0.000000000000000000e+00
1.703187005905973495e+00,1.211880525338155756e+01,0.000000000000000000e+00
1.504610135314941477e+00,1.225406618104661227e+01,0.000000000000000000e+00
1.302454169147822416e+00,1.239202365019405327e+01,0.000000000000000000e+00
1.096509272711230443e+00,1.253315833755216957e+01,0.000000000000000000e+00
8.864958650759895420e-01,1.267748150440682409e+01,0.000000000000000000e+00
6.720755559765831944e-01,1.282396554807008116e+01,0.000000000000000000e+00
4.529720856540299101e-01,1.297142337487930241e+01,0.000000000000000000e+00
2.289723032275184644e-01,1.311781446641124838e+01,0.000000000000000000e+00
8.119074795406180669e-16,1.325945538102740606e+01,0.000000000000000000e+00
-2.337678720432536106e-01,1.339255241986230693e+01,0.000000000000000000e+00
-4.719665805441181639e-01,1.351535454153304805e+01,0.000000000000000000e+00
-7.142281975235728053e-01,1.362828586317709245e+01,0.000000000000000000e+00
-9.602233341769168540e-01,1.373183343397125000e+01,0.000000000000000000e+00
-1.209632367655609109e+00,1.382616122941663939e+01,0.000000000000000000e+00
-1.462137518676984493e+00,1.391130923488553073e+01,0.000000000000000000e+00
-1.717405720038288397e+00,1.398714714137698323e+01,0.000000000000000000e+00
-1.975057592286914021e+00,1.405326499212337232e+01,0.000000000000000000e+00
-2.234699447418272644e+00,1.410933702098058440e+01,0.000000000000000000e+00
-2.496022683940334552e+00,1.415564806878422210e+01,0.000000000000000000e+00
-2.758781383863533776e+00,1.419269984753927361e+01,0.000000000000000000e+00
-3.022656303714480686e+00,1.422047985706001327e+01,0.000000000000000000e+00
-3.287190626398655002e+00,1.423838689241880573e+01,0.000000000000000000e+00
-3.551932307859561710e+00,1.424602237757309631e+01,0.000000000000000000e+00
-3.816596941765091788e+00,1.424373369867931416e+01,0.000000000000000000e+00
-4.080959051692676809e+00,1.423199554159634417e+01,0.000000000000000000e+00
-4.344720516370615293e+00,1.421094047755259915e+01,0.000000000000000000e+00
-4.607521587200704261e+00,1.418049333610720630e+01,0.000000000000000000e+00
-4.868985277782160281e+00,1.414056000697839721e+01,0.000000000000000000e+00
-5.128708517075915907e+00,1.409101084163068052e+01,0.000000000000000000e+00
-5.386298352074220475e+00,1.403178693616679595e+01,0.000000000000000000e+00
-5.641499282366941870e+00,1.396320070734388352e+01,0.000000000000000000e+00
-5.894126414492874666e+00,1.388569165804731753e+01,0.000000000000000000e+00
-6.143893638169943827e+00,1.379941104628586501e+01,0.000000000000000000e+00
-6.390349902509139923e+00,1.370414959040843961e+01,0.000000000000000000e+00
-6.633048975024202321e+00,1.359976579487573289e+01,0.000000000000000000e+00
-6.871747724459724260e+00,1.348656427520576884e+01,0.000000000000000000e+00
-7.106301003678440864e+00,1.336500836833525518e+01,0.000000000000000000e+00
-7.336433601096667090e+00,1.323527656975629263e+01,0.000000000000000000e+00
-7.561545066941756765e+00,1.309698023966493707e+01,0.000000000000000000e+00
-7.780990119109339354e+00,1.294974220760578554e+01,0.000000000000000000e+00
-7.995003319092263361e+00,1.279467987134115958e+01,0.000000000000000000e+00
-8.204956355830066883e+00,1.263452482197049598e+01,0.000000000000000000e+00
-8.412437440776026065e+00,1.247195139974974865e+01,0.000000000000000000e+00
-8.618564871172386788e+00,1.230858624174246074e+01,0.000000000000000000e+00
-8.823866563556453713e+00,1.214501040672920773e+01,0.000000000000000000e+00
-9.028870161886022316e+00,1.198171539341387515e+01,0.000000000000000000e+00
-9.233901448687744207e+00,1.181885489174342752e+01,0.000000000000000000e+00
-9.438999320285972772e+00,1.165619342115743784e+01,0.000000000000000000e+00
-9.644171233990565639e+00,1.149347571570198845e+01,0.000000000000000000e+00
-9.849476348532403946e+00,1.133052641902222213e+01,0.000000000000000000e+00
-1.005506619217830355e+01,1.116728235046914186e+01,0.000000000000000000e+00
-1.026109908688722250e+01,1.100368159124070111e+01,0.000000000000000000e+00
-1.046772171546446373e+01,1.083964315268728207e+01,0.000000000000000000e+00
-1.067505959190159182e+01,1.067505959190159359e+01,0.000000000000000000e+00
-1.088323242330059593e+01,1.050981538479777022e+01,0.000000000000000000e+00
-1.109236500364658262e+01,1.034379770684587996e+01,0.000000000000000000e+00
-1.130259721215591107e+01,1.017690424089468060e+01,0.000000000000000000e+00
-1.151406835322366717e+01,1.000902691776685494e+01,0.000000000000000000e+00
-1.172691938341230511e+01,9.840053729466966104e+00,0.000000000000000000e+00
-1.194129772212526852e+01,9.669872231004958962e+00,0.000000000000000000e+00
-1.215734919227545241e+01,9.498362180347864836e+00,0.000000000000000000e+00
-1.237522468028078571e+01,9.325400678757640449e+00,0.000000000000000000e+00
-1.259508627731142028e+01,9.150865824363471290e+00,0.000000000000000000e+00
-1.281709508141766918e+01,8.974626593959250442e+00,0.000000000000000000e+00
-1.304141894880756247e+01,8.796548152680909283e+00,0.000000000000000000e+00
-1.326823493523008857e+01,8.616492515266894969e+00,0.000000000000000000e+00
-1.349771957248835363e+01,8.434311281514643710e+00,0.000000000000000000e+00
-1.373006810700577240e+01,8.249857222066056650e+00,0.000000000000000000e+00
-1.396548886308553250e+01,8.062978754467151177e+00,0.000000000000000000e+00
-1.420418712658226390e+01,7.873509492793449027e+00,0.000000000000000000e+00
-1.444636177563112156e+01,7.681266809296941389e+00,0.000000000000000000e+00
-1.469220764281832459e+01,7.486053703272490978e+00,0.000000000000000000e+00
-1.494198685871216092e+01,7.287693928916763930e+00,0.000000000000000000e+00
-1.519607613555174375e+01,7.086046675914195347e+00,0.000000000000000000e+00
-1.545477189883263236e+01,6.880907774260566434e+00,0.000000000000000000e+00
-1.571771852638225297e+01,6.671775682720414657e+00,0.000000000000000000e+00
-1.598426108336999718e+01,6.458060678277758981e+00,0.000000000000000000e+00
-1.625391761653282074e+01,6.239294401415516056e+00,0.000000000000000000e+00
-1.652644172148072954e+01,6.015132864954084724e+00,0.000000000000000000e+00
-1.680164217774323987e+01,5.785269350409310007e+00,0.000000000000000000e+00
-1.707948433425645263e+01,5.549460861701290604e+00,0.000000000000000000e+00
-1.735994891617451330e+01,5.307469012229573124e+00,0.000000000000000000e+00
-1.764294167490227494e+01,5.059032116490011610e+00,0.000000000000000000e+00
-1.792833320750821002e+01,4.803882404587909605e+00,0.000000000000000000e+00
-1.821605742466303468e+01,4.541773217367928162e+00,0.000000000000000000e+00
-1.850609447302636923e+01,4.272468555786375077e+00,0.000000000000000000e+00
-1.879817162738413572e+01,3.995674726799735232e+00,0.000000000000000000e+00
-1.909167677325664059e+01,3.711046033143029277e+00,0.000000000000000000e+00
-1.938704209286353120e+01,3.418458597102544516e+00,0.000000000000000000e+00
-1.968693479137217395e+01,3.118104148637125483e+00,0.000000000000000000e+00
-1.999382487989947421e+01,2.809948837514519404e+00,0.000000000000000000e+00
-2.030875424934216156e+01,2.493601472990476520e+00,0.000000000000000000e+00
-2.063242691091178926e+01,2.168555452146352369e+00,0.000000000000000000e+00
-2.096531704340041813e+01,1.834227568524389174e+00,0.000000000000000000e+00
-2.130800395474136621e+01,1.490000785434780539e+00,0.000000000000000000e+00
-2.166146721735794500e+01,1.135229392874127274e+00,0.000000000000000000e+00
-2.202611933577272652e+01,7.691690361222410788e-01,0.000000000000000000e+00
-2.240137867973600549e+01,3.910175193363794599e-01,0.000000000000000000e+00
-2.278654865300288890e+01,2.790547387151541631e-15,0.000000000000000000e+00
-2.278761778580039277e+01,-3.977593480105444113e-01,0.000000000000000000e+00
-2.291669851973395211e+01,-8.002687465195040817e-01,0.000000000000000000e+00
-2.302993490497667395e+01,-1.206947745402818128e+00,0.000000000000000000e+00
-2.312715176375488468e+01,-1.617207992173101738e+00,0.000000000000000000e+00
-2.320819252770790442e+01,-2.030453747101494955e+00,0.000000000000000000e+00
-2.327291951005388526e+01,-2.446082407503845424e+00,0.000000000000000000e+00
-2.332121416410931403e+01,-2.863485040862767228e+00,0.000000000000000000e+00
-2.335297732790249015e+01,-3.282046926449440960e+00,0.000000000000000000e+00
-2.336812945462831692e+01,-3.701148105102613606e+00,0.000000000000000000e+00
-2.336661082870051231e+01,-4.120163936814488004e+00,0.000000000000000000e+00
-2.334836238669666031e+01,-4.538461898585572918e+00,0.000000000000000000e+00
-2.331337615871415281e+01,-4.955411077216141713e+00,0.000000000000000000e+00
-2.326207488042319582e+01,-5.370473149470702978e+00,0.000000000000000000e+00
-2.319492213578556417e+01,-5.783143612218492713e+00,0.000000000000000000e+00
-2.311147966858936798e+01,-6.192702313086821952e+00,0.000000000000000000e+00
-2.301037016871909913e+01,-6.598117470482319114e+00,0.000000000000000000e+00
-2.289709021479846029e+01,-7.000342994790747397e+00,0.000000000000000000e+00
-2.276565394061337244e+01,-7.397009362927572163e+00,0.000000000000000000e+00
-2.261942226068368100e+01,-7.788491681012338574e+00,0.000000000000000000e+00
-2.245729042192689207e+01,-8.173785255852871856e+00,0.000000000000000000e+00
-2.228031720666701077e+01,-8.552612464820207094e+00,0.000000000000000000e+00
-2.208847556912997945e+01,-8.924323418647650996e+00,0.000000000000000000e+00
-2.188226955637296811e+01,-9.288472348190438765e+00,0.000000000000000000e+00
-2.166169646986963571e+01,-9.644408640832606849e+00,0.000000000000000000e+00
-2.142770618046779418e+01,-9.991903488647322362e+00,0.000000000000000000e+00
-2.117884524048891492e+01,-1.032961301197942205e+01,0.000000000000000000e+00
-2.091734955644074390e+01,-1.065792193497754603e+01,0.000000000000000000e+00
-2.064268725396462401e+01,-1.097591150777118330e+01,0.000000000000000000e+00
-2.035513572319207043e+01,-1.128303597491496468e+01,0.000000000000000000e+00
-2.005559257576776133e+01,-1.157910177237697802e+01,0.000000000000000000e+00
-1.974391829489628591e+01,-1.186334296870095528e+01,0.000000000000000000e+00
-1.942111991361797152e+01,-1.213566261377579103e+01,0.000000000000000000e+00
-1.908664462763280056e+01,-1.239501194984721266e+01,0.000000000000000000e+00
-1.874173877536626165e+01,-1.264146242442048873e+01,0.000000000000000000e+00
-1.838672609210805220e+01,-1.287452421269120784e+01,0.000000000000000000e+00
-1.802140236771067094e+01,-1.309331523443830214e+01,0.000000000000000000e+00
-1.764737488002031185e+01,-1.329825081452160696e+01,0.000000000000000000e+00
-1.726411984986124892e+01,-1.348820869298588754e+01,0.000000000000000000e+00
-1.687300954095540817e+01,-1.366349371821270964e+01,0.000000000000000000e+00
-1.647407128078357275e+01,-1.382338713569371791e+01,0.000000000000000000e+00
-1.606764898907175265e+01,-1.396739417408637962e+01,0.000000000000000000e+00
-1.566563678858848618e+01,-1.410540272094609726e+01,0.000000000000000000e+00
-1.527196495264857923e+01,-1.424133771331043441e+01,0.000000000000000000e+00
-1.488502716201660903e+01,-1.437430364305783925e+01,0.000000000000000000e+00
-1.450505227128619090e+01,-1.450505227128618557e+01,0.000000000000000000e+00
-1.413151719150412511e+01,-1.463361443165508469e+01,0.000000000000000000e+00
-1.376398436821775739e+01,-1.476006616174555575e+01,0.000000000000000000e+00
-1.340213266499002387e+01,-1.488457626313903326e+01,0.000000000000000000e+00
-1.304560876982794326e+01,-1.500725618177539111e+01,0.000000000000000000e+00
-1.269407897960250331e+01,-1.512821422861592069e+01,0.000000000000000000e+00
-1.234723167631198315e+01,-1.524756128815720047e+01,0.000000000000000000e+00
-1.200476708976455953e+01,-1.536540118297101642e+01,0.000000000000000000e+00
-1.166639703584954013e+01,-1.548183177339183381e+01,0.000000000000000000e+00
-1.133184604621534142e+01,-1.559694802357354249e+01,0.000000000000000000e+00
-1.100084976169289597e+01,-1.571084165963116241e+01,0.000000000000000000e+00
-1.067315263123650659e+01,-1.582359950205027666e+01,0.000000000000000000e+00
-1.034850935979236297e+01,-1.593530699085154723e+01,0.000000000000000000e+00
-1.002668192986175733e+01,-1.604604530406972174e+01,0.000000000000000000e+00
-9.707440397246797303e+00,-1.615589387927839837e+01,0.000000000000000000e+00
-9.390561521486830543e+00,-1.626492966681646735e+01,0.000000000000000000e+00
-9.075827886278526435e+00,-1.637322692547057557e+01,0.000000000000000000e+00
-8.763028274533386508e+00,-1.648085919249314557e+01,0.000000000000000000e+00
-8.451955525520084223e+00,-1.658789670644801717e+01,0.000000000000000000e+00
-8.142407802135684491e+00,-1.669440999642401380e+01,0.000000000000000000e+00
-7.834186200535154576e+00,-1.680046652360810100e+01,0.000000000000000000e+00
-7.527095872465538129e+00,-1.690613413026024503e+01,0.000000000000000000e+00
-7.220944226022846912e+00,-1.701147853835728441e+01,0.000000000000000000e+00
-6.915541309906373613e+00,-1.711656538040655917e+01,0.000000000000000000e+00
-6.610698907202269048e+00,-1.722145943313586969e+01,0.000000000000000000e+00
-6.306230075161047388e+00,-1.732622473339056413e+01,0.000000000000000000e+00
-6.001949057016530809e+00,-1.743092573864355543e+01,0.000000000000000000e+00
-5.697670140771382563e+00,-1.753562559250708475e+01,0.000000000000000000e+00
-5.393208133047840747e+00,-1.764038894400946944e+01,0.000000000000000000e+00
-5.088376823744910737e+00,-1.774527883083334601e+01,0.000000000000000000e+00
-4.782989681667430659e+00,-1.785036050406054997e+01,0.000000000000000000e+00
-4.476858269224276654e+00,-1.795569778834700614e+01,0.000000000000000000e+00
-4.169792791439321356e+00,-1.806135687688338365e+01,0.000000000000000000e+00
-3.861600783640026791e+00,-1.816740331749842241e+01,0.000000000000000000e+00
-3.552087230354860292e+00,-1.827390462599888821e+01,0.000000000000000000e+00
-3.241053709949584860e+00,-1.838092898164161326e+01,0.000000000000000000e+00
-2.928297968657555206e+00,-1.848854573503146881e+01,0.000000000000000000e+00
-2.613613521077997603e+00,-1.859682651389243446e+01,0.000000000000000000e+00
-2.296788751350401281e+00,-1.870584326287291788e+01,0.000000000000000000e+00
-1.977606780085696903e+00,-1.881567165287695786e+01,0.000000000000000000e+00
-1.655844343087089943e+00,-1.892638744671691953e+01,0.000000000000000000e+00
-1.331271583584202833e+00,-1.903807061388198818e+01,0.000000000000000000e+00
-1.003651024496791111e+00,-1.915080238520155120e+01,0.000000000000000000e+00
-6.727370050536922719e-01,-1.926466726950722830e+01,0.000000000000000000e+00
-3.382748546594004924e-01,-1.937975344408779321e+01,0.000000000000000000e+00
-3.581384835816189163e-15,-1.949615098987283091e+01,0.000000000000000000e+00
3.423628694258631366e-01,-1.961395565320482959e+01,0.000000000000000000e+00
6.891008180328024313e-01,-1.973326556265149279e+01,0.000000000000000000e+00
1.040513688440957818e+00,-1.985418391459411680e+01,0.000000000000000000e+00
1.396915286463010109e+00,-1.997681930060666744e+01,0.000000000000000000e+00
1.758634468275718454e+00,-2.010128395383041067e+01,0.000000000000000000e+00
2.126016661578412403e+00,-2.022769735400670754e+01,0.000000000000000000e+00
2.499425197396012877e+00,-2.035618467840187407e+01,0.000000000000000000e+00
2.879242770694814268e+00,-2.048687683399549897e+01,0.000000000000000000e+00
3.265873457382976852e+00,-2.061991348828881598e+01,0.000000000000000000e+00
3.659744376983170344e+00,-2.075544174963284050e+01,0.000000000000000000e+00
4.061307645146391643e+00,-2.089361655592885469e+01,0.000000000000000000e+00
4.471042935941087926e+00,-2.103460321719947146e+01,0.000000000000000000e+00
4.889459864833316516e+00,-2.117857744280618704e+01,0.000000000000000000e+00
5.317100564687034847e+00,-2.132572556653945739e+01,0.000000000000000000e+00
5.754542783140500717e+00,-2.147624604100913004e+01,0.000000000000000000e+00
6.202403451551621316e+00,-2.163035138346981157e+01,0.000000000000000000e+00
6.661342257946276213e+00,-2.178826876702263959e+01,0.000000000000000000e+00
7.132065725829487057e+00,-2.195024127043729933e+01,0.000000000000000000e+00
7.615331858254940300e+00,-2.211652961985526389e+01,0.000000000000000000e+00
8.111955316206318045e+00,-2.228741405890178129e+01,0.000000000000000000e+00
8.622813205527084079e+00,-2.246319638861596601e+01,0.000000000000000000e+00
9.148851546156150150e+00,-2.264420218574844057e+01,0.000000000000000000e+00
9.691092501242177804e+00,-2.283078319646823928e+01,0.000000000000000000e+00
1.025064256789077710e+01,-2.302332016363060418e+01,0.000000000000000000e+00
1.082870183657846574e+01,-2.322222602867707764e+01,0.000000000000000000e+00
1.142657447413938421e+01,-2.342794954041990607e+01,0.000000000000000000e+00
1.204568062185013488e+01,-2.364097933440289978e+01,0.000000000000000000e+00
1.268756994737087496e+01,-2.386184858095319683e+01,0.000000000000000000e+00
1.335393721351761442e+01,-2.409114045408202287e+01,0.000000000000000000e+00
1.404664006355597117e+01,-2.432949426571145679e+01,0.000000000000000000e+00
1.476771936282329101e+01,-2.457761233665727119e+01,0.000000000000000000e+00
1.551942252430135305e+01,-2.483626773641689311e+01,0.000000000000000000e+00
1.630423122418444493e+01,-2.510631442405340152e+01,0.000000000000000000e+00
1.712489312149971354e+01,-2.538869813188781777e+01,0.000000000000000000e+00
1.798445799303652848e+01,-2.568446783509240916e+01,0.000000000000000000e+00
1.888632239815012070e+01,-2.599479269300361750e+01,0.000000000000000000e+00
1.983427892598088604e+01,-2.632097713929778848e+01,0.000000000000000000e+00
2.083257406918462351e+01,-2.666447885689535724e+01,0.000000000000000000e+00
2.188594402355212409e+01,-2.702689004276981422e+01,0.000000000000000000e+00
2.299892509227489867e+01,-2.740905160452373934e+01,0.000000000000000000e+00
2.416577469880018469e+01,-2.779954374952055929e+01,0.000000000000000000e+00
2.536048544908744162e+01,-2.816567252190018777e+01,0.000000000000000000e+00
2.653894473978886381e+01,-2.845953393602375314e+01,0.000000000000000000e+00
2.768555772498732281e+01,-2.866923427842309735e+01,0.000000000000000000e+00
2.879567003103522538e+01,-2.879567003103523959e+01,0.000000000000000000e+00
2.986587629576819225e+01,-2.884114148860004434e+01,0.000000000000000000e+00
3.089400335776800333e+01,-2.880912420230622217e+01,0.000000000000000000e+00
3.188019142367364722e+01,-2.870505329086505597e+01,0.000000000000000000e+00
3.282425911221515236e+01,-2.853369312489207132e+01,0.000000000000000000e+00
3.370115283782827476e+01,-2.827862491647087140e+01,0.000000000000000000e+00
3.453950227604759959e+01,-2.796953745764598764e+01,0.000000000000000000e+00
3.530762564687785243e+01,-2.758534042398564523e+01,0.000000000000000000e+00
3.602605828775465824e+01,-2.714758213197685777e+01,0.000000000000000000e+00
3.668407332715702296e+01,-2.665253937264670725e+01,0.000000000000000000e+00
3.727108086641487006e+01,-2.609749177988739532e+01,0.000000000000000000e+00
3.779329577096324755e+01,-2.549189987705961258e+01,0.000000000000000000e+00
3.823908672379108253e+01,-2.483275327536804511e+01,0.000000000000000000e+00
3.861640644332527472e+01,-2.413020886730790338e+01,0.000000000000000000e+00
3.892448395949912054e+01,-2.338818952723300626e+01,0.000000000000000000e+00
3.915622057208089757e+01,-2.260685448773929451e+01,0.000000000000000000e+00
3.930940817113675934e+01,-2.178956075651253244e+01,0.000000000000000000e+00
3.938269681123880872e+01,-2.094015133880011703e+01,0.000000000000000000e+00
3.937487401583722857e+01,-2.006250038170598415e+01,0.000000000000000000e+00
3.928380066050328878e+01,-1.915998978485254511e+01,0.000000000000000000e+00
3.910491776849651302e+01,-1.823492262697142863e+01,0.000000000000000000e+00
3.883975188051837080e+01,-1.729257166747293795e+01,0.000000000000000000e+00
3.849177382046091367e+01,-1.633878861802186933e+01,0.000000000000000000e+00
3.805938128283398214e+01,-1.537698817732463574e+01,0.000000000000000000e+00
3.753421243820617548e+01,-1.440803423840634068e+01,0.000000000000000000e+00
3.692116838819124069e+01,-1.343820630763186585e+01,0.000000000000000000e+00
3.622083002577989674e+01,-1.247183195414747203e+01,0.000000000000000000e+00
3.543947850914754838e+01,-1.151498459184484346e+01,0.000000000000000000e+00
3.455080098059411142e+01,-1.056323992873956996e+01,0.000000000000000000e+00
3.358399117265048517e+01,-9.630054504122087522e+00,0.000000000000000000e+00
3.253317836463389057e+01,-8.717238870021320807e+00,0.000000000000000000e+00
3.148255048343544971e+01,-7.849481436444578186e+00,0.000000000000000000e+00
3.042091958281410768e+01,-7.023222676460524561e+00,0.000000000000000000e+00
2.936790268065989551e+01,-6.242340417260908936e+00,0.000000000000000000e+00
2.833165950508356090e+01,-5.507116732982717977e+00,0.000000000000000000e+00
2.729103409502828015e+01,-4.812145642388137468e+00,0.000000000000000000e+00
2.631246621937486907e+01,-4.167485235713962233e+00,0.000000000000000000e+00
2.540413061360672842e+01,-3.570317721324876903e+00,0.000000000000000000e+00
2.456010177073579115e+01,-3.015601311650459415e+00,0.000000000000000000e+00
2.377369166544495371e+01,-2.498715681938576516e+00,0.000000000000000000e+00
2.303869779680208296e+01,-2.015624879619867471e+00,0.000000000000000000e+00
2.234982915279961446e+01,-1.562852300137393069e+00,0.000000000000000000e+00
2.170249691387729385e+01,-1.137379668153375878e+00,0.000000000000000000e+00
2.109269248371344929e+01,-7.365730521840740952e-01,0.000000000000000000e+00
2.051690406426830293e+01,-3.581238925678336682e-01,0.000000000000000000e+00
1.997203978012582226e+01,-4.891738917834939182e-15,0.000000000000000000e+00
