1.857375680894784509e+01,0.000000000000000000e+00,0.000000000000000000e+00
1.806433663058943040e+01,3.153141687721177644e-01,0.000000000000000000e+00
1.758182932390842268e+01,6.139710090634568074e-01,0.000000000000000000e+00
1.712388492412495822e+01,8.974247815717376620e-01,0.000000000000000000e+00
1.668841166606781812e+01,1.166967424209009785e+00,0.000000000000000000e+00
1.627355231718302164e+01,1.423751343049546314e+00,0.000000000000000000e+00
1.587764391694031829e+01,1.668807621710732159e+00,0.000000000000000000e+00
1.549918346390468749e+01,1.903060435969096797e+00,0.000000000000000000e+00
1.513683472460219370e+01,2.127343386947735837e+00,0.000000000000000000e+00
1.478937858547559792e+01,2.342407450008234360e+00,0.000000000000000000e+00
1.445571618430558836e+01,2.548932788757096279e+00,0.000000000000000000e+00
1.413485406691011192e+01,2.747537303142524312e+00,0.000000000000000000e+00
1.382587895902995712e+01,2.938781293597312327e+00,0.000000000000000000e+00
1.352797075372136248e+01,3.123178137511171570e+00,0.000000000000000000e+00
1.324036727474284447e+01,3.301194329521840221e+00,0.000000000000000000e+00
1.296238022257942646e+01,3.473259312625313289e+00,0.000000000000000000e+00
1.269337417572004867e+01,3.639766474597735613e+00,0.000000000000000000e+00
1.243275944732759264e+01,3.801076018243063626e+00,0.000000000000000000e+00
1.218000813599298482e+01,3.957524543661167904e+00,0.000000000000000000e+00
1.193460852530546390e+01,4.109415269064921716e+00,0.000000000000000000e+00
1.169611388719781964e+01,4.257037311527573031e+00,0.000000000000000000e+00
1.146409177799557000e+01,4.400652527917713996e+00,0.000000000000000000e+00
1.123814262824688548e+01,4.540504351487777868e+00,0.000000000000000000e+00
1.101790940115827055e+01,4.676825068070733060e+00,0.000000000000000000e+00
1.080303802982995087e+01,4.809822419359306878e+00,0.000000000000000000e+00
1.059321150437836856e+01,4.939695648947267870e+00,0.000000000000000000e+00
1.038813790536976178e+01,5.066633390965139760e+00,0.000000000000000000e+00
1.018752661540723281e+01,5.190804077951826301e+00,0.000000000000000000e+00
9.991118078818360004e+00,5.312371715351236645e+00,0.000000000000000000e+00
9.798672338195816067e+00,5.431492769281809352e+00,0.000000000000000000e+00
9.609949199454282720e+00,5.548306757203556927e+00,0.000000000000000000e+00
9.424728812142888046e+00,5.662948388231058949e+00,0.000000000000000000e+00
9.242812587794936974e+00,5.775550311554797034e+00,0.000000000000000000e+00
9.064001818795484056e+00,5.886231605881834028e+00,0.000000000000000000e+00
8.888104957644767268e+00,5.995102492520790527e+00,0.000000000000000000e+00
8.714953647102250400e+00,6.102276238849198897e+00,0.000000000000000000e+00
8.544382974213412751e+00,6.207857606330977163e+00,0.000000000000000000e+00
8.376227885659117689e+00,6.311940447822391498e+00,0.000000000000000000e+00
8.210336711495910933e+00,6.414618061472183719e+00,0.000000000000000000e+00
8.046570650256665402e+00,6.515984434553413251e+00,0.000000000000000000e+00
7.884790526799471344e+00,6.616124822947545780e+00,0.000000000000000000e+00
7.724858004961329350e+00,6.715116615226397911e+00,0.000000000000000000e+00
7.566647940010340356e+00,6.813040406963230211e+00,0.000000000000000000e+00
7.410041711254890195e+00,6.909975684654518169e+00,0.000000000000000000e+00
7.254919784602916089e+00,7.005994598116790151e+00,0.000000000000000000e+00
7.101163357292548994e+00,7.101163357292548106e+00,0.000000000000000000e+00
6.948664245353262992e+00,7.195552466415974457e+00,0.000000000000000000e+00
6.797318412156950984e+00,7.289231577271773510e+00,0.000000000000000000e+00
6.647020662854624007e+00,7.382264334494582414e+00,0.000000000000000000e+00
6.497665660031195500e+00,7.474709295984735213e+00,0.000000000000000000e+00
6.349155739174978663e+00,7.566629162101926376e+00,0.000000000000000000e+00
6.201396923101115455e+00,7.658087426882781656e+00,0.000000000000000000e+00
6.054293776084709755e+00,7.749142657538262924e+00,0.000000000000000000e+00
5.907749774021901601e+00,7.839848745044912803e+00,0.000000000000000000e+00
5.761672967669371204e+00,7.930262504367616039e+00,0.000000000000000000e+00
5.615975405265488440e+00,8.020444080942645826e+00,0.000000000000000000e+00
5.470567395041378234e+00,8.110449695506765977e+00,0.000000000000000000e+00
5.325357421952720216e+00,8.200331313854945847e+00,0.000000000000000000e+00
5.180255518605607179e+00,8.290141775680007541e+00,0.000000000000000000e+00
5.035175908135540723e+00,8.379939953935615193e+00,0.000000000000000000e+00
4.890030983619607419e+00,8.469782114215171021e+00,0.000000000000000000e+00
4.744730665923765578e+00,8.559720707227254977e+00,0.000000000000000000e+00
4.599183978876223655e+00,8.649807028069355752e+00,0.000000000000000000e+00
4.453303452632943582e+00,8.740100140339773560e+00,0.000000000000000000e+00
4.307000004768560153e+00,8.830658655459023620e+00,0.000000000000000000e+00
4.160181320637116542e+00,8.921537632680889729e+00,0.000000000000000000e+00
4.012752541056737066e+00,9.012789771791020144e+00,0.000000000000000000e+00
3.864620670907097821e+00,9.104475750567861070e+00,0.000000000000000000e+00
3.715691383539613479e+00,9.196658894751106317e+00,0.000000000000000000e+00
3.565866212106154176e+00,9.289399075318847565e+00,0.000000000000000000e+00
3.415042881476252123e+00,9.382753203325247426e+00,0.000000000000000000e+00
3.263119093945773042e+00,9.476785967788986298e+00,0.000000000000000000e+00
3.109990890637649219e+00,9.571567764880494877e+00,0.000000000000000000e+00
2.955549111910466209e+00,9.667165551750821706e+00,0.000000000000000000e+00
2.799679585013377103e+00,9.763643022902174451e+00,0.000000000000000000e+00
2.642266517492843469e+00,9.861072890421374026e+00,0.000000000000000000e+00
2.483191171614533843e+00,9.959535805436100731e+00,0.000000000000000000e+00
2.322328224746529113e+00,1.005910867765874528e+01,0.000000000000000000e+00
2.159546023354521616e+00,1.015986524427813720e+01,0.000000000000000000e+00
1.994709622024788409e+00,1.026189139668223937e+01,0.000000000000000000e+00
1.827678529433481414e+00,1.036528001608172822e+01,0.000000000000000000e+00
1.658303968228963310e+00,1.047011919119724865e+01,0.000000000000000000e+00
1.486429718584330484e+00,1.057649701406700693e+01,0.000000000000000000e+00
1.311894563838629235e+00,1.068452380487842746e+01,0.000000000000000000e+00
1.134528011832294236e+00,1.079431298809700301e+01,0.000000000000000000e+00
9.541489111069932916e-01,1.090597195857572110e+01,0.000000000000000000e+00
7.705663914435822992e-01,1.101961279267348637e+01,0.000000000000000000e+00
5.835792684984687506e-01,1.113535579034369682e+01,0.000000000000000000e+00
3.929744065376664097e-01,1.125331463931602727e+01,0.000000000000000000e+00
1.985272841406215405e-01,1.137362049107517059e+01,0.000000000000000000e+00
7.039564696616917242e-16,1.149648160027550148e+01,0.000000000000000000e+00
-2.028647656513930808e-01,1.162211464040133713e+01,0.000000000000000000e+00
-4.103432486477703312e-01,1.175069320121204619e+01,0.000000000000000000e+00
-6.227209456343905103e-01,1.188222348196122269e+01,0.000000000000000000e+00
-8.402862845692457006e-01,1.201665371571724350e+01,0.000000000000000000e+00
-1.063263626684449514e+00,1.215315886462696326e+01,0.000000000000000000e+00
-1.291530049442078498e+00,1.228808759397206529e+01,0.000000000000000000e+00
-1.524637653051736264e+00,1.241717722358748865e+01,0.000000000000000000e+00
-1.762095413296939750e+00,1.253796035172514323e+01,0.000000000000000000e+00
-2.003718373492190619e+00,1.265097991561851742e+01,0.000000000000000000e+00
-2.249403103079334443e+00,1.275699892348549369e+01,0.000000000000000000e+00
-2.498970686381800199e+00,1.285608968041757194e+01,0.000000000000000000e+00
-2.752169070046684318e+00,1.294793747331696210e+01,0.000000000000000000e+00
-3.008738340561407654e+00,1.303227753417549373e+01,0.000000000000000000e+00
-3.268427584968887523e+00,1.310894704043581704e+01,0.000000000000000000e+00
-3.530989151215756738e+00,1.317783091331170553e+01,0.000000000000000000e+00
-3.796225691959859372e+00,1.323901231022076885e+01,0.000000000000000000e+00
-4.063970975248268225e+00,1.329265010583434936e+01,0.000000000000000000e+00
-4.334021162817911943e+00,1.333874558257384280e+01,0.000000000000000000e+00
-4.606119047951849232e+00,1.337714104293157646e+01,0.000000000000000000e+00
-4.879989937469806804e+00,1.340766216036407066e+01,0.000000000000000000e+00
-5.155334017571249206e+00,1.343010427401882367e+01,0.000000000000000000e+00
-5.431861576033832684e+00,1.344432917641846181e+01,0.000000000000000000e+00
-5.709398053517453775e+00,1.345049891180862822e+01,0.000000000000000000e+00
-5.987810670250169665e+00,1.344884296055793982e+01,0.000000000000000000e+00
-6.266885538265072775e+00,1.343937940685072441e+01,0.000000000000000000e+00
-6.546353095973612035e+00,1.342201290100921440e+01,0.000000000000000000e+00
-6.825980394261359052e+00,1.339674083214953626e+01,0.000000000000000000e+00
-7.105581051688519167e+00,1.336365433557403115e+01,0.000000000000000000e+00
-7.384916774151835561e+00,1.332274252927490465e+01,0.000000000000000000e+00
-7.663632081355014947e+00,1.327380013542171433e+01,0.000000000000000000e+00
-7.941394312130596767e+00,1.321669961493405587e+01,0.000000000000000000e+00
-8.218042573036433041e+00,1.315161729075956920e+01,0.000000000000000000e+00
-8.493456672473209679e+00,1.307877635161868213e+01,0.000000000000000000e+00
-8.767450452457200782e+00,1.299827983418241395e+01,0.000000000000000000e+00
-9.039807998253808208e+00,1.291018377403761086e+01,0.000000000000000000e+00
-9.310324298434363044e+00,1.281456203808852123e+01,0.000000000000000000e+00
-9.578804871337416316e+00,1.271150340182067318e+01,0.000000000000000000e+00
-9.844989578719713919e+00,1.260101203031036299e+01,0.000000000000000000e+00
-1.010848019343531590e+01,1.248293344776416447e+01,0.000000000000000000e+00
-1.036892498035392229e+01,1.235720359667663537e+01,0.000000000000000000e+00
-1.062635785887356477e+01,1.222422636467283397e+01,0.000000000000000000e+00
-1.088094875638915759e+01,1.208451786206093992e+01,0.000000000000000000e+00
-1.113256223051529936e+01,1.193821139840719781e+01,0.000000000000000000e+00
-1.138074134430764062e+01,1.178510265544020719e+01,0.000000000000000000e+00
-1.162510799481352386e+01,1.162510799481352564e+01,0.000000000000000000e+00
-1.186566071610219453e+01,1.145853535920915256e+01,0.000000000000000000e+00
-1.210249206701221247e+01,1.128575643235026327e+01,0.000000000000000000e+00
-1.233552095814857807e+01,1.110695295923775383e+01,0.000000000000000000e+00
-1.256446772932713785e+01,1.092212516482404183e+01,0.000000000000000000e+00
-1.278905009075105070e+01,1.073128721425697130e+01,0.000000000000000000e+00
-1.300906673186586460e+01,1.053453452623333853e+01,0.000000000000000000e+00
-1.322435562149361843e+01,1.033199896688627639e+01,0.000000000000000000e+00
-1.343475491792009002e+01,1.012381398053711301e+01,0.000000000000000000e+00
-1.364009056355351035e+01,9.910105880266236511e+00,0.000000000000000000e+00
-1.384018726526207210e+01,9.691003453370536036e+00,0.000000000000000000e+00
-1.403489208855912196e+01,9.466654246697522979e+00,0.000000000000000000e+00
-1.422414399472672919e+01,9.237267116910304665e+00,0.000000000000000000e+00
-1.440791486144566846e+01,9.003064421836324271e+00,0.000000000000000000e+00
-1.458617426698533492e+01,8.764257699304684124e+00,0.000000000000000000e+00
-1.475876950755755423e+01,8.520979548095992229e+00,0.000000000000000000e+00
-1.492546659149594745e+01,8.273321228822114293e+00,0.000000000000000000e+00
-1.508602998276638907e+01,8.021384428164751057e+00,0.000000000000000000e+00
-1.524025166618678284e+01,7.765296080622039021e+00,0.000000000000000000e+00
-1.538803724513374327e+01,7.505247238516964181e+00,0.000000000000000000e+00
-1.552932673505674721e+01,7.241443982548124048e+00,0.000000000000000000e+00
-1.566406679175432259e+01,6.974091864277881747e+00,0.000000000000000000e+00
-1.579221159704680844e+01,6.703396115199640626e+00,0.000000000000000000e+00
-1.591373281216373847e+01,6.429565407047616254e+00,0.000000000000000000e+00
-1.602861580460088931e+01,6.152809138786534682e+00,0.000000000000000000e+00
-1.613685282670882870e+01,5.873334103656445038e+00,0.000000000000000000e+00
-1.623844275051667552e+01,5.591344235826280595e+00,0.000000000000000000e+00
-1.633339090466159149e+01,5.307040411195961482e+00,0.000000000000000000e+00
-1.642170890574200115e+01,5.020620254468259880e+00,0.000000000000000000e+00
-1.650341448429546176e+01,4.732277952636810170e+00,0.000000000000000000e+00
-1.657853130560636501e+01,4.442204075031316535e+00,0.000000000000000000e+00
-1.664708878555167715e+01,4.150585400054709773e+00,0.000000000000000000e+00
-1.670912190169664413e+01,3.857604748741229272e+00,0.000000000000000000e+00
-1.676467099985532272e+01,3.563440825258378464e+00,0.000000000000000000e+00
-1.681378159633388947e+01,3.268268064469466161e+00,0.000000000000000000e+00
-1.685650417607770279e+01,2.972256486667411046e+00,0.000000000000000000e+00
-1.689289398694544886e+01,2.675571559584080994e+00,0.000000000000000000e+00
-1.692301083033674303e+01,2.378374067773141753e+00,0.000000000000000000e+00
-1.694691884840134222e+01,2.080819989458117192e+00,0.000000000000000000e+00
-1.696468630806082700e+01,1.783060380930829858e+00,0.000000000000000000e+00
-1.697638538207536030e+01,1.485241268578814111e+00,0.000000000000000000e+00
-1.698209192739008344e+01,1.187503548614016635e+00,0.000000000000000000e+00
-1.698188526099731988e+01,8.899828945682776160e-01,0.000000000000000000e+00
-1.697584793355246902e+01,5.928096726145432038e-01,0.000000000000000000e+00
-1.696406550098252453e+01,2.961088647661846429e-01,0.000000000000000000e+00
-1.694662629432761491e+01,2.075363164769468107e-15,0.000000000000000000e+00
-1.694328838099504253e+01,-2.957461987877776921e-01,0.000000000000000000e+00
-1.689759675793887084e+01,-5.900770813484859101e-01,0.000000000000000000e+00
-1.684414537778484444e+01,-8.827642531704021911e-01,0.000000000000000000e+00
-1.678349732083941959e+01,-1.173616460908740722e+00,0.000000000000000000e+00
-1.671460339062491585e+01,-1.462338312011647989e+00,0.000000000000000000e+00
-1.663892407202907009e+01,-1.748821390234263529e+00,0.000000000000000000e+00
-1.655638443288244588e+01,-2.032868392731161045e+00,0.000000000000000000e+00
-1.646627999980023915e+01,-2.314184735615221200e+00,0.000000000000000000e+00
-1.636857410593544770e+01,-2.592527448679280866e+00,0.000000000000000000e+00
-1.626411246486495799e+01,-2.867801844832549740e+00,0.000000000000000000e+00
-1.615275823040724035e+01,-3.139778138253384476e+00,0.000000000000000000e+00
-1.603468217698803500e+01,-3.408276911012157129e+00,0.000000000000000000e+00
-1.590925337092197900e+01,-3.672940547903024378e+00,0.000000000000000000e+00
-1.577729110463672590e+01,-3.933720481394551882e+00,0.000000000000000000e+00
-1.563866393978074676e+01,-4.190367373365963211e+00,0.000000000000000000e+00
-1.549388310341836217e+01,-4.442799487391571489e+00,0.000000000000000000e+00
-1.534253673053519051e+01,-4.690684209931044180e+00,0.000000000000000000e+00
-1.518484923216828264e+01,-4.933856599858605030e+00,0.000000000000000000e+00
-1.502099082616292058e+01,-5.172141920418637184e+00,0.000000000000000000e+00
-1.485098096136008294e+01,-5.405315019589139069e+00,0.000000000000000000e+00
-1.467538045592253759e+01,-5.633350757490308780e+00,0.000000000000000000e+00
-1.449425538007671932e+01,-5.856059297503311889e+00,0.000000000000000000e+00
-1.430728840846119709e+01,-6.073083617639371212e+00,0.000000000000000000e+00
-1.411501923664648572e+01,-6.284411457836805326e+00,0.000000000000000000e+00
-1.391773687404542059e+01,-6.489947288553587157e+00,0.000000000000000000e+00
-1.371536254023406443e+01,-6.689429274867602970e+00,0.000000000000000000e+00
-1.350800679911293578e+01,-6.882673236091807922e+00,0.000000000000000000e+00
-1.329585272238127658e+01,-7.069530294472075482e+00,0.000000000000000000e+00
-1.307911582358790170e+01,-7.249872286013908429e+00,0.000000000000000000e+00
-1.285810743585095572e+01,-7.423631789357679978e+00,0.000000000000000000e+00
-1.263318367033439671e+01,-7.590782560445991756e+00,0.000000000000000000e+00
-1.240396645652305274e+01,-7.750858480792594207e+00,0.000000000000000000e+00
-1.217118028257190687e+01,-7.904056893678018447e+00,0.000000000000000000e+00
-1.193465973729009555e+01,-8.050029638418564559e+00,0.000000000000000000e+00
-1.169505563095510325e+01,-8.188966112576670398e+00,0.000000000000000000e+00
-1.145845355161449319e+01,-8.325053810421996658e+00,0.000000000000000000e+00
-1.122531671703763223e+01,-8.458882875810301627e+00,0.000000000000000000e+00
-1.099574320591536214e+01,-8.590816119540555462e+00,0.000000000000000000e+00
-1.076939136308357092e+01,-8.720881173053292912e+00,0.000000000000000000e+00
-1.054605451422982476e+01,-8.849190453265734391e+00,0.000000000000000000e+00
-1.032556391788546968e+01,-8.975875774291599996e+00,0.000000000000000000e+00
-1.010772649940169110e+01,-9.101037818717729877e+00,0.000000000000000000e+00
-9.892361844522991277e+00,-9.224776657550274095e+00,0.000000000000000000e+00
-9.679300751067914987e+00,-9.347192083287968245e+00,0.000000000000000000e+00
-9.468379101306549472e+00,-9.468379101306545920e+00,0.000000000000000000e+00
-9.259437350474680528e+00,-9.588428065061160410e+00,0.000000000000000000e+00
-9.052322504019990390e+00,-9.707427406363310141e+00,0.000000000000000000e+00
-8.846886182791738662e+00,-9.825462511877963934e+00,0.000000000000000000e+00
-8.642984093070339213e+00,-9.942615844781840906e+00,0.000000000000000000e+00
-8.440476571421324792e+00,-1.005896827719861797e+01,0.000000000000000000e+00
-8.239226738654238602e+00,-1.017459767161169459e+01,0.000000000000000000e+00
-8.039101842810762122e+00,-1.028958113405360031e+01,0.000000000000000000e+00
-7.839971099406430000e+00,-1.040399304912097733e+01,0.000000000000000000e+00
-7.641706963051041690e+00,-1.051790730548212771e+01,0.000000000000000000e+00
-7.444183514367288090e+00,-1.063139584786614300e+01,0.000000000000000000e+00
-7.247276977700286338e+00,-1.074452997513940922e+01,0.000000000000000000e+00
-7.050865023297697043e+00,-1.085738001396181929e+01,0.000000000000000000e+00
-6.854826398280075672e+00,-1.097001537574970342e+01,0.000000000000000000e+00
-6.659041091106264076e+00,-1.108250546005715442e+01,0.000000000000000000e+00
-6.463389228519318408e+00,-1.119491853288885252e+01,0.000000000000000000e+00
-6.267751856822594725e+00,-1.130732366789910870e+01,0.000000000000000000e+00
-6.072009395336180226e+00,-1.141978876764033579e+01,0.000000000000000000e+00
-5.876042689716717504e+00,-1.153238311363476676e+01,0.000000000000000000e+00
-5.679731385489213302e+00,-1.164517507880702318e+01,0.000000000000000000e+00
-5.482954862611950198e+00,-1.175823464771284677e+01,0.000000000000000000e+00
-5.285590892524661299e+00,-1.187163151642360148e+01,0.000000000000000000e+00
-5.087516124859452482e+00,-1.198543689891663000e+01,0.000000000000000000e+00
-4.888605279354874433e+00,-1.209972265847273754e+01,0.000000000000000000e+00
-4.688730996053001476e+00,-1.221456184510853227e+01,0.000000000000000000e+00
-4.487763654547219261e+00,-1.233002930471761083e+01,0.000000000000000000e+00
-4.285570572227121566e+00,-1.244620067290940746e+01,0.000000000000000000e+00
-4.082016346353026570e+00,-1.256315450765098163e+01,0.000000000000000000e+00
-3.876961613631286330e+00,-1.268097004570837427e+01,0.000000000000000000e+00
-3.670263550672807629e+00,-1.279973011931918414e+01,0.000000000000000000e+00
-3.461774660937742443e+00,-1.291951891897418569e+01,0.000000000000000000e+00
-3.251342883360612390e+00,-1.304042404497019980e+01,0.000000000000000000e+00
-3.038810889918357017e+00,-1.316253605619331246e+01,0.000000000000000000e+00
-2.824015464324898250e+00,-1.328594818309566605e+01,0.000000000000000000e+00
-2.606787368856270160e+00,-1.341075842723015832e+01,0.000000000000000000e+00
-2.386950220862117167e+00,-1.353706739190780084e+01,0.000000000000000000e+00
-2.164320372641805434e+00,-1.366498103100923878e+01,0.000000000000000000e+00
-1.938705957115274048e+00,-1.379460966786396803e+01,0.000000000000000000e+00
-1.709906157502244950e+00,-1.392606810602520895e+01,0.000000000000000000e+00
-1.477710671750757543e+00,-1.405947788893080208e+01,0.000000000000000000e+00
-1.241898567147056820e+00,-1.419496557721521590e+01,0.000000000000000000e+00
-1.002237531654931235e+00,-1.433266445014787038e+01,0.000000000000000000e+00
-7.584828876371610962e-01,-1.447271565430733808e+01,0.000000000000000000e+00
-5.103763765263649166e-01,-1.461526718782540257e+01,0.000000000000000000e+00
-2.576450615911114461e-01,-1.476047569290943606e+01,0.000000000000000000e+00
-2.738648428486488239e-15,-1.490850766328839860e+01,0.000000000000000000e+00
2.628652314831122494e-01,-1.505953902572852421e+01,0.000000000000000000e+00
5.312760801380003173e-01,-1.521375639398621082e+01,0.000000000000000000e+00
8.055787888321542800e-01,-1.537135898244084231e+01,0.000000000000000000e+00
1.086142328648102895e+00,-1.553255894928446068e+01,0.000000000000000000e+00
1.373360509279024866e+00,-1.569758245160626053e+01,0.000000000000000000e+00
1.667654342012988788e+00,-1.586667119357840861e+01,0.000000000000000000e+00
1.969474703410395655e+00,-1.604008426570674928e+01,0.000000000000000000e+00
2.279305268316405453e+00,-1.621809969424936426e+01,0.000000000000000000e+00
2.597665757391824481e+00,-1.640101611035214546e+01,0.000000000000000000e+00
2.925115598797565220e+00,-1.658915491574083845e+01,0.000000000000000000e+00
3.262258036405566219e+00,-1.678286268232172773e+01,0.000000000000000000e+00
3.609744745911481090e+00,-1.698251381914687386e+01,0.000000000000000000e+00
3.968281033597955698e+00,-1.718851355940894265e+01,0.000000000000000000e+00
4.338631707199975374e+00,-1.740130132887175307e+01,0.000000000000000000e+00
4.721627725133076048e+00,-1.762135456462246808e+01,0.000000000000000000e+00
5.118173749118405169e+00,-1.784919305876288931e+01,0.000000000000000000e+00
5.529256745782895166e+00,-1.808538390521508177e+01,0.000000000000000000e+00
5.955955804885351590e+00,-1.833054712883904713e+01,0.000000000000000000e+00
6.399453365150435502e+00,-1.858536207424906550e+01,0.000000000000000000e+00
6.861048111381940373e+00,-1.885057475981369635e+01,0.000000000000000000e+00
7.342170076167879422e+00,-1.912700697654704385e+01,0.000000000000000000e+00
7.844397769098133466e+00,-1.941556579126291382e+01,0.000000000000000000e+00
8.369477983017478806e+00,-1.971725450700155591e+01,0.000000000000000000e+00
8.919349766125943546e+00,-2.003318757403282291e+01,0.000000000000000000e+00
9.496171042775300108e+00,-2.036460451957409035e+01,0.000000000000000000e+00
1.010235152745542386e+01,-2.071289014572632681e+01,0.000000000000000000e+00
1.074059009894604344e+01,-2.107959496351611861e+01,0.000000000000000000e+00
1.141392023305627923e+01,-2.146646185566093834e+01,0.000000000000000000e+00
1.212576378683681710e+01,-2.187545694059451051e+01,0.000000000000000000e+00
1.287999539139346261e+01,-2.230880641914645679e+01,0.000000000000000000e+00
1.368102025727097804e+01,-2.276904131179789204e+01,0.000000000000000000e+00
1.453386857064554860e+01,-2.325905171414858330e+01,0.000000000000000000e+00
1.544431092250377091e+01,-2.378215327982245952e+01,0.000000000000000000e+00
1.641899964879062779e+01,-2.434216802132141311e+01,0.000000000000000000e+00
1.746564490293024718e+01,-2.494352595458540378e+01,0.000000000000000000e+00
1.859323358971823836e+01,-2.559139055598553014e+01,0.000000000000000000e+00
1.981230567210662130e+01,-2.629181764652979680e+01,0.000000000000000000e+00
2.113530513694671598e+01,-2.705195695388232124e+01,0.000000000000000000e+00
2.257702851674762456e+01,-2.788030831834240431e+01,0.000000000000000000e+00
2.415234884613216337e+01,-2.878364850696663524e+01,0.000000000000000000e+00
2.582172338176722448e+01,-2.970449479838508111e+01,0.000000000000000000e+00
2.745741351061977653e+01,-3.049454706973451579e+01,0.000000000000000000e+00
2.905558383198531658e+01,-3.115829895292015550e+01,0.000000000000000000e+00
3.060083882032742508e+01,-3.168809622586834962e+01,0.000000000000000000e+00
3.209517160259855473e+01,-3.209517160259856894e+01,0.000000000000000000e+00
3.353212327390181713e+01,-3.238159504105404096e+01,0.000000000000000000e+00
3.490484125084429223e+01,-3.254929104565245268e+01,0.000000000000000000e+00
3.621067723509431602e+01,-3.260424022924264165e+01,0.000000000000000000e+00
3.743947447066346257e+01,-3.254563862815695074e+01,0.000000000000000000e+00
3.859065926009827052e+01,-3.238140795203656808e+01,0.000000000000000000e+00
3.965950826242880112e+01,-3.211563655528033934e+01,0.000000000000000000e+00
4.064421995562341294e+01,-3.175474485190611773e+01,0.000000000000000000e+00
4.153247834357889445e+01,-3.129696726661046569e+01,0.000000000000000000e+00
4.232925018112248949e+01,-3.075400043516413007e+01,0.000000000000000000e+00
4.302263547619752870e+01,-3.012477367408202511e+01,0.000000000000000000e+00
4.361459202523043643e+01,-2.941841377962575166e+01,0.000000000000000000e+00
4.410204679179313558e+01,-2.864020406214236658e+01,0.000000000000000000e+00
4.447043060894220901e+01,-2.778820915373850298e+01,0.000000000000000000e+00
4.474537696818574517e+01,-2.688573490372564834e+01,0.000000000000000000e+00
4.489407463084623373e+01,-2.591960607313825804e+01,0.000000000000000000e+00
4.491859696584639750e+01,-2.489878487672753238e+01,0.000000000000000000e+00
4.482322850287432914e+01,-2.383293335249590683e+01,0.000000000000000000e+00
4.459985643724268556e+01,-2.272476189857308526e+01,0.000000000000000000e+00
4.424630421202279251e+01,-2.158036448780243077e+01,0.000000000000000000e+00
4.376342260694461572e+01,-2.040721910869190125e+01,0.000000000000000000e+00
4.315432249428322109e+01,-1.921354226951030242e+01,0.000000000000000000e+00
4.241620523742576410e+01,-1.800461092246522554e+01,0.000000000000000000e+00
4.155733371319128366e+01,-1.679025269591281244e+01,0.000000000000000000e+00
4.053496818520685707e+01,-1.555991644760573323e+01,0.000000000000000000e+00
3.939144826856286130e+01,-1.433731465439380948e+01,0.000000000000000000e+00
3.816661267222676912e+01,-1.314181864877897432e+01,0.000000000000000000e+00
3.693077494425697438e+01,-1.199953617653381599e+01,0.000000000000000000e+00
3.569399945864051915e+01,-1.091275077847519981e+01,0.000000000000000000e+00
3.445844355056172503e+01,-9.880799688553954851e+00,0.000000000000000000e+00
3.322585260844988397e+01,-8.902840374269654689e+00,0.000000000000000000e+00
3.199793800957452561e+01,-7.977981979027122250e+00,0.000000000000000000e+00
3.077639575093382263e+01,-7.105290816382569652e+00,0.000000000000000000e+00
2.956289661839336702e+01,-6.283787658212034444e+00,0.000000000000000000e+00
2.835904316291112082e+01,-5.512439576856561274e+00,0.000000000000000000e+00
2.716434696780999758e+01,-4.789807283751108535e+00,0.000000000000000000e+00
2.604840021728991672e+01,-4.125661289765000461e+00,0.000000000000000000e+00
2.502602375204689267e+01,-3.517178267394555746e+00,0.000000000000000000e+00
2.408519736866248095e+01,-2.957290383171031323e+00,0.000000000000000000e+00
2.321610870212864342e+01,-2.440111350982046456e+00,0.000000000000000000e+00
2.241041478692129729e+01,-1.960657238769352606e+00,0.000000000000000000e+00
2.166098467987017173e+01,-1.514683602220529668e+00,0.000000000000000000e+00
2.096170984810184379e+01,-1.098556663114484078e+00,0.000000000000000000e+00
2.030733265231363305e+01,-7.091476825436834330e-01,0.000000000000000000e+00
1.969330106581076478e+01,-3.437478487546818950e-01,0.000000000000000000e+00
1.911565391579924622e+01,-4.681984876318422753e-15,0.000000000000000000e+00
