1.886913021046662564e+01,0.000000000000000000e+00,0.000000000000000000e+00
1.835729978608423352e+01,3.204278596728550865e-01,0.000000000000000000e+00
1.787221525276508771e+01,6.241115091487074995e-01,0.000000000000000000e+00
1.741156029017767537e+01,9.125012086609964879e-01,0.000000000000000000e+00
1.697327439879171251e+01,1.186886966949907807e+00,0.000000000000000000e+00
1.655551841369904764e+01,1.448420179993354928e+00,0.000000000000000000e+00
1.615664534831194032e+01,1.698131853793075186e+00,0.000000000000000000e+00
1.577517571984695266e+01,1.936948023927570040e+00,0.000000000000000000e+00
1.540977704379425184e+01,2.165702928312594366e+00,0.000000000000000000e+00
1.505924597810978049e+01,2.385150245952441406e+00,0.000000000000000000e+00
1.472249254941131369e+01,2.595972659740568123e+00,0.000000000000000000e+00
1.439852594447438783e+01,2.798789924214391434e+00,0.000000000000000000e+00
1.408644385389029452e+01,2.994166071740735457e+00,0.000000000000000000e+00
1.378542576730140112e+01,3.182616310792602654e+00,0.000000000000000000e+00
1.349471957050282889e+01,3.364611479442255693e+00,0.000000000000000000e+00
1.321363370931333669e+01,3.540582481491168387e+00,0.000000000000000000e+00
1.294153808919319282e+01,3.710926331698008340e+00,0.000000000000000000e+00
1.267784871830723148e+01,3.876007328077874181e+00,0.000000000000000000e+00
1.242202789073993152e+01,4.036161528855908287e+00,0.000000000000000000e+00
1.217358176313345020e+01,4.191700353686336200e+00,0.000000000000000000e+00
1.193204749269951215e+01,4.342910121193294337e+00,0.000000000000000000e+00
1.169700330800787746e+01,4.490058887634510221e+00,0.000000000000000000e+00
1.146804946449666751e+01,4.633392742831479616e+00,0.000000000000000000e+00
1.124482198444970749e+01,4.773143745159011964e+00,0.000000000000000000e+00
1.102697371923774128e+01,4.909525011947997619e+00,0.000000000000000000e+00
1.081418839761133732e+01,5.042738866537098907e+00,0.000000000000000000e+00
1.060616224791771067e+01,5.172970967926421082e+00,0.000000000000000000e+00
1.040261883537244181e+01,5.300399038012355568e+00,0.000000000000000000e+00
1.020329068243788484e+01,5.425185889835908881e+00,0.000000000000000000e+00
1.000793396379046563e+01,5.547488382470644019e+00,0.000000000000000000e+00
9.816312904947354312e+00,5.667450898120950598e+00,0.000000000000000000e+00
9.628209257485012884e+00,5.785211774579332555e+00,0.000000000000000000e+00
9.443415750781605666e+00,5.900901080001236920e+00,0.000000000000000000e+00
9.261734174710293033e+00,6.014640499233744109e+00,0.000000000000000000e+00
9.082981610847181031e+00,6.126548454839566560e+00,0.000000000000000000e+00
8.906978149689548374e+00,6.236733243081793887e+00,0.000000000000000000e+00
8.733558409533779709e+00,6.345301605345150975e+00,0.000000000000000000e+00
8.562562033647806103e+00,6.452353299711721668e+00,0.000000000000000000e+00
8.393834958098370436e+00,6.557982604031870721e+00,0.000000000000000000e+00
8.227234142539609607e+00,6.662282845985390445e+00,0.000000000000000000e+00
8.062617618367371009e+00,6.765339469895500280e+00,0.000000000000000000e+00
7.899852435756501201e+00,6.867236953108339037e+00,0.000000000000000000e+00
7.738811132079182364e+00,6.968056841381240929e+00,0.000000000000000000e+00
7.579367447611341291e+00,7.067874488278278022e+00,0.000000000000000000e+00
7.421403919146468908e+00,7.166766458028970277e+00,0.000000000000000000e+00
7.264804992495353275e+00,7.264804992495352387e+00,0.000000000000000000e+00
7.109457118496729677e+00,7.362058360797514744e+00,0.000000000000000000e+00
6.955253836003098655e+00,7.458596584008868824e+00,0.000000000000000000e+00
6.802088874537798091e+00,7.554485031042098342e+00,0.000000000000000000e+00
6.649858286971427113e+00,7.649786885828753213e+00,0.000000000000000000e+00
6.498463399884302660e+00,7.744567103154102128e+00,0.000000000000000000e+00
6.347804890685664780e+00,7.838886209747018441e+00,0.000000000000000000e+00
6.197785569658493365e+00,7.932803778011402684e+00,0.000000000000000000e+00
6.048312063967534513e+00,8.026381204032372096e+00,0.000000000000000000e+00
5.899289809562533904e+00,8.119675837501702631e+00,0.000000000000000000e+00
5.750625892417264851e+00,8.212744905775311466e+00,0.000000000000000000e+00
5.602230092475519285e+00,8.305647671731724913e+00,0.000000000000000000e+00
5.454010532604172568e+00,8.398439731432876698e+00,0.000000000000000000e+00
5.305876372994275059e+00,8.491177166525829989e+00,0.000000000000000000e+00
5.157738550334367567e+00,8.583918444649791368e+00,0.000000000000000000e+00
5.009505869929480326e+00,8.676718687532385843e+00,0.000000000000000000e+00
4.861087527184436041e+00,8.769634041594995821e+00,0.000000000000000000e+00
4.712393653834234364e+00,8.862723459896145073e+00,0.000000000000000000e+00
4.563331728498822848e+00,8.956042790456766767e+00,0.000000000000000000e+00
4.413808996059558787e+00,9.049649540618167620e+00,0.000000000000000000e+00
4.263732770990308119e+00,9.143604434592111474e+00,0.000000000000000000e+00
4.113007120999500721e+00,9.237965245094786226e+00,0.000000000000000000e+00
3.961535288845085212e+00,9.332792282519971394e+00,0.000000000000000000e+00
3.809219575649001488e+00,9.428149293464846536e+00,0.000000000000000000e+00
3.655958369433448762e+00,9.524097169186855893e+00,0.000000000000000000e+00
3.501648727505416225e+00,9.620700809683139454e+00,0.000000000000000000e+00
3.346185552898507165e+00,9.718028481449529465e+00,0.000000000000000000e+00
3.189459100145455306e+00,9.816145765011464519e+00,0.000000000000000000e+00
3.031357579222225151e+00,9.915123875560759359e+00,0.000000000000000000e+00
2.871765408318514012e+00,1.001503616429267041e+01,0.000000000000000000e+00
2.710561812201514265e+00,1.011595440019202208e+01,0.000000000000000000e+00
2.547623617960504738e+00,1.021796023274159104e+01,0.000000000000000000e+00
2.382822026555282413e+00,1.032113612073708886e+01,0.000000000000000000e+00
2.216021894201796183e+00,1.042556332672524100e+01,0.000000000000000000e+00
2.047082559196080176e+00,1.053132680093496809e+01,0.000000000000000000e+00
1.875856209672477348e+00,1.063850921813250316e+01,0.000000000000000000e+00
1.702192098561883915e+00,1.074721794056298130e+01,0.000000000000000000e+00
1.525933833663969619e+00,1.085758339841425091e+01,0.000000000000000000e+00
1.346911515126421710e+00,1.096971398701771960e+01,0.000000000000000000e+00
1.164937182807866956e+00,1.108363692350936880e+01,0.000000000000000000e+00
9.798176864836277700e-01,1.119936740367848671e+01,0.000000000000000000e+00
7.913765450629518527e-01,1.131721185433499777e+01,0.000000000000000000e+00
5.994264963119765310e-01,1.143773891037480439e+01,0.000000000000000000e+00
4.036939387830812409e-01,1.156028187977010546e+01,0.000000000000000000e+00
2.038979653335044606e-01,1.168130661054647668e+01,0.000000000000000000e+00
7.223764337870876714e-16,1.179730244328461453e+01,0.000000000000000000e+00
-2.078342622510651327e-01,1.190681690992073882e+01,0.000000000000000000e+00
-4.193657089942348648e-01,1.200906266092846941e+01,0.000000000000000000e+00
-6.343250852162350961e-01,1.210364365546587884e+01,0.000000000000000000e+00
-8.524327102476705331e-01,1.219035569555635234e+01,0.000000000000000000e+00
-1.073406954434477312e+00,1.226909763133382825e+01,0.000000000000000000e+00
-1.296968031090381279e+00,1.233982653326939172e+01,0.000000000000000000e+00
-1.522834544232259724e+00,1.240249208071433706e+01,0.000000000000000000e+00
-1.750723166945913123e+00,1.245704261436355331e+01,0.000000000000000000e+00
-1.980348684382276403e+00,1.250342950560331090e+01,0.000000000000000000e+00
-2.211425448369497726e+00,1.254161694077787814e+01,0.000000000000000000e+00
-2.443676680942749702e+00,1.257162668267702088e+01,0.000000000000000000e+00
-2.676824436837835108e+00,1.259346884333499972e+01,0.000000000000000000e+00
-2.910542256882240775e+00,1.260694356676999206e+01,0.000000000000000000e+00
-3.144494988269264990e+00,1.261188054454938445e+01,0.000000000000000000e+00
-3.378431638291969463e+00,1.260847852400378599e+01,0.000000000000000000e+00
-3.612118046051212783e+00,1.259695264665740666e+01,0.000000000000000000e+00
-3.845266666510517961e+00,1.257730054492571625e+01,0.000000000000000000e+00
-4.077584237339794804e+00,1.254951387870600144e+01,0.000000000000000000e+00
-4.308794207545982857e+00,1.251364700722163015e+01,0.000000000000000000e+00
-4.538621857189165887e+00,1.246976106807043649e+01,0.000000000000000000e+00
-4.766789555253844846e+00,1.241791134408842190e+01,0.000000000000000000e+00
-4.993021661159614766e+00,1.235816227235895681e+01,0.000000000000000000e+00
-5.217045782492746753e+00,1.229058964929637554e+01,0.000000000000000000e+00
-5.438593969132500483e+00,1.221528205300529279e+01,0.000000000000000000e+00
-5.657403681678668583e+00,1.213234134747616544e+01,0.000000000000000000e+00
-5.873212614352430805e+00,1.204187038561876655e+01,0.000000000000000000e+00
-6.085757499082544264e+00,1.194397160165615546e+01,0.000000000000000000e+00
-6.294798792644773044e+00,1.183879468335717000e+01,0.000000000000000000e+00
-6.500135044716987665e+00,1.172655403638279914e+01,0.000000000000000000e+00
-6.701527345085162679e+00,1.160738584999967493e+01,0.000000000000000000e+00
-6.898631733820958623e+00,1.148125125089040033e+01,0.000000000000000000e+00
-7.091090480939166163e+00,1.134811694520126046e+01,0.000000000000000000e+00
-7.279618205533410880e+00,1.120962902464768263e+01,0.000000000000000000e+00
-7.467803379664832875e+00,1.107147381121861329e+01,0.000000000000000000e+00
-7.655694360660816322e+00,1.093346464140459950e+01,0.000000000000000000e+00
-7.843450585879095271e+00,1.079558358051302314e+01,0.000000000000000000e+00
-8.031168530942366601e+00,1.065772061054785880e+01,0.000000000000000000e+00
-8.218968794351063423e+00,1.051980033358568178e+01,0.000000000000000000e+00
-8.406964007855250998e+00,1.038173594839297387e+01,0.000000000000000000e+00
-8.595269840730187738e+00,1.024344371200686332e+01,0.000000000000000000e+00
-8.784001955648431448e+00,1.010483833874551429e+01,0.000000000000000000e+00
-8.973277283017329964e+00,9.965834049551542506e+00,0.000000000000000000e+00
-9.163214029123350812e+00,9.826344008091083992e+00,0.000000000000000000e+00
-9.353932054389058948e+00,9.686280195457179332e+00,0.000000000000000000e+00
-9.545553159438783908e+00,9.545553159438785684e+00,0.000000000000000000e+00
-9.738201408771820056e+00,9.404071787261377935e+00,0.000000000000000000e+00
-9.932003459396812062e+00,9.261743061458973969e+00,0.000000000000000000e+00
-1.012708890530195305e+01,9.118471807297668263e+00,0.000000000000000000e+00
-1.032359063749962047e+01,8.974160427822184261e+00,0.000000000000000000e+00
-1.052164522245308476e+01,8.828708625538578048e+00,0.000000000000000000e+00
-1.072139330354071518e+01,8.682013110811146461e+00,0.000000000000000000e+00
-1.092298002486038833e+01,8.533967292043410424e+00,0.000000000000000000e+00
-1.112655547851422355e+01,8.384460944527821979e+00,0.000000000000000000e+00
-1.133227518215458574e+01,8.233379858895007786e+00,0.000000000000000000e+00
-1.154030058861539842e+01,8.080605465354457451e+00,0.000000000000000000e+00
-1.175079963094982105e+01,7.926014430784499964e+00,0.000000000000000000e+00
-1.196394730675813989e+01,7.769478225623639212e+00,0.000000000000000000e+00
-1.217992632046341583e+01,7.610862666171335000e+00,0.000000000000000000e+00
-1.239892777749331643e+01,7.450027419662651695e+00,0.000000000000000000e+00
-1.262115190460536063e+01,7.286825449607061245e+00,0.000000000000000000e+00
-1.284680883964897902e+01,7.121102422100874740e+00,0.000000000000000000e+00
-1.307611949948910102e+01,6.952696067410936820e+00,0.000000000000000000e+00
-1.330931658348331226e+01,6.781435514662991437e+00,0.000000000000000000e+00
-1.354664556503594142e+01,6.607140507819224240e+00,0.000000000000000000e+00
-1.378836577480893588e+01,6.429620554235689234e+00,0.000000000000000000e+00
-1.403475172748592925e+01,6.248674060260270835e+00,0.000000000000000000e+00
-1.428609446102118419e+01,6.064087320695026762e+00,0.000000000000000000e+00
-1.454270292999819070e+01,5.875633378249049521e+00,0.000000000000000000e+00
-1.480490583735361909e+01,5.683070893045940153e+00,0.000000000000000000e+00
-1.507305325423415709e+01,5.486142724050552921e+00,0.000000000000000000e+00
-1.534751880502886578e+01,5.284574520053850755e+00,0.000000000000000000e+00
-1.562870174753541797e+01,5.078073024323901841e+00,0.000000000000000000e+00
-1.591702960893282359e+01,4.866324309136712323e+00,0.000000000000000000e+00
-1.621296076288018995e+01,4.648991688244506371e+00,0.000000000000000000e+00
-1.651698769928465538e+01,4.425713515418115307e+00,0.000000000000000000e+00
-1.682964034010539933e+01,4.196100614567507492e+00,0.000000000000000000e+00
-1.715148991248427635e+01,3.959733451203585108e+00,0.000000000000000000e+00
-1.748315334056094272e+01,3.716158961219394818e+00,0.000000000000000000e+00
-1.782529810277523907e+01,3.464886955689440828e+00,0.000000000000000000e+00
-1.817864773345923979e+01,3.205386068203646577e+00,0.000000000000000000e+00
-1.854398807523758563e+01,2.937079172681382300e+00,0.000000000000000000e+00
-1.892217436739093017e+01,2.659338179977323247e+00,0.000000000000000000e+00
-1.931413930886936470e+01,2.371478114257055569e+00,0.000000000000000000e+00
-1.972090225256573248e+01,2.072750350005083231e+00,0.000000000000000000e+00
-2.014357977331064475e+01,1.762334872994792967e+00,0.000000000000000000e+00
-2.058339779179135220e+01,1.439331386545066094e+00,0.000000000000000000e+00
-2.104170543404732996e+01,1.102749054126320738e+00,0.000000000000000000e+00
-2.151999133620007143e+01,7.514946569158449385e-01,0.000000000000000000e+00
-2.201990232613689358e+01,3.843588248157272513e-01,0.000000000000000000e+00
-2.254320234451587268e+01,2.760746059374247193e-15,0.000000000000000000e+00
-2.253879383289236316e+01,-3.934161097568391052e-01,0.000000000000000000e+00
-2.280323933193623631e+01,-7.963066643756990803e-01,0.000000000000000000e+00
-2.305336444051363998e+01,-1.208175635329943320e+00,0.000000000000000000e+00
-2.328797044751248890e+01,-1.628453530029222662e+00,0.000000000000000000e+00
-2.350350805730512604e+01,-2.056290508104406278e+00,0.000000000000000000e+00
-2.370393016846385592e+01,-2.491383453147380855e+00,0.000000000000000000e+00
-2.388777910081536149e+01,-2.933050467839201758e+00,0.000000000000000000e+00
-2.405465180314085671e+01,-3.380660842888803419e+00,0.000000000000000000e+00
-2.420476504357419500e+01,-3.833658164613396035e+00,0.000000000000000000e+00
-2.433800832448299900e+01,-4.291447524313577233e+00,0.000000000000000000e+00
-2.445376141710561413e+01,-4.753329703836999265e+00,0.000000000000000000e+00
-2.455237719678860486e+01,-5.218768877774835779e+00,0.000000000000000000e+00
-2.463375640601431371e+01,-5.687150782084276379e+00,0.000000000000000000e+00
-2.469761078479266558e+01,-6.157805971970550907e+00,0.000000000000000000e+00
-2.474390812826476704e+01,-6.630110200558425149e+00,0.000000000000000000e+00
-2.477270714034987975e+01,-7.103459465249597038e+00,0.000000000000000000e+00
-2.478408431291120806e+01,-7.577254986315227647e+00,0.000000000000000000e+00
-2.477813367820276014e+01,-8.050903667939994790e+00,0.000000000000000000e+00
-2.475491403521528611e+01,-8.523800466936519271e+00,0.000000000000000000e+00
-2.471434897100886730e+01,-8.995287384714771406e+00,0.000000000000000000e+00
-2.465655214648662863e+01,-9.464763597011504714e+00,0.000000000000000000e+00
-2.458170976329837387e+01,-9.931655420240666388e+00,0.000000000000000000e+00
-2.449002426591070147e+01,-1.039539854924120021e+01,0.000000000000000000e+00
-2.438171398851931926e+01,-1.085543846467718687e+01,0.000000000000000000e+00
-2.425701279261800281e+01,-1.131123082916153777e+01,0.000000000000000000e+00
-2.411616969554866685e+01,-1.176224187190352310e+01,0.000000000000000000e+00
-2.395943218732941205e+01,-1.220794045488028523e+01,0.000000000000000000e+00
-2.378689560556371063e+01,-1.264771674342521024e+01,0.000000000000000000e+00
-2.359857839956829650e+01,-1.308090560829850091e+01,0.000000000000000000e+00
-2.339452284320613629e+01,-1.350683406108791651e+01,0.000000000000000000e+00
-2.317494587067542255e+01,-1.392491232178423743e+01,0.000000000000000000e+00
-2.294050778673822677e+01,-1.433482023316999054e+01,0.000000000000000000e+00
-2.269193854053026627e+01,-1.473631719259159034e+01,0.000000000000000000e+00
-2.242958548821196985e+01,-1.512894644104426511e+01,0.000000000000000000e+00
-2.215320597238969924e+01,-1.551184181737961865e+01,0.000000000000000000e+00
-2.186269121860021514e+01,-1.588417494696240162e+01,0.000000000000000000e+00
-2.155869836360474778e+01,-1.624564446683882935e+01,0.000000000000000000e+00
-2.124208230565382394e+01,-1.659613358247998605e+01,0.000000000000000000e+00
-2.091346283863000366e+01,-1.693538828553971243e+01,0.000000000000000000e+00
-2.057324734836988256e+01,-1.726300426213612127e+01,0.000000000000000000e+00
-2.022111919141013914e+01,-1.757795073689402088e+01,0.000000000000000000e+00
-1.985685462277201907e+01,-1.787919220937818210e+01,0.000000000000000000e+00
-1.948163004993486069e+01,-1.816691392411706119e+01,0.000000000000000000e+00
-1.909676512065496823e+01,-1.844153171214376385e+01,0.000000000000000000e+00
-1.870311961345344898e+01,-1.870311961345344187e+01,0.000000000000000000e+00
-1.829985623837175623e+01,-1.895005587284340365e+01,0.000000000000000000e+00
-1.788626155536472595e+01,-1.918066723129052420e+01,0.000000000000000000e+00
-1.746548570325250438e+01,-1.939738699960256696e+01,0.000000000000000000e+00
-1.703761440341935085e+01,-1.959953334410722903e+01,0.000000000000000000e+00
-1.660077987272608624e+01,-1.978403905318695877e+01,0.000000000000000000e+00
-1.615773417953306179e+01,-1.995313999435460772e+01,0.000000000000000000e+00
-1.570934847341830931e+01,-2.010704912575689463e+01,0.000000000000000000e+00
-1.525480640680025957e+01,-2.024381184696613900e+01,0.000000000000000000e+00
-1.479480672029063726e+01,-2.036330448667344228e+01,0.000000000000000000e+00
-1.433488367283859510e+01,-2.047233554424450475e+01,0.000000000000000000e+00
-1.387986124266933885e+01,-2.057774052675427612e+01,0.000000000000000000e+00
-1.343108640192241232e+01,-2.068205937628679791e+01,0.000000000000000000e+00
-1.298800073718970438e+01,-2.078514604293529899e+01,0.000000000000000000e+00
-1.255012539536864402e+01,-2.088691619643820374e+01,0.000000000000000000e+00
-1.211718232998449274e+01,-2.098757544010894804e+01,0.000000000000000000e+00
-1.168881035046533867e+01,-2.108717207455039144e+01,0.000000000000000000e+00
-1.126467751884401558e+01,-2.118577713328179968e+01,0.000000000000000000e+00
-1.084447070125724721e+01,-2.128347212493027030e+01,0.000000000000000000e+00
-1.042788159564208961e+01,-2.138032569507899794e+01,0.000000000000000000e+00
-1.001461309350336926e+01,-2.147640708524357933e+01,0.000000000000000000e+00
-9.604376865543072128e+00,-2.157178363044465641e+01,0.000000000000000000e+00
-9.196892208347218656e+00,-2.166652026726082525e+01,0.000000000000000000e+00
-8.791885808818454606e+00,-2.176068098214383539e+01,0.000000000000000000e+00
-8.389090345227417700e+00,-2.185432752108026477e+01,0.000000000000000000e+00
-7.988244275081329171e+00,-2.194752076687356634e+01,0.000000000000000000e+00
-7.589091027894784069e+00,-2.204032071488402522e+01,0.000000000000000000e+00
-7.191377957678763977e+00,-2.213278554995291714e+01,0.000000000000000000e+00
-6.794856290459222237e+00,-2.222497348987194599e+01,0.000000000000000000e+00
-6.399280080946410543e+00,-2.231694178447596144e+01,0.000000000000000000e+00
-6.004405562125457507e+00,-2.240874662710138310e+01,0.000000000000000000e+00
-5.609990963095180305e+00,-2.250044479209053350e+01,0.000000000000000000e+00
-5.215795412258311892e+00,-2.259209199339883511e+01,0.000000000000000000e+00
-4.821578619900210860e+00,-2.268374395040005354e+01,0.000000000000000000e+00
-4.427100370142797559e+00,-2.277545698832169307e+01,0.000000000000000000e+00
-4.032119606604203099e+00,-2.286728661945852537e+01,0.000000000000000000e+00
-3.636394202201030712e+00,-2.295928940210227509e+01,0.000000000000000000e+00
-3.239680177537844763e+00,-2.305152224546116457e+01,0.000000000000000000e+00
-2.841731024976735576e+00,-2.314404192253391912e+01,0.000000000000000000e+00
-2.442297334321119173e+00,-2.323690694430745651e+01,0.000000000000000000e+00
-2.041125920765487489e+00,-2.333017603087141012e+01,0.000000000000000000e+00
-1.637959260607161349e+00,-2.342390872803355606e+01,0.000000000000000000e+00
-1.232534884316346391e+00,-2.351816660003327186e+01,0.000000000000000000e+00
-8.245845372236980664e-01,-2.361301166111310934e+01,0.000000000000000000e+00
-4.138335408112923108e-01,-2.370850767460027342e+01,0.000000000000000000e+00
-4.372856239669414141e-15,-2.380472063571835406e+01,0.000000000000000000e+00
4.172060314157676753e-01,-2.390171753193126492e+01,0.000000000000000000e+00
8.380833766479163227e-01,-2.399956784589067738e+01,0.000000000000000000e+00
1.262940679559025448e+00,-2.409834373515806760e+01,0.000000000000000000e+00
1.692097321812852551e+00,-2.419811907312171328e+01,0.000000000000000000e+00
2.125884479838359820e+00,-2.429897079418112327e+01,0.000000000000000000e+00
2.564646270348621471e+00,-2.440097931225956529e+01,0.000000000000000000e+00
3.008740836038825250e+00,-2.450422768069406132e+01,0.000000000000000000e+00
3.458541635633674893e+00,-2.460880243779300613e+01,0.000000000000000000e+00
3.914438926358001059e+00,-2.471479470039580661e+01,0.000000000000000000e+00
4.376841120572607657e+00,-2.482229947445868845e+01,0.000000000000000000e+00
4.846176346462489626e+00,-2.493141598529400227e+01,0.000000000000000000e+00
5.322894294764214607e+00,-2.504224876871889904e+01,0.000000000000000000e+00
5.807468130631638914e+00,-2.515490809850505727e+01,0.000000000000000000e+00
6.300396436890086882e+00,-2.526950990279596709e+01,0.000000000000000000e+00
6.802205457643133890e+00,-2.538617637144644235e+01,0.000000000000000000e+00
7.313451596844194214e+00,-2.550503673316578102e+01,0.000000000000000000e+00
7.834724193575452134e+00,-2.562622814365731472e+01,0.000000000000000000e+00
8.366648395180705577e+00,-2.574989602718142834e+01,0.000000000000000000e+00
8.909888397109748226e+00,-2.587619480176376285e+01,0.000000000000000000e+00
9.465151045277977460e+00,-2.600528876862860628e+01,0.000000000000000000e+00
1.003318981486750872e+01,-2.613735307070863101e+01,0.000000000000000000e+00
1.061480921188982407e+01,-2.627257473187070147e+01,0.000000000000000000e+00
1.121086965200944263e+01,-2.641115379262817697e+01,0.000000000000000000e+00
1.182229288085358654e+01,-2.655330456226314695e+01,0.000000000000000000e+00
1.245006801127681761e+01,-2.669925701099779758e+01,0.000000000000000000e+00
1.309525826596181020e+01,-2.684925832917453548e+01,0.000000000000000000e+00
1.375900852785945538e+01,-2.700357468211193535e+01,0.000000000000000000e+00
1.444255381663819371e+01,-2.716249319014015384e+01,0.000000000000000000e+00
1.514722882589008535e+01,-2.732632416192965508e+01,0.000000000000000000e+00
1.587447867522755907e+01,-2.749540360916280690e+01,0.000000000000000000e+00
1.662587103959951307e+01,-2.767009604741114615e+01,0.000000000000000000e+00
1.740310988224099376e+01,-2.785079765724581691e+01,0.000000000000000000e+00
1.820805095584161393e+01,-2.803793972625115671e+01,0.000000000000000000e+00
1.904271940910819438e+01,-2.823199253028384703e+01,0.000000000000000000e+00
1.990933327543829279e+01,-2.843347463288165500e+01,0.000000000000000000e+00
2.081032988513252846e+01,-2.864296181293738286e+01,0.000000000000000000e+00
2.174828634369211500e+01,-2.886095077151453125e+01,0.000000000000000000e+00
2.272561515938317456e+01,-2.908746095969265610e+01,0.000000000000000000e+00
2.374459949011514581e+01,-2.932213839340681716e+01,0.000000000000000000e+00
2.473792188044500051e+01,-2.948150727433525375e+01,0.000000000000000000e+00
2.572241673464893807e+01,-2.959025556891315745e+01,0.000000000000000000e+00
2.667486458129905813e+01,-2.962543843536474242e+01,0.000000000000000000e+00
2.760817914849227250e+01,-2.960614745959903615e+01,0.000000000000000000e+00
2.850540470816877914e+01,-2.951821068217724076e+01,0.000000000000000000e+00
2.938252872154145123e+01,-2.938252872154146189e+01,0.000000000000000000e+00
3.021321609511547734e+01,-2.917656363387346019e+01,0.000000000000000000e+00
3.101419408947798573e+01,-2.892120387283970828e+01,0.000000000000000000e+00
3.177968136532311760e+01,-2.861455362783362588e+01,0.000000000000000000e+00
3.250499670006146147e+01,-2.825616254412364725e+01,0.000000000000000000e+00
3.318263158266382362e+01,-2.784353392250479686e+01,0.000000000000000000e+00
3.381750849664945946e+01,-2.738487842302324893e+01,0.000000000000000000e+00
3.440717516777264251e+01,-2.688183140727965537e+01,0.000000000000000000e+00
3.494909092999659350e+01,-2.633602901770976601e+01,0.000000000000000000e+00
3.543505809175182719e+01,-2.574507668599820320e+01,0.000000000000000000e+00
3.587157665817066032e+01,-2.511754838351858865e+01,0.000000000000000000e+00
3.625698094069404931e+01,-2.445564243949171157e+01,0.000000000000000000e+00
3.658475440215150343e+01,-2.375841730402323293e+01,0.000000000000000000e+00
3.685546401946032091e+01,-2.302984991615776167e+01,0.000000000000000000e+00
3.706942534780375809e+01,-2.227355786147732175e+01,0.000000000000000000e+00
3.722460293313525881e+01,-2.149163452392260254e+01,0.000000000000000000e+00
3.731875972046838541e+01,-2.068612630204662395e+01,0.000000000000000000e+00
3.734970734252502922e+01,-1.985919166381654577e+01,0.000000000000000000e+00
3.731627553731610902e+01,-1.901359206660895751e+01,0.000000000000000000e+00
3.721993174679970195e+01,-1.815337365711128115e+01,0.000000000000000000e+00
3.705786707782019818e+01,-1.728036721327758585e+01,0.000000000000000000e+00
3.682593143846338535e+01,-1.639596103960933959e+01,0.000000000000000000e+00
3.652257267355804515e+01,-1.550291232311052880e+01,0.000000000000000000e+00
3.615599064497575199e+01,-1.460796844162080532e+01,0.000000000000000000e+00
3.572487585401510302e+01,-1.371349499646155756e+01,0.000000000000000000e+00
3.522352673863462513e+01,-1.282031527874268129e+01,0.000000000000000000e+00
3.465605390457901080e+01,-1.193303632700171057e+01,0.000000000000000000e+00
3.402387929299676017e+01,-1.105502852454558749e+01,0.000000000000000000e+00
3.331037498294703880e+01,-1.018400364317989215e+01,0.000000000000000000e+00
3.253221524419866029e+01,-9.328462609786338788e+00,0.000000000000000000e+00
3.169007940705054338e+01,-8.491331185197342535e+00,0.000000000000000000e+00
3.078067910855816791e+01,-7.674485248293628104e+00,0.000000000000000000e+00
2.985103624089822105e+01,-6.891654740159813386e+00,0.000000000000000000e+00
2.892378964436636934e+01,-6.147941277273523575e+00,0.000000000000000000e+00
2.800143185533977430e+01,-5.442926980339699128e+00,0.000000000000000000e+00
2.708504364113106533e+01,-4.775823967597674802e+00,0.000000000000000000e+00
2.617564041259180740e+01,-4.145814156884674695e+00,0.000000000000000000e+00
2.527427029901149069e+01,-3.552067044316947086e+00,0.000000000000000000e+00
2.438328786692350647e+01,-2.993891294109339629e+00,0.000000000000000000e+00
2.351928907616181874e+01,-2.471976892342364618e+00,0.000000000000000000e+00
2.271427638423104867e+01,-1.987241683814835236e+00,0.000000000000000000e+00
2.196459054529696786e+01,-1.535913792477175965e+00,0.000000000000000000e+00
2.126444933525007031e+01,-1.114422567337209236e+00,0.000000000000000000e+00
2.060872863527957222e+01,-7.196726621905756849e-01,0.000000000000000000e+00
1.999296676912399562e+01,-3.489785330627745985e-01,0.000000000000000000e+00
1.941327708671325425e+01,-4.754881529040808433e-15,0.000000000000000000e+00
