3.107236804979650913e+01,0.000000000000000000e+00,0.000000000000000000e+00
3.102101086716956146e+01,5.414737588253879519e-01,0.000000000000000000e+00
3.096240370520921914e+01,1.081230962700046927e+00,0.000000000000000000e+00
3.089660063274181212e+01,1.619222226557003985e+00,0.000000000000000000e+00
3.082365454031155849e+01,2.155399894452097342e+00,0.000000000000000000e+00
3.074361708655754200e+01,2.689717970855681095e+00,0.000000000000000000e+00
3.065653864685867092e+01,3.222132050370736245e+00,0.000000000000000000e+00
3.056246826428990460e+01,3.752599245939792993e+00,0.000000000000000000e+00
3.046145574722531535e+01,4.281078416965004685e+00,0.000000000000000000e+00
3.035355839577028547e+01,4.807531358372205688e+00,0.000000000000000000e+00
3.023883423916021229e+01,5.331922341534872878e+00,0.000000000000000000e+00
3.011733960527961429e+01,5.854217782879903353e+00,0.000000000000000000e+00
2.998912904329912621e+01,6.374386156922262181e+00,0.000000000000000000e+00
2.985425437683746352e+01,6.892397705382890649e+00,0.000000000000000000e+00
2.971272232718445139e+01,7.408213716870883481e+00,0.000000000000000000e+00
2.956447643423352289e+01,7.921777585201829730e+00,0.000000000000000000e+00
2.940945550648685369e+01,8.433025664164071955e+00,0.000000000000000000e+00
2.924759877639670691e+01,8.941888304937247511e+00,0.000000000000000000e+00
2.907888143102813672e+01,9.448301321362361449e+00,0.000000000000000000e+00
2.890342245812118094e+01,9.952246470907773812e+00,0.000000000000000000e+00
2.872137418340095394e+01,1.045372528997970107e+01,0.000000000000000000e+00
2.853288341219690238e+01,1.095274775780098508e+01,0.000000000000000000e+00
2.833800562929383915e+01,1.144929746209901822e+01,0.000000000000000000e+00
2.813664547817756301e+01,1.194329741810422441e+01,0.000000000000000000e+00
2.792869474709746669e+01,1.243465604463362340e+01,0.000000000000000000e+00
2.771407123294640940e+01,1.292328365457605344e+01,0.000000000000000000e+00
2.749278440170137472e+01,1.340912690312494959e+01,0.000000000000000000e+00
2.726486441630780888e+01,1.389214229712389326e+01,0.000000000000000000e+00
2.703035656329767633e+01,1.437229552587812975e+01,0.000000000000000000e+00
2.678936206641285267e+01,1.484958587605810010e+01,0.000000000000000000e+00
2.654198950633387710e+01,1.532402478631008336e+01,0.000000000000000000e+00
2.628826248848743674e+01,1.579558167199155605e+01,0.000000000000000000e+00
2.602806841714743413e+01,1.626414224327455216e+01,0.000000000000000000e+00
2.576130660089883051e+01,1.672958811731285422e+01,0.000000000000000000e+00
2.548806522839704769e+01,1.719191707438912076e+01,0.000000000000000000e+00
2.520852217067690049e+01,1.765119725103456005e+01,0.000000000000000000e+00
2.492268996453071139e+01,1.810739417152398190e+01,0.000000000000000000e+00
2.463033817490464017e+01,1.856029108710085396e+01,0.000000000000000000e+00
2.433130582392909247e+01,1.900969951437497940e+01,0.000000000000000000e+00
2.402571020288672443e+01,1.945563650846803938e+01,0.000000000000000000e+00
2.371369980411684608e+01,1.989815675948318230e+01,0.000000000000000000e+00
2.339529858416919694e+01,2.033722278646902382e+01,0.000000000000000000e+00
2.307048806188977963e+01,2.077276075485059437e+01,0.000000000000000000e+00
2.273925581424201070e+01,2.120469909432420863e+01,0.000000000000000000e+00
2.240159815115639574e+01,2.163297187231063035e+01,0.000000000000000000e+00
2.205755404004034403e+01,2.205755404004034048e+01,0.000000000000000000e+00
2.170714276238154383e+01,2.247840435622564570e+01,0.000000000000000000e+00
2.135017994137963626e+01,2.289526492253213164e+01,0.000000000000000000e+00
2.098651414972322371e+01,2.330788525732254612e+01,0.000000000000000000e+00
2.061634051204585205e+01,2.371638679756815549e+01,0.000000000000000000e+00
2.023984504021823483e+01,2.412090804023018009e+01,0.000000000000000000e+00
1.985705045431018334e+01,2.452141514320068794e+01,0.000000000000000000e+00
1.946792674672573398e+01,2.491780993561942736e+01,0.000000000000000000e+00
1.907238844991776716e+01,2.530991432839628885e+01,0.000000000000000000e+00
1.867017408804971623e+01,2.569729006684099915e+01,0.000000000000000000e+00
1.826130178470112853e+01,2.607984174433713420e+01,0.000000000000000000e+00
1.784656992155020205e+01,2.645862798752380129e+01,0.000000000000000000e+00
1.742531558622716759e+01,2.683263295464337617e+01,0.000000000000000000e+00
1.699608081620959510e+01,2.719941498855241946e+01,0.000000000000000000e+00
1.655948428578763298e+01,2.755960993514216639e+01,0.000000000000000000e+00
1.611533503434043624e+01,2.791257906047236403e+01,0.000000000000000000e+00
1.566260099849107590e+01,2.825608017303978059e+01,0.000000000000000000e+00
1.520263182818319514e+01,2.859199202218062297e+01,0.000000000000000000e+00
1.473566097364120075e+01,2.892036303243047612e+01,0.000000000000000000e+00
1.426090756690486394e+01,2.923919356883229881e+01,0.000000000000000000e+00
1.377905273652791607e+01,2.954927395155028691e+01,0.000000000000000000e+00
1.329072540831920790e+01,2.985145801894807249e+01,0.000000000000000000e+00
1.279577721481140884e+01,3.014496202406711944e+01,0.000000000000000000e+00
1.229369371275489797e+01,3.042795968836622933e+01,0.000000000000000000e+00
1.178532383062534095e+01,3.070181823503733298e+01,0.000000000000000000e+00
1.127105690153175033e+01,3.096697433034665536e+01,0.000000000000000000e+00
1.075090944374528945e+01,3.122290815143279019e+01,0.000000000000000000e+00
1.022487682311463253e+01,3.146893506814470243e+01,0.000000000000000000e+00
9.692975664558897364e+00,3.170429483332551968e+01,0.000000000000000000e+00
9.155753185404300609e+00,3.192990590302137477e+01,0.000000000000000000e+00
8.613472047012226795e+00,3.214591530902393401e+01,0.000000000000000000e+00
8.066285351459178798e+00,3.235210349209192771e+01,0.000000000000000000e+00
7.514337069521133117e+00,3.254816972786990448e+01,0.000000000000000000e+00
6.957637367806118966e+00,3.273311025141306629e+01,0.000000000000000000e+00
6.396514835734797622e+00,3.290721608639310602e+01,0.000000000000000000e+00
5.831293996388013490e+00,3.307091162656121952e+01,0.000000000000000000e+00
5.262191009691598254e+00,3.322416645794971402e+01,0.000000000000000000e+00
4.689403191306558583e+00,3.336683748347450518e+01,0.000000000000000000e+00
4.113134714828274419e+00,3.349879402248996030e+01,0.000000000000000000e+00
3.533606543662689337e+00,3.362002049423262662e+01,0.000000000000000000e+00
2.951018368432388961e+00,3.373029429759166931e+01,0.000000000000000000e+00
2.365512507375627571e+00,3.382840489405657536e+01,0.000000000000000000e+00
1.777433177858552149e+00,3.391544542002207407e+01,0.000000000000000000e+00
1.187007983055274662e+00,3.399146125161353638e+01,0.000000000000000000e+00
5.944549358193809141e-01,3.405630046430815838e+01,0.000000000000000000e+00
2.088631334421269884e-15,3.410993824301759503e+01,0.000000000000000000e+00
-5.961307048661601549e-01,3.415230520869997122e+01,0.000000000000000000e+00
-1.193709260138735129e+00,3.418336071949484278e+01,0.000000000000000000e+00
-1.792505924182168142e+00,3.420305055288267226e+01,0.000000000000000000e+00
-2.392291726473149360e+00,3.421136556898566283e+01,0.000000000000000000e+00
-2.992832066840666272e+00,3.420822705737012370e+01,0.000000000000000000e+00
-3.593844524802076279e+00,3.419314660077937873e+01,0.000000000000000000e+00
-4.195076314857845823e+00,3.416615479999335747e+01,0.000000000000000000e+00
-4.796330786388646850e+00,3.412766685600904282e+01,0.000000000000000000e+00
-5.397380355463191393e+00,3.407771839458300889e+01,0.000000000000000000e+00
-5.997989017324298899e+00,3.401628606821799394e+01,0.000000000000000000e+00
-6.597925564175878499e+00,3.394338445825419370e+01,0.000000000000000000e+00
-7.196957119421558247e+00,3.385902116065602740e+01,0.000000000000000000e+00
-7.794853082454284987e+00,3.376321807024024935e+01,0.000000000000000000e+00
-8.391380934182882001e+00,3.365599065685690050e+01,0.000000000000000000e+00
-8.986317004265471198e+00,3.353739163283886882e+01,0.000000000000000000e+00
-9.579421792616811260e+00,3.340741392321626080e+01,0.000000000000000000e+00
-1.017034196199638174e+01,3.326568963727500261e+01,0.000000000000000000e+00
-1.075875348689941902e+01,3.311203848715721421e+01,0.000000000000000000e+00
-1.134459904297963995e+01,3.294710794349222738e+01,0.000000000000000000e+00
-1.192768375229515421e+01,3.277104177582672406e+01,0.000000000000000000e+00
-1.250777122123251495e+01,3.258385803212466669e+01,0.000000000000000000e+00
-1.308465757596191281e+01,3.238566394771726920e+01,0.000000000000000000e+00
-1.365811082080659844e+01,3.217649268988023437e+01,0.000000000000000000e+00
-1.422796354756678205e+01,3.195652934560368763e+01,0.000000000000000000e+00
-1.479391110151889066e+01,3.172564473861046253e+01,0.000000000000000000e+00
-1.535515411234874072e+01,3.148273146459074212e+01,0.000000000000000000e+00
-1.591202556208019381e+01,3.122910853200509607e+01,0.000000000000000000e+00
-1.646444631748187248e+01,3.096511992656213508e+01,0.000000000000000000e+00
-1.701211249220369481e+01,3.069066335398503398e+01,0.000000000000000000e+00
-1.755499352092067156e+01,3.040614070477707997e+01,0.000000000000000000e+00
-1.809271258787377334e+01,3.011133034006326881e+01,0.000000000000000000e+00
-1.862417563699018430e+01,2.980491134680049825e+01,0.000000000000000000e+00
-1.914999438062744730e+01,2.948840540397435106e+01,0.000000000000000000e+00
-1.967021628093706198e+01,2.916229490032113247e+01,0.000000000000000000e+00
-2.018464058615745671e+01,2.882665421992677679e+01,0.000000000000000000e+00
-2.069282078232334499e+01,2.848122440834002234e+01,0.000000000000000000e+00
-2.119365267036850398e+01,2.812492702743409367e+01,0.000000000000000000e+00
-2.168789633458159116e+01,2.775924143331866034e+01,0.000000000000000000e+00
-2.217591573161265472e+01,2.738497528052939600e+01,0.000000000000000000e+00
-2.265686840755841658e+01,2.700140432164199922e+01,0.000000000000000000e+00
-2.312958592244499556e+01,2.660754491728452464e+01,0.000000000000000000e+00
-2.359533632235002543e+01,2.620527581120575888e+01,0.000000000000000000e+00
-2.405387846257884732e+01,2.579462661800617695e+01,0.000000000000000000e+00
-2.450372841370527155e+01,2.537435357328313401e+01,0.000000000000000000e+00
-2.494603752994417789e+01,2.494603752994418144e+01,0.000000000000000000e+00
-2.538007945210054217e+01,2.450925783060515784e+01,0.000000000000000000e+00
-2.580445645104624219e+01,2.406304493018292590e+01,0.000000000000000000e+00
-2.622041818430206916e+01,2.360897057632621454e+01,0.000000000000000000e+00
-2.662743434267575182e+01,2.314687553616036197e+01,0.000000000000000000e+00
-2.702372150527324379e+01,2.267559474811231723e+01,0.000000000000000000e+00
-2.741001651157547059e+01,2.219619372068533991e+01,0.000000000000000000e+00
-2.778701152778662120e+01,2.170959271023615500e+01,0.000000000000000000e+00
-2.815413720526749941e+01,2.121566411817908104e+01,0.000000000000000000e+00
-2.851098851059053629e+01,2.071444566841625345e+01,0.000000000000000000e+00
-2.885740881886785658e+01,2.020617518817064351e+01,0.000000000000000000e+00
-2.919322086950286987e+01,1.969107611054175777e+01,0.000000000000000000e+00
-2.951823446606651657e+01,1.916936560004804946e+01,0.000000000000000000e+00
-2.983227264639777943e+01,1.864127287453693782e+01,0.000000000000000000e+00
-3.013519067650524264e+01,1.810704932439851333e+01,0.000000000000000000e+00
-3.042707831020087994e+01,1.756708185304829684e+01,0.000000000000000000e+00
-3.070815362883520905e+01,1.702180750986555324e+01,0.000000000000000000e+00
-3.097821771620116493e+01,1.647141053576688918e+01,0.000000000000000000e+00
-3.123660096092012139e+01,1.591584314529093369e+01,0.000000000000000000e+00
-3.148277996971930648e+01,1.535517776988064576e+01,0.000000000000000000e+00
-3.171694128162581805e+01,1.478985261287453845e+01,0.000000000000000000e+00
-3.193946179977901068e+01,1.422036458657782987e+01,0.000000000000000000e+00
-3.215051771048264584e+01,1.364708509620078303e+01,0.000000000000000000e+00
-3.234982872212258087e+01,1.307017920501294661e+01,0.000000000000000000e+00
-3.253705468989139860e+01,1.248980510142970957e+01,0.000000000000000000e+00
-3.271190756431324331e+01,1.190616065947745383e+01,0.000000000000000000e+00
-3.287435923508399327e+01,1.131954965384354850e+01,0.000000000000000000e+00
-3.302446816919927386e+01,1.073030016578951340e+01,0.000000000000000000e+00
-3.316230240871878010e+01,1.013873331415577717e+01,0.000000000000000000e+00
-3.328793189785591267e+01,9.545160873163640147e+00,0.000000000000000000e+00
-3.340134883846924652e+01,8.949864447378063304e+00,0.000000000000000000e+00
-3.350249578452584132e+01,8.353110364217908312e+00,0.000000000000000000e+00
-3.359132015932102888e+01,7.755167322702099852e+00,0.000000000000000000e+00
-3.366777530787931028e+01,7.156306558521694505e+00,0.000000000000000000e+00
-3.373182059849118275e+01,6.556801715712781586e+00,0.000000000000000000e+00
-3.378342152153332023e+01,5.956928714893342303e+00,0.000000000000000000e+00
-3.382254978546808388e+01,5.356965618120131722e+00,0.000000000000000000e+00
-3.384918340992072672e+01,4.757192490424610121e+00,0.000000000000000000e+00
-3.386330681573262780e+01,4.157891258090069542e+00,0.000000000000000000e+00
-3.386492285577950412e+01,3.559346819087841673e+00,0.000000000000000000e+00
-3.385408889106215469e+01,2.961848991966874234e+00,0.000000000000000000e+00
-3.383088122229225547e+01,2.365685669114475864e+00,0.000000000000000000e+00
-3.379538305511114515e+01,1.771140975938094719e+00,0.000000000000000000e+00
-3.374768435413375300e+01,1.178495106210956767e+00,0.000000000000000000e+00
-3.368788169315842396e+01,5.880241622481902075e-01,0.000000000000000000e+00
-3.361607810168578681e+01,4.116782244711692837e-15,0.000000000000000000e+00
-3.360279560567369117e+01,-5.865389790666479808e-01,0.000000000000000000e+00
-3.245431350480622967e+01,-1.133329600914251056e+00,0.000000000000000000e+00
-3.137356323152586768e+01,-1.644218777160336042e+00,0.000000000000000000e+00
-3.036046476040081288e+01,-2.123010509818108016e+00,0.000000000000000000e+00
-2.940852369778800934e+01,-2.572912434589930353e+00,0.000000000000000000e+00
-2.851181983103256812e+01,-2.996713019373414610e+00,0.000000000000000000e+00
-2.766517055921376311e+01,-3.396855819417032407e+00,0.000000000000000000e+00
-2.686402544785049429e+01,-3.775492559907195567e+00,0.000000000000000000e+00
-2.610436154148285226e+01,-4.134524692777107546e+00,0.000000000000000000e+00
-2.538260957098407289e+01,-4.475638908153410256e+00,0.000000000000000000e+00
-2.469559215210534120e+01,-4.800336836865248813e+00,0.000000000000000000e+00
-2.404047104756201492e+01,-5.109959866797489703e+00,0.000000000000000000e+00
-2.341470279105685037e+01,-5.405710079113967836e+00,0.000000000000000000e+00
-2.281600115750144653e+01,-5.688668001467529045e+00,0.000000000000000000e+00
-2.224230529261170020e+01,-5.959807740961780453e+00,0.000000000000000000e+00
-2.169175238693078001e+01,-6.220009905975005360e+00,0.000000000000000000e+00
-2.116265393541458550e+01,-6.470072609148093790e+00,0.000000000000000000e+00
-2.065347481593433088e+01,-6.710720763347370443e+00,0.000000000000000000e+00
-2.016281696401695456e+01,-6.942614642416335968e+00,0.000000000000000000e+00
-1.968940616005417255e+01,-7.166357772637322654e+00,0.000000000000000000e+00
-1.923207531214980293e+01,-7.382502031426831479e+00,0.000000000000000000e+00
-1.878975146819221109e+01,-7.591552370074294842e+00,0.000000000000000000e+00
-1.836145294208142076e+01,-7.793974362931312072e+00,0.000000000000000000e+00
-1.794627507487415485e+01,-7.990196457771562066e+00,0.000000000000000000e+00
-1.754337905066617154e+01,-8.180612001241600595e+00,0.000000000000000000e+00
-1.715199645792228367e+01,-8.365587631494912912e+00,0.000000000000000000e+00
-1.677140989540813010e+01,-8.545460165613127046e+00,0.000000000000000000e+00
-1.640095658362298536e+01,-8.720543303782767097e+00,0.000000000000000000e+00
-1.604002139329281107e+01,-8.891129043798256859e+00,0.000000000000000000e+00
-1.568802790205868902e+01,-9.057487132307945998e+00,0.000000000000000000e+00
-1.534444452036387929e+01,-9.219872433139896017e+00,0.000000000000000000e+00
-1.500876749682653610e+01,-9.378518818699774329e+00,0.000000000000000000e+00
-1.468053337216585419e+01,-9.533649844073961432e+00,0.000000000000000000e+00
-1.435929976646815476e+01,-9.685469988376235406e+00,0.000000000000000000e+00
-1.404465924995566262e+01,-9.834176278405676541e+00,0.000000000000000000e+00
-1.373622151184582485e+01,-9.979949102458082422e+00,0.000000000000000000e+00
-1.343362515165077298e+01,-1.012296264058919526e+01,0.000000000000000000e+00
-1.313652467647298572e+01,-1.026337791197913951e+01,0.000000000000000000e+00
-1.284459610241832017e+01,-1.040134883657717957e+01,0.000000000000000000e+00
-1.255753294547229970e+01,-1.053702126304234632e+01,0.000000000000000000e+00
-1.227504176690156790e+01,-1.067053101410779981e+01,0.000000000000000000e+00
-1.199684926840323662e+01,-1.080201160010185646e+01,0.000000000000000000e+00
-1.172268866900794038e+01,-1.093158403394492595e+01,0.000000000000000000e+00
-1.145231258168149502e+01,-1.105936970571164402e+01,0.000000000000000000e+00
-1.118548005592832162e+01,-1.118548005592831629e+01,0.000000000000000000e+00
-1.092196223316078019e+01,-1.131002297851372518e+01,0.000000000000000000e+00
-1.066154196079338590e+01,-1.143310399937001520e+01,0.000000000000000000e+00
-1.040400604819546615e+01,-1.155481932148449076e+01,0.000000000000000000e+00
-1.014915506185483629e+01,-1.167526734314498071e+01,0.000000000000000000e+00
-9.896793253487556896e+00,-1.179453891500592810e+01,0.000000000000000000e+00
-9.646731885194474998e+00,-1.191272177488268369e+01,0.000000000000000000e+00
-9.398791421828850190e+00,-1.202990443309793100e+01,0.000000000000000000e+00
-9.152793541075498140e+00,-1.214616727204497515e+01,0.000000000000000000e+00
-8.908568403824338233e+00,-1.226159248830455617e+01,0.000000000000000000e+00
-8.665950331449309374e+00,-1.237625969238548862e+01,0.000000000000000000e+00
-8.424775100094366920e+00,-1.249024273189790790e+01,0.000000000000000000e+00
-8.184886048400771941e+00,-1.260361925874714117e+01,0.000000000000000000e+00
-7.946127371194980249e+00,-1.271646200428151552e+01,0.000000000000000000e+00
-7.708345497070330232e+00,-1.282884125364314443e+01,0.000000000000000000e+00
-7.471392128939969624e+00,-1.294083077059421072e+01,0.000000000000000000e+00
-7.235118148814596140e+00,-1.305249865549251886e+01,0.000000000000000000e+00
-6.999377028299495151e+00,-1.316391361806002180e+01,0.000000000000000000e+00
-6.764025026289654186e+00,-1.327514657609582116e+01,0.000000000000000000e+00
-6.528916719277782832e+00,-1.338626303088652136e+01,0.000000000000000000e+00
-6.293909107258530256e+00,-1.349733163757403709e+01,0.000000000000000000e+00
-6.058859704670984669e+00,-1.360842170461747358e+01,0.000000000000000000e+00
-5.823623844275046757e+00,-1.371959801120298472e+01,0.000000000000000000e+00
-5.588058657536109308e+00,-1.383093051938672957e+01,0.000000000000000000e+00
-5.352019771411450577e+00,-1.394248818052897043e+01,0.000000000000000000e+00
-5.115360327487946002e+00,-1.405433699214710686e+01,0.000000000000000000e+00
-4.877934170331077013e+00,-1.416654947806210529e+01,0.000000000000000000e+00
-4.639591853514835940e+00,-1.427919546677502538e+01,0.000000000000000000e+00
-4.400181273517778990e+00,-1.439234444029049342e+01,0.000000000000000000e+00
-4.159549361522041799e+00,-1.450607252324121532e+01,0.000000000000000000e+00
-3.917538261417619072e+00,-1.462045183220560851e+01,0.000000000000000000e+00
-3.673987226105198900e+00,-1.473555791651697078e+01,0.000000000000000000e+00
-3.428732323001038029e+00,-1.485147133645724615e+01,0.000000000000000000e+00
-3.181603679627540870e+00,-1.496826846760313501e+01,0.000000000000000000e+00
-2.932427873539662944e+00,-1.508603359336169625e+01,0.000000000000000000e+00
-2.681025693791359910e+00,-1.520485227512689796e+01,0.000000000000000000e+00
-2.427211245239766058e+00,-1.532480867606884978e+01,0.000000000000000000e+00
-2.170793384804450277e+00,-1.544599752378957369e+01,0.000000000000000000e+00
-1.911572701961871346e+00,-1.556851030703695038e+01,0.000000000000000000e+00
-1.649342401728384644e+00,-1.569244471984666767e+01,0.000000000000000000e+00
-1.383887390895252922e+00,-1.581790525906465916e+01,0.000000000000000000e+00
-1.114982573090206541e+00,-1.594499365981289607e+01,0.000000000000000000e+00
-8.423934904809217139e-01,-1.607382533671879443e+01,0.000000000000000000e+00
-5.658740873880891975e-01,-1.620451369268372588e+01,0.000000000000000000e+00
-2.851665564240116191e-01,-1.633718107590743074e+01,0.000000000000000000e+00
-3.025849493029239825e-15,-1.647195743913512800e+01,0.000000000000000000e+00
2.899107132189628899e-01,-1.660897363666084914e+01,0.000000000000000000e+00
5.848662032535977273e-01,-1.674837673298707230e+01,0.000000000000000000e+00
8.851837121019030530e-01,-1.689031140436703282e+01,0.000000000000000000e+00
1.191199137660969187e+00,-1.703494131297259173e+01,0.000000000000000000e+00
1.503267863046473307e+00,-1.718243029968152058e+01,0.000000000000000000e+00
1.821767518848677270e+00,-1.733296012519120666e+01,0.000000000000000000e+00
2.147098931736955318e+00,-1.748671751519990991e+01,0.000000000000000000e+00
2.479689385256664380e+00,-1.764390677277278385e+01,0.000000000000000000e+00
2.819993962534479870e+00,-1.780474115232657439e+01,0.000000000000000000e+00
3.168499261691735125e+00,-1.796945225830451420e+01,0.000000000000000000e+00
3.525724902677979777e+00,-1.813828220727858920e+01,0.000000000000000000e+00
3.892229723603425562e+00,-1.831150115067174511e+01,0.000000000000000000e+00
4.268611927643010340e+00,-1.848938958126728949e+01,0.000000000000000000e+00
4.655512736601283841e+00,-1.867224171979373892e+01,0.000000000000000000e+00
5.053625404607721805e+00,-1.886038677241680617e+01,0.000000000000000000e+00
5.463716557133938778e+00,-1.905424403840160252e+01,0.000000000000000000e+00
5.886560936531742172e+00,-1.925407325312130169e+01,0.000000000000000000e+00
6.322713062526617911e+00,-1.945930990282111850e+01,0.000000000000000000e+00
6.771585672724385496e+00,-1.966611276983994117e+01,0.000000000000000000e+00
7.232204764723212165e+00,-1.987031928394918623e+01,0.000000000000000000e+00
7.703974486269438593e+00,-2.006953968886060835e+01,0.000000000000000000e+00
8.187676121771021442e+00,-2.026520952902598083e+01,0.000000000000000000e+00
8.683732228840744582e+00,-2.045759111549445919e+01,0.000000000000000000e+00
9.191785159819231055e+00,-2.064508748678101568e+01,0.000000000000000000e+00
9.711517183732524927e+00,-2.082641580916188673e+01,0.000000000000000000e+00
1.024355895115338910e+01,-2.100240826899377566e+01,0.000000000000000000e+00
1.078820948612654007e+01,-2.117305327306227625e+01,0.000000000000000000e+00
1.134533893909943103e+01,-2.133747920108860185e+01,0.000000000000000000e+00
1.191508956510738670e+01,-2.149539058378997680e+01,0.000000000000000000e+00
1.249621342688261727e+01,-2.164407655758508398e+01,0.000000000000000000e+00
1.308222028272633253e+01,-2.177247080013123437e+01,0.000000000000000000e+00
1.367064205710603275e+01,-2.187760051814757389e+01,0.000000000000000000e+00
1.426065833493938406e+01,-2.195948813090359053e+01,0.000000000000000000e+00
1.485143957252899938e+01,-2.201816463645706534e+01,0.000000000000000000e+00
1.544218080302488971e+01,-2.205371973359134330e+01,0.000000000000000000e+00
1.603208780256951371e+01,-2.206627579886311352e+01,0.000000000000000000e+00
1.662038224683198706e+01,-2.205599219401020861e+01,0.000000000000000000e+00
1.720630351988338802e+01,-2.202306421124905000e+01,0.000000000000000000e+00
1.778867808165503561e+01,-2.196718798155319519e+01,0.000000000000000000e+00
1.836566814031569095e+01,-2.188735098661425127e+01,0.000000000000000000e+00
1.893786089255356231e+01,-2.178551687113990454e+01,0.000000000000000000e+00
1.950476869712692007e+01,-2.166224021387787246e+01,0.000000000000000000e+00
2.006557840887287014e+01,-2.151769843422215445e+01,0.000000000000000000e+00
2.061971120407843472e+01,-2.135233601343030330e+01,0.000000000000000000e+00
2.116649542034517850e+01,-2.116649542034518916e+01,0.000000000000000000e+00
2.170460095295490532e+01,-2.095988950193549272e+01,0.000000000000000000e+00
2.223189068892934372e+01,-2.073157346079001329e+01,0.000000000000000000e+00
2.274950727030105568e+01,-2.048374835196217703e+01,0.000000000000000000e+00
2.325790260483510963e+01,-2.021778628380463871e+01,0.000000000000000000e+00
2.375549490560959498e+01,-1.993322701373077876e+01,0.000000000000000000e+00
2.424019345463824848e+01,-1.962932162112419121e+01,0.000000000000000000e+00
2.471189398047940955e+01,-1.930704757070646238e+01,0.000000000000000000e+00
2.517196525861831802e+01,-1.896843636967865976e+01,0.000000000000000000e+00
2.561927585017776110e+01,-1.861349344185484611e+01,0.000000000000000000e+00
2.604999017455433474e+01,-1.824039949051183385e+01,0.000000000000000000e+00
2.646635210000297533e+01,-1.785177990120247671e+01,0.000000000000000000e+00
2.686923843238682963e+01,-1.744908746142638023e+01,0.000000000000000000e+00
2.725592829524949678e+01,-1.703139424953969439e+01,0.000000000000000000e+00
2.762565086439968454e+01,-1.659916567942246601e+01,0.000000000000000000e+00
2.797847343748581395e+01,-1.615337917064724849e+01,0.000000000000000000e+00
2.831430017931279153e+01,-1.569487287494383132e+01,0.000000000000000000e+00
2.863289709154187079e+01,-1.522438143936533805e+01,0.000000000000000000e+00
2.893381435623474829e+01,-1.474251476544887396e+01,0.000000000000000000e+00
2.921656325280681088e+01,-1.424987002428967209e+01,0.000000000000000000e+00
2.948060845080633996e+01,-1.374703348767998712e+01,0.000000000000000000e+00
2.972539677846357975e+01,-1.323459932794993499e+01,0.000000000000000000e+00
2.995026301841107852e+01,-1.271313239016940067e+01,0.000000000000000000e+00
3.015451610915827274e+01,-1.218321533546866320e+01,0.000000000000000000e+00
3.033790776630190322e+01,-1.164563168970494544e+01,0.000000000000000000e+00
3.050139469778271106e+01,-1.110159977359787042e+01,0.000000000000000000e+00
3.064618855578693157e+01,-1.055232896183919777e+01,0.000000000000000000e+00
3.077355607279722349e+01,-9.998934491179591433e+00,0.000000000000000000e+00
3.088466201670234668e+01,-9.442388764986795024e+00,0.000000000000000000e+00
3.098037120846630188e+01,-8.883478493122758834e+00,0.000000000000000000e+00
3.106153527102948075e+01,-8.322913291543182268e+00,0.000000000000000000e+00
3.112903564238412812e+01,-7.761340287149828043e+00,0.000000000000000000e+00
3.118378080714073519e+01,-7.199343067400644891e+00,0.000000000000000000e+00
3.122670349576801030e+01,-6.637440727349726011e+00,0.000000000000000000e+00
3.125875785449918354e+01,-6.076087015018631909e+00,0.000000000000000000e+00
3.128091658892041949e+01,-5.515669575917702794e+00,0.000000000000000000e+00
3.129416808427848551e+01,-4.956509297450421236e+00,0.000000000000000000e+00
3.129951350556354939e+01,-4.398859753850690169e+00,0.000000000000000000e+00
3.129796388044032440e+01,-3.842906752214853228e+00,0.000000000000000000e+00
3.129053716811443309e+01,-3.288767980106891198e+00,0.000000000000000000e+00
3.127825531723412666e+01,-2.736492755127444276e+00,0.000000000000000000e+00
3.126134893007135318e+01,-2.186006467733543346e+00,0.000000000000000000e+00
3.123750631300298508e+01,-1.637088336204483685e+00,0.000000000000000000e+00
3.120615403174198832e+01,-1.089742911666431002e+00,0.000000000000000000e+00
3.116735218677805364e+01,-5.440281560608644096e-01,0.000000000000000000e+00
3.112115996522877381e+01,-7.622485787434034765e-15,0.000000000000000000e+00
