1.182079561607485196e+01,0.000000000000000000e+00,0.000000000000000000e+00
1.194945791377731759e+01,2.085785637419865224e-01,0.000000000000000000e+00
1.208146180353926624e+01,4.218939427647494522e-01,0.000000000000000000e+00
1.221672854128807906e+01,6.402516129526555355e-01,0.000000000000000000e+00
1.235516747051399555e+01,8.639574722412095564e-01,0.000000000000000000e+00
1.249610131743493646e+01,1.093267203546920863e+00,0.000000000000000000e+00
1.263503908431880518e+01,1.327996120509260969e+00,0.000000000000000000e+00
1.276625843225839674e+01,1.567499435977850464e+00,0.000000000000000000e+00
1.288760315152940095e+01,1.811234504229112474e+00,0.000000000000000000e+00
1.299928206537748743e+01,2.058884014545595775e+00,0.000000000000000000e+00
1.310146799893041702e+01,2.310142295099974596e+00,0.000000000000000000e+00
1.319411412775686898e+01,2.564675982951718947e+00,0.000000000000000000e+00
1.327714649425222326e+01,2.822144607607440125e+00,0.000000000000000000e+00
1.335050201096322198e+01,3.082206249889271721e+00,0.000000000000000000e+00
1.341413042542345835e+01,3.344518348848776412e+00,0.000000000000000000e+00
1.346799282202399972e+01,3.608737800329487655e+00,0.000000000000000000e+00
1.351206076247423482e+01,3.874521075732126452e+00,0.000000000000000000e+00
1.354631628403666710e+01,4.141524508773078317e+00,0.000000000000000000e+00
1.357075189180632790e+01,4.409404582337850265e+00,0.000000000000000000e+00
1.358537054371007891e+01,4.677818214971412480e+00,0.000000000000000000e+00
1.359018562823681009e+01,4.946423046830528136e+00,0.000000000000000000e+00
1.358519961664467246e+01,5.214869541606807601e+00,0.000000000000000000e+00
1.357037403162008715e+01,5.482787003166883721e+00,0.000000000000000000e+00
1.354579206253317558e+01,5.749847596157291463e+00,0.000000000000000000e+00
1.351157853943509224e+01,6.015742349555716295e+00,0.000000000000000000e+00
1.346786639243530992e+01,6.280169237800919291e+00,0.000000000000000000e+00
1.341478898535467756e+01,6.542829756891842763e+00,0.000000000000000000e+00
1.335246988941790924e+01,6.803423222266486547e+00,0.000000000000000000e+00
1.328090208869020827e+01,7.061580901529216803e+00,0.000000000000000000e+00
1.319991861144513301e+01,7.316834364763903586e+00,0.000000000000000000e+00
1.311000893289255487e+01,7.569067186483913190e+00,0.000000000000000000e+00
1.301138099957897332e+01,7.818026441810458138e+00,0.000000000000000000e+00
1.290384589715009334e+01,8.063217822890011988e+00,0.000000000000000000e+00
1.278758939062576161e+01,8.304357648964295180e+00,0.000000000000000000e+00
1.266290473844779996e+01,8.541237094047362532e+00,0.000000000000000000e+00
1.253025431832998571e+01,8.773778529379423929e+00,0.000000000000000000e+00
1.238946542072254609e+01,9.001473527406760766e+00,0.000000000000000000e+00
1.223962359981057268e+01,9.223217935370998433e+00,0.000000000000000000e+00
1.208358702612419222e+01,9.440732860153881134e+00,0.000000000000000000e+00
1.191830750293244989e+01,9.651255118582954040e+00,0.000000000000000000e+00
1.174729870657351505e+01,9.857154012015174160e+00,0.000000000000000000e+00
1.156779429477751719e+01,1.005573016623630522e+01,0.000000000000000000e+00
1.138166914379469929e+01,1.024810092793267913e+01,0.000000000000000000e+00
1.118930490989184179e+01,1.043419563186835042e+01,0.000000000000000000e+00
1.099050209197629790e+01,1.061340449971517330e+01,0.000000000000000000e+00
1.078525764968748568e+01,1.078525764968748391e+01,0.000000000000000000e+00
1.057383450915300571e+01,1.094952616723276151e+01,0.000000000000000000e+00
1.035677979738995091e+01,1.110628659133675633e+01,0.000000000000000000e+00
1.013426437404870839e+01,1.125524084240613476e+01,0.000000000000000000e+00
9.906354525767019581e+00,1.139595727717324536e+01,0.000000000000000000e+00
9.673511671247768007e+00,1.152844228721154707e+01,0.000000000000000000e+00
9.436147414407196621e+00,1.165267161069702162e+01,0.000000000000000000e+00
9.194677195760883492e+00,1.176865013743066513e+01,0.000000000000000000e+00
8.949294851005362261e+00,1.187611538918086573e+01,0.000000000000000000e+00
8.699522468739731451e+00,1.197386544270611886e+01,0.000000000000000000e+00
8.446665848453623227e+00,1.206308899508573163e+01,0.000000000000000000e+00
8.190912107678638421e+00,1.214352658736277313e+01,0.000000000000000000e+00
7.931753944248096211e+00,1.221383000034576938e+01,0.000000000000000000e+00
7.670637520201681880e+00,1.227558608333657020e+01,0.000000000000000000e+00
7.406903653789312258e+00,1.232715777874863328e+01,0.000000000000000000e+00
7.141585198008121971e+00,1.236958840953190375e+01,0.000000000000000000e+00
6.874583221316202142e+00,1.240207642884208639e+01,0.000000000000000000e+00
6.606453154223845381e+00,1.242493128921953627e+01,0.000000000000000000e+00
6.337414556318174519e+00,1.243787638597131107e+01,0.000000000000000000e+00
6.067865987299416730e+00,1.244096894394834152e+01,0.000000000000000000e+00
5.798097361843010944e+00,1.243405991826054979e+01,0.000000000000000000e+00
5.528507189580512460e+00,1.241723045259167790e+01,0.000000000000000000e+00
5.259373339778685263e+00,1.239030712526798261e+01,0.000000000000000000e+00
4.991099213498091380e+00,1.235340404742554199e+01,0.000000000000000000e+00
4.724012216510807605e+00,1.230647256671222856e+01,0.000000000000000000e+00
4.458397005816609138e+00,1.224934510044522895e+01,0.000000000000000000e+00
4.194811195825023376e+00,1.218261630471135604e+01,0.000000000000000000e+00
3.933196666186761004e+00,1.210513462799558226e+01,0.000000000000000000e+00
3.674531520153878184e+00,1.201885104439782026e+01,0.000000000000000000e+00
3.418357549820695063e+00,1.192122949345731087e+01,0.000000000000000000e+00
3.165668905612155637e+00,1.181443719568552986e+01,0.000000000000000000e+00
2.916792358021648823e+00,1.169861517663627914e+01,0.000000000000000000e+00
2.671671937876258784e+00,1.157228254291301894e+01,0.000000000000000000e+00
2.432244781610264361e+00,1.144281203318549167e+01,0.000000000000000000e+00
2.199841107288758035e+00,1.131720140299894695e+01,0.000000000000000000e+00
1.973996597672599274e+00,1.119509101636782056e+01,0.000000000000000000e+00
1.754317781477291893e+00,1.107632655002360877e+01,0.000000000000000000e+00
1.540424128531556525e+00,1.096068720378349859e+01,0.000000000000000000e+00
1.331965262545905526e+00,1.084798652820198583e+01,0.000000000000000000e+00
1.128614248527129105e+00,1.073804728871565217e+01,0.000000000000000000e+00
9.300661452491147951e-01,1.063070468522501599e+01,0.000000000000000000e+00
7.360359616937970362e-01,1.052580464112097403e+01,0.000000000000000000e+00
5.462569182992884631e-01,1.042320292468587795e+01,0.000000000000000000e+00
3.604788725911019509e-01,1.032276429865862788e+01,0.000000000000000000e+00
1.784668981883268390e-01,1.022436174956997412e+01,0.000000000000000000e+00
6.201535338174926554e-16,1.012787579650341208e+01,0.000000000000000000e+00
-1.751300503272681386e-01,1.003319386364217891e+01,0.000000000000000000e+00
-3.471197719629122713e-01,9.940209709437930030e+00,0.000000000000000000e+00
-5.161549370447496843e-01,9.848822905796657423e+00,0.000000000000000000e+00
-6.824114475442598637e-01,9.758938361090134350e+00,0.000000000000000000e+00
-8.460561357020925932e-01,9.670465882147059489e+00,0.000000000000000000e+00
-1.007247495845144503e+00,9.583319771073766091e+00,0.000000000000000000e+00
-1.166136354731555302e+00,9.497418455189265529e+00,0.000000000000000000e+00
-1.322866493618504835e+00,9.412684195449678271e+00,0.000000000000000000e+00
-1.477575221913444814e+00,9.329042795402314070e+00,0.000000000000000000e+00
-1.630393896050977620e+00,9.246423261489598033e+00,0.000000000000000000e+00
-1.781448400881649796e+00,9.164757524999579630e+00,0.000000000000000000e+00
-1.930859595635799453e+00,9.083980190803584875e+00,0.000000000000000000e+00
-2.078743749265195007e+00,9.004028398761191099e+00,0.000000000000000000e+00
-2.225212936647459561e+00,8.924841619362933187e+00,0.000000000000000000e+00
-2.370375380605072468e+00,8.846361353428541463e+00,0.000000000000000000e+00
-2.514335785122518097e+00,8.768530933702344043e+00,0.000000000000000000e+00
-2.657195678908665482e+00,8.691295444183156249e+00,0.000000000000000000e+00
-2.799053739983029310e+00,8.614601615214594332e+00,0.000000000000000000e+00
-2.940006038184985737e+00,8.538397516529443010e+00,0.000000000000000000e+00
-3.080146296417737517e+00,8.462632398024517499e+00,0.000000000000000000e+00
-3.219566199470004886e+00,8.387256699297093832e+00,0.000000000000000000e+00
-3.358355642060173896e+00,8.312221898759577954e+00,0.000000000000000000e+00
-3.496602910491968252e+00,8.237480239028727169e+00,0.000000000000000000e+00
-3.634394921529078282e+00,8.162984644645042920e+00,0.000000000000000000e+00
-3.771817522689555613e+00,8.088688780306974024e+00,0.000000000000000000e+00
-3.908955641606077780e+00,8.014546768547999633e+00,0.000000000000000000e+00
-4.045893462911453575e+00,7.940513014464632313e+00,0.000000000000000000e+00
-4.182714707572776192e+00,7.866542247525469378e+00,0.000000000000000000e+00
-4.319502852384685454e+00,7.792589424733106007e+00,0.000000000000000000e+00
-4.456341246144265078e+00,7.718609454186673879e+00,0.000000000000000000e+00
-4.593313334298965600e+00,7.644557138280812403e+00,0.000000000000000000e+00
-4.730502962969998393e+00,7.570387231371888070e+00,0.000000000000000000e+00
-4.867994488198416292e+00,7.496054156419241110e+00,0.000000000000000000e+00
-5.005872951310762708e+00,7.421511850947016598e+00,0.000000000000000000e+00
-5.144224387679535937e+00,7.346713805498709782e+00,0.000000000000000000e+00
-5.283136042854984282e+00,7.271612932775220806e+00,0.000000000000000000e+00
-5.422696501943347513e+00,7.196161312123027898e+00,0.000000000000000000e+00
-5.562995943225589990e+00,7.120310107455638082e+00,0.000000000000000000e+00
-5.704126490246838266e+00,7.044009583322086598e+00,0.000000000000000000e+00
-5.846182367290424509e+00,6.967208839179285462e+00,0.000000000000000000e+00
-5.989260120126798981e+00,6.889855624822574853e+00,0.000000000000000000e+00
-6.133458943409592301e+00,6.811896261741731351e+00,0.000000000000000000e+00
-6.278881044980156645e+00,6.733275566603802886e+00,0.000000000000000000e+00
-6.425631850183411764e+00,6.653936566123110907e+00,0.000000000000000000e+00
-6.573820312540115118e+00,6.573820312540116007e+00,0.000000000000000000e+00
-6.723559294825103727e+00,6.492865737762365974e+00,0.000000000000000000e+00
-6.874966012787187886e+00,6.411009523607742011e+00,0.000000000000000000e+00
-7.028162351774970062e+00,6.328185805520005758e+00,0.000000000000000000e+00
-7.183275275667138970e+00,6.244325931220642723e+00,0.000000000000000000e+00
-7.340437292073509035e+00,6.159358224458835629e+00,0.000000000000000000e+00
-7.499786976697015106e+00,6.073207746093101989e+00,0.000000000000000000e+00
-7.661469535465906588e+00,5.985796025978611823e+00,0.000000000000000000e+00
-7.825637333680251828e+00,5.897040707430382334e+00,0.000000000000000000e+00
-7.992450522216976161e+00,5.806855207369290284e+00,0.000000000000000000e+00
-8.162077727464373211e+00,5.715148352224135309e+00,0.000000000000000000e+00
-8.334696802531761151e+00,5.621823978607014993e+00,0.000000000000000000e+00
-8.510495646517195922e+00,5.526780494722621562e+00,0.000000000000000000e+00
-8.689673099945878221e+00,5.429910398267097982e+00,0.000000000000000000e+00
-8.872439926636969787e+00,5.331099746603934264e+00,0.000000000000000000e+00
-9.059019887452762987e+00,5.230227570615025634e+00,0.000000000000000000e+00
-9.249650927263980194e+00,5.127165231760923980e+00,0.000000000000000000e+00
-9.444586479900019427e+00,5.021775709505329921e+00,0.000000000000000000e+00
-9.644096944892268652e+00,4.913912830814082255e+00,0.000000000000000000e+00
-9.848471230826511658e+00,4.803420366827428012e+00,0.000000000000000000e+00
-1.005801855400298095e+01,4.690131077596656262e+00,0.000000000000000000e+00
-1.027307177102124491e+01,4.573866238692027686e+00,0.000000000000000000e+00
-1.049397729005495350e+01,4.454429081503848309e+00,0.000000000000000000e+00
-1.072117407198234496e+01,4.331635496824769227e+00,0.000000000000000000e+00
-1.095483794591758908e+01,4.205168297079010742e+00,0.000000000000000000e+00
-1.119577527435326125e+01,4.074928949398113787e+00,0.000000000000000000e+00
-1.143374026658572440e+01,3.936952496967408788e+00,0.000000000000000000e+00
-1.166873050177390070e+01,3.791400370060026059e+00,0.000000000000000000e+00
-1.190049928802202217e+01,3.638347757025279350e+00,0.000000000000000000e+00
-1.212874714151909394e+01,3.477862277865938712e+00,0.000000000000000000e+00
-1.235321715686990096e+01,3.310034561109583162e+00,0.000000000000000000e+00
-1.257223687290879077e+01,3.134610710793744204e+00,0.000000000000000000e+00
-1.278695183223701548e+01,2.952100439518261510e+00,0.000000000000000000e+00
-1.299717812214440116e+01,2.762635493055848102e+00,0.000000000000000000e+00
-1.320269365959956076e+01,2.566343675003560865e+00,0.000000000000000000e+00
-1.340325639614259678e+01,2.363355731993244557e+00,0.000000000000000000e+00
-1.359866096407238345e+01,2.153816305957724886e+00,0.000000000000000000e+00
-1.378872181090873639e+01,1.937878472784188677e+00,0.000000000000000000e+00
-1.397328637765393822e+01,1.715703832250778049e+00,0.000000000000000000e+00
-1.415221308900573582e+01,1.487457534036848550e+00,0.000000000000000000e+00
-1.432544407591023372e+01,1.253313956616758595e+00,0.000000000000000000e+00
-1.449281853584514046e+01,1.013436596287468294e+00,0.000000000000000000e+00
-1.465371254795149447e+01,7.679685328901728614e-01,0.000000000000000000e+00
-1.480772276249463992e+01,5.170970732867771202e-01,0.000000000000000000e+00
-1.495553509511884194e+01,2.610498361215350394e-01,0.000000000000000000e+00
-1.509739877458618018e+01,1.848898108474813637e-15,0.000000000000000000e+00
-1.523265895266176884e+01,-2.658870510481011751e-01,0.000000000000000000e+00
-1.536036096340994206e+01,-5.363956245132774914e-01,0.000000000000000000e+00
-1.548104246960018848e+01,-8.113270568181897291e-01,0.000000000000000000e+00
-1.559513741705126755e+01,-1.090518241395339150e+00,0.000000000000000000e+00
-1.570218679154377917e+01,-1.373763336826578474e+00,0.000000000000000000e+00
-1.580187475849742818e+01,-1.660843962255861506e+00,0.000000000000000000e+00
-1.589404171338566485e+01,-1.951542932750512493e+00,0.000000000000000000e+00
-1.597867228279383944e+01,-2.245655940059814171e+00,0.000000000000000000e+00
-1.605581863533391029e+01,-2.542991848509618791e+00,0.000000000000000000e+00
-1.612545662207744357e+01,-2.843353078716240212e+00,0.000000000000000000e+00
-1.618749050114134391e+01,-3.146529407775734200e+00,0.000000000000000000e+00
-1.624182744874938678e+01,-3.452306997743951555e+00,0.000000000000000000e+00
-1.628838212376266270e+01,-3.760469317275043188e+00,0.000000000000000000e+00
-1.632707632837037792e+01,-4.070797333220753877e+00,0.000000000000000000e+00
-1.635783797161248643e+01,-4.383069474412711664e+00,0.000000000000000000e+00
-1.638060112306554927e+01,-4.697061787994590176e+00,0.000000000000000000e+00
-1.639530608902832043e+01,-5.012548103321946336e+00,0.000000000000000000e+00
-1.640189948453824442e+01,-5.329300198158835045e+00,0.000000000000000000e+00
-1.640035971163803197e+01,-5.647096716600307431e+00,0.000000000000000000e+00
-1.639074677939090208e+01,-5.965743945092907730e+00,0.000000000000000000e+00
-1.637304937725817666e+01,-6.285024799788429206e+00,0.000000000000000000e+00
-1.634723694088988921e+01,-6.604712444060794496e+00,0.000000000000000000e+00
-1.631328523232010497e+01,-6.924578750763930479e+00,0.000000000000000000e+00
-1.627117638847897041e+01,-7.244394471865778229e+00,0.000000000000000000e+00
-1.622089896534740205e+01,-7.563929409699984063e+00,0.000000000000000000e+00
-1.616244797770589514e+01,-7.882952589727560522e+00,0.000000000000000000e+00
-1.609582493462494668e+01,-8.201232434798397364e+00,0.000000000000000000e+00
-1.602105555025629613e+01,-8.518546341243755649e+00,0.000000000000000000e+00
-1.593823687567748415e+01,-8.834708964386326357e+00,0.000000000000000000e+00
-1.584748437914520736e+01,-9.149549372277876458e+00,0.000000000000000000e+00
-1.574891311096426882e+01,-9.462901680865250853e+00,0.000000000000000000e+00
-1.564255858166191437e+01,-9.774555443126764942e+00,0.000000000000000000e+00
-1.552837036493906631e+01,-1.008424162497462717e+01,0.000000000000000000e+00
-1.540631343218786675e+01,-1.039168962315458877e+01,0.000000000000000000e+00
-1.527647244623488909e+01,-1.069670116410658700e+01,0.000000000000000000e+00
-1.513900085167238707e+01,-1.099912795024936685e+01,0.000000000000000000e+00
-1.499398705757232442e+01,-1.129877967442249620e+01,0.000000000000000000e+00
-1.484142736251804706e+01,-1.159539387517883924e+01,0.000000000000000000e+00
-1.468135998902559614e+01,-1.188873090470095661e+01,0.000000000000000000e+00
-1.451390417737803595e+01,-1.217861164218029302e+01,0.000000000000000000e+00
-1.433932372802237687e+01,-1.246498394602338955e+01,0.000000000000000000e+00
-1.415797656536451221e+01,-1.274789935852824918e+01,0.000000000000000000e+00
-1.396942845332226746e+01,-1.302670277744371319e+01,0.000000000000000000e+00
-1.377323699348173847e+01,-1.330066035736285102e+01,0.000000000000000000e+00
-1.357048346395150595e+01,-1.357048346395150240e+01,0.000000000000000000e+00
-1.336033429420076324e+01,-1.383503116402061295e+01,0.000000000000000000e+00
-1.314087206609593395e+01,-1.409186002611866684e+01,0.000000000000000000e+00
-1.291342180768760350e+01,-1.434180786888606285e+01,0.000000000000000000e+00
-1.267870323536257438e+01,-1.458517964649189125e+01,0.000000000000000000e+00
-1.243648908287045352e+01,-1.482123054376952886e+01,0.000000000000000000e+00
-1.218653778050171788e+01,-1.504912085314856363e+01,0.000000000000000000e+00
-1.192920704963088951e+01,-1.526868874187374914e+01,0.000000000000000000e+00
-1.166516189894974076e+01,-1.548019269136496234e+01,0.000000000000000000e+00
-1.139470944953875886e+01,-1.568347207536718102e+01,0.000000000000000000e+00
-1.111803833355443238e+01,-1.587820428494816838e+01,0.000000000000000000e+00
-1.083541517866138726e+01,-1.606416362151385613e+01,0.000000000000000000e+00
-1.054710504852491937e+01,-1.624111753389543722e+01,0.000000000000000000e+00
-1.025339358365690323e+01,-1.640885979177409837e+01,0.000000000000000000e+00
-9.954578138079380523e+00,-1.656720015066052198e+01,0.000000000000000000e+00
-9.650967575012360911e+00,-1.671596618212118912e+01,0.000000000000000000e+00
-9.342879995568701190e+00,-1.685500168377601682e+01,0.000000000000000000e+00
-9.030641184368510821e+00,-1.698416587448840431e+01,0.000000000000000000e+00
-8.714583087933648997e+00,-1.710333231947608823e+01,0.000000000000000000e+00
-8.395042513555186048e+00,-1.721238791576369564e+01,0.000000000000000000e+00
-8.072359962481364448e+00,-1.731123180438554243e+01,0.000000000000000000e+00
-7.746878764964733932e+00,-1.739977458908847296e+01,0.000000000000000000e+00
-7.418943887433394835e+00,-1.747793650912362651e+01,0.000000000000000000e+00
-7.088902653167936663e+00,-1.754564976200384407e+01,0.000000000000000000e+00
-6.757099761037173025e+00,-1.760284669652301304e+01,0.000000000000000000e+00
-6.423889062820046014e+00,-1.764949014517955561e+01,0.000000000000000000e+00
-6.089480470444097904e+00,-1.768513542165823793e+01,0.000000000000000000e+00
-5.754117072323388093e+00,-1.770935138446875001e+01,0.000000000000000000e+00
-5.418425316829576843e+00,-1.772287063561275389e+01,0.000000000000000000e+00
-5.082742705232825564e+00,-1.772563032455598986e+01,0.000000000000000000e+00
-4.747426842893135657e+00,-1.771763818289349857e+01,0.000000000000000000e+00
-4.412826428204884799e+00,-1.769888010124723010e+01,0.000000000000000000e+00
-4.079292141152488504e+00,-1.766935549355893897e+01,0.000000000000000000e+00
-3.747173973750030029e+00,-1.762906750235837805e+01,0.000000000000000000e+00
-3.416821549306290784e+00,-1.757802302333751143e+01,0.000000000000000000e+00
-3.088585831147776073e+00,-1.751624067251723815e+01,0.000000000000000000e+00
-2.762782945544334456e+00,-1.744352500714889587e+01,0.000000000000000000e+00
-2.439721324173635519e+00,-1.735951924108026034e+01,0.000000000000000000e+00
-2.119873206581687874e+00,-1.726498177778266196e+01,0.000000000000000000e+00
-1.803583190772507949e+00,-1.715994780051931912e+01,0.000000000000000000e+00
-1.491201269391607465e+00,-1.704450850309016730e+01,0.000000000000000000e+00
-1.183074182393454077e+00,-1.691874903934105490e+01,0.000000000000000000e+00
-8.795480993424592553e-01,-1.678277750698486770e+01,0.000000000000000000e+00
-5.809670105305623222e-01,-1.663671846257115661e+01,0.000000000000000000e+00
-2.876720106561647117e-01,-1.648071845273510405e+01,0.000000000000000000e+00
-2.997007335805223702e-15,-1.631494804810582622e+01,0.000000000000000000e+00
2.817178691997495599e-01,-1.613960591715331105e+01,0.000000000000000000e+00
5.571469391856012088e-01,-1.595460086631991103e+01,0.000000000000000000e+00
8.259106746319548886e-01,-1.575931447450611778e+01,0.000000000000000000e+00
1.087699718190769937e+00,-1.555483065736583725e+01,0.000000000000000000e+00
1.342219049490118499e+00,-1.534163393743471993e+01,0.000000000000000000e+00
1.589175381419255073e+00,-1.511999376050105148e+01,0.000000000000000000e+00
1.828606974012765951e+00,-1.489280867697027766e+01,0.000000000000000000e+00
2.060901899420024108e+00,-1.466407897593734511e+01,0.000000000000000000e+00
2.286237917393560526e+00,-1.443473811385112526e+01,0.000000000000000000e+00
2.504898158623633631e+00,-1.420598338699612206e+01,0.000000000000000000e+00
2.717017056929720287e+00,-1.397784101168766924e+01,0.000000000000000000e+00
2.922602297542926220e+00,-1.374976276705141309e+01,0.000000000000000000e+00
3.121933514226221451e+00,-1.352257969799003412e+01,0.000000000000000000e+00
3.315131937959178376e+00,-1.329626796892242524e+01,0.000000000000000000e+00
3.502225744415047970e+00,-1.307048441773267378e+01,0.000000000000000000e+00
3.683478582517757172e+00,-1.284581641225105209e+01,0.000000000000000000e+00
3.859104922277873051e+00,-1.262256344003761832e+01,0.000000000000000000e+00
4.029199626691633007e+00,-1.240060135906152539e+01,0.000000000000000000e+00
4.193880751251225725e+00,-1.217991409745907738e+01,0.000000000000000000e+00
4.353290634820621285e+00,-1.196056771949295872e+01,0.000000000000000000e+00
4.507614462053676441e+00,-1.174273714295169313e+01,0.000000000000000000e+00
4.657040858486264590e+00,-1.152658060466189660e+01,0.000000000000000000e+00
4.801704460945543929e+00,-1.131210681430503762e+01,0.000000000000000000e+00
4.941737736646000911e+00,-1.109932468349709467e+01,0.000000000000000000e+00
5.077340399198165599e+00,-1.088839162386322634e+01,0.000000000000000000e+00
5.208770597100210509e+00,-1.067956236513984614e+01,0.000000000000000000e+00
5.336570730944784735e+00,-1.047360977992353881e+01,0.000000000000000000e+00
5.461461958244293591e+00,-1.027151604435225529e+01,0.000000000000000000e+00
5.583925870794741897e+00,-1.007366893280929965e+01,0.000000000000000000e+00
5.704066868710399696e+00,-9.879733626376722810e+00,0.000000000000000000e+00
5.821954725982405598e+00,-9.689359797626151405e+00,0.000000000000000000e+00
5.937720050771083002e+00,-9.502338421028349913e+00,0.000000000000000000e+00
6.051506540049909511e+00,-9.318502899317675059e+00,0.000000000000000000e+00
6.163442776041215154e+00,-9.137679691420531825e+00,0.000000000000000000e+00
6.273639654645306152e+00,-8.959685967799982720e+00,0.000000000000000000e+00
6.382195627423171480e+00,-8.784338674495435484e+00,0.000000000000000000e+00
6.489210143120205387e+00,-8.611472716834315477e+00,0.000000000000000000e+00
6.594782778641994803e+00,-8.440937033653836963e+00,0.000000000000000000e+00
6.699004237040031562e+00,-8.272581283936995433e+00,0.000000000000000000e+00
6.801964163330929125e+00,-8.106265228346707374e+00,0.000000000000000000e+00
6.903747927250307725e+00,-7.941853506926287665e+00,0.000000000000000000e+00
7.004433478074538755e+00,-7.779211480038163096e+00,0.000000000000000000e+00
7.104100296229363565e+00,-7.618214870553456031e+00,0.000000000000000000e+00
7.202824918711346669e+00,-7.458743548251706379e+00,0.000000000000000000e+00
7.300677466283199912e+00,-7.300677466283203465e+00,0.000000000000000000e+00
7.397729525278928797e+00,-7.143904361620730725e+00,0.000000000000000000e+00
7.494050753951994714e+00,-6.988315384341549752e+00,0.000000000000000000e+00
7.589705027176539609e+00,-6.833801101497400943e+00,0.000000000000000000e+00
7.684757428384240363e+00,-6.680257715829153398e+00,0.000000000000000000e+00
7.779272938748737154e+00,-6.527585053731465692e+00,0.000000000000000000e+00
7.873311352938359597e+00,-6.375681821982468911e+00,0.000000000000000000e+00
7.966932576676364341e+00,-6.224449909505379352e+00,0.000000000000000000e+00
8.060198427122058362e+00,-6.073795169389996751e+00,0.000000000000000000e+00
8.153166373024665958e+00,-5.923622107905643475e+00,0.000000000000000000e+00
8.245892474492940494e+00,-5.773836069906679747e+00,0.000000000000000000e+00
8.338436484671788662e+00,-5.624346426060752968e+00,0.000000000000000000e+00
8.430855100184798445e+00,-5.475061319207966015e+00,0.000000000000000000e+00
8.523202275790318083e+00,-5.325887882265213591e+00,0.000000000000000000e+00
8.615536302878330943e+00,-5.176736476201896586e+00,0.000000000000000000e+00
8.707914439125959305e+00,-5.027516745509608143e+00,0.000000000000000000e+00
8.800390531877512856e+00,-4.878136128138950589e+00,0.000000000000000000e+00
8.893021891493884112e+00,-4.728503615679302996e+00,0.000000000000000000e+00
8.985867552453392193e+00,-4.578528203761219828e+00,0.000000000000000000e+00
9.078983072546620292e+00,-4.428115915518796797e+00,0.000000000000000000e+00
9.172425746239481370e+00,-4.277172369329554691e+00,0.000000000000000000e+00
9.266257371511308349e+00,-4.125603587248511062e+00,0.000000000000000000e+00
9.360536802271678170e+00,-3.973312138767524093e+00,0.000000000000000000e+00
9.455322865272790978e+00,-3.820198411309029929e+00,0.000000000000000000e+00
9.550681055801046426e+00,-3.666162967416100926e+00,0.000000000000000000e+00
9.646675028212117198e+00,-3.511102569908286508e+00,0.000000000000000000e+00
9.743367111783808099e+00,-3.354910343005547801e+00,0.000000000000000000e+00
9.840827486886404074e+00,-3.197478677719568285e+00,0.000000000000000000e+00
9.939125968568609082e+00,-3.038695755473943105e+00,0.000000000000000000e+00
1.003833039258780069e+01,-2.878444920796961792e+00,0.000000000000000000e+00
1.013851771779508759e+01,-2.716607634931821558e+00,0.000000000000000000e+00
1.023976606285994073e+01,-2.553060422034249655e+00,0.000000000000000000e+00
1.034215116397811052e+01,-2.387673731574767366e+00,0.000000000000000000e+00
1.044575790315801100e+01,-2.220314383932732394e+00,0.000000000000000000e+00
1.055067224818846761e+01,-2.050842933213619990e+00,0.000000000000000000e+00
1.065697933785054552e+01,-1.879112990115693105e+00,0.000000000000000000e+00
1.076478128009130586e+01,-1.704973858263309383e+00,0.000000000000000000e+00
1.087418219072408476e+01,-1.528266641790247515e+00,0.000000000000000000e+00
1.098528131009948972e+01,-1.348822942055457164e+00,0.000000000000000000e+00
1.109817437997433487e+01,-1.166465131052325077e+00,0.000000000000000000e+00
1.121295258499328362e+01,-9.810062358406187455e-01,0.000000000000000000e+00
1.132976051484905788e+01,-7.922540328868536985e-01,0.000000000000000000e+00
1.144881396131335904e+01,-6.000069151371172360e-01,0.000000000000000000e+00
1.157028895051091233e+01,-4.040433933937055966e-01,0.000000000000000000e+00
1.169409951255035374e+01,-2.041212662686149870e-01,0.000000000000000000e+00
1.182004497061587678e+01,-2.895076047808500644e-15,0.000000000000000000e+00
