3.104753537065708002e+01,0.000000000000000000e+00,0.000000000000000000e+00
3.031425920366358540e+01,5.291373626507653860e-01,0.000000000000000000e+00
2.959033103816922150e+01,1.033317129368415577e+00,0.000000000000000000e+00
2.887630244491730025e+01,1.513342885043569064e+00,0.000000000000000000e+00
2.817272275319592367e+01,1.970028685899388510e+00,0.000000000000000000e+00
2.748012579178286430e+01,2.404199479047356647e+00,0.000000000000000000e+00
2.679903420382737167e+01,2.816691995851982711e+00,0.000000000000000000e+00
2.612995129610120770e+01,3.208354596306069784e+00,0.000000000000000000e+00
2.547337585779130364e+01,3.580049505741736304e+00,0.000000000000000000e+00
2.482974191608773396e+01,3.932644776782234786e+00,0.000000000000000000e+00
2.419957054547742814e+01,4.267037208725535713e+00,0.000000000000000000e+00
2.358314321006633207e+01,4.584098667611780087e+00,0.000000000000000000e+00
2.297946810958495689e+01,4.884436730379300151e+00,0.000000000000000000e+00
2.239022928808905277e+01,5.169191734627725410e+00,0.000000000000000000e+00
2.181594484539484569e+01,5.439325958439279241e+00,0.000000000000000000e+00
2.125678527691615471e+01,5.695738448631462170e+00,0.000000000000000000e+00
2.071296288317635259e+01,5.939346532144273993e+00,0.000000000000000000e+00
2.018428150975911706e+01,6.170954140732093585e+00,0.000000000000000000e+00
1.967042301030783591e+01,6.391307869281993348e+00,0.000000000000000000e+00
1.917229905757001163e+01,6.601551975768779279e+00,0.000000000000000000e+00
1.869007472449021634e+01,6.802630875925530063e+00,0.000000000000000000e+00
1.822332315548863235e+01,6.995278358220192061e+00,0.000000000000000000e+00
1.777240788282434281e+01,7.180518880900508272e+00,0.000000000000000000e+00
1.733728734427468154e+01,7.359241859034100663e+00,0.000000000000000000e+00
1.691640988047820215e+01,7.531670931225639798e+00,0.000000000000000000e+00
1.650512006594735581e+01,7.696463885518988413e+00,0.000000000000000000e+00
1.610035364682045866e+01,7.852667160989550865e+00,0.000000000000000000e+00
1.570125597060718903e+01,8.000189506050711330e+00,0.000000000000000000e+00
1.530757276001493672e+01,8.139180812344275040e+00,0.000000000000000000e+00
1.491938593493341791e+01,8.269950665850727134e+00,0.000000000000000000e+00
1.453715972846490345e+01,8.393033082481796470e+00,0.000000000000000000e+00
1.416228605427980902e+01,8.509559965419949634e+00,0.000000000000000000e+00
1.379761774346437164e+01,8.621708457251218150e+00,0.000000000000000000e+00
1.344425636229005860e+01,8.730802166565107214e+00,0.000000000000000000e+00
1.310111870507857823e+01,8.836816146739126410e+00,0.000000000000000000e+00
1.276736225076090747e+01,8.939803291036874100e+00,0.000000000000000000e+00
1.244251722015109074e+01,9.040017915878809873e+00,0.000000000000000000e+00
1.212609540292048038e+01,9.137668302803602316e+00,0.000000000000000000e+00
1.181756734657618324e+01,9.232895508155097630e+00,0.000000000000000000e+00
1.151643703502606009e+01,9.325826830259750011e+00,0.000000000000000000e+00
1.122227462580799617e+01,9.416606499485638437e+00,0.000000000000000000e+00
1.093466742925475366e+01,9.505361378682209761e+00,0.000000000000000000e+00
1.065323463729348674e+01,9.592215552272888246e+00,0.000000000000000000e+00
1.037760898147898025e+01,9.677276933266840686e+00,0.000000000000000000e+00
1.010744851151494217e+01,9.760649569510446710e+00,0.000000000000000000e+00
9.842436345362330030e+00,9.842436345362328254e+00,0.000000000000000000e+00
9.582264813656138358e+00,9.922725689309672248e+00,0.000000000000000000e+00
9.326652429702045666e+00,1.000161023488815459e+01,0.000000000000000000e+00
9.075327725190708961e+00,1.007917254777315108e+01,0.000000000000000000e+00
8.828031402632522173e+00,1.015548842354342973e+01,0.000000000000000000e+00
8.584524507413380690e+00,1.023063792242293601e+01,0.000000000000000000e+00
8.344572981470811612e+00,1.030468944731751968e+01,0.000000000000000000e+00
8.107955622435275345e+00,1.037770995312885525e+01,0.000000000000000000e+00
7.874465392628867910e+00,1.044976852231726738e+01,0.000000000000000000e+00
7.643898420113560022e+00,1.052092358736247135e+01,0.000000000000000000e+00
7.416062110345460034e+00,1.059123432076558835e+01,0.000000000000000000e+00
7.190774400982232528e+00,1.066076146027683791e+01,0.000000000000000000e+00
6.967855415764865334e+00,1.072955642766200945e+01,0.000000000000000000e+00
6.747133936547411892e+00,1.079767141072148995e+01,0.000000000000000000e+00
6.528447413439723235e+00,1.086516108179203854e+01,0.000000000000000000e+00
6.311634748803512274e+00,1.093207206374490781e+01,0.000000000000000000e+00
6.096540564701906639e+00,1.099845032067165107e+01,0.000000000000000000e+00
5.883017172289951802e+00,1.106434609201265218e+01,0.000000000000000000e+00
5.670917908992515244e+00,1.112980306404601016e+01,0.000000000000000000e+00
5.460099029828778150e+00,1.119486201626133060e+01,0.000000000000000000e+00
5.250423532345424249e+00,1.125956960072100443e+01,0.000000000000000000e+00
5.041755392509043254e+00,1.132396801660519436e+01,0.000000000000000000e+00
4.833959379830479186e+00,1.138809464126955007e+01,0.000000000000000000e+00
4.626905304779047157e+00,1.145199249186074120e+01,0.000000000000000000e+00
4.420464366903665621e+00,1.151570338308934360e+01,0.000000000000000000e+00
4.214507257848079114e+00,1.157926352506521361e+01,0.000000000000000000e+00
4.008907258291667830e+00,1.164271206712421680e+01,0.000000000000000000e+00
3.803539573326851553e+00,1.170609112782263672e+01,0.000000000000000000e+00
3.598278179067596394e+00,1.176943760403759320e+01,0.000000000000000000e+00
3.392997226601477845e+00,1.183278753596213839e+01,0.000000000000000000e+00
3.187572706651955912e+00,1.189618329404494368e+01,0.000000000000000000e+00
2.981879063420040055e+00,1.195966369367480908e+01,0.000000000000000000e+00
2.775789173639171992e+00,1.202326383771723251e+01,0.000000000000000000e+00
2.569176570200178311e+00,1.208702544873033702e+01,0.000000000000000000e+00
2.361913216073436406e+00,1.215099012112394128e+01,0.000000000000000000e+00
2.153868360720943009e+00,1.221519447600647545e+01,0.000000000000000000e+00
1.944910125094453379e+00,1.227967924822192991e+01,0.000000000000000000e+00
1.734904873590396912e+00,1.234448960876189005e+01,0.000000000000000000e+00
1.523715350119023260e+00,1.240966566899192358e+01,0.000000000000000000e+00
1.311201400983889265e+00,1.247524800184797300e+01,0.000000000000000000e+00
1.097220253842275728e+00,1.254128488906629180e+01,0.000000000000000000e+00
8.816246921792721958e-01,1.260782048653212861e+01,0.000000000000000000e+00
6.642632125655130171e-01,1.267489715559198160e+01,0.000000000000000000e+00
4.449803078092994246e-01,1.274256880033680694e+01,0.000000000000000000e+00
2.236148718495861720e-01,1.281088742833007821e+01,0.000000000000000000e+00
7.886664328676381781e-16,1.287990028499218553e+01,0.000000000000000000e+00
-2.260371563685705520e-01,1.294966001548140078e+01,0.000000000000000000e+00
-4.546759857778959746e-01,1.302021669039525165e+01,0.000000000000000000e+00
-6.861026629791997511e-01,1.309161869412048418e+01,0.000000000000000000e+00
-9.205129194036049123e-01,1.316394804538251329e+01,0.000000000000000000e+00
-1.158113330328210289e+00,1.323729593817655825e+01,0.000000000000000000e+00
-1.399119539563155934e+00,1.331173321442797963e+01,0.000000000000000000e+00
-1.643748610894185003e+00,1.338725812762426948e+01,0.000000000000000000e+00
-1.892218990246115951e+00,1.346383771131764284e+01,0.000000000000000000e+00
-2.144770503155225772e+00,1.354154801292664523e+01,0.000000000000000000e+00
-2.401719599677646144e+00,1.362082870147136227e+01,0.000000000000000000e+00
-2.663428948786433992e+00,1.370215409473083135e+01,0.000000000000000000e+00
-2.930100493545471529e+00,1.378503900573172025e+01,0.000000000000000000e+00
-3.201620572100608797e+00,1.386774226666563514e+01,0.000000000000000000e+00
-3.477776611570488008e+00,1.394860012478380540e+01,0.000000000000000000e+00
-3.758513801455696246e+00,1.402696446798149843e+01,0.000000000000000000e+00
-4.043855960447956477e+00,1.410260168527836022e+01,0.000000000000000000e+00
-4.333798999669406626e+00,1.417521780605263260e+01,0.000000000000000000e+00
-4.628297683017025932e+00,1.424443558416787425e+01,0.000000000000000000e+00
-4.927312417731252836e+00,1.430995432128227307e+01,0.000000000000000000e+00
-5.230901122083215782e+00,1.437178271632348192e+01,0.000000000000000000e+00
-5.539149211652330429e+00,1.442997703898277884e+01,0.000000000000000000e+00
-5.852077037240458246e+00,1.448439894005324469e+01,0.000000000000000000e+00
-6.169660350231207069e+00,1.453480893242119976e+01,0.000000000000000000e+00
-6.491882686055412854e+00,1.458100724475254495e+01,0.000000000000000000e+00
-6.818737804522982060e+00,1.462283041093969516e+01,0.000000000000000000e+00
-7.150212068517949326e+00,1.466010727218899312e+01,0.000000000000000000e+00
-7.486282030727056558e+00,1.469265576067935442e+01,0.000000000000000000e+00
-7.826920419056142997e+00,1.472029637427850091e+01,0.000000000000000000e+00
-8.172098143623784949e+00,1.474285531186226272e+01,0.000000000000000000e+00
-8.521781795820857042e+00,1.476015904137727830e+01,0.000000000000000000e+00
-8.875933741177801650e+00,1.477203441214488677e+01,0.000000000000000000e+00
-9.234514792101712999e+00,1.477831288074071736e+01,0.000000000000000000e+00
-9.597486129671798594e+00,1.477883263177802142e+01,0.000000000000000000e+00
-9.964798679176805507e+00,1.477342158083484591e+01,0.000000000000000000e+00
-1.033639278560823271e+01,1.476189875366998194e+01,0.000000000000000000e+00
-1.071224554473633717e+01,1.474414109542297346e+01,0.000000000000000000e+00
-1.109235123991585859e+01,1.472004727252507017e+01,0.000000000000000000e+00
-1.147651889777116274e+01,1.468927432990793669e+01,0.000000000000000000e+00
-1.186448338453342366e+01,1.465141679531769370e+01,0.000000000000000000e+00
-1.225620412614247989e+01,1.460637529889827846e+01,0.000000000000000000e+00
-1.265170334753980796e+01,1.455411982854207587e+01,0.000000000000000000e+00
-1.305096928868334416e+01,1.449456982266317162e+01,0.000000000000000000e+00
-1.345402290261744582e+01,1.442767318472241200e+01,0.000000000000000000e+00
-1.386087621791498492e+01,1.435335749934975880e+01,0.000000000000000000e+00
-1.427095736259413350e+01,1.427095736259413705e+01,0.000000000000000000e+00
-1.468367721195178888e+01,1.417986225647226917e+01,0.000000000000000000e+00
-1.509971151252463528e+01,1.408070878175575480e+01,0.000000000000000000e+00
-1.551893358810350776e+01,1.397331056591799481e+01,0.000000000000000000e+00
-1.593937897428581962e+01,1.385589075137347237e+01,0.000000000000000000e+00
-1.635715571077995278e+01,1.372528332402480444e+01,0.000000000000000000e+00
-1.676868226303324150e+01,1.357901115432464678e+01,0.000000000000000000e+00
-1.717475616497870305e+01,1.341839013045549756e+01,0.000000000000000000e+00
-1.757595174399451921e+01,1.324442962109833211e+01,0.000000000000000000e+00
-1.797135950553646921e+01,1.305695696684564311e+01,0.000000000000000000e+00
-1.836000586117990352e+01,1.285581450557263139e+01,0.000000000000000000e+00
-1.874106068453448160e+01,1.264100504637926825e+01,0.000000000000000000e+00
-1.911431989056762504e+01,1.241298447574082076e+01,0.000000000000000000e+00
-1.947970789990753104e+01,1.217227245079822850e+01,0.000000000000000000e+00
-1.983691717279495137e+01,1.191922233204402382e+01,0.000000000000000000e+00
-2.018560470399025775e+01,1.165416430960415006e+01,0.000000000000000000e+00
-2.052543364270893633e+01,1.137743365314674726e+01,0.000000000000000000e+00
-2.085602487006268291e+01,1.108934513037870317e+01,0.000000000000000000e+00
-2.117689753600251379e+01,1.079016823592914598e+01,0.000000000000000000e+00
-2.148758440589698893e+01,1.048019516431557285e+01,0.000000000000000000e+00
-2.178768567797485645e+01,1.015976468511366093e+01,0.000000000000000000e+00
-2.207685584651100186e+01,9.829249504288171124e+00,0.000000000000000000e+00
-2.235496564823531074e+01,9.489119934906721454e+00,0.000000000000000000e+00
-2.262197423153649822e+01,9.139870869707870327e+00,0.000000000000000000e+00
-2.287767695295939419e+01,8.781917387399728270e+00,0.000000000000000000e+00
-2.312164961027045607e+01,8.415592225271188553e+00,0.000000000000000000e+00
-2.335347271286959980e+01,8.041245521247722294e+00,0.000000000000000000e+00
-2.357287694533594546e+01,7.659292016414237736e+00,0.000000000000000000e+00
-2.377969903024768428e+01,7.270183589399477952e+00,0.000000000000000000e+00
-2.397379089929902563e+01,6.874373919520511578e+00,0.000000000000000000e+00
-2.415498579668728851e+01,6.472308937407604823e+00,0.000000000000000000e+00
-2.432309177594675731e+01,6.064427895468198493e+00,0.000000000000000000e+00
-2.447792796601230947e+01,5.651174952015090014e+00,0.000000000000000000e+00
-2.461932690033298954e+01,5.232999476565062480e+00,0.000000000000000000e+00
-2.474713383160084490e+01,4.810355524459068555e+00,0.000000000000000000e+00
-2.486120627370736358e+01,4.383701439013165668e+00,0.000000000000000000e+00
-2.496141538759726686e+01,3.953499805872865203e+00,0.000000000000000000e+00
-2.504764623548938829e+01,3.520217109265899591e+00,0.000000000000000000e+00
-2.511979789100326954e+01,3.084323354016547558e+00,0.000000000000000000e+00
-2.517778353974001959e+01,2.646291684629118013e+00,0.000000000000000000e+00
-2.522153057024319978e+01,2.206598001668825138e+00,0.000000000000000000e+00
-2.525098065527057756e+01,1.765720575670330694e+00,0.000000000000000000e+00
-2.526608982331302755e+01,1.324139658805682185e+00,0.000000000000000000e+00
-2.526685724190728166e+01,8.823380975255340486e-01,0.000000000000000000e+00
-2.525341153933421978e+01,4.407999380780761034e-01,0.000000000000000000e+00
-2.522592462922702339e+01,3.089284785271525831e-15,0.000000000000000000e+00
-2.507398804212701293e+01,-4.376680892846703252e-01,0.000000000000000000e+00
-2.484615838650123720e+01,-8.676469697704626283e-01,0.000000000000000000e+00
-2.457113290250266857e+01,-1.287718509888624796e+00,0.000000000000000000e+00
-2.426788526198583895e+01,-1.696975848981560064e+00,0.000000000000000000e+00
-2.395536164664255452e+01,-2.095822574744929501e+00,0.000000000000000000e+00
-2.365119717396388310e+01,-2.485840992087192447e+00,0.000000000000000000e+00
-2.335910457565660181e+01,-2.868137398407031746e+00,0.000000000000000000e+00
-2.307408565769501863e+01,-3.242851258326938435e+00,0.000000000000000000e+00
-2.279299874998467246e+01,-3.610056350334174269e+00,0.000000000000000000e+00
-2.251633122610531501e+01,-3.970236701730883055e+00,0.000000000000000000e+00
-2.224484139132389870e+01,-4.323959146365052852e+00,0.000000000000000000e+00
-2.197841813208656347e+01,-4.671656989102383584e+00,0.000000000000000000e+00
-2.171649478269250721e+01,-5.013647868067947933e+00,0.000000000000000000e+00
-2.145858734157167902e+01,-5.350226725710020226e+00,0.000000000000000000e+00
-2.120448465786567382e+01,-5.681724539993228795e+00,0.000000000000000000e+00
-2.095401694234542234e+01,-6.008467671329431603e+00,0.000000000000000000e+00
-2.070699102076151021e+01,-6.330762475735769890e+00,0.000000000000000000e+00
-2.046318441160462953e+01,-6.648891662976527783e+00,0.000000000000000000e+00
-2.022236576819696907e+01,-6.963118940033893089e+00,0.000000000000000000e+00
-1.998432782533213370e+01,-7.273700480238720623e+00,0.000000000000000000e+00
-1.974889067914109120e+01,-7.580888863568416625e+00,0.000000000000000000e+00
-1.951586923772406479e+01,-7.884922992010091392e+00,0.000000000000000000e+00
-1.928508773726763437e+01,-8.186034072862776512e+00,0.000000000000000000e+00
-1.905638046774467398e+01,-8.484447222393219690e+00,0.000000000000000000e+00
-1.882957605363674958e+01,-8.780375513622788120e+00,0.000000000000000000e+00
-1.860451229833148901e+01,-9.074026942270613461e+00,0.000000000000000000e+00
-1.838103981555973476e+01,-9.365607574198053342e+00,0.000000000000000000e+00
-1.815900389916428637e+01,-9.655313642763221793e+00,0.000000000000000000e+00
-1.793825372884392877e+01,-9.943336409154570177e+00,0.000000000000000000e+00
-1.771865058984074892e+01,-1.022986768772148025e+01,0.000000000000000000e+00
-1.750005115736517780e+01,-1.051509157142841389e+01,0.000000000000000000e+00
-1.728231150244313952e+01,-1.079918678802675736e+01,0.000000000000000000e+00
-1.706529982713279381e+01,-1.108233528793220302e+01,0.000000000000000000e+00
-1.684888133851857361e+01,-1.136471396209819851e+01,0.000000000000000000e+00
-1.663291703874027760e+01,-1.164649389294265802e+01,0.000000000000000000e+00
-1.641727764933955314e+01,-1.192785040631706472e+01,0.000000000000000000e+00
-1.620183362737064314e+01,-1.220895734899678331e+01,0.000000000000000000e+00
-1.598644903800487960e+01,-1.248998285227534133e+01,0.000000000000000000e+00
-1.577099327981387411e+01,-1.277109854561903823e+01,0.000000000000000000e+00
-1.555533881171979971e+01,-1.305247905975171108e+01,0.000000000000000000e+00
-1.533935067308131117e+01,-1.333429410682199823e+01,0.000000000000000000e+00
-1.512289408247382561e+01,-1.361671499334730484e+01,0.000000000000000000e+00
-1.490583983465276319e+01,-1.389992051736540546e+01,0.000000000000000000e+00
-1.468805127360577956e+01,-1.418408623871185092e+01,0.000000000000000000e+00
-1.446938732264157856e+01,-1.446938732264157323e+01,0.000000000000000000e+00
-1.424971309783185092e+01,-1.475600987562339483e+01,0.000000000000000000e+00
-1.402888704213059334e+01,-1.504413950045155168e+01,0.000000000000000000e+00
-1.380675977551737610e+01,-1.533396019592988502e+01,0.000000000000000000e+00
-1.358318660971151814e+01,-1.562566874519956706e+01,0.000000000000000000e+00
-1.335801742313451435e+01,-1.591946525395660217e+01,0.000000000000000000e+00
-1.313109166991795185e+01,-1.621554776538279441e+01,0.000000000000000000e+00
-1.290225105813395068e+01,-1.651412827831285313e+01,0.000000000000000000e+00
-1.267133256302606625e+01,-1.681542626079381719e+01,0.000000000000000000e+00
-1.243816049421128511e+01,-1.711965922815120322e+01,0.000000000000000000e+00
-1.220255916945041363e+01,-1.742706055500330820e+01,0.000000000000000000e+00
-1.196434748042276297e+01,-1.773787458819851537e+01,0.000000000000000000e+00
-1.172332948493064642e+01,-1.805234433309917108e+01,0.000000000000000000e+00
-1.147930778131634000e+01,-1.837073261193015128e+01,0.000000000000000000e+00
-1.123207682755755776e+01,-1.869331500828872805e+01,0.000000000000000000e+00
-1.098141423082578605e+01,-1.902036738675013794e+01,0.000000000000000000e+00
-1.072709539513355814e+01,-1.935219236817313515e+01,0.000000000000000000e+00
-1.046888221001109898e+01,-1.968910383496127281e+01,0.000000000000000000e+00
-1.020651895123890540e+01,-2.003142131833887518e+01,0.000000000000000000e+00
-9.939745821119418068e+00,-2.037949904136288026e+01,0.000000000000000000e+00
-9.668281633759228555e+00,-2.073369687303209830e+01,0.000000000000000000e+00
-9.391830385935122649e+00,-2.109439642108132063e+01,0.000000000000000000e+00
-9.110084203247756918e+00,-2.146201342307481852e+01,0.000000000000000000e+00
-8.822707968061962447e+00,-2.183696850328134786e+01,0.000000000000000000e+00
-8.529354225730248373e+00,-2.221972742234970255e+01,0.000000000000000000e+00
-8.229647921888563644e+00,-2.261077183545043923e+01,0.000000000000000000e+00
-7.923191833206933765e+00,-2.301061990791182055e+01,0.000000000000000000e+00
-7.609566034948848312e+00,-2.341983611081002792e+01,0.000000000000000000e+00
-7.288313757211124511e+00,-2.383900013710795918e+01,0.000000000000000000e+00
-6.958948614520302556e+00,-2.426873791222481103e+01,0.000000000000000000e+00
-6.620946680394889761e+00,-2.470970940543823957e+01,0.000000000000000000e+00
-6.273771274614895255e+00,-2.516272220959029227e+01,0.000000000000000000e+00
-5.916823655760105716e+00,-2.562857891731864513e+01,0.000000000000000000e+00
-5.549400138511622060e+00,-2.610787498118562056e+01,0.000000000000000000e+00
-5.170793586696919242e+00,-2.660142691219506261e+01,0.000000000000000000e+00
-4.780462881445309620e+00,-2.711135222889807750e+01,0.000000000000000000e+00
-4.377184516495461253e+00,-2.763645537103533201e+01,0.000000000000000000e+00
-3.958437675642853648e+00,-2.816574758521418786e+01,0.000000000000000000e+00
-3.522618648518874185e+00,-2.868942660718146342e+01,0.000000000000000000e+00
-3.069263460317829040e+00,-2.920209116749219547e+01,0.000000000000000000e+00
-2.598766167073490507e+00,-2.970403321229659710e+01,0.000000000000000000e+00
-2.111500116726869880e+00,-3.019585847031912351e+01,0.000000000000000000e+00
-1.607596285936571778e+00,-3.067476447063965139e+01,0.000000000000000000e+00
-1.087530634970286680e+00,-3.114280271593855076e+01,0.000000000000000000e+00
-5.515829168446906294e-01,-3.160016414221472658e+01,0.000000000000000000e+00
-5.886299164451278976e-15,-3.204352018638925159e+01,0.000000000000000000e+00
5.668124454674534629e-01,-3.247266325266804188e+01,0.000000000000000000e+00
1.148506164932030504e+00,-3.288891343598337613e+01,0.000000000000000000e+00
1.744769811129591952e+00,-3.329219125478540775e+01,0.000000000000000000e+00
2.355248809714747704e+00,-3.368162717924867167e+01,0.000000000000000000e+00
2.979578766884991126e+00,-3.405674114569270472e+01,0.000000000000000000e+00
3.617374735801075936e+00,-3.441702160390873644e+01,0.000000000000000000e+00
4.268234804471454424e+00,-3.476198288355386978e+01,0.000000000000000000e+00
4.931693690093998939e+00,-3.509082396256808778e+01,0.000000000000000000e+00
5.607344605162886353e+00,-3.540338049415214527e+01,0.000000000000000000e+00
6.294857350510657312e+00,-3.569991004903807408e+01,0.000000000000000000e+00
6.993822369860387411e+00,-3.598009695984835332e+01,0.000000000000000000e+00
7.703824913864099955e+00,-3.624364664791544044e+01,0.000000000000000000e+00
8.424340596958710847e+00,-3.648982805247925398e+01,0.000000000000000000e+00
9.154843647187195899e+00,-3.671807234964020239e+01,0.000000000000000000e+00
9.895003039093580810e+00,-3.692865408294564133e+01,0.000000000000000000e+00
1.064438297803676114e+01,-3.712137494337967780e+01,0.000000000000000000e+00
1.140255615230163677e+01,-3.729608064816825674e+01,0.000000000000000000e+00
1.216909417081817679e+01,-3.745262079186247206e+01,0.000000000000000000e+00
1.294356832087458820e+01,-3.759085191342420984e+01,0.000000000000000000e+00
1.372556516165681373e+01,-3.771068035090519999e+01,0.000000000000000000e+00
1.451462271787078606e+01,-3.781188492048150351e+01,0.000000000000000000e+00
1.531039317017874524e+01,-3.789455285614406677e+01,0.000000000000000000e+00
1.611107397740448377e+01,-3.795531174562988497e+01,0.000000000000000000e+00
1.691732244055245360e+01,-3.799692831747579191e+01,0.000000000000000000e+00
1.772876930948282492e+01,-3.801946847630337345e+01,0.000000000000000000e+00
1.854500392780807871e+01,-3.802289279528803689e+01,0.000000000000000000e+00
1.936563447494322077e+01,-3.800719766629629248e+01,0.000000000000000000e+00
2.018943987989988287e+01,-3.797081390264641243e+01,0.000000000000000000e+00
2.101527188650766220e+01,-3.791255407327285809e+01,0.000000000000000000e+00
2.184407764579492195e+01,-3.783505232699634746e+01,0.000000000000000000e+00
2.267527960506819085e+01,-3.773800260327614353e+01,0.000000000000000000e+00
2.350858279487018621e+01,-3.762159677545114533e+01,0.000000000000000000e+00
2.434199800625495769e+01,-3.748338987907648345e+01,0.000000000000000000e+00
2.517522274202944388e+01,-3.732380261094719032e+01,0.000000000000000000e+00
2.600903361345588038e+01,-3.714474951234567612e+01,0.000000000000000000e+00
2.684280484320890636e+01,-3.694595128092880998e+01,0.000000000000000000e+00
2.767626838075462459e+01,-3.672764863645715394e+01,0.000000000000000000e+00
2.850616145529585665e+01,-3.648622282065078082e+01,0.000000000000000000e+00
2.933437400052750377e+01,-3.622493504198715186e+01,0.000000000000000000e+00
3.016057447138502567e+01,-3.594397298097833016e+01,0.000000000000000000e+00
3.098430225379403424e+01,-3.564336243255139891e+01,0.000000000000000000e+00
3.180491798141827431e+01,-3.532293994327920217e+01,0.000000000000000000e+00
3.261860889247134310e+01,-3.497917554081917757e+01,0.000000000000000000e+00
3.341765238837640339e+01,-3.460499206387964932e+01,0.000000000000000000e+00
3.419563806801710371e+01,-3.419563806801711792e+01,0.000000000000000000e+00
3.494995524776449969e+01,-3.375077946277579599e+01,0.000000000000000000e+00
3.567897474801214486e+01,-3.327118221044599267e+01,0.000000000000000000e+00
3.638111089841872570e+01,-3.275769938898442746e+01,0.000000000000000000e+00
3.705496281054808350e+01,-3.221138774148295170e+01,0.000000000000000000e+00
3.769928537739093599e+01,-3.163345645581577870e+01,0.000000000000000000e+00
3.831318274342233110e+01,-3.102540364650591442e+01,0.000000000000000000e+00
3.889553457357840216e+01,-3.038852209763193457e+01,0.000000000000000000e+00
3.944704318715214697e+01,-2.972547915825833087e+01,0.000000000000000000e+00
3.996545262787898878e+01,-2.903660098513771004e+01,0.000000000000000000e+00
4.044409262387613069e+01,-2.831925853128981529e+01,0.000000000000000000e+00
4.088971121163565670e+01,-2.758045846347554786e+01,0.000000000000000000e+00
4.130149688806864816e+01,-2.682150568953512604e+01,0.000000000000000000e+00
4.167245850040127664e+01,-2.603984213561415118e+01,0.000000000000000000e+00
4.200354656010085108e+01,-2.523827698745516912e+01,0.000000000000000000e+00
4.229654762333086637e+01,-2.441992315612193210e+01,0.000000000000000000e+00
4.255053349510812666e+01,-2.358614586048265238e+01,0.000000000000000000e+00
4.276423280095006874e+01,-2.273814591803232688e+01,0.000000000000000000e+00
4.293677067856935281e+01,-2.187737737983727015e+01,0.000000000000000000e+00
4.306749501334574859e+01,-2.100542082590642678e+01,0.000000000000000000e+00
4.315580412490137974e+01,-2.012388195727862339e+01,0.000000000000000000e+00
4.320114638197939172e+01,-1.923438960747030535e+01,0.000000000000000000e+00
4.320302093988992453e+01,-1.833859437315953400e+01,0.000000000000000000e+00
4.316074036683038173e+01,-1.743807103466159703e+01,0.000000000000000000e+00
4.307310832247329557e+01,-1.653421716218217341e+01,0.000000000000000000e+00
4.294034771905008085e+01,-1.562900841877483771e+01,0.000000000000000000e+00
4.276316087851917302e+01,-1.472453712202253584e+01,0.000000000000000000e+00
4.254232835539396973e+01,-1.382284040627517641e+01,0.000000000000000000e+00
4.227864508719189729e+01,-1.292587897365599936e+01,0.000000000000000000e+00
4.197109614322694426e+01,-1.203501815430965394e+01,0.000000000000000000e+00
4.161651426521442687e+01,-1.115111138916249978e+01,0.000000000000000000e+00
4.121456764090493863e+01,-1.027594583795201544e+01,0.000000000000000000e+00
4.077209274371311665e+01,-9.412979300144758810e+00,0.000000000000000000e+00
4.028749279436619446e+01,-8.563370946676291950e+00,0.000000000000000000e+00
3.975122721399883829e+01,-7.726855834460775618e+00,0.000000000000000000e+00
3.917202911367018459e+01,-6.907085621837588896e+00,0.000000000000000000e+00
3.855227848543091795e+01,-6.106081051150648698e+00,0.000000000000000000e+00
3.788897942702686805e+01,-5.324948794696109822e+00,0.000000000000000000e+00
3.718244805083583060e+01,-4.565430557216961560e+00,0.000000000000000000e+00
3.643328746611204139e+01,-3.829292817340259614e+00,0.000000000000000000e+00
3.565430568604294592e+01,-3.119347553416655927e+00,0.000000000000000000e+00
3.487032555107458620e+01,-2.438370697218960270e+00,0.000000000000000000e+00
3.409183125112298995e+01,-1.786677167563558655e+00,0.000000000000000000e+00
3.331955128617092754e+01,-1.163544370032836728e+00,0.000000000000000000e+00
3.255425556408755483e+01,-5.682366445609672301e-01,0.000000000000000000e+00
3.179440987364308313e+01,-7.787384456507201516e-15,0.000000000000000000e+00
