3.242428153991511408e+01,0.000000000000000000e+00,0.000000000000000000e+00
3.119405061615952590e+01,5.444941788791702875e-01,0.000000000000000000e+00
3.000300451595748186e+01,1.047728004761617315e+00,0.000000000000000000e+00
2.889838041828629400e+01,1.514499942598907856e+00,0.000000000000000000e+00
2.787022439417768283e+01,1.948875940035099230e+00,0.000000000000000000e+00
2.691040400504438068e+01,2.354355281344005402e+00,0.000000000000000000e+00
2.601184578684075888e+01,2.733955159274605862e+00,0.000000000000000000e+00
2.516836849337368776e+01,3.090287074101387255e+00,0.000000000000000000e+00
2.437458660803718047e+01,3.425624747419277139e+00,0.000000000000000000e+00
2.362579094051549333e+01,3.741957675338046130e+00,0.000000000000000000e+00
2.291784317649295843e+01,4.041034091661099836e+00,0.000000000000000000e+00
2.224709188440957419e+01,4.324396597906760675e+00,0.000000000000000000e+00
2.161030246456529014e+01,4.593411588517202659e+00,0.000000000000000000e+00
2.100459927265823268e+01,4.849293839395924621e+00,0.000000000000000000e+00
2.042741728962425896e+01,5.093127156066275418e+00,0.000000000000000000e+00
1.987646113018072924e+01,5.325881708220526534e+00,0.000000000000000000e+00
1.934966946614567718e+01,5.548428435375369006e+00,0.000000000000000000e+00
1.884518383942405961e+01,5.761550897440852026e+00,0.000000000000000000e+00
1.836132857982326883e+01,5.965957304588757282e+00,0.000000000000000000e+00
1.789658906991570930e+01,6.162289800469984868e+00,0.000000000000000000e+00
1.744958459568281484e+01,6.351129393138589485e+00,0.000000000000000000e+00
1.701906091838927182e+01,6.533005396646455409e+00,0.000000000000000000e+00
1.660387915298136363e+01,6.708402628402098777e+00,0.000000000000000000e+00
1.620298748527648414e+01,6.877760134859260077e+00,0.000000000000000000e+00
1.581543411950059941e+01,7.041484940609018750e+00,0.000000000000000000e+00
1.544033580462913591e+01,7.199946830183388435e+00,0.000000000000000000e+00
1.507688553037259993e+01,7.353488407239808566e+00,0.000000000000000000e+00
1.472433711789954813e+01,7.502424488505269551e+00,0.000000000000000000e+00
1.438200153824307925e+01,7.647045864053740871e+00,0.000000000000000000e+00
1.404924186075760062e+01,7.787621929467080761e+00,0.000000000000000000e+00
1.372546768536377826e+01,7.924402462898284760e+00,0.000000000000000000e+00
1.341012872544159862e+01,8.057618247208107931e+00,0.000000000000000000e+00
1.310271814778235644e+01,8.187486997255344789e+00,0.000000000000000000e+00
1.280275478076404205e+01,8.314206168473896597e+00,0.000000000000000000e+00
1.250980190497454636e+01,8.437967928916945581e+00,0.000000000000000000e+00
1.222343677670281181e+01,8.558942573877105886e+00,0.000000000000000000e+00
1.194327681139359854e+01,8.677298527217709889e+00,0.000000000000000000e+00
1.166895429511552607e+01,8.793187769548699961e+00,0.000000000000000000e+00
1.140012531477582769e+01,8.906754048809720103e+00,0.000000000000000000e+00
1.113647296929125474e+01,9.018137996639847387e+00,0.000000000000000000e+00
1.087768716283969184e+01,9.127463286400619324e+00,0.000000000000000000e+00
1.062348374049623523e+01,9.234853525019696363e+00,0.000000000000000000e+00
1.037358956427534196e+01,9.340421997559385403e+00,0.000000000000000000e+00
1.012774290430105850e+01,9.444273046784392278e+00,0.000000000000000000e+00
9.885710980116879654e+00,9.546520124485907033e+00,0.000000000000000000e+00
9.647266575968274083e+00,9.647266575968272306e+00,0.000000000000000000e+00
9.412182523288915803e+00,9.746600321795483524e+00,0.000000000000000000e+00
9.180231421110306655e+00,9.844592926784116571e+00,0.000000000000000000e+00
8.951188517294838221e+00,9.941301989903013947e+00,0.000000000000000000e+00
8.724872265106155211e+00,1.003681741081692991e+01,0.000000000000000000e+00
8.501173448014954559e+00,1.013130399793832659e+01,0.000000000000000000e+00
8.279984753360528416e+00,1.022492962807849359e+01,0.000000000000000000e+00
8.061107609069969371e+00,1.031774723043706388e+01,0.000000000000000000e+00
7.844147585443798754e+00,1.040953543328943454e+01,0.000000000000000000e+00
7.628703311885074001e+00,1.050000931511718072e+01,0.000000000000000000e+00
7.414435079642332838e+00,1.058891068011000947e+01,0.000000000000000000e+00
7.201175743167905097e+00,1.067618208422146253e+01,0.000000000000000000e+00
6.988803881559886300e+00,1.076181423618542787e+01,0.000000000000000000e+00
6.777207136529372455e+00,1.084579859105138055e+01,0.000000000000000000e+00
6.566324937815986473e+00,1.092819986845368341e+01,0.000000000000000000e+00
6.356120300995677042e+00,1.100912330034449482e+01,0.000000000000000000e+00
6.146551216808180840e+00,1.108867192534363433e+01,0.000000000000000000e+00
5.937559781557849803e+00,1.116692582075183182e+01,0.000000000000000000e+00
5.729072123435171804e+00,1.124393713625056712e+01,0.000000000000000000e+00
5.521012189048045471e+00,1.131975250061132421e+01,0.000000000000000000e+00
5.313305381964528173e+00,1.139442016240361433e+01,0.000000000000000000e+00
5.105883086470416110e+00,1.146800117546811570e+01,0.000000000000000000e+00
4.898675437322091319e+00,1.154055611841795148e+01,0.000000000000000000e+00
4.691609805470910999e+00,1.161214175088003842e+01,0.000000000000000000e+00
4.484610045151981694e+00,1.168280858804140010e+01,0.000000000000000000e+00
4.277597332496497984e+00,1.175260208055345146e+01,0.000000000000000000e+00
4.070490795995294064e+00,1.182156364720884945e+01,0.000000000000000000e+00
3.863205708386312498e+00,1.188972460942201614e+01,0.000000000000000000e+00
3.655653672071726756e+00,1.195710438556696964e+01,0.000000000000000000e+00
3.447745537213529943e+00,1.202371758516649969e+01,0.000000000000000000e+00
3.239392533604680047e+00,1.208957752107193961e+01,0.000000000000000000e+00
3.030507856037993886e+00,1.215470312792776753e+01,0.000000000000000000e+00
2.821004106743190132e+00,1.221911122961465601e+01,0.000000000000000000e+00
2.610793034150852954e+00,1.228281551808270677e+01,0.000000000000000000e+00
2.399787081432496638e+00,1.234583426725721367e+01,0.000000000000000000e+00
2.187898007060938177e+00,1.240818619062251216e+01,0.000000000000000000e+00
1.975035661589236158e+00,1.246988439989626052e+01,0.000000000000000000e+00
1.761102556887781168e+00,1.253089581129271046e+01,0.000000000000000000e+00
1.545997203508233886e+00,1.259113680205099506e+01,0.000000000000000000e+00
1.329622943254407552e+00,1.265051726881854854e+01,0.000000000000000000e+00
1.111897815452996152e+00,1.270905018595383140e+01,0.000000000000000000e+00
8.927530099494134230e-01,1.276696284496155620e+01,0.000000000000000000e+00
6.721038646761559043e-01,1.282450571023608354e+01,0.000000000000000000e+00
4.498332624675396851e-01,1.288153923910067888e+01,0.000000000000000000e+00
2.258100865567275461e-01,1.293665119467348745e+01,0.000000000000000000e+00
7.952956812698254690e-16,1.298816412738009518e+01,0.000000000000000000e+00
-2.275204668745959280e-01,1.303463881745809871e+01,0.000000000000000000e+00
-4.566131883927784241e-01,1.307569091513535042e+01,0.000000000000000000e+00
-6.871303791940023276e-01,1.311122868769132843e+01,0.000000000000000000e+00
-9.189203731321869961e-01,1.314117357265659436e+01,0.000000000000000000e+00
-1.151831531298629585e+00,1.316549464671301450e+01,0.000000000000000000e+00
-1.385712945898178283e+00,1.318417799620970854e+01,0.000000000000000000e+00
-1.620413410691707412e+00,1.319720817320914996e+01,0.000000000000000000e+00
-1.855778347668000761e+00,1.320454906645309556e+01,0.000000000000000000e+00
-2.091650559159387246e+00,1.320616188606346597e+01,0.000000000000000000e+00
-2.327872385804829580e+00,1.320202034000503488e+01,0.000000000000000000e+00
-2.564291027489124630e+00,1.319213370358581017e+01,0.000000000000000000e+00
-2.800756353984897196e+00,1.317652267227045826e+01,0.000000000000000000e+00
-3.037118587567273043e+00,1.315520588938762359e+01,0.000000000000000000e+00
-3.273224739596277466e+00,1.312818737675057612e+01,0.000000000000000000e+00
-3.508921035862459181e+00,1.309547158558590674e+01,0.000000000000000000e+00
-3.744054326642617614e+00,1.305706913725851770e+01,0.000000000000000000e+00
-3.978473405344254310e+00,1.301300015543977651e+01,0.000000000000000000e+00
-4.212028118140832333e+00,1.296328959732131025e+01,0.000000000000000000e+00
-4.444568460602367210e+00,1.290796406985629119e+01,0.000000000000000000e+00
-4.675943362059310715e+00,1.284704880190668597e+01,0.000000000000000000e+00
-4.906002066050267452e+00,1.278057233363274925e+01,0.000000000000000000e+00
-5.134597522852698326e+00,1.270857482639659075e+01,0.000000000000000000e+00
-5.361591437231901125e+00,1.263111787198315739e+01,0.000000000000000000e+00
-5.586849212669291020e+00,1.254826878191305006e+01,0.000000000000000000e+00
-5.810229057985113243e+00,1.246007642459481346e+01,0.000000000000000000e+00
-6.031562127414244578e+00,1.236653500056161548e+01,0.000000000000000000e+00
-6.250672027453195057e+00,1.226763458754681935e+01,0.000000000000000000e+00
-6.467391156062975988e+00,1.216339370895445882e+01,0.000000000000000000e+00
-6.681600342148419358e+00,1.205392609887363520e+01,0.000000000000000000e+00
-6.893198546234163615e+00,1.193937010873749927e+01,0.000000000000000000e+00
-7.102087680191573327e+00,1.181985880799722111e+01,0.000000000000000000e+00
-7.308142434225002759e+00,1.169547268064038903e+01,0.000000000000000000e+00
-7.511222271699234732e+00,1.156626801161342932e+01,0.000000000000000000e+00
-7.711187260287308831e+00,1.143230525299465938e+01,0.000000000000000000e+00
-7.907903160905354056e+00,1.129365613675665792e+01,0.000000000000000000e+00
-8.101244399025224752e+00,1.115040632413667865e+01,0.000000000000000000e+00
-8.291088175843777108e+00,1.100264562935169188e+01,0.000000000000000000e+00
-8.477314375044176842e+00,1.085046759780789394e+01,0.000000000000000000e+00
-8.659808176998808449e+00,1.069397249391482063e+01,0.000000000000000000e+00
-8.838458938848678059e+00,1.053326519336932066e+01,0.000000000000000000e+00
-9.013158991650168872e+00,1.036845335325432060e+01,0.000000000000000000e+00
-9.183796006269536960e+00,1.019963877820130804e+01,0.000000000000000000e+00
-9.350220007323818194e+00,1.002688336770082422e+01,0.000000000000000000e+00
-9.512267569792523858e+00,9.850241421407117670e+00,0.000000000000000000e+00
-9.669774142883078127e+00,9.669774142883079904e+00,0.000000000000000000e+00
-9.822594263641853729e+00,9.485569019883291375e+00,0.000000000000000000e+00
-9.970818752589300615e+00,9.297938907933826158e+00,0.000000000000000000e+00
-1.011470882296095297e+01,9.107324731089091685e+00,0.000000000000000000e+00
-1.025455348009758438e+01,8.914147342476063329e+00,0.000000000000000000e+00
-1.039066604668114735e+01,8.718804047456439221e+00,0.000000000000000000e+00
-1.052335331329811829e+01,8.521643488778597231e+00,0.000000000000000000e+00
-1.065273189711408008e+01,8.322826314244867518e+00,0.000000000000000000e+00
-1.077883555035678143e+01,8.122435184363331118e+00,0.000000000000000000e+00
-1.090170060863710688e+01,7.920549119756786993e+00,0.000000000000000000e+00
-1.102136616217017639e+01,7.717243668120980615e+00,0.000000000000000000e+00
-1.113787374977398947e+01,7.512590703738251996e+00,0.000000000000000000e+00
-1.125124904348607835e+01,7.306646561796084072e+00,0.000000000000000000e+00
-1.136148333327672511e+01,7.099442727193253866e+00,0.000000000000000000e+00
-1.146856356857083448e+01,6.891008205168401624e+00,0.000000000000000000e+00
-1.157247633556905164e+01,6.681372327531364341e+00,0.000000000000000000e+00
-1.167320787252753966e+01,6.470564783231737671e+00,0.000000000000000000e+00
-1.177074408618059742e+01,6.258615648295801748e+00,0.000000000000000000e+00
-1.186507136133376861e+01,6.045555818667063264e+00,0.000000000000000000e+00
-1.195618518967292587e+01,5.831421151931988511e+00,0.000000000000000000e+00
-1.204408726630073012e+01,5.616250127763133371e+00,0.000000000000000000e+00
-1.212877964013111587e+01,5.400080613572520782e+00,0.000000000000000000e+00
-1.221026458320138453e+01,5.182949814825059676e+00,0.000000000000000000e+00
-1.228854456176560461e+01,4.964894280297301066e+00,0.000000000000000000e+00
-1.236362220765668773e+01,4.745949908284570640e+00,0.000000000000000000e+00
-1.243550028994438073e+01,4.526151953748485113e+00,0.000000000000000000e+00
-1.250418168691634335e+01,4.305535036396249460e+00,0.000000000000000000e+00
-1.256966935840898536e+01,4.084133149682318553e+00,0.000000000000000000e+00
-1.263196631851487872e+01,3.861979670722403668e+00,0.000000000000000000e+00
-1.269107560869302631e+01,3.639107371108886824e+00,0.000000000000000000e+00
-1.274700027130809943e+01,3.415548428616310694e+00,0.000000000000000000e+00
-1.279974332362448131e+01,3.191334439784627719e+00,0.000000000000000000e+00
-1.284930773228067125e+01,2.966496433367347141e+00,0.000000000000000000e+00
-1.289569638826915110e+01,2.741064884631013054e+00,0.000000000000000000e+00
-1.293891208244672697e+01,2.515069730491758193e+00,0.000000000000000000e+00
-1.297895748159969997e+01,2.288540385474016947e+00,0.000000000000000000e+00
-1.301583510508806896e+01,2.061505758475827843e+00,0.000000000000000000e+00
-1.304954730209259672e+01,1.833994270324438070e+00,0.000000000000000000e+00
-1.308009622948788575e+01,1.606033872105408822e+00,0.000000000000000000e+00
-1.310748383036457021e+01,1.377652064247691488e+00,0.000000000000000000e+00
-1.313171181322301528e+01,1.148875916346476123e+00,0.000000000000000000e+00
-1.315278163186053995e+01,9.197320877051728960e-01,0.000000000000000000e+00
-1.317069446597379034e+01,6.902468485771263706e-01,0.000000000000000000e+00
-1.318545120249727454e+01,4.604461020870916355e-01,0.000000000000000000e+00
-1.319705241769864124e+01,2.303554068120196863e-01,0.000000000000000000e+00
-1.320549836005078781e+01,1.617207129778181807e-15,0.000000000000000000e+00
-1.318850189499870851e+01,-2.302061568831188787e-01,0.000000000000000000e+00
-1.312446994237407871e+01,-4.583165895590158856e-01,0.000000000000000000e+00
-1.306097170961293763e+01,-6.844965225794367170e-01,0.000000000000000000e+00
-1.299797024248082167e+01,-9.089066207932947616e-01,0.000000000000000000e+00
-1.293542187309022573e+01,-1.131702771820665365e+00,0.000000000000000000e+00
-1.287328402017740459e+01,-1.353036672298593590e+00,0.000000000000000000e+00
-1.281151515079172043e+01,-1.573056262290874363e+00,0.000000000000000000e+00
-1.275007466978336623e+01,-1.791906136609173306e+00,0.000000000000000000e+00
-1.268892281232730568e+01,-2.009727937951699683e+00,0.000000000000000000e+00
-1.262802053716199246e+01,-2.226660733642263690e+00,0.000000000000000000e+00
-1.256732942316785362e+01,-2.442841378310911526e+00,0.000000000000000000e+00
-1.250681157118693676e+01,-2.658404865026338992e+00,0.000000000000000000e+00
-1.244642950978347784e+01,-2.873484666895540496e+00,0.000000000000000000e+00
-1.238614610124013105e+01,-3.088213070346048195e+00,0.000000000000000000e+00
-1.232592444858283010e+01,-3.302721501964795081e+00,0.000000000000000000e+00
-1.226572780507570748e+01,-3.517140851078968122e+00,0.000000000000000000e+00
-1.220551948500974682e+01,-3.731601789708983041e+00,0.000000000000000000e+00
-1.214526277528529796e+01,-3.946235091614527679e+00,0.000000000000000000e+00
-1.208492084446593928e+01,-4.161171951169483130e+00,0.000000000000000000e+00
-1.202445665221725690e+01,-4.376544304631309501e+00,0.000000000000000000e+00
-1.196383285802031082e+01,-4.592485155368970062e+00,0.000000000000000000e+00
-1.190301172978280775e+01,-4.809128905255748876e+00,0.000000000000000000e+00
-1.184195504844067059e+01,-5.026611692749252569e+00,0.000000000000000000e+00
-1.178062400917557007e+01,-5.245071739719409543e+00,0.000000000000000000e+00
-1.171897912064556735e+01,-5.464649709715556192e+00,0.000000000000000000e+00
-1.165698010292767428e+01,-5.685489080461651135e+00,0.000000000000000000e+00
-1.159458577819916947e+01,-5.907736530338634218e+00,0.000000000000000000e+00
-1.153175395503790845e+01,-6.131542341493217307e+00,0.000000000000000000e+00
-1.146844131099057229e+01,-6.357060824736932680e+00,0.000000000000000000e+00
-1.140460326943825287e+01,-6.584450767611063071e+00,0.000000000000000000e+00
-1.134019386224216319e+01,-6.813875903959366376e+00,0.000000000000000000e+00
-1.127516559214338976e+01,-7.045505416232987095e+00,0.000000000000000000e+00
-1.120946928482326399e+01,-7.279514469278494992e+00,0.000000000000000000e+00
-1.114305392342107837e+01,-7.516084774981931282e+00,0.000000000000000000e+00
-1.107586648604510238e+01,-7.755405205733064022e+00,0.000000000000000000e+00
-1.100785175392052828e+01,-7.997672441201664206e+00,0.000000000000000000e+00
-1.093895212259012517e+01,-8.243091675858341461e+00,0.000000000000000000e+00
-1.086910738135665255e+01,-8.491877370012009152e+00,0.000000000000000000e+00
-1.079825449197313247e+01,-8.744254073976110320e+00,0.000000000000000000e+00
-1.072632733075604072e+01,-9.000457307124174022e+00,0.000000000000000000e+00
-1.065325649007358066e+01,-9.260734581375610119e+00,0.000000000000000000e+00
-1.057896727812650006e+01,-9.525344921719613112e+00,0.000000000000000000e+00
-1.050319312544759498e+01,-9.794386042097256606e+00,0.000000000000000000e+00
-1.042432225352528974e+01,-1.006665098520095469e+01,0.000000000000000000e+00
-1.034182074764603954e+01,-1.034182074764603598e+01,0.000000000000000000e+00
-1.025541624960270859e+01,-1.061979440700399202e+01,0.000000000000000000e+00
-1.016484168697938451e+01,-1.090045816747118756e+01,0.000000000000000000e+00
-1.006983574205950660e+01,-1.118368559740559398e+01,0.000000000000000000e+00
-9.970143311984823953e+00,-1.146933788157317302e+01,0.000000000000000000e+00
-9.865515959747048313e+00,-1.175726408782405308e+01,0.000000000000000000e+00
-9.755713545220418226e+00,-1.204730291696319000e+01,0.000000000000000000e+00
-9.640551475163196216e+00,-1.233934319036178096e+01,0.000000000000000000e+00
-9.519911447692976481e+00,-1.263334918894582692e+01,0.000000000000000000e+00
-9.393677362068183712e+00,-1.292928768788999072e+01,0.000000000000000000e+00
-9.261730713187564135e+00,-1.322712225702103161e+01,0.000000000000000000e+00
-9.123950656081850852e+00,-1.352681312134314595e+01,0.000000000000000000e+00
-8.980210290627626435e+00,-1.382831119422466237e+01,0.000000000000000000e+00
-8.830358149868057893e+00,-1.413152705103289541e+01,0.000000000000000000e+00
-8.674235174317155739e+00,-1.443635162569920105e+01,0.000000000000000000e+00
-8.511684302564455962e+00,-1.474266967002808748e+01,0.000000000000000000e+00
-8.342551254940641314e+00,-1.505036086471247359e+01,0.000000000000000000e+00
-8.166704242500294697e+00,-1.535933680352647457e+01,0.000000000000000000e+00
-7.984035830379517584e+00,-1.566955259703237147e+01,0.000000000000000000e+00
-7.794436681939077793e+00,-1.598096347192625899e+01,0.000000000000000000e+00
-7.597784013234179845e+00,-1.629350039691756535e+01,0.000000000000000000e+00
-7.393834259966811651e+00,-1.660682364803833266e+01,0.000000000000000000e+00
-7.182283090220192179e+00,-1.692039861011117097e+01,0.000000000000000000e+00
-6.962862974566666807e+00,-1.723369061048902751e+01,0.000000000000000000e+00
-6.735750521958704162e+00,-1.754723002726015935e+01,0.000000000000000000e+00
-6.501660911369008033e+00,-1.786316654293707273e+01,0.000000000000000000e+00
-6.261189949093731499e+00,-1.818381595735255019e+01,0.000000000000000000e+00
-6.014561617092770263e+00,-1.851091727225258055e+01,0.000000000000000000e+00
-5.761622212866751802e+00,-1.884541710167157902e+01,0.000000000000000000e+00
-5.502112508954606795e+00,-1.918814663536605636e+01,0.000000000000000000e+00
-5.235507374516375378e+00,-1.953917952509666378e+01,0.000000000000000000e+00
-4.961147928639918270e+00,-1.989807752063983060e+01,0.000000000000000000e+00
-4.678423037806338947e+00,-2.026447651795332305e+01,0.000000000000000000e+00
-4.386806647445447460e+00,-2.063830263803204090e+01,0.000000000000000000e+00
-4.085778776986823679e+00,-2.101950961551375130e+01,0.000000000000000000e+00
-3.774798815665519225e+00,-2.140794789599831915e+01,0.000000000000000000e+00
-3.453319834331952887e+00,-2.180340333467071190e+01,0.000000000000000000e+00
-3.120799211754063496e+00,-2.220564022095545198e+01,0.000000000000000000e+00
-2.776699512004307646e+00,-2.261440275215113971e+01,0.000000000000000000e+00
-2.420491362684059400e+00,-2.302943698287402796e+01,0.000000000000000000e+00
-2.051652643648555596e+00,-2.345049702400155311e+01,0.000000000000000000e+00
-1.669670856535139469e+00,-2.387740567786727297e+01,0.000000000000000000e+00
-1.274029515195700624e+00,-2.430993132364905307e+01,0.000000000000000000e+00
-8.641843535547308885e-01,-2.474700203152547573e+01,0.000000000000000000e+00
-4.396575960258880533e-01,-2.518796680699507817e+01,0.000000000000000000e+00
-4.708971976500991002e-15,-2.563444948524238853e+01,0.000000000000000000e+00
4.553206161897516702e-01,-2.608530063120518605e+01,0.000000000000000000e+00
9.267137027052290144e-01,-2.653760831141525145e+01,0.000000000000000000e+00
1.414665303824895748e+00,-2.699342202966933613e+01,0.000000000000000000e+00
1.919709805789429291e+00,-2.745312924233193286e+01,0.000000000000000000e+00
2.442218442865562888e+00,-2.791468453672183969e+01,0.000000000000000000e+00
2.982485880546698276e+00,-2.837645764709439078e+01,0.000000000000000000e+00
3.541052882853880313e+00,-2.883956139774008776e+01,0.000000000000000000e+00
4.118391102689525241e+00,-2.930387535701355972e+01,0.000000000000000000e+00
4.714850530289726116e+00,-2.976839467708322573e+01,0.000000000000000000e+00
5.330804522517945010e+00,-3.023249477249195394e+01,0.000000000000000000e+00
5.966587323094436179e+00,-3.069543077466311587e+01,0.000000000000000000e+00
6.622519224758892875e+00,-3.115650334540072208e+01,0.000000000000000000e+00
7.298905072225208457e+00,-3.161503122903375385e+01,0.000000000000000000e+00
7.996041720772159245e+00,-3.207037167743015971e+01,0.000000000000000000e+00
8.714224790211604343e+00,-3.252192966564589938e+01,0.000000000000000000e+00
9.453757511491060583e+00,-3.296917049414338408e+01,0.000000000000000000e+00
1.021495858319298478e+01,-3.341162402954382316e+01,0.000000000000000000e+00
1.099818173486601403e+01,-3.384892286425872499e+01,0.000000000000000000e+00
1.180379318241849518e+01,-3.428070455821555385e+01,0.000000000000000000e+00
1.263196739248059686e+01,-3.470604517412758838e+01,0.000000000000000000e+00
1.348132606197492578e+01,-3.512005510162251198e+01,0.000000000000000000e+00
1.435397324747041914e+01,-3.552733047910326292e+01,0.000000000000000000e+00
1.525062363453063341e+01,-3.592821776969666558e+01,0.000000000000000000e+00
1.616836577838887479e+01,-3.631474411219584653e+01,0.000000000000000000e+00
1.711005405369683885e+01,-3.669262932844547720e+01,0.000000000000000000e+00
1.807546441984790775e+01,-3.706019413834405896e+01,0.000000000000000000e+00
1.906254679948113306e+01,-3.741235461034526821e+01,0.000000000000000000e+00
2.007485318378520134e+01,-3.775530767068693905e+01,0.000000000000000000e+00
2.110841558837458720e+01,-3.808058975954355674e+01,0.000000000000000000e+00
2.216655072679468574e+01,-3.839359208736121332e+01,0.000000000000000000e+00
2.324807426037076041e+01,-3.869129299569625857e+01,0.000000000000000000e+00
2.435099496529031526e+01,-3.896973805945889069e+01,0.000000000000000000e+00
2.547930369204499357e+01,-3.923468705777167287e+01,0.000000000000000000e+00
2.663017241438473803e+01,-3.948085420633155707e+01,0.000000000000000000e+00
2.780203540038721144e+01,-3.970542144043670874e+01,0.000000000000000000e+00
2.899769170844636790e+01,-3.991189860290246116e+01,0.000000000000000000e+00
3.021673876626219979e+01,-4.009896670602498858e+01,0.000000000000000000e+00
3.145844579633487470e+01,-4.026497445881832959e+01,0.000000000000000000e+00
3.272218827353164272e+01,-4.040853725458882195e+01,0.000000000000000000e+00
3.400680435094049159e+01,-4.052773125788175435e+01,0.000000000000000000e+00
3.531306267003834876e+01,-4.062303165782773107e+01,0.000000000000000000e+00
3.664088420703235727e+01,-4.069382455473750326e+01,0.000000000000000000e+00
3.798957483368483423e+01,-4.073883135878480033e+01,0.000000000000000000e+00
3.934330241759679581e+01,-4.074118229805134916e+01,0.000000000000000000e+00
4.066514238167310680e+01,-4.066514238167312101e+01,0.000000000000000000e+00
4.194963647564396325e+01,-4.051029305176679429e+01,0.000000000000000000e+00
4.319383607888899945e+01,-4.027890377172118974e+01,0.000000000000000000e+00
4.439624264920851004e+01,-3.997455643297557515e+01,0.000000000000000000e+00
4.555737109406042151e+01,-3.960241850183905399e+01,0.000000000000000000e+00
4.667413946544460401e+01,-3.916425321097152334e+01,0.000000000000000000e+00
4.772654220236721301e+01,-3.864819183508467404e+01,0.000000000000000000e+00
4.874051719956420214e+01,-3.808026551652301350e+01,0.000000000000000000e+00
4.968492254064781122e+01,-3.744027460954876574e+01,0.000000000000000000e+00
5.058393019788741185e+01,-3.675137652241985364e+01,0.000000000000000000e+00
5.141440673142960094e+01,-3.600075516592708880e+01,0.000000000000000000e+00
5.218006593433059948e+01,-3.519589888210541062e+01,0.000000000000000000e+00
5.288303831999643023e+01,-3.434264663636059822e+01,0.000000000000000000e+00
5.351897289138863556e+01,-3.344236590549495958e+01,0.000000000000000000e+00
5.408823506873140019e+01,-3.249949040550617951e+01,0.000000000000000000e+00
5.458814493177514748e+01,-3.151648017092272624e+01,0.000000000000000000e+00
5.500655377413224301e+01,-3.049063064622496100e+01,0.000000000000000000e+00
5.534869117526170612e+01,-2.942942112800510301e+01,0.000000000000000000e+00
5.562063587656457031e+01,-2.834012949617252985e+01,0.000000000000000000e+00
5.582450329423331681e+01,-2.722742949709984472e+01,0.000000000000000000e+00
5.593882351540933229e+01,-2.608470179341633610e+01,0.000000000000000000e+00
5.597273966294149261e+01,-2.492066929324839819e+01,0.000000000000000000e+00
5.592512231042469040e+01,-2.373880601421725700e+01,0.000000000000000000e+00
5.578244775742437156e+01,-2.253757183527899954e+01,0.000000000000000000e+00
5.556511309957772937e+01,-2.132944852160317950e+01,0.000000000000000000e+00
5.527081446480347893e+01,-2.011693128883831960e+01,0.000000000000000000e+00
5.489664779957213625e+01,-1.890243171443008663e+01,0.000000000000000000e+00
5.443249808613864360e+01,-1.768619074334643670e+01,0.000000000000000000e+00
5.387025482675824151e+01,-1.646978971853645746e+01,0.000000000000000000e+00
5.322579800873679545e+01,-1.526225198233566083e+01,0.000000000000000000e+00
5.249933637567453815e+01,-1.406715478503185146e+01,0.000000000000000000e+00
5.169005409886444369e+01,-1.288777795532584491e+01,0.000000000000000000e+00
5.079501225052167968e+01,-1.172695259647877641e+01,0.000000000000000000e+00
4.979528223501268513e+01,-1.058431397926266015e+01,0.000000000000000000e+00
4.874223347051555066e+01,-9.474530410061653640e+00,0.000000000000000000e+00
4.756978564659333131e+01,-8.387836676012723203e+00,0.000000000000000000e+00
4.632707557383849206e+01,-7.337487936634917496e+00,0.000000000000000000e+00
4.500468738896880438e+01,-6.324996331165885444e+00,0.000000000000000000e+00
4.359621063662027041e+01,-5.352941580047986925e+00,0.000000000000000000e+00
4.211397984829634566e+01,-4.426357645949294373e+00,0.000000000000000000e+00
4.063310949730703925e+01,-3.554936444821928276e+00,0.000000000000000000e+00
3.918082102342225426e+01,-2.739789903497166002e+00,0.000000000000000000e+00
3.775983093297269022e+01,-1.978908885300205256e+00,0.000000000000000000e+00
3.637140215558592615e+01,-1.270117350766867270e+00,0.000000000000000000e+00
3.501711114949969783e+01,-6.112259487131619373e-01,0.000000000000000000e+00
3.369896829849035669e+01,-8.253866732262867178e-15,0.000000000000000000e+00
