3.378509033258357874e+01,0.000000000000000000e+00,0.000000000000000000e+00
3.249680753860747018e+01,5.672338855461841467e-01,0.000000000000000000e+00
3.124877569907667763e+01,1.091231293086784460e+00,0.000000000000000000e+00
3.004881703445246188e+01,1.574791770858073203e+00,0.000000000000000000e+00
2.893134187212192643e+01,2.023076502365278806e+00,0.000000000000000000e+00
2.789131425900359318e+01,2.440173808501771457e+00,0.000000000000000000e+00
2.692062491262651847e+01,2.829471694315728314e+00,0.000000000000000000e+00
2.601202093205179011e+01,3.193874568339142073e+00,0.000000000000000000e+00
2.515921684633837430e+01,3.535897336042863159e+00,0.000000000000000000e+00
2.435675302641825368e+01,3.857730696212210653e+00,0.000000000000000000e+00
2.359985251579290377e+01,4.161290739274832617e+00,0.000000000000000000e+00
2.288431784641859323e+01,4.448260777392653686e+00,0.000000000000000000e+00
2.220644617469947590e+01,4.720125845804535203e+00,0.000000000000000000e+00
2.156295824318539189e+01,4.978201164920260879e+00,0.000000000000000000e+00
2.095093926300188159e+01,5.223655844133038961e+00,0.000000000000000000e+00
2.036778908399467625e+01,5.457532636663809278e+00,0.000000000000000000e+00
1.981117987501665567e+01,5.680764415598781980e+00,0.000000000000000000e+00
1.927902302202842577e+01,5.894188846381953617e+00,0.000000000000000000e+00
1.876943983884174827e+01,6.098560690898270131e+00,0.000000000000000000e+00
1.828073262367080076e+01,6.294561033495085667e+00,0.000000000000000000e+00
1.781136064407788666e+01,6.482805106224844849e+00,0.000000000000000000e+00
1.735993167581887420e+01,6.663853421018961498e+00,0.000000000000000000e+00
1.692517779294169955e+01,6.838215705271243117e+00,0.000000000000000000e+00
1.650593589587994003e+01,7.006354105771153584e+00,0.000000000000000000e+00
1.610115394401372058e+01,7.168695602443579951e+00,0.000000000000000000e+00
1.570985796420421998e+01,7.325627077235723483e+00,0.000000000000000000e+00
1.533116003895687030e+01,7.477506371517928407e+00,0.000000000000000000e+00
1.496424164455007322e+01,7.624661950282626499e+00,0.000000000000000000e+00
1.460834633370850177e+01,7.767395526610193279e+00,0.000000000000000000e+00
1.426277990582460653e+01,7.905988000677250938e+00,0.000000000000000000e+00
1.392689474226596680e+01,8.040696428422837272e+00,0.000000000000000000e+00
1.360009548239095345e+01,8.171761790383353485e+00,0.000000000000000000e+00
1.328182609855109497e+01,8.299406066374013236e+00,0.000000000000000000e+00
1.297156958582088215e+01,8.423835784721969588e+00,0.000000000000000000e+00
1.266884800502863762e+01,8.545245877974002369e+00,0.000000000000000000e+00
1.237320692163398483e+01,8.663812758356671750e+00,0.000000000000000000e+00
1.208423360175029160e+01,8.779709630022983546e+00,0.000000000000000000e+00
1.180152776157173022e+01,8.893089042132938715e+00,0.000000000000000000e+00
1.152472593377726540e+01,9.004102721489381622e+00,0.000000000000000000e+00
1.125348031771932433e+01,9.112888679163384964e+00,0.000000000000000000e+00
1.098746188918554978e+01,9.219575218790014404e+00,0.000000000000000000e+00
1.072636898027881358e+01,9.324290299479732980e+00,0.000000000000000000e+00
1.046990597588959204e+01,9.427145684109111912e+00,0.000000000000000000e+00
1.021780070735418811e+01,9.528253306755850360e+00,0.000000000000000000e+00
9.969795584108743114e+00,9.627719682694946712e+00,0.000000000000000000e+00
9.725638739653948761e+00,9.725638739653946985e+00,0.000000000000000000e+00
9.485099764166925240e+00,9.822108335122630152e+00,0.000000000000000000e+00
9.247955888985433859e+00,9.917218527036474995e+00,0.000000000000000000e+00
9.013990057540368639e+00,1.001105016645024826e+01,0.000000000000000000e+00
8.783002905534777582e+00,1.010368906305754066e+01,0.000000000000000000e+00
8.554799899760549664e+00,1.019521351446421953e+01,0.000000000000000000e+00
8.329190818783789751e+00,1.028569405835395578e+01,0.000000000000000000e+00
8.105999537474442462e+00,1.037520627855137967e+01,0.000000000000000000e+00
7.885053802936947243e+00,1.046381981738579725e+01,0.000000000000000000e+00
7.666183895438813956e+00,1.055159691268925748e+01,0.000000000000000000e+00
7.449231788543625221e+00,1.063860553056857583e+01,0.000000000000000000e+00
7.234043636161686663e+00,1.072491073949129614e+01,0.000000000000000000e+00
7.020466186863058233e+00,1.081056991079538676e+01,0.000000000000000000e+00
6.808352360392203373e+00,1.089564136821378248e+01,0.000000000000000000e+00
6.597559031081812186e+00,1.098018212902582036e+01,0.000000000000000000e+00
6.387943147426251578e+00,1.106424208720371105e+01,0.000000000000000000e+00
6.179369088810509503e+00,1.114787693366222143e+01,0.000000000000000000e+00
5.971711510646422916e+00,1.123115588148604793e+01,0.000000000000000000e+00
5.764844207424030920e+00,1.131414380409091613e+01,0.000000000000000000e+00
5.558629754117044186e+00,1.139687993878315275e+01,0.000000000000000000e+00
5.352891731518730545e+00,1.147931336298031191e+01,0.000000000000000000e+00
5.147449833671215558e+00,1.156136161825269149e+01,0.000000000000000000e+00
4.942133958569643326e+00,1.164293797851419754e+01,0.000000000000000000e+00
4.736816291064659623e+00,1.172403172906228086e+01,0.000000000000000000e+00
4.531397232999466063e+00,1.180469337947065789e+01,0.000000000000000000e+00
4.325775584347388403e+00,1.188497073962257211e+01,0.000000000000000000e+00
4.119847448476596341e+00,1.196490577423070967e+01,0.000000000000000000e+00
3.913505959772374698e+00,1.204453286502867471e+01,0.000000000000000000e+00
3.706642455318593488e+00,1.212388118076330557e+01,0.000000000000000000e+00
3.499146261296735005e+00,1.220297321275814895e+01,0.000000000000000000e+00
3.290902050176986560e+00,1.228181365399309932e+01,0.000000000000000000e+00
3.081792948320006165e+00,1.236039639822708835e+01,0.000000000000000000e+00
2.871702887391779146e+00,1.243871177484964541e+01,0.000000000000000000e+00
2.660526419653278296e+00,1.251679270096371255e+01,0.000000000000000000e+00
2.448165506943890346e+00,1.259471969050817641e+01,0.000000000000000000e+00
2.234516266890414382e+00,1.267257148005563572e+01,0.000000000000000000e+00
2.019450083144866070e+00,1.275030602126653534e+01,0.000000000000000000e+00
1.802801283294387380e+00,1.282759766662825740e+01,0.000000000000000000e+00
1.584420820392252516e+00,1.290407204897021387e+01,0.000000000000000000e+00
1.364166872272878805e+00,1.297918079918107992e+01,0.000000000000000000e+00
1.141867664967658458e+00,1.305160713341230583e+01,0.000000000000000000e+00
9.174262620139833624e-01,1.311980678820469848e+01,0.000000000000000000e+00
6.908602313261680283e-01,1.318239850605010943e+01,0.000000000000000000e+00
4.623222204939637092e-01,1.323917620438505871e+01,0.000000000000000000e+00
2.319854101764598775e-01,1.329043524790547792e+01,0.000000000000000000e+00
8.166216380387746886e-16,1.333644343180970182e+01,0.000000000000000000e+00
-2.334998279546759425e-01,1.337719618431233926e+01,0.000000000000000000e+00
-4.683768718610454851e-01,1.341255873447269842e+01,0.000000000000000000e+00
-7.044868316385347606e-01,1.344240952919950693e+01,0.000000000000000000e+00
-9.416841371451030174e-01,1.346671056455185678e+01,0.000000000000000000e+00
-1.179825268270862315e+00,1.348546452445537902e+01,0.000000000000000000e+00
-1.418767725143367020e+00,1.349867321290230748e+01,0.000000000000000000e+00
-1.658366604674335720e+00,1.350631213305179479e+01,0.000000000000000000e+00
-1.898474632306129894e+00,1.350834891742553800e+01,0.000000000000000000e+00
-2.138943158776803966e+00,1.350475560853085355e+01,0.000000000000000000e+00
-2.379622642938834076e+00,1.349551063244965832e+01,0.000000000000000000e+00
-2.620362641029855055e+00,1.348059714820870703e+01,0.000000000000000000e+00
-2.861013453378160598e+00,1.346001003638584237e+01,0.000000000000000000e+00
-3.101431463589783277e+00,1.343377556028495690e+01,0.000000000000000000e+00
-3.341476340440067361e+00,1.340192959609814949e+01,0.000000000000000000e+00
-3.581007698130218131e+00,1.336450267171724349e+01,0.000000000000000000e+00
-3.819880231828537198e+00,1.332150549422120633e+01,0.000000000000000000e+00
-4.057947666256309205e+00,1.327294874984606032e+01,0.000000000000000000e+00
-4.295064828001710744e+00,1.321885031224133122e+01,0.000000000000000000e+00
-4.531089325445776694e+00,1.315923890668044294e+01,0.000000000000000000e+00
-4.765880030905371711e+00,1.309414776874220898e+01,0.000000000000000000e+00
-4.999295655703759778e+00,1.302361044384509192e+01,0.000000000000000000e+00
-5.231193390465984194e+00,1.294765798842057514e+01,0.000000000000000000e+00
-5.461430803268604528e+00,1.286632467866306762e+01,0.000000000000000000e+00
-5.689871242858473011e+00,1.277966005024022422e+01,0.000000000000000000e+00
-5.916389735071271971e+00,1.268773873129206109e+01,0.000000000000000000e+00
-6.140865591628502429e+00,1.259064031313803333e+01,0.000000000000000000e+00
-6.363166693732673629e+00,1.248841780140022273e+01,0.000000000000000000e+00
-6.583126390128695604e+00,1.238106002663490912e+01,0.000000000000000000e+00
-6.800569496256579249e+00,1.226855213428900271e+01,0.000000000000000000e+00
-7.015333416129591271e+00,1.215091390877219446e+01,0.000000000000000000e+00
-7.227318657513500888e+00,1.202827815410880952e+01,0.000000000000000000e+00
-7.436447876329968842e+00,1.190080430990484572e+01,0.000000000000000000e+00
-7.642646419797736179e+00,1.176864345266948852e+01,0.000000000000000000e+00
-7.845794489616055856e+00,1.163186867727710272e+01,0.000000000000000000e+00
-8.045743588059909968e+00,1.149051266804591798e+01,0.000000000000000000e+00
-8.242343819346414691e+00,1.134461301525572630e+01,0.000000000000000000e+00
-8.435458168607645746e+00,1.119423108064635919e+01,0.000000000000000000e+00
-8.624977590731141674e+00,1.103946789510914783e+01,0.000000000000000000e+00
-8.810799296575206441e+00,1.088043099814175818e+01,0.000000000000000000e+00
-8.992824109057828252e+00,1.071723043953749333e+01,0.000000000000000000e+00
-9.170960704318302348e+00,1.054998345811310934e+01,0.000000000000000000e+00
-9.345125419599199290e+00,1.037881324365528357e+01,0.000000000000000000e+00
-9.515238852085051491e+00,1.020384441338718950e+01,0.000000000000000000e+00
-9.681223207212770632e+00,1.002520010564159136e+01,0.000000000000000000e+00
-9.842959068762265673e+00,9.842959068762267449e+00,0.000000000000000000e+00
-1.000028818729462188e+01,9.657166047306194656e+00,0.000000000000000000e+00
-1.015304933136092913e+01,9.467871671793966826e+00,0.000000000000000000e+00
-1.030107985626614919e+01,9.275133963217060185e+00,0.000000000000000000e+00
-1.044433237382816415e+01,9.079119617913491425e+00,0.000000000000000000e+00
-1.058311694866474362e+01,8.880289528330610693e+00,0.000000000000000000e+00
-1.071783593235457666e+01,8.679132408424464984e+00,0.000000000000000000e+00
-1.084892055525078014e+01,8.476105692930712365e+00,0.000000000000000000e+00
-1.097682952085575891e+01,8.271634342728766853e+00,0.000000000000000000e+00
-1.110197465723932631e+01,8.066056733322112038e+00,0.000000000000000000e+00
-1.122443657897335356e+01,7.859435104753953460e+00,0.000000000000000000e+00
-1.134419236061944680e+01,7.651754363936611014e+00,0.000000000000000000e+00
-1.146121647751571970e+01,7.443001007779129985e+00,0.000000000000000000e+00
-1.157548090394123541e+01,7.233163250484557771e+00,0.000000000000000000e+00
-1.168695519865653054e+01,7.022231135212130937e+00,0.000000000000000000e+00
-1.179561751682470394e+01,6.810202948596606909e+00,0.000000000000000000e+00
-1.190148273559393921e+01,6.597099606048583809e+00,0.000000000000000000e+00
-1.200457394246658360e+01,6.382945188287109772e+00,0.000000000000000000e+00
-1.210491420763981196e+01,6.167761852739173989e+00,0.000000000000000000e+00
-1.220252650461871724e+01,5.951569839141217955e+00,0.000000000000000000e+00
-1.229743363093963460e+01,5.734387477759983476e+00,0.000000000000000000e+00
-1.238965811873558565e+01,5.516231195626880357e+00,0.000000000000000000e+00
-1.247921139554377490e+01,5.297110963564255925e+00,0.000000000000000000e+00
-1.256607282149480298e+01,5.077022975638288749e+00,0.000000000000000000e+00
-1.265021445593201932e+01,4.855962365117410862e+00,0.000000000000000000e+00
-1.273160662676663613e+01,4.633925846529389325e+00,0.000000000000000000e+00
-1.281021800218578832e+01,4.410911790412941791e+00,0.000000000000000000e+00
-1.288601566476236293e+01,4.186920295447060347e+00,0.000000000000000000e+00
-1.295896518788360474e+01,3.961953257890715729e+00,0.000000000000000000e+00
-1.302903071441363103e+01,3.736014438267901028e+00,0.000000000000000000e+00
-1.309617503750334322e+01,3.509109525235652782e+00,0.000000000000000000e+00
-1.316035968345972229e+01,3.281246196574926444e+00,0.000000000000000000e+00
-1.322154499658474158e+01,3.052434177246756253e+00,0.000000000000000000e+00
-1.327969022589296166e+01,2.822685294458807004e+00,0.000000000000000000e+00
-1.333475361361507083e+01,2.592013529689808582e+00,0.000000000000000000e+00
-1.338669248539368972e+01,2.360435067622165484e+00,0.000000000000000000e+00
-1.343546334207615800e+01,2.127968341935558172e+00,0.000000000000000000e+00
-1.348102195300809036e+01,1.894634077917024761e+00,0.000000000000000000e+00
-1.352332345073013542e+01,1.660455331845853255e+00,0.000000000000000000e+00
-1.356232242697944201e+01,1.425457527114210921e+00,0.000000000000000000e+00
-1.359797302989632684e+01,1.189668487047195411e+00,0.000000000000000000e+00
-1.363022906233571874e+01,9.531184643889232255e-01,0.000000000000000000e+00
-1.365904408118204927e+01,7.158401674239188717e-01,0.000000000000000000e+00
-1.368437149756561233e+01,4.778687827059277526e-01,0.000000000000000000e+00
-1.370616467787762360e+01,2.392419943691953543e-01,0.000000000000000000e+00
-1.372437704548062065e+01,1.680751441903925147e-15,0.000000000000000000e+00
-1.377302490938320467e+01,-2.404090440512375304e-01,0.000000000000000000e+00
-1.372363283099476838e+01,-4.792398186805486571e-01,0.000000000000000000e+00
-1.367453169934086255e+01,-7.166518390980026743e-01,0.000000000000000000e+00
-1.362569172114733718e+01,-9.528011825849100891e-01,0.000000000000000000e+00
-1.357708127586622027e+01,-1.187840695408379332e+00,0.000000000000000000e+00
-1.352866932721096305e+01,-1.421920443798716294e+00,0.000000000000000000e+00
-1.348042533299081924e+01,-1.655188105295673173e+00,0.000000000000000000e+00
-1.343231916647080837e+01,-1.887789347644739602e+00,0.000000000000000000e+00
-1.338432104026470348e+01,-2.119868197086238748e+00,0.000000000000000000e+00
-1.333640143213209406e+01,-2.351567398043902024e+00,0.000000000000000000e+00
-1.328853101217557509e+01,-2.583028766132846155e+00,0.000000000000000000e+00
-1.324068057053228209e+01,-2.814393536243405158e+00,0.000000000000000000e+00
-1.319282094596330168e+01,-3.045802707637987439e+00,0.000000000000000000e+00
-1.314492295473527150e+01,-3.277397387831624265e+00,0.000000000000000000e+00
-1.309695731955878628e+01,-3.509319137080652240e+00,0.000000000000000000e+00
-1.304889459798782170e+01,-3.741710315226040695e+00,0.000000000000000000e+00
-1.300070510955578840e+01,-3.974714432587573398e+00,0.000000000000000000e+00
-1.295235886188233110e+01,-4.208476506902403713e+00,0.000000000000000000e+00
-1.290382547523082657e+01,-4.443143428192612099e+00,0.000000000000000000e+00
-1.285507410546522955e+01,-4.678864333675570641e+00,0.000000000000000000e+00
-1.280607336376067629e+01,-4.915790994372735589e+00,0.000000000000000000e+00
-1.275679123336002796e+01,-5.154078215781466632e+00,0.000000000000000000e+00
-1.270719498356198329e+01,-5.393884255187081145e+00,0.000000000000000000e+00
-1.265725108014333600e+01,-5.635371258032259689e+00,0.000000000000000000e+00
-1.260692508963638225e+01,-5.878705715083833994e+00,0.000000000000000000e+00
-1.255618158005556495e+01,-6.124058944543483207e+00,0.000000000000000000e+00
-1.250498401637682200e+01,-6.371607601865039605e+00,0.000000000000000000e+00
-1.245329464700731492e+01,-6.621534219073196503e+00,0.000000000000000000e+00
-1.240107438857249100e+01,-6.874027781324842934e+00,0.000000000000000000e+00
-1.234828307836477634e+01,-7.129284559323606274e+00,0.000000000000000000e+00
-1.229477470704515696e+01,-7.387445941279545458e+00,0.000000000000000000e+00
-1.223923034869636339e+01,-7.647919935858865870e+00,0.000000000000000000e+00
-1.218113782654184440e+01,-7.910523398341694268e+00,0.000000000000000000e+00
-1.212031355238112873e+01,-8.175254717881756505e+00,0.000000000000000000e+00
-1.205657382803765998e+01,-8.442103879373860309e+00,0.000000000000000000e+00
-1.198973514653437533e+01,-8.711052483477809361e+00,0.000000000000000000e+00
-1.191961449186170796e+01,-8.982073776006343380e+00,0.000000000000000000e+00
-1.184602963707328627e+01,-9.255132686617933757e+00,0.000000000000000000e+00
-1.176879944044652149e+01,-9.530185876747930607e+00,0.000000000000000000e+00
-1.168774413944746371e+01,-9.807181796704782073e+00,0.000000000000000000e+00
-1.160268564224151611e+01,-1.008606075185130102e+01,0.000000000000000000e+00
-1.151344988185386953e+01,-1.036675683744171117e+01,0.000000000000000000e+00
-1.141990251606085138e+01,-1.064923137844818157e+01,0.000000000000000000e+00
-1.132194171832784768e+01,-1.093347202640911853e+01,0.000000000000000000e+00
-1.121946462122946997e+01,-1.121946462122946642e+01,0.000000000000000000e+00
-1.111236620592047508e+01,-1.150719206417254092e+01,0.000000000000000000e+00
-1.100053936574266089e+01,-1.179663420921718142e+01,0.000000000000000000e+00
-1.088387497359620326e+01,-1.208776775551218741e+01,0.000000000000000000e+00
-1.076226120660843577e+01,-1.238056528234259623e+01,0.000000000000000000e+00
-1.063557642574914119e+01,-1.267498641469681964e+01,0.000000000000000000e+00
-1.050369309795433992e+01,-1.297098073978067134e+01,0.000000000000000000e+00
-1.036648308570021548e+01,-1.326849328081308599e+01,0.000000000000000000e+00
-1.022381784798181670e+01,-1.356746453235459349e+01,0.000000000000000000e+00
-1.007556818332421322e+01,-1.386782988600202948e+01,0.000000000000000000e+00
-9.921590429281422985e+00,-1.416949959528989211e+01,0.000000000000000000e+00
-9.761724335639604178e+00,-1.447235148540022109e+01,0.000000000000000000e+00
-9.595812005767365704e+00,-1.477625470703251231e+01,0.000000000000000000e+00
-9.423699414303490229e+00,-1.508107156401379534e+01,0.000000000000000000e+00
-9.245250159628263020e+00,-1.538668014986716415e+01,0.000000000000000000e+00
-9.060377576788599896e+00,-1.569303429875562195e+01,0.000000000000000000e+00
-8.869002403793265543e+00,-1.600010387806011281e+01,0.000000000000000000e+00
-8.671041049794750322e+00,-1.630785638445343011e+01,0.000000000000000000e+00
-8.466380504976855903e+00,-1.661620732267157052e+01,0.000000000000000000e+00
-8.254863543760055933e+00,-1.692497843548410685e+01,0.000000000000000000e+00
-8.036334525405488094e+00,-1.723397500526194293e+01,0.000000000000000000e+00
-7.810647573951320588e+00,-1.754300167910042418e+01,0.000000000000000000e+00
-7.577676221543743651e+00,-1.785188645397022000e+01,0.000000000000000000e+00
-7.337302220290640165e+00,-1.816046026498354493e+01,0.000000000000000000e+00
-7.089423022325252788e+00,-1.846857839044796989e+01,0.000000000000000000e+00
-6.833987127207493018e+00,-1.877622531684611218e+01,0.000000000000000000e+00
-6.570948744358243054e+00,-1.908342082001550111e+01,0.000000000000000000e+00
-6.300187113282428975e+00,-1.938998215967300354e+01,0.000000000000000000e+00
-6.021456997352312435e+00,-1.969529838687943624e+01,0.000000000000000000e+00
-5.734596428971813431e+00,-1.999891441599482178e+01,0.000000000000000000e+00
-5.440099251388915036e+00,-2.030272680440085509e+01,0.000000000000000000e+00
-5.138668043148182818e+00,-2.061007181122867493e+01,0.000000000000000000e+00
-4.830549085195901426e+00,-2.092340682207142066e+01,0.000000000000000000e+00
-4.515494537240632766e+00,-2.124373155908771338e+01,0.000000000000000000e+00
-4.193106004306597967e+00,-2.157166033384464754e+01,0.000000000000000000e+00
-3.862798471911796927e+00,-2.190701874660044268e+01,0.000000000000000000e+00
-3.523974166992358992e+00,-2.224949723452370165e+01,0.000000000000000000e+00
-3.176071442326239502e+00,-2.259892257685735117e+01,0.000000000000000000e+00
-2.818534613803279854e+00,-2.295512231405155745e+01,0.000000000000000000e+00
-2.450798679462203644e+00,-2.331779184033086949e+01,0.000000000000000000e+00
-2.072309057977717028e+00,-2.368660092017137231e+01,0.000000000000000000e+00
-1.682530570696929351e+00,-2.406130815825174452e+01,0.000000000000000000e+00
-1.280939595447724955e+00,-2.444178350946109646e+01,0.000000000000000000e+00
-8.670157581879598396e-01,-2.482808285174904128e+01,0.000000000000000000e+00
-4.402111159236277715e-01,-2.521967794069844970e+01,0.000000000000000000e+00
-4.705511804171493988e-15,-2.561561318440361745e+01,0.000000000000000000e+00
4.541133484139678878e-01,-2.601613630665248067e+01,0.000000000000000000e+00
9.226439073047316697e-01,-2.642106461951696872e+01,0.000000000000000000e+00
1.406050460684222125e+00,-2.682904103015880537e+01,0.000000000000000000e+00
1.904871426208971208e+00,-2.724093052816139249e+01,0.000000000000000000e+00
2.419608208308776209e+00,-2.765624837316006790e+01,0.000000000000000000e+00
2.950545271255753832e+00,-2.807256304941040881e+01,0.000000000000000000e+00
3.498236129884072287e+00,-2.849084692863296553e+01,0.000000000000000000e+00
4.063195863032838417e+00,-2.891114081994062701e+01,0.000000000000000000e+00
4.645840861372387387e+00,-2.933268477542915775e+01,0.000000000000000000e+00
5.246597949216903700e+00,-2.975493556423745289e+01,0.000000000000000000e+00
5.865832116686725328e+00,-3.017709017290840734e+01,0.000000000000000000e+00
6.503736867488555617e+00,-3.059767629091185981e+01,0.000000000000000000e+00
7.160812711550228471e+00,-3.101688750034713138e+01,0.000000000000000000e+00
7.837479813017054653e+00,-3.143441460102092222e+01,0.000000000000000000e+00
8.534089910213536356e+00,-3.184965714127779179e+01,0.000000000000000000e+00
9.250976523242915306e+00,-3.226198914679047647e+01,0.000000000000000000e+00
9.988504057826299132e+00,-3.267092465228062537e+01,0.000000000000000000e+00
1.074640032363319975e+01,-3.307401935994074194e+01,0.000000000000000000e+00
1.152531894755748887e+01,-3.347195665617977056e+01,0.000000000000000000e+00
1.232560686242755565e+01,-3.386432653559470651e+01,0.000000000000000000e+00
1.314764707609767669e+01,-3.425079162439557479e+01,0.000000000000000000e+00
1.399187311313679771e+01,-3.463110119699383205e+01,0.000000000000000000e+00
1.485813959840133158e+01,-3.500358332463338940e+01,0.000000000000000000e+00
1.574525172232511849e+01,-3.536441438272087368e+01,0.000000000000000000e+00
1.665555467684079360e+01,-3.571795226941041079e+01,0.000000000000000000e+00
1.758926171501948943e+01,-3.606333086484810480e+01,0.000000000000000000e+00
1.854313700384106056e+01,-3.639295548875978170e+01,0.000000000000000000e+00
1.952194365690941424e+01,-3.671543609054953095e+01,0.000000000000000000e+00
2.052170639244319261e+01,-3.702213835162642397e+01,0.000000000000000000e+00
2.154548885402644132e+01,-3.731788136908273401e+01,0.000000000000000000e+00
2.259082312358481559e+01,-3.759744341399185430e+01,0.000000000000000000e+00
2.366065905465368502e+01,-3.786496966503009531e+01,0.000000000000000000e+00
2.475061232037100822e+01,-3.811260074509691975e+01,0.000000000000000000e+00
2.586621144430641550e+01,-3.834823549062630121e+01,0.000000000000000000e+00
2.700224914848996960e+01,-3.856320829896991143e+01,0.000000000000000000e+00
2.816057514172680953e+01,-3.875970649514275834e+01,0.000000000000000000e+00
2.934315919728414812e+01,-3.893968746273927906e+01,0.000000000000000000e+00
3.054784761777395730e+01,-3.909946193987902063e+01,0.000000000000000000e+00
3.177232963050309067e+01,-3.923555951720261703e+01,0.000000000000000000e+00
3.301932021513738391e+01,-3.935089349140860548e+01,0.000000000000000000e+00
3.428856768135377564e+01,-3.944448498948875681e+01,0.000000000000000000e+00
3.557950602291738562e+01,-3.951504466049273390e+01,0.000000000000000000e+00
3.689149472300852750e+01,-3.956128460699508054e+01,0.000000000000000000e+00
3.822309895069246011e+01,-3.958117765045862058e+01,0.000000000000000000e+00
3.955114397753241207e+01,-3.955114397753243338e+01,0.000000000000000000e+00
4.084808985860347263e+01,-3.944654184876408465e+01,0.000000000000000000e+00
4.210432530755049640e+01,-3.926291854093856415e+01,0.000000000000000000e+00
4.331936761877678777e+01,-3.900493380037148938e+01,0.000000000000000000e+00
4.449571210350296013e+01,-3.867953242126409918e+01,0.000000000000000000e+00
4.563432040642861409e+01,-3.829174142206009890e+01,0.000000000000000000e+00
4.671295995391633937e+01,-3.782740911395926275e+01,0.000000000000000000e+00
4.775046518364920445e+01,-3.730675210699462951e+01,0.000000000000000000e+00
4.872872901293030878e+01,-3.671973110405516394e+01,0.000000000000000000e+00
4.966279118078798405e+01,-3.608212985229206282e+01,0.000000000000000000e+00
5.052503201648381292e+01,-3.537800828622893334e+01,0.000000000000000000e+00
5.133371763322572434e+01,-3.462502974479505014e+01,0.000000000000000000e+00
5.208153025289863791e+01,-3.382214121157823428e+01,0.000000000000000000e+00
5.276522964205419441e+01,-3.297137484977731248e+01,0.000000000000000000e+00
5.338172106689437157e+01,-3.207497396501073439e+01,0.000000000000000000e+00
5.393234497810576045e+01,-3.113785389113716207e+01,0.000000000000000000e+00
5.441422955332662781e+01,-3.016229996923770074e+01,0.000000000000000000e+00
5.482088864450313537e+01,-2.914878354434597441e+01,0.000000000000000000e+00
5.515367827582768712e+01,-2.810220271476222820e+01,0.000000000000000000e+00
5.541571384368526054e+01,-2.702804956020562344e+01,0.000000000000000000e+00
5.561074234335558231e+01,-2.593171503039120296e+01,0.000000000000000000e+00
5.571923880827436903e+01,-2.480780344100035961e+01,0.000000000000000000e+00
5.574957418460713399e+01,-2.366429025577490464e+01,0.000000000000000000e+00
5.570070903132288720e+01,-2.250454724626764147e+01,0.000000000000000000e+00
5.555980603173990318e+01,-2.132741132912875059e+01,0.000000000000000000e+00
5.534633553601103984e+01,-2.014441871081777080e+01,0.000000000000000000e+00
5.505746107141288803e+01,-1.895780416450831041e+01,0.000000000000000000e+00
5.469005528550290052e+01,-1.776987615032647128e+01,0.000000000000000000e+00
5.423666154548523366e+01,-1.658181149434389212e+01,0.000000000000000000e+00
5.369067857529658738e+01,-1.539555433972562071e+01,0.000000000000000000e+00
5.306387197250073484e+01,-1.421842164230005423e+01,0.000000000000000000e+00
5.235740131640896067e+01,-1.305416630427917291e+01,0.000000000000000000e+00
5.156757994069599249e+01,-1.190531390163137715e+01,0.000000000000000000e+00
5.070178005061024606e+01,-1.077699603810746432e+01,0.000000000000000000e+00
4.974165807846456033e+01,-9.668798874314624925e+00,0.000000000000000000e+00
4.869880437332862755e+01,-8.586913139261273642e+00,0.000000000000000000e+00
4.757899485030188913e+01,-7.535772470569072290e+00,0.000000000000000000e+00
4.638660500109904916e+01,-6.519212185864606823e+00,0.000000000000000000e+00
4.509437512605006759e+01,-5.536893049042949322e+00,0.000000000000000000e+00
4.372806272948881912e+01,-4.596004592832448665e+00,0.000000000000000000e+00
4.228774460784192257e+01,-3.699698259265695288e+00,0.000000000000000000e+00
4.079796606062374309e+01,-2.852871700398934340e+00,0.000000000000000000e+00
3.932896126152993332e+01,-2.061143521225559549e+00,0.000000000000000000e+00
3.789108069649599742e+01,-1.323185694795543377e+00,0.000000000000000000e+00
3.648608071598681590e+01,-6.368669078737716482e-01,0.000000000000000000e+00
3.511527977507523701e+01,-8.600762995541936405e-15,0.000000000000000000e+00
