3.474680694191070529e+01,0.000000000000000000e+00,0.000000000000000000e+00
3.382126684946704387e+01,5.903524088120201130e-01,0.000000000000000000e+00
3.291141571361146845e+01,1.149291961782110016e+00,0.000000000000000000e+00
3.201768990277661686e+01,1.677976025577573971e+00,0.000000000000000000e+00
3.113972277783134501e+01,2.177501538658460412e+00,0.000000000000000000e+00
3.027508066167363410e+01,2.648726345229373003e+00,0.000000000000000000e+00
2.942871492774890285e+01,3.093082577332645577e+00,0.000000000000000000e+00
2.860064781162312997e+01,3.511717983088765038e+00,0.000000000000000000e+00
2.779136056148212930e+01,3.905821010825820672e+00,0.000000000000000000e+00
2.700118742852398412e+01,4.276567958964675675e+00,0.000000000000000000e+00
2.623054593702116577e+01,4.625152967409635885e+00,0.000000000000000000e+00
2.547985140435308793e+01,4.952781392761283819e+00,0.000000000000000000e+00
2.474951718366871489e+01,5.260672275553750055e+00,0.000000000000000000e+00
2.403995159829260686e+01,5.550060140243903817e+00,0.000000000000000000e+00
2.335147785408956267e+01,5.822177336796913849e+00,0.000000000000000000e+00
2.268450225946295262e+01,6.078294061125076198e+00,0.000000000000000000e+00
2.203909839928737924e+01,6.319609772279985549e+00,0.000000000000000000e+00
2.141444519790016443e+01,6.547052923413156478e+00,0.000000000000000000e+00
2.081173261403830566e+01,6.762141839033795954e+00,0.000000000000000000e+00
2.023177093512238756e+01,6.966357398713910243e+00,0.000000000000000000e+00
1.967505646078950576e+01,7.161134909234314172e+00,0.000000000000000000e+00
1.914151847444624366e+01,7.347740518305891477e+00,0.000000000000000000e+00
1.862952910898543735e+01,7.526818334989576975e+00,0.000000000000000000e+00
1.813747619859588056e+01,7.698901875905065140e+00,0.000000000000000000e+00
1.766396329965537504e+01,7.864503157243794895e+00,0.000000000000000000e+00
1.720751665963915045e+01,8.023996796219456940e+00,0.000000000000000000e+00
1.676330246738136154e+01,8.176008905328401966e+00,0.000000000000000000e+00
1.632534247159490093e+01,8.318177460989881311e+00,0.000000000000000000e+00
1.589315445967578633e+01,8.450540125062309116e+00,0.000000000000000000e+00
1.546759787236269368e+01,8.573829504882233721e+00,0.000000000000000000e+00
1.504885185201451314e+01,8.688458667755375231e+00,0.000000000000000000e+00
1.463677146252906702e+01,8.794659561540143500e+00,0.000000000000000000e+00
1.423104060719853869e+01,8.892541121215472799e+00,0.000000000000000000e+00
1.383331559260581756e+01,8.983460184935738724e+00,0.000000000000000000e+00
1.344668423894487574e+01,9.069903042459143805e+00,0.000000000000000000e+00
1.307217288734472405e+01,9.153233996499363201e+00,0.000000000000000000e+00
1.270942722355756871e+01,9.233939384503671022e+00,0.000000000000000000e+00
1.235780668581998931e+01,9.312275278487041064e+00,0.000000000000000000e+00
1.201650604582415482e+01,9.388323454433480819e+00,0.000000000000000000e+00
1.168483599543157325e+01,9.462193619602773609e+00,0.000000000000000000e+00
1.136222610355570239e+01,9.534039732846451898e+00,0.000000000000000000e+00
1.104813028520531404e+01,9.603993134594782433e+00,0.000000000000000000e+00
1.074203763921430799e+01,9.672174134348184182e+00,0.000000000000000000e+00
1.044345342809446642e+01,9.738677873074168545e+00,0.000000000000000000e+00
1.015193250321765461e+01,9.803607260956367142e+00,0.000000000000000000e+00
9.867058453866590639e+00,9.867058453866588863e+00,0.000000000000000000e+00
9.588433216915879242e+00,9.929113257872820952e+00,0.000000000000000000e+00
9.315696250460103300e+00,9.989861171087673242e+00,0.000000000000000000e+00
9.048498118568483406e+00,1.004937525089056294e+01,0.000000000000000000e+00
8.786511075063831555e+00,1.010772475045094154e+01,0.000000000000000000e+00
8.529435054758380375e+00,1.016498486930729150e+01,0.000000000000000000e+00
8.276976860464396069e+00,1.022121518969389875e+01,0.000000000000000000e+00
8.028862177028408098e+00,1.027647495951901924e+01,0.000000000000000000e+00
7.784837360752914215e+00,1.033082810674425467e+01,0.000000000000000000e+00
7.544653805776517785e+00,1.038432509448483110e+01,0.000000000000000000e+00
7.308076596978909656e+00,1.043701502509412649e+01,0.000000000000000000e+00
7.074888581669401155e+00,1.048895366775951743e+01,0.000000000000000000e+00
6.844876894324524841e+00,1.054018611119430737e+01,0.000000000000000000e+00
6.617836430747570553e+00,1.059075214767111994e+01,0.000000000000000000e+00
6.393577919157272582e+00,1.064070054966276579e+01,0.000000000000000000e+00
6.171916816711340736e+00,1.069007350663280853e+01,0.000000000000000000e+00
5.952672101495427803e+00,1.073890474256965355e+01,0.000000000000000000e+00
5.735674331347264676e+00,1.078723451157242508e+01,0.000000000000000000e+00
5.520760984691297502e+00,1.083510350693809876e+01,0.000000000000000000e+00
5.307771368445921567e+00,1.088254402694927059e+01,0.000000000000000000e+00
5.096550039797503651e+00,1.092958683106901319e+01,0.000000000000000000e+00
4.886950389598657019e+00,1.097627028728411958e+01,0.000000000000000000e+00
4.678827795583579530e+00,1.102262753150750463e+01,0.000000000000000000e+00
4.472039090999895272e+00,1.106868516209760678e+01,0.000000000000000000e+00
4.266446983393949566e+00,1.111447438153543033e+01,0.000000000000000000e+00
4.061918541676835304e+00,1.116002947292115266e+01,0.000000000000000000e+00
3.858321285743553819e+00,1.120537864762459179e+01,0.000000000000000000e+00
3.655524012818206270e+00,1.125054607399941276e+01,0.000000000000000000e+00
3.453400290210143719e+00,1.129556338190773701e+01,0.000000000000000000e+00
3.251824994069085761e+00,1.134046145315940635e+01,0.000000000000000000e+00
3.050672685703343934e+00,1.138526546030747966e+01,0.000000000000000000e+00
2.849818929878519036e+00,1.142999942798627977e+01,0.000000000000000000e+00
2.649142105566164140e+00,1.147469511781017282e+01,0.000000000000000000e+00
2.448520088203961276e+00,1.151938133062718705e+01,0.000000000000000000e+00
2.247829757326889055e+00,1.156408160527360884e+01,0.000000000000000000e+00
2.046948448297794432e+00,1.160882152052595906e+01,0.000000000000000000e+00
1.845754164494201044e+00,1.165363315179302717e+01,0.000000000000000000e+00
1.644123190862698092e+00,1.169854437213413512e+01,0.000000000000000000e+00
1.441930110148028410e+00,1.174357834197310702e+01,0.000000000000000000e+00
1.239049001645658565e+00,1.178876377829743660e+01,0.000000000000000000e+00
1.035352527220784635e+00,1.183413353792970923e+01,0.000000000000000000e+00
8.307106228379151913e-01,1.187971537311029735e+01,0.000000000000000000e+00
6.249907364383295860e-01,1.192553367054365232e+01,0.000000000000000000e+00
4.180582515919419873e-01,1.197162197959966790e+01,0.000000000000000000e+00
2.097752195359783023e-01,1.201801427830042712e+01,0.000000000000000000e+00
7.387521806475740689e-16,1.206473868485055689e+01,0.000000000000000000e+00
-2.114126754067913450e-01,1.211182406231129782e+01,0.000000000000000000e+00
-4.246124451772935737e-01,1.215930952717517854e+01,0.000000000000000000e+00
-6.397538234757502718e-01,1.220723015223758523e+01,0.000000000000000000e+00
-8.569961156043914841e-01,1.225561543255690999e+01,0.000000000000000000e+00
-1.076504622237167474e+00,1.230450413633515616e+01,0.000000000000000000e+00
-1.298451385990593288e+00,1.235393971240496747e+01,0.000000000000000000e+00
-1.523014567119734819e+00,1.240395824947489878e+01,0.000000000000000000e+00
-1.750379440816496324e+00,1.245459687586950892e+01,0.000000000000000000e+00
-1.980740843448233868e+00,1.250590550049999727e+01,0.000000000000000000e+00
-2.214301551516034916e+00,1.255792813226417870e+01,0.000000000000000000e+00
-2.451272624078562945e+00,1.261070442244145440e+01,0.000000000000000000e+00
-2.691878415943044001e+00,1.266429224670082299e+01,0.000000000000000000e+00
-2.936354498464299301e+00,1.271874866844387597e+01,0.000000000000000000e+00
-3.184946290463712693e+00,1.277412185612757156e+01,0.000000000000000000e+00
-3.437913733919025105e+00,1.283046872702462871e+01,0.000000000000000000e+00
-3.695529898940420388e+00,1.288784434721076089e+01,0.000000000000000000e+00
-3.958080545608432477e+00,1.294629811677448217e+01,0.000000000000000000e+00
-4.225882665955881023e+00,1.300592951104669126e+01,0.000000000000000000e+00
-4.499278733662792185e+00,1.306685423999899065e+01,0.000000000000000000e+00
-4.778620486068070328e+00,1.312915188161529656e+01,0.000000000000000000e+00
-5.064238473460844325e+00,1.319279226821447715e+01,0.000000000000000000e+00
-5.356456161388595483e+00,1.325769422595362812e+01,0.000000000000000000e+00
-5.655305177190252053e+00,1.332306408113898044e+01,0.000000000000000000e+00
-5.960204157000761782e+00,1.338683771660049437e+01,0.000000000000000000e+00
-6.270457899497925425e+00,1.344704036023713378e+01,0.000000000000000000e+00
-6.585985106578592152e+00,1.350327056460211494e+01,0.000000000000000000e+00
-6.907073095065088708e+00,1.355589421866671884e+01,0.000000000000000000e+00
-7.233854133790289964e+00,1.360490091587437433e+01,0.000000000000000000e+00
-7.566171960163735832e+00,1.364973554073097795e+01,0.000000000000000000e+00
-7.903880897289921492e+00,1.368992329107923922e+01,0.000000000000000000e+00
-8.247053747680089586e+00,1.372540234210591947e+01,0.000000000000000000e+00
-8.595807618588038324e+00,1.375616773702056683e+01,0.000000000000000000e+00
-8.950151149881559576e+00,1.378202417654741474e+01,0.000000000000000000e+00
-9.310037598599802067e+00,1.380269835907015263e+01,0.000000000000000000e+00
-9.675432384535229247e+00,1.381794947434210208e+01,0.000000000000000000e+00
-1.004630795247688546e+01,1.382755663327496087e+01,0.000000000000000000e+00
-1.042262620995360933e+01,1.383129213960409487e+01,0.000000000000000000e+00
-1.080433901946237363e+01,1.382892331933804009e+01,0.000000000000000000e+00
-1.119140012454406730e+01,1.382022819144549608e+01,0.000000000000000000e+00
-1.158376376900250193e+01,1.380499208747137807e+01,0.000000000000000000e+00
-1.198136175575736928e+01,1.378298003930931692e+01,0.000000000000000000e+00
-1.238411337981583138e+01,1.375395130468711535e+01,0.000000000000000000e+00
-1.279202106123197247e+01,1.371776312404190534e+01,0.000000000000000000e+00
-1.320509105874434752e+01,1.367427208769458957e+01,0.000000000000000000e+00
-1.362295486816593026e+01,1.362295486816593204e+01,0.000000000000000000e+00
-1.404519896171614590e+01,1.356329097726124822e+01,0.000000000000000000e+00
-1.447198697459954531e+01,1.349534618020181753e+01,0.000000000000000000e+00
-1.490349314326497243e+01,1.341916550036091849e+01,0.000000000000000000e+00
-1.533954886820835739e+01,1.333446639521743471e+01,0.000000000000000000e+00
-1.578010482296994610e+01,1.324108013689290431e+01,0.000000000000000000e+00
-1.622523479351431774e+01,1.313893607062799340e+01,0.000000000000000000e+00
-1.667421945990818344e+01,1.302732799724486767e+01,0.000000000000000000e+00
-1.712627218159665077e+01,1.290557176560496977e+01,0.000000000000000000e+00
-1.758211947098703121e+01,1.277415752814319916e+01,0.000000000000000000e+00
-1.804022759064356052e+01,1.263190334998741982e+01,0.000000000000000000e+00
-1.849513605465057964e+01,1.247512678902125494e+01,0.000000000000000000e+00
-1.894245084374658461e+01,1.230137141169961978e+01,0.000000000000000000e+00
-1.937951930648146259e+01,1.210966766935537464e+01,0.000000000000000000e+00
-1.980724876174025084e+01,1.190139575221212986e+01,0.000000000000000000e+00
-2.022648812795019069e+01,1.167776836543280972e+01,0.000000000000000000e+00
-2.063616420002001206e+01,1.143881260333668415e+01,0.000000000000000000e+00
-2.103538815648250448e+01,1.118471428146192359e+01,0.000000000000000000e+00
-2.142376472022609235e+01,1.091595334893608893e+01,0.000000000000000000e+00
-2.180081806558235158e+01,1.063296942797987299e+01,0.000000000000000000e+00
-2.216598506045275485e+01,1.033616858423840945e+01,0.000000000000000000e+00
-2.251901435763930337e+01,1.002611115689580501e+01,0.000000000000000000e+00
-2.285995159307234914e+01,9.703473751029859429e+00,0.000000000000000000e+00
-2.318832885197917193e+01,9.368692989489625589e+00,0.000000000000000000e+00
-2.350290962904779946e+01,9.021921725279012705e+00,0.000000000000000000e+00
-2.380270392490863784e+01,8.663475723718054411e+00,0.000000000000000000e+00
-2.408787451600306539e+01,8.294120341316295608e+00,0.000000000000000000e+00
-2.435886841348338194e+01,7.914676125486360014e+00,0.000000000000000000e+00
-2.461569614023178332e+01,7.525773555532388137e+00,0.000000000000000000e+00
-2.485777109378697602e+01,7.127851161392104729e+00,0.000000000000000000e+00
-2.508447791325365017e+01,6.721365599412656877e+00,0.000000000000000000e+00
-2.529537724235546747e+01,6.306845889001332139e+00,0.000000000000000000e+00
-2.549030530361249447e+01,5.884900676683359144e+00,0.000000000000000000e+00
-2.566914115154378706e+01,5.456144384194618446e+00,0.000000000000000000e+00
-2.583178258270550032e+01,5.021189884004631843e+00,0.000000000000000000e+00
-2.597808865488791952e+01,4.580637937093212209e+00,0.000000000000000000e+00
-2.610785818800087910e+01,4.135078507178885587e+00,0.000000000000000000e+00
-2.622090260668920081e+01,3.685107538994219833e+00,0.000000000000000000e+00
-2.631705171003445543e+01,3.231327638475617103e+00,0.000000000000000000e+00
-2.639615388489150760e+01,2.774347568026644062e+00,0.000000000000000000e+00
-2.645807630642512365e+01,2.314781735516062255e+00,0.000000000000000000e+00
-2.650270512567496795e+01,1.853249677317389210e+00,0.000000000000000000e+00
-2.652994564398445831e+01,1.390375535701017240e+00,0.000000000000000000e+00
-2.653976395726741799e+01,9.267889795171228018e-01,0.000000000000000000e+00
-2.653231170480515644e+01,4.631232235030794397e-01,0.000000000000000000e+00
-2.650780167811836208e+01,3.246269447754049000e-15,0.000000000000000000e+00
-2.634548683853030937e+01,-4.598621833320399865e-01,0.000000000000000000e+00
-2.602612151139544849e+01,-9.088521900636555850e-01,0.000000000000000000e+00
-2.564078507902235415e+01,-1.343776605065292840e+00,0.000000000000000000e+00
-2.522533495600357156e+01,-1.763927253680509288e+00,0.000000000000000000e+00
-2.481493086036534379e+01,-2.171025136461566252e+00,0.000000000000000000e+00
-2.442483134716199089e+01,-2.567153220236572775e+00,0.000000000000000000e+00
-2.404689159511750063e+01,-2.952587025586256075e+00,0.000000000000000000e+00
-2.367668024373429958e+01,-3.327540404436041044e+00,0.000000000000000000e+00
-2.331547092165778778e+01,-3.692807812829765002e+00,0.000000000000000000e+00
-2.296380184860150919e+01,-4.049137845551372905e+00,0.000000000000000000e+00
-2.262072544806818897e+01,-4.397023605514948308e+00,0.000000000000000000e+00
-2.228536232510216664e+01,-4.736899991394359688e+00,0.000000000000000000e+00
-2.195732351591333043e+01,-5.069247562077699776e+00,0.000000000000000000e+00
-2.163627923680206422e+01,-5.394530291069232320e+00,0.000000000000000000e+00
-2.132183989362065191e+01,-5.713169780641339734e+00,0.000000000000000000e+00
-2.101358568874175958e+01,-6.025548734494017289e+00,0.000000000000000000e+00
-2.071113307042359963e+01,-6.332028827401597226e+00,0.000000000000000000e+00
-2.041415517360008280e+01,-6.632961097857558386e+00,0.000000000000000000e+00
-2.012232573296746097e+01,-6.928672393469901714e+00,0.000000000000000000e+00
-1.983534546429266854e+01,-7.219475335389654802e+00,0.000000000000000000e+00
-1.955292361013110991e+01,-7.505664153724180387e+00,0.000000000000000000e+00
-1.927477497503179649e+01,-7.787514586984024767e+00,0.000000000000000000e+00
-1.900064625162231735e+01,-8.065295825521094031e+00,0.000000000000000000e+00
-1.873028499367008592e+01,-8.339260163185928221e+00,0.000000000000000000e+00
-1.846344842179412638e+01,-8.609647395032421713e+00,0.000000000000000000e+00
-1.819991612386168001e+01,-8.876692202772607843e+00,0.000000000000000000e+00
-1.793946514927835167e+01,-9.140614043875679329e+00,0.000000000000000000e+00
-1.768188297599540348e+01,-9.401623947871295073e+00,0.000000000000000000e+00
-1.742697466119116356e+01,-9.659929794136310477e+00,0.000000000000000000e+00
-1.717454200571707901e+01,-9.915726450209294995e+00,0.000000000000000000e+00
-1.692439482551649732e+01,-1.016920235152668361e+01,0.000000000000000000e+00
-1.667635782622679841e+01,-1.042054490708237680e+01,0.000000000000000000e+00
-1.643025242555570742e+01,-1.066993068330769034e+01,0.000000000000000000e+00
-1.618590431988852529e+01,-1.091753031656143236e+01,0.000000000000000000e+00
-1.594315299396726893e+01,-1.116351590920657699e+01,0.000000000000000000e+00
-1.570183520575013958e+01,-1.140805104470928022e+01,0.000000000000000000e+00
-1.546178793399174012e+01,-1.165129291948998258e+01,0.000000000000000000e+00
-1.522286074230208364e+01,-1.189340229227398282e+01,0.000000000000000000e+00
-1.498490177780257682e+01,-1.213453419866000971e+01,0.000000000000000000e+00
-1.474775620352692229e+01,-1.237483679107188195e+01,0.000000000000000000e+00
-1.451127896914991844e+01,-1.261446235663355431e+01,0.000000000000000000e+00
-1.427532596095032247e+01,-1.285356122890961927e+01,0.000000000000000000e+00
-1.403974810321612665e+01,-1.309227691182165287e+01,0.000000000000000000e+00
-1.380440161174600355e+01,-1.333075567939179962e+01,0.000000000000000000e+00
-1.356914645356311411e+01,-1.356914645356311055e+01,0.000000000000000000e+00
-1.333383677318042793e+01,-1.380759217776375358e+01,0.000000000000000000e+00
-1.309832696250651196e+01,-1.404623598826461084e+01,0.000000000000000000e+00
-1.286247712155190825e+01,-1.428522806289971392e+01,0.000000000000000000e+00
-1.262614166070618182e+01,-1.452471447157338957e+01,0.000000000000000000e+00
-1.238917095738940333e+01,-1.476483899773266373e+01,0.000000000000000000e+00
-1.215142095327463601e+01,-1.500575518305930522e+01,0.000000000000000000e+00
-1.191274296077157402e+01,-1.524761566910658672e+01,0.000000000000000000e+00
-1.167298133230614532e+01,-1.549056942990858410e+01,0.000000000000000000e+00
-1.143198355575493252e+01,-1.573477548126484749e+01,0.000000000000000000e+00
-1.118959414919404161e+01,-1.598039658042468503e+01,0.000000000000000000e+00
-1.094564856415539111e+01,-1.622759133627428696e+01,0.000000000000000000e+00
-1.069998205748399123e+01,-1.647652748376427922e+01,0.000000000000000000e+00
-1.045242806326391083e+01,-1.672738154195890914e+01,0.000000000000000000e+00
-1.020280924961642910e+01,-1.698032609647269453e+01,0.000000000000000000e+00
-9.950944908766420127e+00,-1.723554216530226313e+01,0.000000000000000000e+00
-9.696652482789202665e+00,-1.749322414522294977e+01,0.000000000000000000e+00
-9.439736930295481443e+00,-1.775356307071385942e+01,0.000000000000000000e+00
-9.179997298496845204e+00,-1.801675913853880218e+01,0.000000000000000000e+00
-8.917229380787098592e+00,-1.828302965567154104e+01,0.000000000000000000e+00
-8.651214321073631197e+00,-1.855258898235377529e+01,0.000000000000000000e+00
-8.381725667131485480e+00,-1.882566407715417256e+01,0.000000000000000000e+00
-8.108530694302299224e+00,-1.910250121952658020e+01,0.000000000000000000e+00
-7.831379273139555508e+00,-1.938334388306456546e+01,0.000000000000000000e+00
-7.550012838152190042e+00,-1.966845588296805403e+01,0.000000000000000000e+00
-7.264161262042378553e+00,-1.995811903873838489e+01,0.000000000000000000e+00
-6.973534383165855388e+00,-2.025261441143663887e+01,0.000000000000000000e+00
-6.677832532438666924e+00,-2.055225524909980450e+01,0.000000000000000000e+00
-6.376736354305500676e+00,-2.085736480186313102e+01,0.000000000000000000e+00
-6.069906107231593850e+00,-2.116827823111762896e+01,0.000000000000000000e+00
-5.756987236210701298e+00,-2.148536886406387580e+01,0.000000000000000000e+00
-5.437597323025543439e+00,-2.180901166743639408e+01,0.000000000000000000e+00
-5.111334287447989233e+00,-2.213962115148233067e+01,0.000000000000000000e+00
-4.777767961089205428e+00,-2.247763100584170814e+01,0.000000000000000000e+00
-4.436439355276985630e+00,-2.282350190179886340e+01,0.000000000000000000e+00
-4.086861427514677736e+00,-2.317774291316087343e+01,0.000000000000000000e+00
-3.728508057733433745e+00,-2.354087339699254500e+01,0.000000000000000000e+00
-3.360817465884316402e+00,-2.391345883921337645e+01,0.000000000000000000e+00
-2.983184991325657620e+00,-2.429609202809060520e+01,0.000000000000000000e+00
-2.594971064785061010e+00,-2.468950045852714581e+01,0.000000000000000000e+00
-2.195475895960924184e+00,-2.509440432028516099e+01,0.000000000000000000e+00
-1.783927064468437518e+00,-2.551134557527884539e+01,0.000000000000000000e+00
-1.359515986819778588e+00,-2.594111037365966155e+01,0.000000000000000000e+00
-9.214061729257551070e-01,-2.638562054434334314e+01,0.000000000000000000e+00
-4.685761234847589107e-01,-2.684470813553185309e+01,0.000000000000000000e+00
-5.017333481173251511e-15,-2.731309133194710981e+01,0.000000000000000000e+00
4.849015330983839078e-01,-2.777999022590344325e+01,0.000000000000000000e+00
9.859274947228869879e-01,-2.823326945747477978e+01,0.000000000000000000e+00
1.502879179531869447e+00,-2.867664304978836398e+01,0.000000000000000000e+00
2.035665575301177643e+00,-2.911137400265965880e+01,0.000000000000000000e+00
2.583642605958753613e+00,-2.953117011775126599e+01,0.000000000000000000e+00
3.146797048851814882e+00,-2.993977398624837605e+01,0.000000000000000000e+00
3.725090096856707333e+00,-3.033842422421840723e+01,0.000000000000000000e+00
4.317945355456844325e+00,-3.072377764512715004e+01,0.000000000000000000e+00
4.924819838826634211e+00,-3.109408871689340614e+01,0.000000000000000000e+00
5.545744063806149704e+00,-3.145147748531672249e+01,0.000000000000000000e+00
6.180558797049787501e+00,-3.179621858030320780e+01,0.000000000000000000e+00
6.828878900794654427e+00,-3.212734929066078848e+01,0.000000000000000000e+00
7.490347431351350060e+00,-3.244425918890468097e+01,0.000000000000000000e+00
8.164338185261344805e+00,-3.274537192838488409e+01,0.000000000000000000e+00
8.850444593039265229e+00,-3.303030889079574450e+01,0.000000000000000000e+00
9.548612583622084315e+00,-3.329996944276468440e+01,0.000000000000000000e+00
1.025851711189766213e+01,-3.355409755721483123e+01,0.000000000000000000e+00
1.097975540555828644e+01,-3.379221245389775419e+01,0.000000000000000000e+00
1.171195120883843721e+01,-3.401397609951713008e+01,0.000000000000000000e+00
1.245471089058552749e+01,-3.421903693771936616e+01,0.000000000000000000e+00
1.320764077984284768e+01,-3.440708056597259912e+01,0.000000000000000000e+00
1.397034277777124700e+01,-3.457781174698091320e+01,0.000000000000000000e+00
1.474241663528280988e+01,-3.473095710819048776e+01,0.000000000000000000e+00
1.552346006667034928e+01,-3.486626216797516520e+01,0.000000000000000000e+00
1.631306907827115182e+01,-3.498348953310295428e+01,0.000000000000000000e+00
1.711083885675716232e+01,-3.508241864065350768e+01,0.000000000000000000e+00
1.791636134731913543e+01,-3.516283900067496404e+01,0.000000000000000000e+00
1.872923430870913819e+01,-3.522456664006182336e+01,0.000000000000000000e+00
1.954903194521352461e+01,-3.526738719849186054e+01,0.000000000000000000e+00
2.037538077889622912e+01,-3.529119473261059170e+01,0.000000000000000000e+00
2.120710611591207595e+01,-3.529455158874265663e+01,0.000000000000000000e+00
2.204398450423097344e+01,-3.527774955976671833e+01,0.000000000000000000e+00
2.288600304947080843e+01,-3.524135425763383722e+01,0.000000000000000000e+00
2.373272274223862510e+01,-3.518520841417768708e+01,0.000000000000000000e+00
2.458372847828424312e+01,-3.510920282455100505e+01,0.000000000000000000e+00
2.543859543352017738e+01,-3.501322283687774473e+01,0.000000000000000000e+00
2.629688221262125936e+01,-3.489714136502094277e+01,0.000000000000000000e+00
2.715818962510384438e+01,-3.476089755616452948e+01,0.000000000000000000e+00
2.802134175708000541e+01,-3.460347525811499736e+01,0.000000000000000000e+00
2.888516270875583203e+01,-3.442399643082807614e+01,0.000000000000000000e+00
2.975058213990899603e+01,-3.422412979018495349e+01,0.000000000000000000e+00
3.061705295005474881e+01,-3.400368217351890365e+01,0.000000000000000000e+00
3.148416659236249160e+01,-3.376263511485401381e+01,0.000000000000000000e+00
3.235141778559673043e+01,-3.350087381108885154e+01,0.000000000000000000e+00
3.321841512666367180e+01,-3.321841512666368601e+01,0.000000000000000000e+00
3.408343892193258995e+01,-3.291399437373285508e+01,0.000000000000000000e+00
3.494586417612838858e+01,-3.258754554235737544e+01,0.000000000000000000e+00
3.580652442659423684e+01,-3.224033940595483472e+01,0.000000000000000000e+00
3.666484086514692109e+01,-3.187225990821465516e+01,0.000000000000000000e+00
3.752034593773882420e+01,-3.148330843800062340e+01,0.000000000000000000e+00
3.837253777121394904e+01,-3.107346840030141522e+01,0.000000000000000000e+00
3.922086202661833454e+01,-3.064269576060007338e+01,0.000000000000000000e+00
4.006473542706891067e+01,-3.019094364736467995e+01,0.000000000000000000e+00
4.090169268663087365e+01,-2.971681920424319046e+01,0.000000000000000000e+00
4.173331170006350277e+01,-2.922197944683997051e+01,0.000000000000000000e+00
4.255929032261721545e+01,-2.870660379337481771e+01,0.000000000000000000e+00
4.337682948214333578e+01,-2.816924243453751942e+01,0.000000000000000000e+00
4.416772863824756712e+01,-2.759905996948886298e+01,0.000000000000000000e+00
4.490939374527698646e+01,-2.698428612593959741e+01,0.000000000000000000e+00
4.559353487980862241e+01,-2.632343963616413163e+01,0.000000000000000000e+00
4.622176192226815772e+01,-2.562114100760816271e+01,0.000000000000000000e+00
4.679112069546599884e+01,-2.487928019178987782e+01,0.000000000000000000e+00
4.728994208398943044e+01,-2.409542899691023266e+01,0.000000000000000000e+00
4.772433323864648003e+01,-2.327671258806480381e+01,0.000000000000000000e+00
4.809854060517804442e+01,-2.242871783027371535e+01,0.000000000000000000e+00
4.840833831380896868e+01,-2.155278082542800533e+01,0.000000000000000000e+00
4.865052261827023727e+01,-2.065092164689153620e+01,0.000000000000000000e+00
4.882357244901005089e+01,-1.972600370836289585e+01,0.000000000000000000e+00
4.892613870833226031e+01,-1.878098502328289854e+01,0.000000000000000000e+00
4.895696729580870254e+01,-1.781887885561829421e+01,0.000000000000000000e+00
4.891503741622895518e+01,-1.684279808750483909e+01,0.000000000000000000e+00
4.879985141352536715e+01,-1.585603289749363753e+01,0.000000000000000000e+00
4.861064848661565918e+01,-1.486176668796037603e+01,0.000000000000000000e+00
4.834664338394350125e+01,-1.386317690727243068e+01,0.000000000000000000e+00
4.800716639437413846e+01,-1.286348146627907951e+01,0.000000000000000000e+00
4.759360263738496144e+01,-1.186641789369113731e+01,0.000000000000000000e+00
4.711132455665379837e+01,-1.087650628192400148e+01,0.000000000000000000e+00
4.655630653776195516e+01,-9.895848441722280953e+00,0.000000000000000000e+00
4.591604774046793125e+01,-8.925175554174389347e+00,0.000000000000000000e+00
4.520256620433931261e+01,-7.970432019085692765e+00,0.000000000000000000e+00
4.441813102068793029e+01,-7.035140821973594250e+00,0.000000000000000000e+00
4.356059250736615240e+01,-6.122042031115997318e+00,0.000000000000000000e+00
4.263730788607508515e+01,-5.235203126873708257e+00,0.000000000000000000e+00
4.162680857267493906e+01,-4.375153881581701931e+00,0.000000000000000000e+00
4.061537404017347086e+01,-3.553384793380291118e+00,0.000000000000000000e+00
3.961317683127361278e+01,-2.770023166765472222e+00,0.000000000000000000e+00
3.861409910933182488e+01,-2.023679183335360676e+00,0.000000000000000000e+00
3.762653241727426234e+01,-1.313947465317402363e+00,0.000000000000000000e+00
3.665339705880130339e+01,-6.397874255011505307e-01,0.000000000000000000e+00
3.569399407026494941e+01,-8.742507117386914685e-15,0.000000000000000000e+00
