3.621467249837688485e+01,0.000000000000000000e+00,0.000000000000000000e+00
3.512996284104357869e+01,6.131957823162866861e-01,0.000000000000000000e+00
3.406820436769222482e+01,1.189687911721933000e+00,0.000000000000000000e+00
3.302993762227266217e+01,1.731025680640684294e+00,0.000000000000000000e+00
3.201580168994163955e+01,2.238762943993272359e+00,0.000000000000000000e+00
3.102647180331826249e+01,2.714464551997079589e+00,0.000000000000000000e+00
3.006266225897003963e+01,3.159713126779359449e+00,0.000000000000000000e+00
2.912509146404146421e+01,3.576111566669265773e+00,0.000000000000000000e+00
2.821451211354569466e+01,3.965291083158446472e+00,0.000000000000000000e+00
2.733149475479147128e+01,4.328883499970645587e+00,0.000000000000000000e+00
2.647705299001450641e+01,4.668618811787291989e+00,0.000000000000000000e+00
2.565071051629016097e+01,4.985993039758607637e+00,0.000000000000000000e+00
2.485443047087569113e+01,5.282972283155965343e+00,0.000000000000000000e+00
2.409848965261024745e+01,5.563574714956227574e+00,0.000000000000000000e+00
2.338167916355384790e+01,5.829707368968892744e+00,0.000000000000000000e+00
2.270047382861012153e+01,6.082573630179918034e+00,0.000000000000000000e+00
2.205199776108970156e+01,6.323308604756033624e+00,0.000000000000000000e+00
2.143354892459379357e+01,6.552893518793598382e+00,0.000000000000000000e+00
2.084274212738975862e+01,6.772217440692280377e+00,0.000000000000000000e+00
2.027742335307111432e+01,6.982076786827096981e+00,0.000000000000000000e+00
1.973566531992046436e+01,7.183194729890816532e+00,0.000000000000000000e+00
1.921570689895665396e+01,7.376218786291378393e+00,0.000000000000000000e+00
1.871594404548783430e+01,7.561732235640424626e+00,0.000000000000000000e+00
1.823496515335632040e+01,7.740283482059468589e+00,0.000000000000000000e+00
1.777149218137659759e+01,7.912378099885231109e+00,0.000000000000000000e+00
1.732424662934365145e+01,8.078428875028865974e+00,0.000000000000000000e+00
1.689196590196990755e+01,8.238762255334048490e+00,0.000000000000000000e+00
1.647381485577867366e+01,8.393827919278626482e+00,0.000000000000000000e+00
1.606943539117097686e+01,8.544270358960373457e+00,0.000000000000000000e+00
1.567792263614146897e+01,8.690414425189473491e+00,0.000000000000000000e+00
1.529676164513408132e+01,8.831589453547701751e+00,0.000000000000000000e+00
1.492323454063092747e+01,8.966783943976968985e+00,0.000000000000000000e+00
1.455495624329308946e+01,9.094946074815172921e+00,0.000000000000000000e+00
1.418982358181939851e+01,9.214979180166613659e+00,0.000000000000000000e+00
1.382622953008459277e+01,9.325909573860320378e+00,0.000000000000000000e+00
1.346453314649964206e+01,9.427967607653549464e+00,0.000000000000000000e+00
1.310563313881512038e+01,9.521799831785569879e+00,0.000000000000000000e+00
1.275005229413671870e+01,9.607853545269145812e+00,0.000000000000000000e+00
1.239765841884379860e+01,9.686112324982655508e+00,0.000000000000000000e+00
1.204827871863326116e+01,9.756503733832413872e+00,0.000000000000000000e+00
1.170220329110801138e+01,9.819314465530283087e+00,0.000000000000000000e+00
1.136014010119605722e+01,9.875219129704017718e+00,0.000000000000000000e+00
1.102283415134771083e+01,9.925004449497826897e+00,0.000000000000000000e+00
1.069161811944298357e+01,9.970095191603356000e+00,0.000000000000000000e+00
1.036811125948212187e+01,1.001236865923271679e+01,0.000000000000000000e+00
1.005366445976075696e+01,1.005366445976075696e+01,0.000000000000000000e+00
9.748144691410262297e+00,1.009449933117193865e+01,0.000000000000000000e+00
9.450680013052581430e+00,1.013461353445324598e+01,0.000000000000000000e+00
9.160438802678671166e+00,1.017369797558187550e+01,0.000000000000000000e+00
8.876868369630740219e+00,1.021166892748267152e+01,0.000000000000000000e+00
8.599655653488902374e+00,1.024867052011850888e+01,0.000000000000000000e+00
8.328497948396035966e+00,1.028483843468227121e+01,0.000000000000000000e+00
8.063086646954674919e+00,1.032028028341738413e+01,0.000000000000000000e+00
7.803089465006743275e+00,1.035504946717797203e+01,0.000000000000000000e+00
7.548175231149359732e+00,1.038917192070229767e+01,0.000000000000000000e+00
7.298021193610131796e+00,1.042265442081601634e+01,0.000000000000000000e+00
7.052333326882808784e+00,1.045551412737805386e+01,0.000000000000000000e+00
6.810858598279938114e+00,1.048780252898657395e+01,0.000000000000000000e+00
6.573351855758414075e+00,1.051956194630625596e+01,0.000000000000000000e+00
6.339572844322387546e+00,1.055082101167225872e+01,0.000000000000000000e+00
6.109293846174995934e+00,1.058160733994296976e+01,0.000000000000000000e+00
5.882305378358460679e+00,1.061195981364860152e+01,0.000000000000000000e+00
5.658403176912709220e+00,1.064190860641949499e+01,0.000000000000000000e+00
5.437386995364297704e+00,1.067147283959905657e+01,0.000000000000000000e+00
5.219063942555319358e+00,1.070066685086916003e+01,0.000000000000000000e+00
5.003258309530171033e+00,1.072952206988440516e+01,0.000000000000000000e+00
4.789800726020200905e+00,1.075806857031448516e+01,0.000000000000000000e+00
4.578524466227162470e+00,1.078632769574319283e+01,0.000000000000000000e+00
4.369265924436043669e+00,1.081431264865145359e+01,0.000000000000000000e+00
4.161870118104260108e+00,1.084204233334930478e+01,0.000000000000000000e+00
3.956190927852346384e+00,1.086954524132555022e+01,0.000000000000000000e+00
3.752084204034978665e+00,1.089684375931401306e+01,0.000000000000000000e+00
3.549407570047147242e+00,1.092395324505932308e+01,0.000000000000000000e+00
3.348021142103493109e+00,1.095088371938947347e+01,0.000000000000000000e+00
3.147792071369661215e+00,1.097765553590244991e+01,0.000000000000000000e+00
2.948591498439616654e+00,1.100429328294229947e+01,0.000000000000000000e+00
2.750291250483877459e+00,1.103081570911118270e+01,0.000000000000000000e+00
2.552763990315736642e+00,1.105723563679396904e+01,0.000000000000000000e+00
2.355883906589728127e+00,1.108356236137775497e+01,0.000000000000000000e+00
2.159529523420499419e+00,1.110981628231937535e+01,0.000000000000000000e+00
1.963580739801263686e+00,1.113601975098639407e+01,0.000000000000000000e+00
1.767917184687940679e+00,1.116218980264351934e+01,0.000000000000000000e+00
1.572418380173313812e+00,1.118833813320559756e+01,0.000000000000000000e+00
1.376964240082350743e+00,1.121447379016344392e+01,0.000000000000000000e+00
1.181436484466779957e+00,1.124061729273242882e+01,0.000000000000000000e+00
9.857164401947179355e-01,1.126679046711735488e+01,0.000000000000000000e+00
7.896841861492678305e-01,1.129300999432383001e+01,0.000000000000000000e+00
5.932187129949770821e-01,1.131928734837534023e+01,0.000000000000000000e+00
3.961981988650020159e-01,1.134563197293312697e+01,0.000000000000000000e+00
1.985001453806593541e-01,1.137206571255823206e+01,0.000000000000000000e+00
6.979636318057368711e-16,1.139861113084501376e+01,0.000000000000000000e+00
-1.994290981398351981e-01,1.142528538048814113e+01,0.000000000000000000e+00
-3.999161474453106213e-01,1.145210009017181640e+01,0.000000000000000000e+00
-6.015923751355781723e-01,1.147906634025708072e+01,0.000000000000000000e+00
-8.045925374571879507e-01,1.150620935081622598e+01,0.000000000000000000e+00
-1.009055158824039733e+00,1.153355324172991914e+01,0.000000000000000000e+00
-1.215122252870770581e+00,1.156111597024854376e+01,0.000000000000000000e+00
-1.422939134045827947e+00,1.158890925359141022e+01,0.000000000000000000e+00
-1.632655758379833122e+00,1.161694935025210107e+01,0.000000000000000000e+00
-1.844429068638032909e+00,1.164526682582404504e+01,0.000000000000000000e+00
-2.058421318452472448e+00,1.167388740045302598e+01,0.000000000000000000e+00
-2.274799576497132048e+00,1.170282929679588513e+01,0.000000000000000000e+00
-2.493735971594845502e+00,1.173210533705463021e+01,0.000000000000000000e+00
-2.715412721525177542e+00,1.176174469201059658e+01,0.000000000000000000e+00
-2.940021530218598134e+00,1.179178229758562857e+01,0.000000000000000000e+00
-3.167760744605391476e+00,1.182224404508953519e+01,0.000000000000000000e+00
-3.398835119298675433e+00,1.185314668727594523e+01,0.000000000000000000e+00
-3.633461491728135595e+00,1.188451703438026819e+01,0.000000000000000000e+00
-3.871872697483695447e+00,1.191639885908391427e+01,0.000000000000000000e+00
-4.114310831267653512e+00,1.194882627030698607e+01,0.000000000000000000e+00
-4.361026379556362187e+00,1.198182150347705033e+01,0.000000000000000000e+00
-4.612286078677174217e+00,1.201541602680136123e+01,0.000000000000000000e+00
-4.868379919612922713e+00,1.204966313646982634e+01,0.000000000000000000e+00
-5.129610156624606176e+00,1.208460422323763517e+01,0.000000000000000000e+00
-5.396290411369722761e+00,1.212026670660311289e+01,0.000000000000000000e+00
-5.668761597356766657e+00,1.215669847625041200e+01,0.000000000000000000e+00
-5.947393179524533835e+00,1.219396308336165369e+01,0.000000000000000000e+00
-6.232568960842142403e+00,1.223210531883411001e+01,0.000000000000000000e+00
-6.524694327982146547e+00,1.227116530093113056e+01,0.000000000000000000e+00
-6.824220887630056964e+00,1.231122037380537115e+01,0.000000000000000000e+00
-7.131624731474273560e+00,1.235233637542820162e+01,0.000000000000000000e+00
-7.447403896445100813e+00,1.239456150163088388e+01,0.000000000000000000e+00
-7.772114476346994927e+00,1.243798316015790384e+01,0.000000000000000000e+00
-8.106352034854541699e+00,1.248268748281955887e+01,0.000000000000000000e+00
-8.450740743416277567e+00,1.252873838120931538e+01,0.000000000000000000e+00
-8.805981241290819383e+00,1.257624455715794554e+01,0.000000000000000000e+00
-9.172822943923151229e+00,1.262530765969899349e+01,0.000000000000000000e+00
-9.552064792407023219e+00,1.267601811854637361e+01,0.000000000000000000e+00
-9.944607621240777462e+00,1.272851731025065369e+01,0.000000000000000000e+00
-1.035140227504304455e+01,1.278291723560112558e+01,0.000000000000000000e+00
-1.077350652000529507e+01,1.283936510005345610e+01,0.000000000000000000e+00
-1.121207517848405466e+01,1.289801706471491194e+01,0.000000000000000000e+00
-1.166836566025555122e+01,1.295903292988301381e+01,0.000000000000000000e+00
-1.214378734410533589e+01,1.302261756901230783e+01,0.000000000000000000e+00
-1.263986037497114800e+01,1.308895858036286874e+01,0.000000000000000000e+00
-1.315828105069403797e+01,1.315828105069403975e+01,0.000000000000000000e+00
-1.370093450078680597e+01,1.323083865177677509e+01,0.000000000000000000e+00
-1.426999235042576686e+01,1.330698314584105724e+01,0.000000000000000000e+00
-1.486766547699460439e+01,1.338690612475331854e+01,0.000000000000000000e+00
-1.549639362508003337e+01,1.347080946226199316e+01,0.000000000000000000e+00
-1.616012718054779285e+01,1.355995675697559477e+01,0.000000000000000000e+00
-1.686033337796866149e+01,1.365322876382387207e+01,0.000000000000000000e+00
-1.759234921548065245e+01,1.374464957854176284e+01,0.000000000000000000e+00
-1.834644119675241924e+01,1.382503506878553523e+01,0.000000000000000000e+00
-1.911956318461091442e+01,1.389117577050544838e+01,0.000000000000000000e+00
-1.991253002554691776e+01,1.394290362871514510e+01,0.000000000000000000e+00
-2.072300207301362107e+01,1.397784139279094973e+01,0.000000000000000000e+00
-2.155031011417211317e+01,1.399493502390447475e+01,0.000000000000000000e+00
-2.239626018928434803e+01,1.399473658967078116e+01,0.000000000000000000e+00
-2.325561301587909213e+01,1.397338203258650680e+01,0.000000000000000000e+00
-2.411664789677989162e+01,1.392375315515729106e+01,0.000000000000000000e+00
-2.497212975228411125e+01,1.384227755574408114e+01,0.000000000000000000e+00
-2.582189590085001285e+01,1.372974559386284099e+01,0.000000000000000000e+00
-2.666427346948058386e+01,1.358612592497946991e+01,0.000000000000000000e+00
-2.749478841994076106e+01,1.341010432812837472e+01,0.000000000000000000e+00
-2.831450101901399563e+01,1.320326866200373850e+01,0.000000000000000000e+00
-2.912464900420824421e+01,1.296712918621621213e+01,0.000000000000000000e+00
-2.992447085228330295e+01,1.270218426519264554e+01,0.000000000000000000e+00
-3.071414959472312134e+01,1.240932194049240245e+01,0.000000000000000000e+00
-3.149151228270358160e+01,1.208845897420595250e+01,0.000000000000000000e+00
-3.224961745309894923e+01,1.173790081939983843e+01,0.000000000000000000e+00
-3.299323241369473436e+01,1.136048097171874183e+01,0.000000000000000000e+00
-3.372528985185719108e+01,1.095801093403216164e+01,0.000000000000000000e+00
-3.444173610642800298e+01,1.052989545043759101e+01,0.000000000000000000e+00
-3.513680496595485181e+01,1.007531669429473986e+01,0.000000000000000000e+00
-3.581573937362105653e+01,9.596798441485338671e+00,0.000000000000000000e+00
-3.647768386237077465e+01,9.094908065749827131e+00,0.000000000000000000e+00
-3.711920123953385087e+01,8.569642846196929398e+00,0.000000000000000000e+00
-3.774240562409778477e+01,8.022395968613530215e+00,0.000000000000000000e+00
-3.834532565681180216e+01,7.453576255157572383e+00,0.000000000000000000e+00
-3.892497074915642230e+01,6.863522566364063771e+00,0.000000000000000000e+00
-3.948335117703049235e+01,6.253548478311102166e+00,0.000000000000000000e+00
-4.002119408967753600e+01,5.624612023149708762e+00,0.000000000000000000e+00
-4.053665652761596050e+01,4.977275572215189570e+00,0.000000000000000000e+00
-4.102856601704946371e+01,4.312276055269316011e+00,0.000000000000000000e+00
-4.149641235446910059e+01,3.630465658013162678e+00,0.000000000000000000e+00
-4.194038673908716675e+01,2.932757536342256000e+00,0.000000000000000000e+00
-4.236108845323683170e+01,2.220050573846619635e+00,0.000000000000000000e+00
-4.275797054868810676e+01,1.493141233465663964e+00,0.000000000000000000e+00
-4.312929354145808247e+01,7.528246190743028698e-01,0.000000000000000000e+00
-4.347356043136907999e+01,5.323975662981517321e-15,0.000000000000000000e+00
-4.310978554901847559e+01,-7.524841057996397575e-01,0.000000000000000000e+00
-4.270575969202026556e+01,-1.491317990175007768e+00,0.000000000000000000e+00
-4.207949361663376919e+01,-2.205292813802671947e+00,0.000000000000000000e+00
-4.138661684316832634e+01,-2.894034172970332719e+00,0.000000000000000000e+00
-4.073453815865092054e+01,-3.563810302846112776e+00,0.000000000000000000e+00
-4.010544583717242517e+01,-4.215252214704998224e+00,0.000000000000000000e+00
-3.948758160332882028e+01,-4.848465368282352195e+00,0.000000000000000000e+00
-3.888709789238698278e+01,-5.465225196949678121e+00,0.000000000000000000e+00
-3.830254325475056021e+01,-6.066526876410006430e+00,0.000000000000000000e+00
-3.773173373348625148e+01,-6.653122686121372809e+00,0.000000000000000000e+00
-3.717426604754029285e+01,-7.225945326288672810e+00,0.000000000000000000e+00
-3.662951734673149673e+01,-7.785844262853667708e+00,0.000000000000000000e+00
-3.609660922004445638e+01,-8.333558876397987092e+00,0.000000000000000000e+00
-3.557483397295852257e+01,-8.869802305955476029e+00,0.000000000000000000e+00
-3.506356193631221885e+01,-9.395253104593498605e+00,0.000000000000000000e+00
-3.456218524092150801e+01,-9.910547139575408337e+00,0.000000000000000000e+00
-3.407010732273515430e+01,-1.041627712914949910e+01,0.000000000000000000e+00
-3.358678759557533766e+01,-1.091300882299349695e+01,0.000000000000000000e+00
-3.311170213573475962e+01,-1.140127336835586647e+01,0.000000000000000000e+00
-3.264436693447532178e+01,-1.188157788061285025e+01,0.000000000000000000e+00
-3.218430922698561147e+01,-1.235439880469826868e+01,0.000000000000000000e+00
-3.173109135684559590e+01,-1.282019308253688905e+01,0.000000000000000000e+00
-3.128428837936435869e+01,-1.327939256007895352e+01,0.000000000000000000e+00
-3.084350005698608754e+01,-1.373241098068566046e+01,0.000000000000000000e+00
-3.040834304438377345e+01,-1.417964323340043187e+01,0.000000000000000000e+00
-2.997844696623465310e+01,-1.462146554002601029e+01,0.000000000000000000e+00
-2.955346449230997763e+01,-1.505824227956186512e+01,0.000000000000000000e+00
-2.913305115179339921e+01,-1.549031807048486087e+01,0.000000000000000000e+00
-2.871688747628326510e+01,-1.591803065765447300e+01,0.000000000000000000e+00
-2.830465501888114233e+01,-1.634170019447052269e+01,0.000000000000000000e+00
-2.789605262947353381e+01,-1.676163945137086841e+01,0.000000000000000000e+00
-2.749078773264681885e+01,-1.717815071397589932e+01,0.000000000000000000e+00
-2.708857192919331069e+01,-1.759152429969507025e+01,0.000000000000000000e+00
-2.668913352437584408e+01,-1.800204786933623069e+01,0.000000000000000000e+00
-2.629219819842920813e+01,-1.840999537464387004e+01,0.000000000000000000e+00
-2.589750560768810317e+01,-1.881563919324272405e+01,0.000000000000000000e+00
-2.550479842242564743e+01,-1.921924414827418914e+01,0.000000000000000000e+00
-2.511382113483898593e+01,-1.962106747931029460e+01,0.000000000000000000e+00
-2.472432995429302593e+01,-2.002136762843154116e+01,0.000000000000000000e+00
-2.433607644546089332e+01,-2.042039276968832340e+01,0.000000000000000000e+00
-2.394882111172808692e+01,-2.081839257875849825e+01,0.000000000000000000e+00
-2.356232590250116132e+01,-2.121561353567579999e+01,0.000000000000000000e+00
-2.317635032101088299e+01,-2.161229631595407952e+01,0.000000000000000000e+00
-2.279066259064305555e+01,-2.200868703419951089e+01,0.000000000000000000e+00
-2.240502470433238713e+01,-2.240502470433237647e+01,0.000000000000000000e+00
-2.201920216728766633e+01,-2.280155132970936549e+01,0.000000000000000000e+00
-2.163296149158808390e+01,-2.319851100874792493e+01,0.000000000000000000e+00
-2.124606250117149742e+01,-2.359614290464427100e+01,0.000000000000000000e+00
-2.085827064622739258e+01,-2.399469558068532038e+01,0.000000000000000000e+00
-2.046934388163874985e+01,-2.439441410898927387e+01,0.000000000000000000e+00
-2.007903845364283058e+01,-2.479554749236150712e+01,0.000000000000000000e+00
-1.968711050484002101e+01,-2.519835235273045626e+01,0.000000000000000000e+00
-1.929330587594311197e+01,-2.560308165460893548e+01,0.000000000000000000e+00
-1.889737233331712218e+01,-2.601000162398983662e+01,0.000000000000000000e+00
-1.849904809234588043e+01,-2.641937865971026511e+01,0.000000000000000000e+00
-1.809806541151456827e+01,-2.683148538470192790e+01,0.000000000000000000e+00
-1.769415342012018399e+01,-2.724660691600304929e+01,0.000000000000000000e+00
-1.728702746075153840e+01,-2.766502694992151135e+01,0.000000000000000000e+00
-1.687640101008243576e+01,-2.808704793699973123e+01,0.000000000000000000e+00
-1.646197345379822963e+01,-2.851297441482860862e+01,0.000000000000000000e+00
-1.604343561638999205e+01,-2.894312401058999384e+01,0.000000000000000000e+00
-1.562046871995014996e+01,-2.937782892272479529e+01,0.000000000000000000e+00
-1.519273729292113551e+01,-2.981742581846689433e+01,0.000000000000000000e+00
-1.475989855665764772e+01,-3.026227671203585601e+01,0.000000000000000000e+00
-1.432158868827003140e+01,-3.071274605468644481e+01,0.000000000000000000e+00
-1.387743358281915818e+01,-3.116922615442517852e+01,0.000000000000000000e+00
-1.342703763697287123e+01,-3.163211838306709822e+01,0.000000000000000000e+00
-1.296998875213234648e+01,-3.210184864935997240e+01,0.000000000000000000e+00
-1.250585363662031568e+01,-3.257886255342075543e+01,0.000000000000000000e+00
-1.203417590704336604e+01,-3.306362656634643571e+01,0.000000000000000000e+00
-1.155447675999116264e+01,-3.355663709221883551e+01,0.000000000000000000e+00
-1.106624839370522118e+01,-3.405841049959863653e+01,0.000000000000000000e+00
-1.056895720797083094e+01,-3.456950135833817939e+01,0.000000000000000000e+00
-1.006203524738965172e+01,-3.509048705618304353e+01,0.000000000000000000e+00
-9.544883309857834064e+00,-3.562198946470564920e+01,0.000000000000000000e+00
-9.016862479555706855e+00,-3.616466011331675645e+01,0.000000000000000000e+00
-8.477295014328678491e+00,-3.671919883375397831e+01,0.000000000000000000e+00
-7.925457886908288785e+00,-3.728634780615213629e+01,0.000000000000000000e+00
-7.360579569717308424e+00,-3.786689918525806320e+01,0.000000000000000000e+00
-6.781835886112991929e+00,-3.846170256454357173e+01,0.000000000000000000e+00
-6.188342666789243829e+00,-3.907165788576872956e+01,0.000000000000000000e+00
-5.579155653160093209e+00,-3.969775521096416782e+01,0.000000000000000000e+00
-4.953255251219479405e+00,-4.034102671211587676e+01,0.000000000000000000e+00
-4.309542861231955513e+00,-4.100256141285405675e+01,0.000000000000000000e+00
-3.646850804935763968e+00,-4.168369544078304756e+01,0.000000000000000000e+00
-2.963894723618336169e+00,-4.238566926249509947e+01,0.000000000000000000e+00
-2.259266986625978468e+00,-4.310938218588172788e+01,0.000000000000000000e+00
-1.531558552033110310e+00,-4.385809861363478035e+01,0.000000000000000000e+00
-7.787900544560366622e-01,-4.461685233820342944e+01,0.000000000000000000e+00
-8.330460325723752291e-15,-4.534891383389749109e+01,0.000000000000000000e+00
8.038774246669819767e-01,-4.605410681500610792e+01,0.000000000000000000e+00
1.631948094399143345e+00,-4.673287897578491368e+01,0.000000000000000000e+00
2.483225092814942858e+00,-4.738275742239839161e+01,0.000000000000000000e+00
3.356698809647736592e+00,-4.800302940107453509e+01,0.000000000000000000e+00
4.251313894223914147e+00,-4.859274016643549743e+01,0.000000000000000000e+00
5.165976093553356741e+00,-4.915097931586792868e+01,0.000000000000000000e+00
6.099377381088111783e+00,-4.967544238653390920e+01,0.000000000000000000e+00
7.050599171008118837e+00,-5.016761986605837365e+01,0.000000000000000000e+00
8.018618224942560602e+00,-5.062756296333206762e+01,0.000000000000000000e+00
9.002339238796649212e+00,-5.105480285901867887e+01,0.000000000000000000e+00
1.000066468080044046e+01,-5.144895964598450888e+01,0.000000000000000000e+00
1.101249011926774912e+01,-5.180969259544122707e+01,0.000000000000000000e+00
1.203666474394793262e+01,-5.213652294525716968e+01,0.000000000000000000e+00
1.307162212322292838e+01,-5.242741278220793077e+01,0.000000000000000000e+00
1.411660508696904159e+01,-5.268388741495364513e+01,0.000000000000000000e+00
1.517049393308943372e+01,-5.290579966245692844e+01,0.000000000000000000e+00
1.623219490526537356e+01,-5.309311720963217596e+01,0.000000000000000000e+00
1.730060332133118806e+01,-5.324578202526053872e+01,0.000000000000000000e+00
1.837462062584076961e+01,-5.336377309473336084e+01,0.000000000000000000e+00
1.945314592719794433e+01,-5.344707917233209571e+01,0.000000000000000000e+00
2.053508098025768547e+01,-5.349571490427108955e+01,0.000000000000000000e+00
2.161931504234360091e+01,-5.350968244116982930e+01,0.000000000000000000e+00
2.270476585742723330e+01,-5.348907636069436222e+01,0.000000000000000000e+00
2.378974807809415282e+01,-5.343264902531655025e+01,0.000000000000000000e+00
2.487245721840077550e+01,-5.333915663493835524e+01,0.000000000000000000e+00
2.595300423247640964e+01,-5.321154427837011980e+01,0.000000000000000000e+00
2.703021526217094461e+01,-5.304978443960236945e+01,0.000000000000000000e+00
2.810302768427883890e+01,-5.285410792218389986e+01,0.000000000000000000e+00
2.917032976260741606e+01,-5.262466792875920163e+01,0.000000000000000000e+00
3.023102490850391888e+01,-5.236167110640905520e+01,0.000000000000000000e+00
3.128401396548316526e+01,-5.206534256832071605e+01,0.000000000000000000e+00
3.232820020994206800e+01,-5.173593505772245749e+01,0.000000000000000000e+00
3.336249640413415563e+01,-5.137373931811625027e+01,0.000000000000000000e+00
3.438581032535586957e+01,-5.097906025905506056e+01,0.000000000000000000e+00
3.539708488983625045e+01,-5.055227622990106084e+01,0.000000000000000000e+00
3.639474160117917734e+01,-5.009306434008313147e+01,0.000000000000000000e+00
3.737837853227148344e+01,-4.960278367181841475e+01,0.000000000000000000e+00
3.834714873571773808e+01,-4.908211214274529510e+01,0.000000000000000000e+00
3.930011438057979944e+01,-4.853159950008026868e+01,0.000000000000000000e+00
4.023634217026812365e+01,-4.795180533426695746e+01,0.000000000000000000e+00
4.115397798545399866e+01,-4.734223610593524256e+01,0.000000000000000000e+00
4.205264890752842888e+01,-4.670419815841930955e+01,0.000000000000000000e+00
4.293161910467222953e+01,-4.603852499854843927e+01,0.000000000000000000e+00
4.379012651754661789e+01,-4.534600345364387408e+01,0.000000000000000000e+00
4.462744900864998954e+01,-4.462744900865001085e+01,0.000000000000000000e+00
4.544307538434161131e+01,-4.388386779137039184e+01,0.000000000000000000e+00
4.623500121958676345e+01,-4.311483614485781857e+01,0.000000000000000000e+00
4.699588554688887854e+01,-4.231528541177713265e+01,0.000000000000000000e+00
4.771623201460611341e+01,-4.147908766885914389e+01,0.000000000000000000e+00
4.840023684712078733e+01,-4.061262088731207598e+01,0.000000000000000000e+00
4.904700013093917477e+01,-3.971747758214801394e+01,0.000000000000000000e+00
4.965324754599983237e+01,-3.879336861706966033e+01,0.000000000000000000e+00
5.022015552616407064e+01,-3.784360159353315822e+01,0.000000000000000000e+00
5.074571817469812629e+01,-3.686892236809277534e+01,0.000000000000000000e+00
5.122640555842342280e+01,-3.586911532739588182e+01,0.000000000000000000e+00
5.166179329212774007e+01,-3.484631957089315080e+01,0.000000000000000000e+00
5.205227563571401106e+01,-3.380314304104244627e+01,0.000000000000000000e+00
5.239741819764720532e+01,-3.274154075088588911e+01,0.000000000000000000e+00
5.269653520484389730e+01,-3.166327276379015387e+01,0.000000000000000000e+00
5.294891484353596667e+01,-3.057007023821410030e+01,0.000000000000000000e+00
5.315373202383583617e+01,-2.946359477930709758e+01,0.000000000000000000e+00
5.331019025895046326e+01,-2.834553096435185182e+01,0.000000000000000000e+00
5.341754219990071562e+01,-2.721759720029204388e+01,0.000000000000000000e+00
5.347509080129001546e+01,-2.608154446030762941e+01,0.000000000000000000e+00
5.348219045723475062e+01,-2.493915498511278628e+01,0.000000000000000000e+00
5.343823127687831942e+01,-2.379223345661802824e+01,0.000000000000000000e+00
5.334268600716593767e+01,-2.264262683901847595e+01,0.000000000000000000e+00
5.319545765016061267e+01,-2.149235998596832786e+01,0.000000000000000000e+00
5.299661433205137939e+01,-2.034349422071701952e+01,0.000000000000000000e+00
5.274629292503346534e+01,-1.919808059259814925e+01,0.000000000000000000e+00
5.244469847629878956e+01,-1.805815785604016099e+01,0.000000000000000000e+00
5.209204117741149531e+01,-1.692573019551660352e+01,0.000000000000000000e+00
5.168805377800362066e+01,-1.580262390482090140e+01,0.000000000000000000e+00
5.123224459479924064e+01,-1.469060973962534611e+01,0.000000000000000000e+00
5.072439760296017397e+01,-1.359156137426835009e+01,0.000000000000000000e+00
5.016482959492910965e+01,-1.250749677587216624e+01,0.000000000000000000e+00
4.955438629014756913e+01,-1.144053152514379157e+01,0.000000000000000000e+00
4.889461687201266926e+01,-1.039287164648809281e+01,0.000000000000000000e+00
4.818627602668070864e+01,-9.366463230261620865e+00,0.000000000000000000e+00
4.742741697938821233e+01,-8.362733238776954181e+00,0.000000000000000000e+00
4.661368160352111545e+01,-7.382881872239837051e+00,0.000000000000000000e+00
4.575220827234073084e+01,-6.430053540072445450e+00,0.000000000000000000e+00
4.484476801409670799e+01,-5.506245149403513395e+00,0.000000000000000000e+00
4.388992019803728084e+01,-4.613016498286273581e+00,0.000000000000000000e+00
4.288832577534379453e+01,-3.752242302949273522e+00,0.000000000000000000e+00
4.184097407382780887e+01,-2.925805925593829571e+00,0.000000000000000000e+00
4.074951378465706853e+01,-2.135591524317574486e+00,0.000000000000000000e+00
3.961929056801825766e+01,-1.383536113352334285e+00,0.000000000000000000e+00
3.846828297300355359e+01,-6.714663769708599794e-01,0.000000000000000000e+00
3.732741025420129688e+01,-9.142578697653541706e-15,0.000000000000000000e+00
