4.232051148268792673e+01,0.000000000000000000e+00,0.000000000000000000e+00
4.163380366470906324e+01,7.267207461761600040e-01,0.000000000000000000e+00
4.094168263791262063e+01,1.429715062002836490e+00,0.000000000000000000e+00
4.024926253963026568e+01,2.109374467482121318e+00,0.000000000000000000e+00
3.954823103443926158e+01,2.765481714243736455e+00,0.000000000000000000e+00
3.884589624239428929e+01,3.398575545713789836e+00,0.000000000000000000e+00
3.814326041615616703e+01,4.009018216579641525e+00,0.000000000000000000e+00
3.743400772527266440e+01,4.596318201383541968e+00,0.000000000000000000e+00
3.672505200928315361e+01,5.161369463873391794e+00,0.000000000000000000e+00
3.601700442446951911e+01,5.704533087935952373e+00,0.000000000000000000e+00
3.530532271248033993e+01,6.225280956829649881e+00,0.000000000000000000e+00
3.459499857653978694e+01,6.724586517926735674e+00,0.000000000000000000e+00
3.388631643187207487e+01,7.202758908421099449e+00,0.000000000000000000e+00
3.317696982247086623e+01,7.659507009941243894e+00,0.000000000000000000e+00
3.246978964454415006e+01,8.095627804812384198e+00,0.000000000000000000e+00
3.176513701450313221e+01,8.511442810500080114e+00,0.000000000000000000e+00
3.106233585871634162e+01,8.906981478377268502e+00,0.000000000000000000e+00
3.036253951264158957e+01,9.282759896015416956e+00,0.000000000000000000e+00
2.966624867104417973e+01,9.639148506565536678e+00,0.000000000000000000e+00
2.897367884440673436e+01,9.976437684715834919e+00,0.000000000000000000e+00
2.828533839233885772e+01,1.029502124095838056e+01,0.000000000000000000e+00
2.760139316782473529e+01,1.059518215400015961e+01,0.000000000000000000e+00
2.692229041266265455e+01,1.087731138626611660e+01,0.000000000000000000e+00
2.624920040135857491e+01,1.114212451601576248e+01,0.000000000000000000e+00
2.558144872805589642e+01,1.138959478548004967e+01,0.000000000000000000e+00
2.491871098297039566e+01,1.161978576271016728e+01,0.000000000000000000e+00
2.426389421758130638e+01,1.183429193542916735e+01,0.000000000000000000e+00
2.361628738417589446e+01,1.203309944481183180e+01,0.000000000000000000e+00
2.297332910848369636e+01,1.221513576364397302e+01,0.000000000000000000e+00
2.233759853443307364e+01,1.238193305535435940e+01,0.000000000000000000e+00
2.171073490221603208e+01,1.253469864009902857e+01,0.000000000000000000e+00
2.109199917074356279e+01,1.267335167826176345e+01,0.000000000000000000e+00
2.048685475944273193e+01,1.280160765619350194e+01,0.000000000000000000e+00
1.990226144586824830e+01,1.292467970474890571e+01,0.000000000000000000e+00
1.933799788505903194e+01,1.304364427215315025e+01,0.000000000000000000e+00
1.879240383881366583e+01,1.315858282901841747e+01,0.000000000000000000e+00
1.826431831799694905e+01,1.326980400305212449e+01,0.000000000000000000e+00
1.775265797250503397e+01,1.337758731527082645e+01,0.000000000000000000e+00
1.725636097796136426e+01,1.348214679789261083e+01,0.000000000000000000e+00
1.677443263750594937e+01,1.358366771575752807e+01,0.000000000000000000e+00
1.630599001170513418e+01,1.368235020480218722e+01,0.000000000000000000e+00
1.585019446503152452e+01,1.377836384026006300e+01,0.000000000000000000e+00
1.540628471284351875e+01,1.387188106304829205e+01,0.000000000000000000e+00
1.497353046708016322e+01,1.396304305329415740e+01,0.000000000000000000e+00
1.455126844311078216e+01,1.405199659471648843e+01,0.000000000000000000e+00
1.413887313478614338e+01,1.413887313478613983e+01,0.000000000000000000e+00
1.373575488812807244e+01,1.422379056945360709e+01,0.000000000000000000e+00
1.334137533230152428e+01,1.430687345505530494e+01,0.000000000000000000e+00
1.295521221773488563e+01,1.438822082128442226e+01,0.000000000000000000e+00
1.257678691745996780e+01,1.446793833419645381e+01,0.000000000000000000e+00
1.220564857424667871e+01,1.454612553830087585e+01,0.000000000000000000e+00
1.184136105509748660e+01,1.462286309644477811e+01,0.000000000000000000e+00
1.148352685465579270e+01,1.469824410568118722e+01,0.000000000000000000e+00
1.113176373950807729e+01,1.477234942601604040e+01,0.000000000000000000e+00
1.078570333424823247e+01,1.484524706882491607e+01,0.000000000000000000e+00
1.044500825429215141e+01,1.491701771877226790e+01,0.000000000000000000e+00
1.010935159191821420e+01,1.498773008715008004e+01,0.000000000000000000e+00
9.778416940093253018e+00,1.505744164762059789e+01,0.000000000000000000e+00
9.451912669817126300e+00,1.512622221098893149e+01,0.000000000000000000e+00
9.129556113495157277e+00,1.519413292265772064e+01,0.000000000000000000e+00
8.811071131971367265e+00,1.526122286967782671e+01,0.000000000000000000e+00
8.496200552444916454e+00,1.532755153497408074e+01,0.000000000000000000e+00
8.184696620164677583e+00,1.539317554437438496e+01,0.000000000000000000e+00
7.876315273375686488e+00,1.545813910019779414e+01,0.000000000000000000e+00
7.570824602148526594e+00,1.552249076570817010e+01,0.000000000000000000e+00
7.268003654448501827e+00,1.558628413525357281e+01,0.000000000000000000e+00
6.967633998800794259e+00,1.564956218841187230e+01,0.000000000000000000e+00
6.669502677470619645e+00,1.571236366158700726e+01,0.000000000000000000e+00
6.373407855120869492e+00,1.577473799366981666e+01,0.000000000000000000e+00
6.079150623040969315e+00,1.583672881071053773e+01,0.000000000000000000e+00
5.786533801856788450e+00,1.589837095751242835e+01,0.000000000000000000e+00
5.495367268028624075e+00,1.595970539663239052e+01,0.000000000000000000e+00
5.205465978983087716e+00,1.602077694684210840e+01,0.000000000000000000e+00
4.916645288313310047e+00,1.608162211543729825e+01,0.000000000000000000e+00
4.628722435675522107e+00,1.614227347870528817e+01,0.000000000000000000e+00
4.341520226145823891e+00,1.620277406606414061e+01,0.000000000000000000e+00
4.054862105407965878e+00,1.626316362048726916e+01,0.000000000000000000e+00
3.768570958022658957e+00,1.632347418520307869e+01,0.000000000000000000e+00
3.482471654766929881e+00,1.638374100242174336e+01,0.000000000000000000e+00
3.196391125961252744e+00,1.644400680367581558e+01,0.000000000000000000e+00
2.910154769707022915e+00,1.650430783771319199e+01,0.000000000000000000e+00
2.623586734384794283e+00,1.656467471810333691e+01,0.000000000000000000e+00
2.336512127737107036e+00,1.662514764968408798e+01,0.000000000000000000e+00
2.048754715880857002e+00,1.668576815208036379e+01,0.000000000000000000e+00
1.760135461073950136e+00,1.674657026545867566e+01,0.000000000000000000e+00
1.470473375023019225e+00,1.680758758633111327e+01,0.000000000000000000e+00
1.179585962413584710e+00,1.686886516957897442e+01,0.000000000000000000e+00
8.872869423499132324e-01,1.693044342821507087e+01,0.000000000000000000e+00
5.933861406754706858e-01,1.699235581895451475e+01,0.000000000000000000e+00
2.976899264280736257e-01,1.705464446292807068e+01,0.000000000000000000e+00
1.048135828748524702e-15,1.711735709395194860e+01,0.000000000000000000e+00
-2.998873248698528671e-01,1.718053333534499671e+01,0.000000000000000000e+00
-6.021811333595460392e-01,1.724421145707725955e+01,0.000000000000000000e+00
-9.070971302009080972e-01,1.730844433040959274e+01,0.000000000000000000e+00
-1.214858090013547942e+00,1.737328009455023548e+01,0.000000000000000000e+00
-1.525693735408068186e+00,1.743875919370953298e+01,0.000000000000000000e+00
-1.839842852920385630e+00,1.750493544118121392e+01,0.000000000000000000e+00
-2.157553949237853264e+00,1.757186679963780307e+01,0.000000000000000000e+00
-2.479084211502408319e+00,1.763960073776497595e+01,0.000000000000000000e+00
-2.804702092107416167e+00,1.770819208225544372e+01,0.000000000000000000e+00
-3.134689722665702671e+00,1.777770883429648663e+01,0.000000000000000000e+00
-3.469340156317270107e+00,1.784820783394907906e+01,0.000000000000000000e+00
-3.808960137720020178e+00,1.791974854972082554e+01,0.000000000000000000e+00
-4.153875036331379000e+00,1.799240950466060340e+01,0.000000000000000000e+00
-4.504424010001608636e+00,1.806625793587552309e+01,0.000000000000000000e+00
-4.860963525372149263e+00,1.814136285042798136e+01,0.000000000000000000e+00
-5.223874461370155764e+00,1.821781524939393293e+01,0.000000000000000000e+00
-5.593554701406629803e+00,1.829569304173015709e+01,0.000000000000000000e+00
-5.970425852020626145e+00,1.837508135468942427e+01,0.000000000000000000e+00
-6.354939979439125253e+00,1.845608581526409253e+01,0.000000000000000000e+00
-6.747569879669876869e+00,1.853879588058513406e+01,0.000000000000000000e+00
-7.148823702380257217e+00,1.862332245249466567e+01,0.000000000000000000e+00
-7.559243615401725513e+00,1.870978449425187762e+01,0.000000000000000000e+00
-7.979401209137359174e+00,1.879829121640317169e+01,0.000000000000000000e+00
-8.409918427048827638e+00,1.888898605268637709e+01,0.000000000000000000e+00
-8.851451033133875157e+00,1.898199799710708646e+01,0.000000000000000000e+00
-9.304709043920624367e+00,1.907748069752807041e+01,0.000000000000000000e+00
-9.770454094538624901e+00,1.917559584949731999e+01,0.000000000000000000e+00
-1.024950206296202460e+01,1.927650978643452007e+01,0.000000000000000000e+00
-1.074274089893522621e+01,1.938041760418661852e+01,0.000000000000000000e+00
-1.125111878058869586e+01,1.948750936997202388e+01,0.000000000000000000e+00
-1.177567550461921186e+01,1.959801513315533583e+01,0.000000000000000000e+00
-1.231752410211706383e+01,1.971215913291331034e+01,0.000000000000000000e+00
-1.287788548189411308e+01,1.983020466158522410e+01,0.000000000000000000e+00
-1.345808044576272167e+01,1.995242477999235930e+01,0.000000000000000000e+00
-1.405956695100314668e+01,2.007914251673246753e+01,0.000000000000000000e+00
-1.468390929079703611e+01,2.021066726969173644e+01,0.000000000000000000e+00
-1.533280916657801107e+01,2.034732500540129863e+01,0.000000000000000000e+00
-1.600829913798936843e+01,2.048968852731317369e+01,0.000000000000000000e+00
-1.671236717824329787e+01,2.063805470738237702e+01,0.000000000000000000e+00
-1.744601101089559236e+01,2.079134629867296624e+01,0.000000000000000000e+00
-1.820552536977401203e+01,2.094306122224860545e+01,0.000000000000000000e+00
-1.898494828841235815e+01,2.108492116249582793e+01,0.000000000000000000e+00
-1.978044840314155906e+01,2.121193393778671066e+01,0.000000000000000000e+00
-2.059460538576463406e+01,2.132633817751381855e+01,0.000000000000000000e+00
-2.142830968631252730e+01,2.142830968631253086e+01,0.000000000000000000e+00
-2.227791990681593859e+01,2.151353718006319937e+01,0.000000000000000000e+00
-2.313532892017227738e+01,2.157404324081758773e+01,0.000000000000000000e+00
-2.399245836553715705e+01,2.160290654497720908e+01,0.000000000000000000e+00
-2.485269669072527776e+01,2.160411963221670462e+01,0.000000000000000000e+00
-2.571633681382547820e+01,2.157856873571167355e+01,0.000000000000000000e+00
-2.658180113062585193e+01,2.152551812914581930e+01,0.000000000000000000e+00
-2.744898974193382557e+01,2.144550114750323289e+01,0.000000000000000000e+00
-2.831622009929060013e+01,2.133780233942256999e+01,0.000000000000000000e+00
-2.917847564500087998e+01,2.119940345846179852e+01,0.000000000000000000e+00
-3.003927744070535510e+01,2.103372850635478031e+01,0.000000000000000000e+00
-3.089873172398471723e+01,2.084145770745696780e+01,0.000000000000000000e+00
-3.175560021603506655e+01,2.062232790683767192e+01,0.000000000000000000e+00
-3.260921625145114433e+01,2.037649982531538484e+01,0.000000000000000000e+00
-3.345734685579668621e+01,2.010320214279380835e+01,0.000000000000000000e+00
-3.429721837806903295e+01,1.980150826303353284e+01,0.000000000000000000e+00
-3.513115291752595226e+01,1.947351605015599318e+01,0.000000000000000000e+00
-3.595968890200434487e+01,1.912010574880832792e+01,0.000000000000000000e+00
-3.678127228301119089e+01,1.874099429297825736e+01,0.000000000000000000e+00
-3.759375516809016204e+01,1.833569952204383924e+01,0.000000000000000000e+00
-3.839449354395872405e+01,1.790364637053061259e+01,0.000000000000000000e+00
-3.918588842362296276e+01,1.744668158549665193e+01,0.000000000000000000e+00
-3.996919478273859738e+01,1.696591660944887892e+01,0.000000000000000000e+00
-4.074135749951849306e+01,1.646057690593132961e+01,0.000000000000000000e+00
-4.149776875380270980e+01,1.592950095880130412e+01,0.000000000000000000e+00
-4.224324137810695845e+01,1.537528246055332914e+01,0.000000000000000000e+00
-4.297725276547238593e+01,1.479825487048178978e+01,0.000000000000000000e+00
-4.369514015920098160e+01,1.419741166738185179e+01,0.000000000000000000e+00
-4.439932611131759899e+01,1.357423622831843524e+01,0.000000000000000000e+00
-4.508871562797286003e+01,1.292898115611229493e+01,0.000000000000000000e+00
-4.576148572613637810e+01,1.226175314476660461e+01,0.000000000000000000e+00
-4.641970157512508877e+01,1.157373148630238724e+01,0.000000000000000000e+00
-4.706127799050595684e+01,1.086495212172537350e+01,0.000000000000000000e+00
-4.768282107437367756e+01,1.013529649829573565e+01,0.000000000000000000e+00
-4.828641377114639965e+01,9.385928035987232576e+00,0.000000000000000000e+00
-4.887314894025649181e+01,8.617654790350536942e+00,0.000000000000000000e+00
-4.944128323936767089e+01,7.830729974794132353e+00,0.000000000000000000e+00
-4.998976145511111469e+01,7.025602801474766679e+00,0.000000000000000000e+00
-5.051817848801039190e+01,6.202852363264919511e+00,0.000000000000000000e+00
-5.102596706945922733e+01,5.363045247527116643e+00,0.000000000000000000e+00
-5.151254078680947401e+01,4.506763348262634139e+00,0.000000000000000000e+00
-5.197803233227538300e+01,3.634658092092736492e+00,0.000000000000000000e+00
-5.242295831675109952e+01,2.747370828828359368e+00,0.000000000000000000e+00
-5.284679093852154352e+01,1.845450604742678857e+00,0.000000000000000000e+00
-5.324790827994696940e+01,9.294456963182450293e-01,0.000000000000000000e+00
-5.362487933126782735e+01,6.567153682770019945e-15,0.000000000000000000e+00
-5.320109485597109256e+01,-9.286285649632209926e-01,0.000000000000000000e+00
-5.307951541238034565e+01,-1.853577522449400883e+00,0.000000000000000000e+00
-5.290165104756678716e+01,-2.772458051809330914e+00,0.000000000000000000e+00
-5.267792524086996764e+01,-3.683599371892589680e+00,0.000000000000000000e+00
-5.241878376241135129e+01,-4.586049335027763796e+00,0.000000000000000000e+00
-5.213466344686177933e+01,-5.479573932415801707e+00,0.000000000000000000e+00
-5.183596101405658629e+01,-6.364655712091033202e+00,0.000000000000000000e+00
-5.153300196961390611e+01,-7.242491111529524517e+00,0.000000000000000000e+00
-5.123552441366956600e+01,-8.114909858993163638e+00,0.000000000000000000e+00
-5.094612209340471054e+01,-8.983175887534880388e+00,0.000000000000000000e+00
-5.066204955926957609e+01,-9.847704854881230929e+00,0.000000000000000000e+00
-5.038043360016173722e+01,-1.070869174149521896e+01,0.000000000000000000e+00
-5.009866284613599419e+01,-1.156618766909687146e+01,0.000000000000000000e+00
-4.981619962493345355e+01,-1.242057356172185401e+01,0.000000000000000000e+00
-4.953350263496958661e+01,-1.327246202932496466e+01,0.000000000000000000e+00
-4.925100684322070776e+01,-1.412249895626900198e+01,0.000000000000000000e+00
-4.896907388186733101e+01,-1.497134832830276707e+01,0.000000000000000000e+00
-4.868778937447920896e+01,-1.581962173380752468e+01,0.000000000000000000e+00
-4.840712139675878234e+01,-1.666790857676904736e+01,0.000000000000000000e+00
-4.812701132733482723e+01,-1.751679958734222708e+01,0.000000000000000000e+00
-4.784671511699789903e+01,-1.836663312800084924e+01,0.000000000000000000e+00
-4.756244271858339800e+01,-1.921647422309008491e+01,0.000000000000000000e+00
-4.726961034169649167e+01,-2.006475916209123866e+01,0.000000000000000000e+00
-4.696375580114722226e+01,-2.090961125249588903e+01,0.000000000000000000e+00
-4.664181910440115786e+01,-2.174943743866236545e+01,0.000000000000000000e+00
-4.630397371574224508e+01,-2.258395696126455121e+01,0.000000000000000000e+00
-4.595087064762164175e+01,-2.341313802138974154e+01,0.000000000000000000e+00
-4.558303517911974012e+01,-2.423692972849495675e+01,0.000000000000000000e+00
-4.520042847701362376e+01,-2.505500663435213937e+01,0.000000000000000000e+00
-4.480285083808779945e+01,-2.586693799183264986e+01,0.000000000000000000e+00
-4.439026165760650855e+01,-2.667236009838482502e+01,0.000000000000000000e+00
-4.396305670721714165e+01,-2.747116675259177399e+01,0.000000000000000000e+00
-4.352169010762555956e+01,-2.826331602468102133e+01,0.000000000000000000e+00
-4.306635462508453571e+01,-2.904862298397573994e+01,0.000000000000000000e+00
-4.259702146825807034e+01,-2.982675553735511897e+01,0.000000000000000000e+00
-4.211360436142100383e+01,-3.059732457616440016e+01,0.000000000000000000e+00
-4.161589554645123457e+01,-3.135982663768314183e+01,0.000000000000000000e+00
-4.110383786160852537e+01,-3.211383771553731492e+01,0.000000000000000000e+00
-4.057796942384828753e+01,-3.285939173890756138e+01,0.000000000000000000e+00
-4.003881131668892834e+01,-3.359655180861037849e+01,0.000000000000000000e+00
-3.948619374856323816e+01,-3.432482455246802999e+01,0.000000000000000000e+00
-3.891989694576236758e+01,-3.504363261361958592e+01,0.000000000000000000e+00
-3.834024203886876592e+01,-3.575285410741449255e+01,0.000000000000000000e+00
-3.774760345781744775e+01,-3.645243693508300709e+01,0.000000000000000000e+00
-3.714215147761489533e+01,-3.714215147761487401e+01,0.000000000000000000e+00
-3.652426855971585695e+01,-3.782198728261355569e+01,0.000000000000000000e+00
-3.589459764156903532e+01,-3.849224336974435801e+01,0.000000000000000000e+00
-3.525253294970767826e+01,-3.915190427337380186e+01,0.000000000000000000e+00
-3.459715304777056843e+01,-3.979947184594529119e+01,0.000000000000000000e+00
-3.392991467454338306e+01,-4.043609770980205553e+01,0.000000000000000000e+00
-3.325163214252282273e+01,-4.106234598295098692e+01,0.000000000000000000e+00
-3.256148112944730144e+01,-4.167679530344894090e+01,0.000000000000000000e+00
-3.185983841035362829e+01,-4.227943358012281294e+01,0.000000000000000000e+00
-3.114716535528517127e+01,-4.287039526894059094e+01,0.000000000000000000e+00
-3.042317839722456441e+01,-4.344880158675598381e+01,0.000000000000000000e+00
-2.968874856811273943e+01,-4.401537983107239427e+01,0.000000000000000000e+00
-2.894406971721485178e+01,-4.456995886774582516e+01,0.000000000000000000e+00
-2.818805620983827964e+01,-4.511031965915418596e+01,0.000000000000000000e+00
-2.742230048241678730e+01,-4.563837205173693690e+01,0.000000000000000000e+00
-2.664719268417130849e+01,-4.615429160806233710e+01,0.000000000000000000e+00
-2.586182201983842432e+01,-4.665596196211861724e+01,0.000000000000000000e+00
-2.506674129604103030e+01,-4.714368375545418388e+01,0.000000000000000000e+00
-2.426278450070767079e+01,-4.761839575389640089e+01,0.000000000000000000e+00
-2.345019282720939557e+01,-4.808002043940263803e+01,0.000000000000000000e+00
-2.262863651614061666e+01,-4.852726761055878768e+01,0.000000000000000000e+00
-2.179804323395334720e+01,-4.895920670261321561e+01,0.000000000000000000e+00
-2.095933633210259828e+01,-4.937710208407963108e+01,0.000000000000000000e+00
-2.011298066036622600e+01,-4.978137401548862329e+01,0.000000000000000000e+00
-1.925899734989374679e+01,-5.017140339317504072e+01,0.000000000000000000e+00
-1.839736926610405376e+01,-5.054635663598924822e+01,0.000000000000000000e+00
-1.752803238770959737e+01,-5.090510232464033891e+01,0.000000000000000000e+00
-1.665180460471097490e+01,-5.124898489617802255e+01,0.000000000000000000e+00
-1.576906046911942916e+01,-5.157827272645398153e+01,0.000000000000000000e+00
-1.487993030584005005e+01,-5.189248387193272549e+01,0.000000000000000000e+00
-1.398473189867585909e+01,-5.219172997608750819e+01,0.000000000000000000e+00
-1.308362180774828154e+01,-5.247554088811056516e+01,0.000000000000000000e+00
-1.217645658334649639e+01,-5.274202792503376003e+01,0.000000000000000000e+00
-1.126395504922430924e+01,-5.299274207639243173e+01,0.000000000000000000e+00
-1.034645433333281694e+01,-5.322789319160057175e+01,0.000000000000000000e+00
-9.424190779296496956e+00,-5.344724183123307171e+01,0.000000000000000000e+00
-8.497438737130416087e+00,-5.365071669741547566e+01,0.000000000000000000e+00
-7.566462879378237361e+00,-5.383818087747214776e+01,0.000000000000000000e+00
-6.631538539267776144e+00,-5.400954721426151650e+01,0.000000000000000000e+00
-5.692937694295363116e+00,-5.416468403870774750e+01,0.000000000000000000e+00
-4.750901451765572325e+00,-5.430305207894523534e+01,0.000000000000000000e+00
-3.805692969334904863e+00,-5.442394502997327521e+01,0.000000000000000000e+00
-2.857709317506815783e+00,-5.452834210114156122e+01,0.000000000000000000e+00
-1.907242912321041484e+00,-5.461629110926988773e+01,0.000000000000000000e+00
-9.545765655207509859e-01,-5.468765481230597914e+01,0.000000000000000000e+00
-1.005601604236521126e-14,-5.474240164247957097e+01,0.000000000000000000e+00
9.561966335444703757e-01,-5.478046844722523900e+01,0.000000000000000000e+00
1.913721385176562872e+00,-5.480181029884766275e+01,0.000000000000000000e+00
2.872281245674566108e+00,-5.480639105431453117e+01,0.000000000000000000e+00
3.831581264283427934e+00,-5.479416489598771278e+01,0.000000000000000000e+00
4.791328659753725461e+00,-5.476513718070467007e+01,0.000000000000000000e+00
5.751222722582352453e+00,-5.471922904005502630e+01,0.000000000000000000e+00
6.710887383778126214e+00,-5.465579169261305026e+01,0.000000000000000000e+00
7.669999667211474303e+00,-5.457488340277349437e+01,0.000000000000000000e+00
8.628321571450662475e+00,-5.447707839085003911e+01,0.000000000000000000e+00
9.585563584319251262e+00,-5.436243248653945415e+01,0.000000000000000000e+00
1.054142482049712015e+01,-5.423092939433774262e+01,0.000000000000000000e+00
1.149561093095752362e+01,-5.408259731263262182e+01,0.000000000000000000e+00
1.244782596303001299e+01,-5.391745784615246606e+01,0.000000000000000000e+00
1.339777479025637241e+01,-5.373553968056753405e+01,0.000000000000000000e+00
1.434516706714961209e+01,-5.353689233766608169e+01,0.000000000000000000e+00
1.528970208904930672e+01,-5.332152790737502102e+01,0.000000000000000000e+00
1.623111248200251566e+01,-5.308957676266854264e+01,0.000000000000000000e+00
1.716907163572387418e+01,-5.284096912185000150e+01,0.000000000000000000e+00
1.810288369558776722e+01,-5.257459174602636409e+01,0.000000000000000000e+00
1.903251418539529993e+01,-5.229140295982345776e+01,0.000000000000000000e+00
1.995778748052720175e+01,-5.199181392100439325e+01,0.000000000000000000e+00
2.087842060091804086e+01,-5.167590434942820821e+01,0.000000000000000000e+00
2.179413788046358391e+01,-5.134377128677925128e+01,0.000000000000000000e+00
2.270466369047432309e+01,-5.099550958793308553e+01,0.000000000000000000e+00
2.360973448905761174e+01,-5.063123900317722104e+01,0.000000000000000000e+00
2.450907345613548571e+01,-5.025104746066374162e+01,0.000000000000000000e+00
2.540215159469770256e+01,-4.985452958218814246e+01,0.000000000000000000e+00
2.628815530121416444e+01,-4.944082940012800265e+01,0.000000000000000000e+00
2.716746389730240452e+01,-4.901140226034593184e+01,0.000000000000000000e+00
2.803999271270906490e+01,-4.856669202227317328e+01,0.000000000000000000e+00
2.890534745829045704e+01,-4.810657670504551220e+01,0.000000000000000000e+00
2.976351007032457119e+01,-4.763157287100146675e+01,0.000000000000000000e+00
3.061396461637465904e+01,-4.714137151621473976e+01,0.000000000000000000e+00
3.145507687914610884e+01,-4.663406924258963215e+01,0.000000000000000000e+00
3.228785613506675389e+01,-4.611183738127174081e+01,0.000000000000000000e+00
3.311232205778696169e+01,-4.557520142515684825e+01,0.000000000000000000e+00
3.392842235574372722e+01,-4.502453719293990986e+01,0.000000000000000000e+00
3.473555156080541195e+01,-4.445947855986409536e+01,0.000000000000000000e+00
3.553163324148034263e+01,-4.387791285695037402e+01,0.000000000000000000e+00
3.631804201494380635e+01,-4.328215704729674940e+01,0.000000000000000000e+00
3.709557248364228599e+01,-4.267357463295911657e+01,0.000000000000000000e+00
3.786302908511845544e+01,-4.205115395127432265e+01,0.000000000000000000e+00
3.861860823433546841e+01,-4.141338709520297101e+01,0.000000000000000000e+00
3.936336354765263223e+01,-4.076195620635307648e+01,0.000000000000000000e+00
4.009848740752466512e+01,-4.009848740752467933e+01,0.000000000000000000e+00
4.082166184587805446e+01,-3.942102061353469367e+01,0.000000000000000000e+00
4.152594922853007375e+01,-3.872357412179086822e+01,0.000000000000000000e+00
4.220878994015452434e+01,-3.800496516703311300e+01,0.000000000000000000e+00
4.286804574166897197e+01,-3.726462363933220701e+01,0.000000000000000000e+00
4.350047684411594417e+01,-3.650123407593352454e+01,0.000000000000000000e+00
4.410599886052420260e+01,-3.571633364536970845e+01,0.000000000000000000e+00
4.468513940668450601e+01,-3.491185713689155534e+01,0.000000000000000000e+00
4.523717537362953323e+01,-3.408865671800892017e+01,0.000000000000000000e+00
4.576126343128795781e+01,-3.324750401808723410e+01,0.000000000000000000e+00
4.625660842594545130e+01,-3.238922591186180711e+01,0.000000000000000000e+00
4.672264444885784940e+01,-3.151482161015518102e+01,0.000000000000000000e+00
4.715902367694786790e+01,-3.062542806359112646e+01,0.000000000000000000e+00
4.756519022766892846e+01,-2.972202959100742703e+01,0.000000000000000000e+00
4.794024631902384925e+01,-2.880540607958241495e+01,0.000000000000000000e+00
4.828335070226616921e+01,-2.787640552533051519e+01,0.000000000000000000e+00
4.859419290719225160e+01,-2.693620097649859702e+01,0.000000000000000000e+00
4.887272531263715791e+01,-2.598608899972986919e+01,0.000000000000000000e+00
4.911893623265089559e+01,-2.502734806262964184e+01,0.000000000000000000e+00
4.933261131698093749e+01,-2.406112221834459319e+01,0.000000000000000000e+00
4.951333364792935754e+01,-2.308844666081306940e+01,0.000000000000000000e+00
4.966070540877288408e+01,-2.211037058064245997e+01,0.000000000000000000e+00
4.977435786913685689e+01,-2.112796140845301807e+01,0.000000000000000000e+00
4.985395204918829393e+01,-2.014230408940044370e+01,0.000000000000000000e+00
4.989917936706304857e+01,-1.915450033679681852e+01,0.000000000000000000e+00
4.990976226893234013e+01,-1.816566786519376109e+01,0.000000000000000000e+00
4.988556546653940416e+01,-1.717697769469890900e+01,0.000000000000000000e+00
4.982683550986332932e+01,-1.618972025811179805e+01,0.000000000000000000e+00
4.973357906931192929e+01,-1.520508102023887709e+01,0.000000000000000000e+00
4.960573969280060425e+01,-1.422421696406315306e+01,0.000000000000000000e+00
4.944329499479595569e+01,-1.324829096498934256e+01,0.000000000000000000e+00
4.924625691441951147e+01,-1.227847088397440345e+01,0.000000000000000000e+00
4.901467195109297137e+01,-1.131592865196172859e+01,0.000000000000000000e+00
4.874862137746912083e+01,-1.036183934614860114e+01,0.000000000000000000e+00
4.844826331674720166e+01,-9.417388400694900241e+00,0.000000000000000000e+00
4.811400394424035198e+01,-8.483797045283123950e+00,0.000000000000000000e+00
4.774635474160694315e+01,-7.562279673286196768e+00,0.000000000000000000e+00
4.734584853369829460e+01,-6.654025072618975578e+00,0.000000000000000000e+00
4.691288940583317668e+01,-5.760178526381781516e+00,0.000000000000000000e+00
4.644782042167427250e+01,-4.881862645177541538e+00,0.000000000000000000e+00
4.595074221449091567e+01,-4.020169024370074062e+00,0.000000000000000000e+00
4.542122387175684395e+01,-3.176161379924402173e+00,0.000000000000000000e+00
4.485915323389540532e+01,-2.350968601506139066e+00,0.000000000000000000e+00
4.426545263540222663e+01,-1.545783667928751326e+00,0.000000000000000000e+00
4.364180872423104773e+01,-7.617706048663465124e-01,0.000000000000000000e+00
4.299090836437555652e+01,-1.052973566417394094e-14,0.000000000000000000e+00
