4.065507627292026882e+01,0.000000000000000000e+00,0.000000000000000000e+00
3.991615115133222957e+01,6.967390100310510981e-01,0.000000000000000000e+00
3.915924900256721486e+01,1.367471107888601711e+00,0.000000000000000000e+00
3.839895697948225006e+01,2.012404062079700129e+00,0.000000000000000000e+00
3.763931637406872710e+01,2.631997397771796532e+00,0.000000000000000000e+00
3.687841514494124340e+01,3.226443253985104231e+00,0.000000000000000000e+00
3.611970243741820497e+01,3.796333702708629687e+00,0.000000000000000000e+00
3.536603024339949997e+01,4.342402494314652195e+00,0.000000000000000000e+00
3.461578753043506396e+01,4.864931673407976831e+00,0.000000000000000000e+00
3.386552661491139560e+01,5.363772479198429366e+00,0.000000000000000000e+00
3.311976106778614337e+01,5.839907470868496375e+00,0.000000000000000000e+00
3.238125375598840350e+01,6.294278115355933068e+00,0.000000000000000000e+00
3.164827524896001520e+01,6.727048569705402770e+00,0.000000000000000000e+00
3.091798098423030794e+01,7.137978343083809740e+00,0.000000000000000000e+00
3.019419522109022225e+01,7.528258391931536231e+00,0.000000000000000000e+00
2.947900873623173723e+01,7.898876584543304880e+00,0.000000000000000000e+00
2.877100905025517719e+01,8.249954088785575124e+00,0.000000000000000000e+00
2.806785475068366509e+01,8.581204360009214938e+00,0.000000000000000000e+00
2.737378809987980688e+01,8.894282914156892872e+00,0.000000000000000000e+00
2.668909106293781974e+01,9.189791026571914045e+00,0.000000000000000000e+00
2.601090614656088817e+01,9.467195603639968482e+00,0.000000000000000000e+00
2.534244998360788159e+01,9.728055108390929462e+00,0.000000000000000000e+00
2.468367392034872054e+01,9.972851613784182945e+00,0.000000000000000000e+00
2.403326564274662047e+01,1.020151601662147911e+01,0.000000000000000000e+00
2.339353260307272464e+01,1.041547176558844612e+01,0.000000000000000000e+00
2.276384149044594807e+01,1.061495361602144349e+01,0.000000000000000000e+00
2.214405117769187115e+01,1.080037540223056780e+01,0.000000000000000000e+00
2.154174580648095372e+01,1.097606771494193545e+01,0.000000000000000000e+00
2.096085709011177656e+01,1.114508541052080837e+01,0.000000000000000000e+00
2.040045383534484102e+01,1.130815621467600174e+01,0.000000000000000000e+00
1.985919446211520523e+01,1.146571126859133649e+01,0.000000000000000000e+00
1.933571688445407943e+01,1.161807081653472729e+01,0.000000000000000000e+00
1.882887062680162060e+01,1.176558418575410236e+01,0.000000000000000000e+00
1.833758690431657001e+01,1.190856817658241162e+01,0.000000000000000000e+00
1.786088177135661326e+01,1.204731687309568322e+01,0.000000000000000000e+00
1.739782319118294751e+01,1.218208694690600602e+01,0.000000000000000000e+00
1.694757454838373079e+01,1.231313365594202835e+01,0.000000000000000000e+00
1.650933815458656184e+01,1.244067863090529258e+01,0.000000000000000000e+00
1.608239325701273970e+01,1.256494269153260213e+01,0.000000000000000000e+00
1.566605039105252040e+01,1.268611746990272771e+01,0.000000000000000000e+00
1.525967897005408425e+01,1.280439099565607641e+01,0.000000000000000000e+00
1.486268722024756350e+01,1.291993688887192171e+01,0.000000000000000000e+00
1.447451416351869469e+01,1.303291109207859755e+01,0.000000000000000000e+00
1.409464926656538353e+01,1.314347307489134664e+01,0.000000000000000000e+00
1.372259629884763221e+01,1.325175720700625703e+01,0.000000000000000000e+00
1.335790035941202802e+01,1.335790035941202625e+01,0.000000000000000000e+00
1.300013255051684702e+01,1.346203133935570229e+01,0.000000000000000000e+00
1.264887767456652057e+01,1.356426063513490377e+01,0.000000000000000000e+00
1.230375799855622709e+01,1.366470761262632294e+01,0.000000000000000000e+00
1.196440834765390804e+01,1.376347737423237660e+01,0.000000000000000000e+00
1.163047817741516532e+01,1.386066415152308018e+01,0.000000000000000000e+00
1.130164641351001897e+01,1.395637102020807951e+01,0.000000000000000000e+00
1.097759957860291102e+01,1.405068672219906212e+01,0.000000000000000000e+00
1.065803645831750757e+01,1.414369209065178090e+01,0.000000000000000000e+00
1.034267934833749791e+01,1.423547686428230641e+01,0.000000000000000000e+00
1.003125634878905892e+01,1.432611875964227366e+01,0.000000000000000000e+00
9.723503680437175944e+00,1.441568703380613314e+01,0.000000000000000000e+00
9.419176929844731205e+00,1.450426054223850869e+01,0.000000000000000000e+00
9.118037209252872088e+00,1.459190978304847164e+01,0.000000000000000000e+00
8.819849833169980613e+00,1.467869511475743138e+01,0.000000000000000000e+00
8.524395013991219017e+00,1.476468526801959769e+01,0.000000000000000000e+00
8.231459586822612806e+00,1.484994619021477114e+01,0.000000000000000000e+00
7.940832133900428857e+00,1.493453315109912438e+01,0.000000000000000000e+00
7.652310271955586884e+00,1.501850453112501249e+01,0.000000000000000000e+00
7.365700063432254474e+00,1.510192313597601732e+01,0.000000000000000000e+00
7.080808417681060618e+00,1.518484265451937176e+01,0.000000000000000000e+00
6.797445551123557195e+00,1.526731267643512169e+01,0.000000000000000000e+00
6.515430371075184190e+00,1.534939205405739848e+01,0.000000000000000000e+00
6.234583137292834643e+00,1.543113475964442216e+01,0.000000000000000000e+00
5.954724237431683775e+00,1.551258699420040976e+01,0.000000000000000000e+00
5.675679196701835849e+00,1.559380043300663665e+01,0.000000000000000000e+00
5.397276872883885801e+00,1.567483020405752470e+01,0.000000000000000000e+00
5.119345034542721606e+00,1.575572393393201409e+01,0.000000000000000000e+00
4.841712009358452029e+00,1.583652640375619924e+01,0.000000000000000000e+00
4.564210070603101244e+00,1.591729212494539425e+01,0.000000000000000000e+00
4.286670474054932178e+00,1.599807200447837197e+01,0.000000000000000000e+00
4.008922546738989290e+00,1.607891011448268870e+01,0.000000000000000000e+00
3.730796705455993401e+00,1.615985592154145323e+01,0.000000000000000000e+00
3.452123531737687046e+00,1.624096430905220956e+01,0.000000000000000000e+00
3.172730508500056334e+00,1.632228347909547850e+01,0.000000000000000000e+00
2.892442864402060110e+00,1.640385863116636855e+01,0.000000000000000000e+00
2.611085691529440922e+00,1.648574623984033849e+01,0.000000000000000000e+00
2.328480615366987028e+00,1.656800046974078100e+01,0.000000000000000000e+00
2.044445032834931286e+00,1.665066860035957319e+01,0.000000000000000000e+00
1.758793731799208393e+00,1.673380456413988071e+01,0.000000000000000000e+00
1.471337920095070917e+00,1.681746938172275918e+01,0.000000000000000000e+00
1.181883178325691119e+00,1.690171688765762070e+01,0.000000000000000000e+00
8.902299582310203574e-01,1.698659951651663036e+01,0.000000000000000000e+00
5.961737931985561234e-01,1.707218374267034733e+01,0.000000000000000000e+00
2.995032920082110750e-01,1.715853210743668456e+01,0.000000000000000000e+00
1.055994604591422300e-15,1.724570064326541896e+01,0.000000000000000000e+00
-3.025618906653358420e-01,1.733375910714715573e+01,0.000000000000000000e+00
-6.084168975599103524e-01,1.742278038013142805e+01,0.000000000000000000e+00
-9.178084383269726754e-01,1.751282826486740518e+01,0.000000000000000000e+00
-1.230989973007471816e+00,1.760397676933866506e+01,0.000000000000000000e+00
-1.548226531003314310e+00,1.769631022589062397e+01,0.000000000000000000e+00
-1.869794122563445349e+00,1.778990273643197639e+01,0.000000000000000000e+00
-2.195981775884130016e+00,1.788483633231923520e+01,0.000000000000000000e+00
-2.527094012845864324e+00,1.798120822462188428e+01,0.000000000000000000e+00
-2.863448850413925495e+00,1.807910451649541272e+01,0.000000000000000000e+00
-3.205381308776132698e+00,1.817862074140450801e+01,0.000000000000000000e+00
-3.553246601258837956e+00,1.827986907223900914e+01,0.000000000000000000e+00
-3.907416471008774206e+00,1.838294917977994203e+01,0.000000000000000000e+00
-4.268285986340619509e+00,1.848797777437956213e+01,0.000000000000000000e+00
-4.636275119422531787e+00,1.859508385160651045e+01,0.000000000000000000e+00
-5.011824823277504670e+00,1.870438487910655212e+01,0.000000000000000000e+00
-5.395408938260940701e+00,1.881602706171955575e+01,0.000000000000000000e+00
-5.787528911338160498e+00,1.893015409420309325e+01,0.000000000000000000e+00
-6.188718117020331810e+00,1.904691586497171585e+01,0.000000000000000000e+00
-6.599552689383646253e+00,1.916649270830273366e+01,0.000000000000000000e+00
-7.020640440348469014e+00,1.928905107996737911e+01,0.000000000000000000e+00
-7.452637723810167536e+00,1.941478503742236938e+01,0.000000000000000000e+00
-7.896241290202737240e+00,1.954388300878372320e+01,0.000000000000000000e+00
-8.352215781796727967e+00,1.967658730941631262e+01,0.000000000000000000e+00
-8.821394440214787025e+00,1.981317630983661360e+01,0.000000000000000000e+00
-9.304633379450827135e+00,1.995385067503654497e+01,0.000000000000000000e+00
-9.802805131341663980e+00,2.009872901904304854e+01,0.000000000000000000e+00
-1.031702378400897402e+01,2.024829926404251879e+01,0.000000000000000000e+00
-1.084870937911495048e+01,2.040345484415247412e+01,0.000000000000000000e+00
-1.139777824536235862e+01,2.056213625862743299e+01,0.000000000000000000e+00
-1.196228227468482253e+01,2.071928067423472797e+01,0.000000000000000000e+00
-1.254061024303219796e+01,2.087108032363323318e+01,0.000000000000000000e+00
-1.313178812167250520e+01,2.101525395916363692e+01,0.000000000000000000e+00
-1.373648723202158095e+01,2.115233541447639354e+01,0.000000000000000000e+00
-1.435537081656110736e+01,2.128271246116036863e+01,0.000000000000000000e+00
-1.498817781497472446e+01,2.140533627115255300e+01,0.000000000000000000e+00
-1.563461173814693517e+01,2.151919692997183731e+01,0.000000000000000000e+00
-1.629459586775966073e+01,2.162365906670778415e+01,0.000000000000000000e+00
-1.696850014876902435e+01,2.171868977628392727e+01,0.000000000000000000e+00
-1.765655189459045005e+01,2.180402572884333523e+01,0.000000000000000000e+00
-1.835841381864921829e+01,2.187870562270639496e+01,0.000000000000000000e+00
-1.907319533907429587e+01,2.194120134282607282e+01,0.000000000000000000e+00
-1.980174415704865609e+01,2.199206487626408446e+01,0.000000000000000000e+00
-2.054050542892790787e+01,2.202699531007441536e+01,0.000000000000000000e+00
-2.128250952020445652e+01,2.203868376170812127e+01,0.000000000000000000e+00
-2.202669664240420744e+01,2.202669664240421099e+01,0.000000000000000000e+00
-2.277425256644988139e+01,2.199284005804183906e+01,0.000000000000000000e+00
-2.352483683292815186e+01,2.193726524563242819e+01,0.000000000000000000e+00
-2.427605581214023545e+01,2.185825883285115978e+01,0.000000000000000000e+00
-2.502622739993877232e+01,2.175496757633984046e+01,0.000000000000000000e+00
-2.577684320177140265e+01,2.162933962352096984e+01,0.000000000000000000e+00
-2.652861763769626435e+01,2.148245098574190237e+01,0.000000000000000000e+00
-2.727926118086073259e+01,2.131289466232916041e+01,0.000000000000000000e+00
-2.802524042084687750e+01,2.111853342423369639e+01,0.000000000000000000e+00
-2.876902308738042535e+01,2.090191876214997535e+01,0.000000000000000000e+00
-2.951213530220740822e+01,2.066461960727053082e+01,0.000000000000000000e+00
-3.025189663484643532e+01,2.040516193084066998e+01,0.000000000000000000e+00
-3.098392463313944489e+01,2.012119592382013877e+01,0.000000000000000000e+00
-3.171161750031336624e+01,1.981561787541730268e+01,0.000000000000000000e+00
-3.243609482206768035e+01,1.948957201362424385e+01,0.000000000000000000e+00
-3.315442496108475012e+01,1.914171617610952225e+01,0.000000000000000000e+00
-3.386343759977931711e+01,1.877080997486371317e+01,0.000000000000000000e+00
-3.456659695461346615e+01,1.837938562120893948e+01,0.000000000000000000e+00
-3.526330564966055903e+01,1.796755166180273378e+01,0.000000000000000000e+00
-3.594946089030449343e+01,1.753372361757540077e+01,0.000000000000000000e+00
-3.662735484865875435e+01,1.707961606389019948e+01,0.000000000000000000e+00
-3.729643966106651476e+01,1.660544479698580034e+01,0.000000000000000000e+00
-3.795490158318249030e+01,1.611089987377503974e+01,0.000000000000000000e+00
-3.860326033291430292e+01,1.559672957723939390e+01,0.000000000000000000e+00
-3.924024309840811497e+01,1.506291805152556229e+01,0.000000000000000000e+00
-3.986493231170857143e+01,1.450964875249887776e+01,0.000000000000000000e+00
-4.047942274608461588e+01,1.393818302150271826e+01,0.000000000000000000e+00
-4.108179030268524912e+01,1.334828282585245418e+01,0.000000000000000000e+00
-4.166832116354094495e+01,1.273928422456770448e+01,0.000000000000000000e+00
-4.224087383317238675e+01,1.211237566208217231e+01,0.000000000000000000e+00
-4.280090203662313542e+01,1.146846713603677692e+01,0.000000000000000000e+00
-4.334694695198587056e+01,1.080760771288793620e+01,0.000000000000000000e+00
-4.387800154639904093e+01,1.013003484722179692e+01,0.000000000000000000e+00
-4.439367308921474375e+01,9.436166511746472807e+00,0.000000000000000000e+00
-4.489347719235863821e+01,8.726407974917792743e+00,0.000000000000000000e+00
-4.537688966015585379e+01,8.001169947716441300e+00,0.000000000000000000e+00
-4.584355556766641371e+01,7.260905891071629981e+00,0.000000000000000000e+00
-4.629321787867905869e+01,6.506087481729240452e+00,0.000000000000000000e+00
-4.672570494826764786e+01,5.737195164951722326e+00,0.000000000000000000e+00
-4.714089770231289123e+01,4.954708002739094397e+00,0.000000000000000000e+00
-4.753845218001070094e+01,4.159075647320206848e+00,0.000000000000000000e+00
-4.791772960058685982e+01,3.350734066540230316e+00,0.000000000000000000e+00
-4.827812203551017944e+01,2.530149163836744375e+00,0.000000000000000000e+00
-4.861925674580839285e+01,1.697821857680462454e+00,0.000000000000000000e+00
-4.894085132208054034e+01,8.542657374691554617e-01,0.000000000000000000e+00
-4.924263897397477052e+01,6.030484020104690710e-15,0.000000000000000000e+00
-4.888083649753571081e+01,-8.532181748100580165e-01,0.000000000000000000e+00
-4.877914721832866718e+01,-1.703405356015278871e+00,0.000000000000000000e+00
-4.864735705966652546e+01,-2.549499951486285720e+00,0.000000000000000000e+00
-4.848960725906870550e+01,-3.390723648019551728e+00,0.000000000000000000e+00
-4.831004947655743109e+01,-4.226581663575263548e+00,0.000000000000000000e+00
-4.811283349596874359e+01,-5.056862571058597489e+00,0.000000000000000000e+00
-4.790209494459787010e+01,-5.881637694101709002e+00,0.000000000000000000e+00
-4.768194304422388541e+01,-6.701260075667117455e+00,0.000000000000000000e+00
-4.745644840653017127e+01,-7.516363020658507033e+00,0.000000000000000000e+00
-4.722963088589872171e+01,-8.327858214085793520e+00,0.000000000000000000e+00
-4.700532633506760760e+01,-9.136909864129776793e+00,0.000000000000000000e+00
-4.678494790073458631e+01,-9.944447663691249772e+00,0.000000000000000000e+00
-4.656773447019203616e+01,-1.075100862194876861e+01,0.000000000000000000e+00
-4.635283094736039544e+01,-1.155705876623293626e+01,0.000000000000000000e+00
-4.613936875361958556e+01,-1.236300659681412384e+01,0.000000000000000000e+00
-4.592644805925527152e+01,-1.316919706528300082e+01,0.000000000000000000e+00
-4.571293445205299832e+01,-1.397584660150121749e+01,0.000000000000000000e+00
-4.549755099015436599e+01,-1.478305044706213778e+01,0.000000000000000000e+00
-4.527902434202130877e+01,-1.559081838377285933e+01,0.000000000000000000e+00
-4.505609064730491298e+01,-1.639907586801881223e+01,0.000000000000000000e+00
-4.482735476290530841e+01,-1.720760927925290318e+01,0.000000000000000000e+00
-4.459044758655758756e+01,-1.801571024669723542e+01,0.000000000000000000e+00
-4.434263468986388546e+01,-1.882233171022960505e+01,0.000000000000000000e+00
-4.408125292326892719e+01,-1.962623828578006879e+01,0.000000000000000000e+00
-4.380383765159125176e+01,-2.042606495351526164e+01,0.000000000000000000e+00
-4.350983136822267028e+01,-2.122116268128733907e+01,0.000000000000000000e+00
-4.320013669469746276e+01,-2.201156906758646414e+01,0.000000000000000000e+00
-4.287567350269343081e+01,-2.279739999022025287e+01,0.000000000000000000e+00
-4.253704660400040893e+01,-2.357866995466568838e+01,0.000000000000000000e+00
-4.218416937557342550e+01,-2.435504154452809189e+01,0.000000000000000000e+00
-4.181687063061302467e+01,-2.512611077290554817e+01,0.000000000000000000e+00
-4.143510547611029438e+01,-2.589152750515165380e+01,0.000000000000000000e+00
-4.103905464787860780e+01,-2.665107370597996095e+01,0.000000000000000000e+00
-4.062892380901504197e+01,-2.740455513932268161e+01,0.000000000000000000e+00
-4.020490735534211524e+01,-2.815177920323353078e+01,0.000000000000000000e+00
-3.976719072593190418e+01,-2.889255528168990494e+01,0.000000000000000000e+00
-3.931580079046993603e+01,-2.962658091869323940e+01,0.000000000000000000e+00
-3.885045425685306952e+01,-3.035330149413597667e+01,0.000000000000000000e+00
-3.837101081492890131e+01,-3.107223189548237485e+01,0.000000000000000000e+00
-3.787794324761866704e+01,-3.178336820883076541e+01,0.000000000000000000e+00
-3.737174679052755977e+01,-3.248676385403175004e+01,0.000000000000000000e+00
-3.685238901787372612e+01,-3.318204011373081386e+01,0.000000000000000000e+00
-3.631974589457872327e+01,-3.386871097138105569e+01,0.000000000000000000e+00
-3.577393077815268896e+01,-3.454648338318735057e+01,0.000000000000000000e+00
-3.521514673734893108e+01,-3.521514673734892398e+01,0.000000000000000000e+00
-3.464366868674554922e+01,-3.587456910604211657e+01,0.000000000000000000e+00
-3.405990704591138751e+01,-3.652477858238454189e+01,0.000000000000000000e+00
-3.346440875093838230e+01,-3.716599116015169812e+01,0.000000000000000000e+00
-3.285676993785808975e+01,-3.779739009984091780e+01,0.000000000000000000e+00
-3.223622434088219535e+01,-3.841763616991925545e+01,0.000000000000000000e+00
-3.160378773329392743e+01,-3.902742760758203389e+01,0.000000000000000000e+00
-3.096021015013927880e+01,-3.962726191261000963e+01,0.000000000000000000e+00
-3.030507117662263994e+01,-4.021618777377501885e+01,0.000000000000000000e+00
-2.963853877400621428e+01,-4.079394891772600573e+01,0.000000000000000000e+00
-2.896089983855524252e+01,-4.136045137789066217e+01,0.000000000000000000e+00
-2.827212883174119185e+01,-4.191515470270313415e+01,0.000000000000000000e+00
-2.757298845166573642e+01,-4.245867886438418282e+01,0.000000000000000000e+00
-2.686359211734448493e+01,-4.299073403946134420e+01,0.000000000000000000e+00
-2.614298039137920782e+01,-4.350922587286429177e+01,0.000000000000000000e+00
-2.541260908521073603e+01,-4.401593008847139288e+01,0.000000000000000000e+00
-2.467290418258330220e+01,-4.451109740661635072e+01,0.000000000000000000e+00
-2.392311735404305395e+01,-4.499283994133488562e+01,0.000000000000000000e+00
-2.316354979400824732e+01,-4.546102617051224115e+01,0.000000000000000000e+00
-2.239497328534865517e+01,-4.591649975901601977e+01,0.000000000000000000e+00
-2.161790876963102193e+01,-4.635975496341793445e+01,0.000000000000000000e+00
-2.083210441876540031e+01,-4.678967260235962300e+01,0.000000000000000000e+00
-2.003696728995769760e+01,-4.720413679397997697e+01,0.000000000000000000e+00
-1.923370430149778088e+01,-4.760508865913358534e+01,0.000000000000000000e+00
-1.842272536142691308e+01,-4.799284038091035143e+01,0.000000000000000000e+00
-1.760415003462893324e+01,-4.836700470883420167e+01,0.000000000000000000e+00
-1.677810525561035604e+01,-4.872715579013349441e+01,0.000000000000000000e+00
-1.594438286931129944e+01,-4.907176466729848840e+01,0.000000000000000000e+00
-1.510353068962457357e+01,-4.940142290451405671e+01,0.000000000000000000e+00
-1.425602646065310175e+01,-4.971667259065987565e+01,0.000000000000000000e+00
-1.340213619740238116e+01,-5.001745321866366822e+01,0.000000000000000000e+00
-1.254207811891724766e+01,-5.030352778627038646e+01,0.000000000000000000e+00
-1.167611100972824367e+01,-5.057479314410142734e+01,0.000000000000000000e+00
-1.080446402180884746e+01,-5.083100675377845334e+01,0.000000000000000000e+00
-9.927278099062027295e+00,-5.107141841218348333e+01,0.000000000000000000e+00
-9.044784328854555966e+00,-5.129552092659601925e+01,0.000000000000000000e+00
-8.157461609673317682e+00,-5.150418559397836304e+01,0.000000000000000000e+00
-7.265600094427444589e+00,-5.169743092684107921e+01,0.000000000000000000e+00
-6.369456449227639538e+00,-5.187505988040700800e+01,0.000000000000000000e+00
-5.469308249950349143e+00,-5.203699200251400470e+01,0.000000000000000000e+00
-4.565430820440822046e+00,-5.218311306227717239e+01,0.000000000000000000e+00
-3.658104255757641976e+00,-5.231332809384740301e+01,0.000000000000000000e+00
-2.747611477537698299e+00,-5.242755016766720644e+01,0.000000000000000000e+00
-1.834237428245804713e+00,-5.252568757624958806e+01,0.000000000000000000e+00
-9.182705497110521531e-01,-5.260768455960259615e+01,0.000000000000000000e+00
-9.675930734821145605e-15,-5.267331359843456795e+01,0.000000000000000000e+00
9.202605568477252307e-01,-5.272169199210863866e+01,0.000000000000000000e+00
1.842200846203038367e+00,-5.275373002987119264e+01,0.000000000000000000e+00
2.765529062226315560e+00,-5.276943805022503398e+01,0.000000000000000000e+00
3.689949179963817549e+00,-5.276873172689047919e+01,0.000000000000000000e+00
4.615166134837290102e+00,-5.275159030712331543e+01,0.000000000000000000e+00
5.540882576528851189e+00,-5.271797623114759546e+01,0.000000000000000000e+00
6.466800934337769924e+00,-5.266786708999649846e+01,0.000000000000000000e+00
7.392622785569572308e+00,-5.260124433744935146e+01,0.000000000000000000e+00
8.318049388419440859e+00,-5.251809692527513107e+01,0.000000000000000000e+00
9.242781803427931209e+00,-5.241842040447432538e+01,0.000000000000000000e+00
1.016652100271143588e+01,-5.230221645294579957e+01,0.000000000000000000e+00
1.108896856314063228e+01,-5.216949538521165408e+01,0.000000000000000000e+00
1.200982530653050162e+01,-5.202026856960420531e+01,0.000000000000000000e+00
1.292879612446208881e+01,-5.185456898956473992e+01,0.000000000000000000e+00
1.384557893919544824e+01,-5.167240406128291852e+01,0.000000000000000000e+00
1.475976907902482083e+01,-5.147343187394754693e+01,0.000000000000000000e+00
1.567094490508254978e+01,-5.125735117690994969e+01,0.000000000000000000e+00
1.657898849577689049e+01,-5.102487995647048535e+01,0.000000000000000000e+00
1.748362303570745979e+01,-5.077612820148525685e+01,0.000000000000000000e+00
1.838454591995906284e+01,-5.051112478201421396e+01,0.000000000000000000e+00
1.928147198110144345e+01,-5.022995180916742441e+01,0.000000000000000000e+00
2.017411206318403671e+01,-4.993267954693391886e+01,0.000000000000000000e+00
2.106218301269526805e+01,-4.961939367987104532e+01,0.000000000000000000e+00
2.194540244237101234e+01,-4.929018090369263660e+01,0.000000000000000000e+00
2.282349707149269946e+01,-4.894514742004570707e+01,0.000000000000000000e+00
2.369618547417556442e+01,-4.858438010847768140e+01,0.000000000000000000e+00
2.456297467036775828e+01,-4.820755213452069654e+01,0.000000000000000000e+00
2.542313044220551532e+01,-4.781395425460794968e+01,0.000000000000000000e+00
2.627693009948475478e+01,-4.740483676139965752e+01,0.000000000000000000e+00
2.712420794396397739e+01,-4.698050627400895962e+01,0.000000000000000000e+00
2.796466500851072112e+01,-4.654101820446987858e+01,0.000000000000000000e+00
2.879804759201358877e+01,-4.608650993046685329e+01,0.000000000000000000e+00
2.962419301693807583e+01,-4.561725690806361655e+01,0.000000000000000000e+00
3.044259885902728513e+01,-4.513300884848440120e+01,0.000000000000000000e+00
3.125184770731950934e+01,-4.463226401021648115e+01,0.000000000000000000e+00
3.205285066761361179e+01,-4.411696415846578390e+01,0.000000000000000000e+00
3.284559555270976716e+01,-4.358757749126190362e+01,0.000000000000000000e+00
3.362993291094320369e+01,-4.304435122057635965e+01,0.000000000000000000e+00
3.440532632835840587e+01,-4.248703965255032244e+01,0.000000000000000000e+00
3.517021048976558006e+01,-4.191422470347271201e+01,0.000000000000000000e+00
3.592527117600104702e+01,-4.132729698171920063e+01,0.000000000000000000e+00
3.667104160528774059e+01,-4.072731773865461236e+01,0.000000000000000000e+00
3.740700637110362692e+01,-4.011410316806554022e+01,0.000000000000000000e+00
3.813204132129328627e+01,-3.948688471491387730e+01,0.000000000000000000e+00
3.884566438538031719e+01,-3.884566438538033850e+01,0.000000000000000000e+00
3.954914698971910525e+01,-3.819216730116675507e+01,0.000000000000000000e+00
4.024205149033969064e+01,-3.752632011187031225e+01,0.000000000000000000e+00
4.092184499281587051e+01,-3.684619473166070946e+01,0.000000000000000000e+00
4.158756259688765056e+01,-3.615151662357659745e+01,0.000000000000000000e+00
4.223224911501662149e+01,-3.543706465619747803e+01,0.000000000000000000e+00
4.284840098517810958e+01,-3.469795096573447779e+01,0.000000000000000000e+00
4.343853940335501562e+01,-3.393790647228699697e+01,0.000000000000000000e+00
4.400248527325017278e+01,-3.315825099224622363e+01,0.000000000000000000e+00
4.453698369416949987e+01,-3.235801272289545949e+01,0.000000000000000000e+00
4.504157757582031252e+01,-3.153845215144682967e+01,0.000000000000000000e+00
4.551645505170561279e+01,-3.070123658885096773e+01,0.000000000000000000e+00
4.596037538350534390e+01,-2.984701676025630945e+01,0.000000000000000000e+00
4.637206536813707913e+01,-2.897648243328485407e+01,0.000000000000000000e+00
4.675156051063821394e+01,-2.809117158892654942e+01,0.000000000000000000e+00
4.709928975629069470e+01,-2.719278761943465028e+01,0.000000000000000000e+00
4.741509108797271921e+01,-2.628261416552077989e+01,0.000000000000000000e+00
4.769820874307177405e+01,-2.536158746204927183e+01,0.000000000000000000e+00
4.794788591262775412e+01,-2.443066812193925585e+01,0.000000000000000000e+00
4.816351440426954866e+01,-2.349091555482351268e+01,0.000000000000000000e+00
4.834469241547346741e+01,-2.254350030448319231e+01,0.000000000000000000e+00
4.849106645375351832e+01,-2.158961376641353880e+01,0.000000000000000000e+00
4.860231878647001480e+01,-2.063046033424753745e+01,0.000000000000000000e+00
4.867816784524185891e+01,-1.966725643508337029e+01,0.000000000000000000e+00
4.871836860622524057e+01,-1.870122955352837835e+01,0.000000000000000000e+00
4.872271294596826863e+01,-1.773361724502899150e+01,0.000000000000000000e+00
4.869100310719308311e+01,-1.676565688857952097e+01,0.000000000000000000e+00
4.862301593273342348e+01,-1.579857556679151820e+01,0.000000000000000000e+00
4.851872113108633044e+01,-1.483366167490970255e+01,0.000000000000000000e+00
4.837817436504445823e+01,-1.387221827061157953e+01,0.000000000000000000e+00
4.820147190190863995e+01,-1.291554547010786891e+01,0.000000000000000000e+00
4.798875046983776116e+01,-1.196493931358440577e+01,0.000000000000000000e+00
4.774018708487987794e+01,-1.102169063628220513e+01,0.000000000000000000e+00
4.745600310216848783e+01,-1.008708484999886501e+01,0.000000000000000000e+00
4.713656381799319206e+01,-9.162419846631307152e+00,0.000000000000000000e+00
4.678238325212678461e+01,-8.248996389193818501e+00,0.000000000000000000e+00
4.639400509625919966e+01,-7.348088531584710204e+00,0.000000000000000000e+00
4.597146979508404030e+01,-6.460868737496907599e+00,0.000000000000000000e+00
4.551420518957787920e+01,-5.588441699047050015e+00,0.000000000000000000e+00
4.502173998375960196e+01,-4.731975551323180262e+00,0.000000000000000000e+00
4.449398968824535672e+01,-3.892719692760836292e+00,0.000000000000000000e+00
4.393155916895337754e+01,-3.071993876392579370e+00,0.000000000000000000e+00
4.333693792236449838e+01,-2.271192677438159890e+00,0.000000000000000000e+00
4.271161466349114022e+01,-1.491522450284119783e+00,0.000000000000000000e+00
4.205492469082268059e+01,-7.340714410296500514e-01,0.000000000000000000e+00
4.136743477593409324e+01,-1.013209931745691836e-14,0.000000000000000000e+00
