1.798918099351295297e+01,0.000000000000000000e+00,0.000000000000000000e+00
1.789762247722991972e+01,3.124041624007746765e-01,0.000000000000000000e+00
1.780678926307184895e+01,6.218267832438604259e-01,0.000000000000000000e+00
1.771673589710722752e+01,9.284947845115285592e-01,0.000000000000000000e+00
1.762747047224046426e+01,1.232632812752141538e+00,0.000000000000000000e+00
1.753891465882500711e+01,1.534456203195837087e+00,0.000000000000000000e+00
1.745097382826719823e+01,1.834171258861358123e+00,0.000000000000000000e+00
1.736357936226643162e+01,2.131979467698619679e+00,0.000000000000000000e+00
1.727668313855762250e+01,2.428079469181620098e+00,0.000000000000000000e+00
1.719023142239248614e+01,2.722665182884891344e+00,0.000000000000000000e+00
1.710417215071229435e+01,3.015927032852910195e+00,0.000000000000000000e+00
1.701844906261889534e+01,3.308051389836375478e+00,0.000000000000000000e+00
1.693300372825356703e+01,3.599221051223243428e+00,0.000000000000000000e+00
1.684778525208604805e+01,3.889617705621045474e+00,0.000000000000000000e+00
1.676273801155207366e+01,4.179419990603748580e+00,0.000000000000000000e+00
1.667781047087954249e+01,4.468805847191495317e+00,0.000000000000000000e+00
1.659296029109828652e+01,4.757954799551560754e+00,0.000000000000000000e+00
1.650813838499902886e+01,5.047044398059623127e+00,0.000000000000000000e+00
1.642328233880034105e+01,5.336247908670261886e+00,0.000000000000000000e+00
1.633831769460261185e+01,5.625733936950822134e+00,0.000000000000000000e+00
1.625317455905014796e+01,5.915671751826962144e+00,0.000000000000000000e+00
1.616786350350017543e+01,6.206261322355412169e+00,0.000000000000000000e+00
1.608242464722802012e+01,6.497721332497839342e+00,0.000000000000000000e+00
1.599681020385617103e+01,6.790243071221777171e+00,0.000000000000000000e+00
1.591068637161003529e+01,7.083893975588377856e+00,0.000000000000000000e+00
1.582365079651333950e+01,7.378689546384612719e+00,0.000000000000000000e+00
1.573480629204283865e+01,7.674377803400457942e+00,0.000000000000000000e+00
1.564242608352037500e+01,7.970214181389097874e+00,0.000000000000000000e+00
1.554487635578148108e+01,8.265357372380529810e+00,0.000000000000000000e+00
1.544184485426622366e+01,8.559554373849131537e+00,0.000000000000000000e+00
1.533377134408626574e+01,8.852957013200372316e+00,0.000000000000000000e+00
1.522083323861774495e+01,9.145599281871124475e+00,0.000000000000000000e+00
1.510287214541862966e+01,9.437321929477173299e+00,0.000000000000000000e+00
1.497978349680675692e+01,9.727985147281064116e+00,0.000000000000000000e+00
1.485157923921014067e+01,1.001751668540740781e+01,0.000000000000000000e+00
1.471838813375855537e+01,1.030592632155408239e+01,0.000000000000000000e+00
1.458041878013443515e+01,1.059329431989571368e+01,0.000000000000000000e+00
1.443730184815066764e+01,1.087928728023049096e+01,0.000000000000000000e+00
1.428858303899261983e+01,1.116346455151260209e+01,0.000000000000000000e+00
1.413501553222433671e+01,1.144630988695869256e+01,0.000000000000000000e+00
1.397673215797794022e+01,1.172787079882291650e+01,0.000000000000000000e+00
1.381294443454402909e+01,1.200740940714158178e+01,0.000000000000000000e+00
1.364391162479683217e+01,1.228503320700938062e+01,0.000000000000000000e+00
1.346803362447164432e+01,1.255914453542909648e+01,0.000000000000000000e+00
1.328259010996213796e+01,1.282684816955389451e+01,0.000000000000000000e+00
1.308785852114347925e+01,1.308785852114347747e+01,0.000000000000000000e+00
1.288452362860587641e+01,1.334231479617224458e+01,0.000000000000000000e+00
1.267283123139964651e+01,1.358994767997654840e+01,0.000000000000000000e+00
1.245289058864346821e+01,1.383033613354610480e+01,0.000000000000000000e+00
1.222492520040090191e+01,1.406316773118116359e+01,0.000000000000000000e+00
1.198917595382287793e+01,1.428814351521252668e+01,0.000000000000000000e+00
1.174592224555859232e+01,1.450500598192210688e+01,0.000000000000000000e+00
1.149547075265151008e+01,1.471353159797657106e+01,0.000000000000000000e+00
1.123814692014433625e+01,1.491352467498689904e+01,0.000000000000000000e+00
1.097430838944833731e+01,1.510483965691180863e+01,0.000000000000000000e+00
1.070427587880830878e+01,1.528729025993778023e+01,0.000000000000000000e+00
1.042849250126178617e+01,1.546087594279852162e+01,0.000000000000000000e+00
1.014622050681375853e+01,1.562380947357954142e+01,0.000000000000000000e+00
9.858721282617571191e+00,1.577725208076477159e+01,0.000000000000000000e+00
9.566479823117866488e+00,1.592129608793527140e+01,0.000000000000000000e+00
9.269973751993928701e+00,1.605606552328337244e+01,0.000000000000000000e+00
8.968604446754527615e+00,1.617979072008480657e+01,0.000000000000000000e+00
8.663034871189982056e+00,1.629279895246514798e+01,0.000000000000000000e+00
8.354347467806585215e+00,1.639633010695755644e+01,0.000000000000000000e+00
8.042437632605455633e+00,1.648944077379286810e+01,0.000000000000000000e+00
7.726891435141955533e+00,1.657037215668795938e+01,0.000000000000000000e+00
7.409437151073964500e+00,1.664186831524421351e+01,0.000000000000000000e+00
7.089742965988776291e+00,1.670238773950696043e+01,0.000000000000000000e+00
6.767699887342419451e+00,1.675064501902817327e+01,0.000000000000000000e+00
6.444906333401752896e+00,1.678955501212072221e+01,0.000000000000000000e+00
6.120562960350135917e+00,1.681610852791232702e+01,0.000000000000000000e+00
5.795502423656428093e+00,1.683136118037958440e+01,0.000000000000000000e+00
5.470737234929083925e+00,1.683719792415290684e+01,0.000000000000000000e+00
5.145151474962375460e+00,1.682903217437822008e+01,0.000000000000000000e+00
4.820553838805057723e+00,1.681126908476149850e+01,0.000000000000000000e+00
4.496830700954012272e+00,1.678240064899594230e+01,0.000000000000000000e+00
4.173909155037613949e+00,1.674063525733555835e+01,0.000000000000000000e+00
3.853070731174388808e+00,1.668948291399228268e+01,0.000000000000000000e+00
3.533964050362096376e+00,1.662599367714793885e+01,0.000000000000000000e+00
3.217147685052896389e+00,1.655079004310845647e+01,0.000000000000000000e+00
2.903411508138918684e+00,1.646606490097708075e+01,0.000000000000000000e+00
2.592586375616663830e+00,1.636894615597558555e+01,0.000000000000000000e+00
2.285244930619899861e+00,1.626036258756480635e+01,0.000000000000000000e+00
1.981989920017706019e+00,1.614201252537785791e+01,0.000000000000000000e+00
1.683058179141761590e+00,1.601322891401497017e+01,0.000000000000000000e+00
1.388578599374433065e+00,1.587152601734486623e+01,0.000000000000000000e+00
1.099259148858130475e+00,1.572013821745730766e+01,0.000000000000000000e+00
8.154012469864061474e-01,1.555878264909160791e+01,0.000000000000000000e+00
5.373459627624974644e-01,1.538757509021896830e+01,0.000000000000000000e+00
2.654151625320196328e-01,1.520562447768130276e+01,0.000000000000000000e+00
9.192536167772882742e-16,1.501255084188042410e+01,0.000000000000000000e+00
-2.585087930039585147e-01,1.480995883241074829e+01,0.000000000000000000e+00
-5.097673553972064120e-01,1.459782710451655774e+01,0.000000000000000000e+00
-7.534309650849313478e-01,1.437631922955261565e+01,0.000000000000000000e+00
-9.891553924325166003e-01,1.414558114320432480e+01,0.000000000000000000e+00
-1.216606417860479405e+00,1.390587498802038979e+01,0.000000000000000000e+00
-1.435451130320821278e+00,1.365740521009807296e+01,0.000000000000000000e+00
-1.645415695239206277e+00,1.340083544005477556e+01,0.000000000000000000e+00
-1.846175715581838572e+00,1.313622278885202377e+01,0.000000000000000000e+00
-2.037036071664271475e+00,1.286133958291797974e+01,0.000000000000000000e+00
-2.218418559212797625e+00,1.258127684316605510e+01,0.000000000000000000e+00
-2.391236968630933379e+00,1.230184775010694054e+01,0.000000000000000000e+00
-2.555905571605395998e+00,1.202459030915849958e+01,0.000000000000000000e+00
-2.712184744609090981e+00,1.174776278787581951e+01,0.000000000000000000e+00
-2.860626955436677221e+00,1.147334805082411435e+01,0.000000000000000000e+00
-3.001528492322115493e+00,1.120185683371174079e+01,0.000000000000000000e+00
-3.134678370001122261e+00,1.093192262433759510e+01,0.000000000000000000e+00
-3.260938032906567585e+00,1.066604770364697430e+01,0.000000000000000000e+00
-3.381850695261806816e+00,1.040826620999195207e+01,0.000000000000000000e+00
-3.498417785974949901e+00,1.016014298868302568e+01,0.000000000000000000e+00
-3.610859364078291556e+00,9.920754567631384191e+00,0.000000000000000000e+00
-3.719464003672428909e+00,9.689535002489270354e+00,0.000000000000000000e+00
-3.824488036943841873e+00,9.465940061287598795e+00,0.000000000000000000e+00
-3.926166243372388287e+00,9.249468033066202466e+00,0.000000000000000000e+00
-4.024715147562997863e+00,9.039658225915829348e+00,0.000000000000000000e+00
-4.120334406300925068e+00,8.836085649125980268e+00,0.000000000000000000e+00
-4.213208490341954437e+00,8.638357553122613552e+00,0.000000000000000000e+00
-4.303508171953891015e+00,8.446110348803975043e+00,0.000000000000000000e+00
-4.391391829802749669e+00,8.259006834015693244e+00,0.000000000000000000e+00
-4.477006611602172725e+00,8.076733727996224133e+00,0.000000000000000000e+00
-4.560489467760333149e+00,7.898999465543648846e+00,0.000000000000000000e+00
-4.641968075228996682e+00,7.725532225329744485e+00,0.000000000000000000e+00
-4.721561665508245298e+00,7.556078164309419698e+00,0.000000000000000000e+00
-4.799381768836489037e+00,7.390399833801769347e+00,0.000000000000000000e+00
-4.875532884468750439e+00,7.228274755213706548e+00,0.000000000000000000e+00
-4.950113085327760842e+00,7.069494135958905190e+00,0.000000000000000000e+00
-5.023214564013126271e+00,6.913861708555156582e+00,0.000000000000000000e+00
-5.094924126160131017e+00,6.761192678169693160e+00,0.000000000000000000e+00
-5.165323636393745588e+00,6.611312765971300465e+00,0.000000000000000000e+00
-5.234490421574427010e+00,6.464057337512226553e+00,0.000000000000000000e+00
-5.302497635626585826e+00,6.319270606980287752e+00,0.000000000000000000e+00
-5.369414604308903272e+00,6.176804926068058421e+00,0.000000000000000000e+00
-5.435307173294805061e+00,6.036520168602094394e+00,0.000000000000000000e+00
-5.500237961355955996e+00,5.898283087448078277e+00,0.000000000000000000e+00
-5.564266600218868319e+00,5.761966738539033628e+00,0.000000000000000000e+00
-5.627449960648592153e+00,5.627449960648593041e+00,0.000000000000000000e+00
-5.689842400910952058e+00,5.494616936981034705e+00,0.000000000000000000e+00
-5.751496044901581506e+00,5.363356829731818820e+00,0.000000000000000000e+00
-5.812460880642419170e+00,5.233563284253420100e+00,0.000000000000000000e+00
-5.872784901052339634e+00,5.105134028532178903e+00,0.000000000000000000e+00
-5.932514309352020732e+00,4.977970568931217699e+00,0.000000000000000000e+00
-5.991693784978624038e+00,4.851977958869451157e+00,0.000000000000000000e+00
-6.050366485789878901e+00,4.727064370445591912e+00,0.000000000000000000e+00
-6.108574141105274968e+00,4.603140784383076500e+00,0.000000000000000000e+00
-6.166357317424007611e+00,4.480120833985595574e+00,0.000000000000000000e+00
-6.223755545238104148e+00,4.357920548750205292e+00,0.000000000000000000e+00
-6.280807267689102247e+00,4.236457994702110597e+00,0.000000000000000000e+00
-6.337550015627890332e+00,4.115653102417751619e+00,0.000000000000000000e+00
-6.394020677619645987e+00,3.995427556919026735e+00,0.000000000000000000e+00
-6.450255384075203047e+00,3.875704442961283025e+00,0.000000000000000000e+00
-6.506289591431503538e+00,3.756408047038638287e+00,0.000000000000000000e+00
-6.562158405881242551e+00,3.637463801446847445e+00,0.000000000000000000e+00
-6.617896494086972226e+00,3.518797983665479912e+00,0.000000000000000000e+00
-6.673538083598785420e+00,3.400337491763861131e+00,0.000000000000000000e+00
-6.729117292106248982e+00,3.282009795642279570e+00,0.000000000000000000e+00
-6.784668098641616574e+00,3.163742692436499748e+00,0.000000000000000000e+00
-6.840224277478974102e+00,3.045464062277497774e+00,0.000000000000000000e+00
-6.895819712719186256e+00,2.927101805171049786e+00,0.000000000000000000e+00
-6.951488440207845620e+00,2.808583638433899132e+00,0.000000000000000000e+00
-7.007264533334811141e+00,2.689836838326459922e+00,0.000000000000000000e+00
-7.063182384947998216e+00,2.570788147314438277e+00,0.000000000000000000e+00
-7.119276835721333185e+00,2.451363601192329433e+00,0.000000000000000000e+00
-7.175583027512467460e+00,2.331488257593349989e+00,0.000000000000000000e+00
-7.232136626357755560e+00,2.211086059178495766e+00,0.000000000000000000e+00
-7.288974059622893797e+00,2.090079678512514860e+00,0.000000000000000000e+00
-7.346132360763830249e+00,1.968390233558807267e+00,0.000000000000000000e+00
-7.403649305402497660e+00,1.845937095067306633e+00,0.000000000000000000e+00
-7.461563747283131320e+00,1.722637725303332923e+00,0.000000000000000000e+00
-7.519915521347193987e+00,1.598407387266590929e+00,0.000000000000000000e+00
-7.578745494095177726e+00,1.473158892018312738e+00,0.000000000000000000e+00
-7.638095871602097020e+00,1.346802383401388248e+00,0.000000000000000000e+00
-7.698010325176646518e+00,1.219245056965605700e+00,0.000000000000000000e+00
-7.758533963565596991e+00,1.090390839306365045e+00,0.000000000000000000e+00
-7.819713508706773730e+00,9.601400895530730617e-01,0.000000000000000000e+00
-7.881597622341807607e+00,8.283892907680115991e-01,0.000000000000000000e+00
-7.944236975816050261e+00,6.950306757473782016e-01,0.000000000000000000e+00
-8.007684352955282137e+00,5.599518378520966788e-01,0.000000000000000000e+00
-8.071994864992774410e+00,4.230353252583831103e-01,0.000000000000000000e+00
-8.137226256165556393e+00,2.841582023937525570e-01,0.000000000000000000e+00
-8.203439121285654778e+00,1.431915624967206868e-01,0.000000000000000000e+00
-8.270697072134131744e+00,1.012868269610645024e-15,0.000000000000000000e+00
-8.339067015532949156e+00,-1.455589561968826107e-01,0.000000000000000000e+00
-8.408619458282277748e+00,-2.936354618464994681e-01,0.000000000000000000e+00
-8.479428842137590294e+00,-4.443880352049981441e-01,0.000000000000000000e+00
-8.551573916448889534e+00,-5.979843010765460987e-01,0.000000000000000000e+00
-8.625138087486048377e+00,-7.546018040006966521e-01,0.000000000000000000e+00
-8.700209830617467333e+00,-9.144289008979658018e-01,0.000000000000000000e+00
-8.776883157492621379e+00,-1.077665744588832464e+00,0.000000000000000000e+00
-8.855258128926646322e+00,-1.244525368944488619e+00,0.000000000000000000e+00
-8.935441419883785485e+00,-1.415234888340972441e+00,0.000000000000000000e+00
-9.017546944028099531e+00,-1.590036826037321438e+00,0.000000000000000000e+00
-9.101696546352400219e+00,-1.769190588357683724e+00,0.000000000000000000e+00
-9.188020773360181082e+00,-1.952974104138174960e+00,0.000000000000000000e+00
-9.276659731096213335e+00,-2.141685651805535162e+00,0.000000000000000000e+00
-9.367764041932902686e+00,-2.335645899681290327e+00,0.000000000000000000e+00
-9.461495911357360455e+00,-2.535200188638569330e+00,0.000000000000000000e+00
-9.558030317862549197e+00,-2.740721090589876230e+00,0.000000000000000000e+00
-9.657556402786386940e+00,-2.952611300249327275e+00,0.000000000000000000e+00
-9.760279035621410415e+00,-3.171306899402515977e+00,0.000000000000000000e+00
-9.866420464100714938e+00,-3.397281010116112832e+00,0.000000000000000000e+00
-9.976222186500235622e+00,-3.631047926312175544e+00,0.000000000000000000e+00
-1.008994739097236248e+01,-3.873167918793719355e+00,0.000000000000000000e+00
-1.020788341056577231e+01,-4.124252608136196763e+00,0.000000000000000000e+00
-1.033034440262156473e+01,-4.384971041684704751e+00,0.000000000000000000e+00
-1.045767510646905762e+01,-4.656056939037018338e+00,0.000000000000000000e+00
-1.059025415946239868e+01,-4.938316616365142409e+00,0.000000000000000000e+00
-1.072849887643774736e+01,-5.232638528430912928e+00,0.000000000000000000e+00
-1.087287004568625015e+01,-5.540003997322789253e+00,0.000000000000000000e+00
-1.102387847587567116e+01,-5.861500159113063546e+00,0.000000000000000000e+00
-1.118210192985137752e+01,-6.198340313984092909e+00,0.000000000000000000e+00
-1.134787330110914283e+01,-6.551697705125132387e+00,0.000000000000000000e+00
-1.150592901551557645e+01,-6.913459630749857254e+00,0.000000000000000000e+00
-1.165097060739986468e+01,-7.280334452560574654e+00,0.000000000000000000e+00
-1.178352802873895122e+01,-7.652312576518768061e+00,0.000000000000000000e+00
-1.190306012173040173e+01,-8.028715428594605186e+00,0.000000000000000000e+00
-1.200982739609690952e+01,-8.409371675344539554e+00,0.000000000000000000e+00
-1.210359338602772894e+01,-8.793775336633551376e+00,0.000000000000000000e+00
-1.218457602403179330e+01,-9.181736611694551797e+00,0.000000000000000000e+00
-1.225201903405819692e+01,-9.572326366996374958e+00,0.000000000000000000e+00
-1.230665264090460909e+01,-9.965730810681723284e+00,0.000000000000000000e+00
-1.234793245203434253e+01,-1.036114556630398376e+01,0.000000000000000000e+00
-1.237630620991369668e+01,-1.075855885143059076e+01,0.000000000000000000e+00
-1.239046618078480044e+01,-1.115642585991424518e+01,0.000000000000000000e+00
-1.239440599981562130e+01,-1.155797057854321075e+01,0.000000000000000000e+00
-1.238342154009547080e+01,-1.195853117497432549e+01,0.000000000000000000e+00
-1.235896881744404574e+01,-1.235896881744404041e+01,0.000000000000000000e+00
-1.232168122394106469e+01,-1.275947442425504796e+01,0.000000000000000000e+00
-1.227153714790123473e+01,-1.315961246131480600e+01,0.000000000000000000e+00
-1.220852932830529625e+01,-1.355894545967509224e+01,0.000000000000000000e+00
-1.213266495339262008e+01,-1.395703445778041818e+01,0.000000000000000000e+00
-1.204396578796258588e+01,-1.435343949688615872e+01,0.000000000000000000e+00
-1.194250074849665211e+01,-1.474776021623624978e+01,0.000000000000000000e+00
-1.182843974595470016e+01,-1.513971247473475401e+01,0.000000000000000000e+00
-1.170197147813533256e+01,-1.552904065280922730e+01,0.000000000000000000e+00
-1.156325930383306222e+01,-1.591546104751590995e+01,0.000000000000000000e+00
-1.141240995472841746e+01,-1.629861052896924534e+01,0.000000000000000000e+00
-1.124948769402119630e+01,-1.667805137092020118e+01,0.000000000000000000e+00
-1.107434933783740938e+01,-1.705300254237905477e+01,0.000000000000000000e+00
-1.088698357301892017e+01,-1.742281572900487774e+01,0.000000000000000000e+00
-1.068807034087642727e+01,-1.778793617423973217e+01,0.000000000000000000e+00
-1.047803617256240649e+01,-1.814849101442260348e+01,0.000000000000000000e+00
-1.025667616935075444e+01,-1.850353361986314482e+01,0.000000000000000000e+00
-1.002438133245744112e+01,-1.885311927067643722e+01,0.000000000000000000e+00
-9.781311026340384629e+00,-1.919690377790900015e+01,0.000000000000000000e+00
-9.526934698196969364e+00,-1.953311081018832240e+01,0.000000000000000000e+00
-9.262188577360758401e+00,-1.986282750321470303e+01,0.000000000000000000e+00
-8.987485697518417638e+00,-2.018622338156455598e+01,0.000000000000000000e+00
-8.702793141745955197e+00,-2.050249581225693518e+01,0.000000000000000000e+00
-8.408320366506032428e+00,-2.081132319845155720e+01,0.000000000000000000e+00
-8.104253646912752629e+00,-2.111230255307724235e+01,0.000000000000000000e+00
-7.790805383272056517e+00,-2.140506186990544890e+01,0.000000000000000000e+00
-7.468176044601666064e+00,-2.168915810513016140e+01,0.000000000000000000e+00
-7.136809025984550026e+00,-2.196483964723639204e+01,0.000000000000000000e+00
-6.796863192511013452e+00,-2.223153777070309900e+01,0.000000000000000000e+00
-6.448604223678825242e+00,-2.248895551227105472e+01,0.000000000000000000e+00
-6.092374174526725028e+00,-2.273704995805425000e+01,0.000000000000000000e+00
-5.728480901705926165e+00,-2.297568197868634599e+01,0.000000000000000000e+00
-5.357236148885992755e+00,-2.320473913174260971e+01,0.000000000000000000e+00
-4.978955589461353526e+00,-2.342414437993587484e+01,0.000000000000000000e+00
-4.593938998140639107e+00,-2.363376732200696750e+01,0.000000000000000000e+00
-4.202523638607989831e+00,-2.383369590815116013e+01,0.000000000000000000e+00
-3.804693903185260240e+00,-2.402189189411080505e+01,0.000000000000000000e+00
-3.400976733673593433e+00,-2.419920687731431741e+01,0.000000000000000000e+00
-2.991822177564179785e+00,-2.436643626498006299e+01,0.000000000000000000e+00
-2.577544513637114676e+00,-2.452369789972543401e+01,0.000000000000000000e+00
-2.158235872025580093e+00,-2.466874889894809186e+01,0.000000000000000000e+00
-1.734334784649785854e+00,-2.480214293268284109e+01,0.000000000000000000e+00
-1.306286197820027972e+00,-2.492542549389650119e+01,0.000000000000000000e+00
-8.743322654357698065e-01,-2.503760020644362072e+01,0.000000000000000000e+00
-4.387573977042438789e-01,-2.513639447968800766e+01,0.000000000000000000e+00
-4.633782043210277104e-15,-2.522513455273524130e+01,0.000000000000000000e+00
4.416578192563098693e-01,-2.530255951911943058e+01,0.000000000000000000e+00
8.858128389808546110e-01,-2.536636081831406742e+01,0.000000000000000000e+00
1.332216411754834073e+00,-2.542020345032874218e+01,0.000000000000000000e+00
1.780450490932232954e+00,-2.546162825742079860e+01,0.000000000000000000e+00
2.230106333722822853e+00,-2.549023203517128877e+01,0.000000000000000000e+00
2.681095147159567205e+00,-2.550891636652377414e+01,0.000000000000000000e+00
3.132678857752853041e+00,-2.551362186513093633e+01,0.000000000000000000e+00
3.584787025847058661e+00,-2.550708506490790484e+01,0.000000000000000000e+00
4.037196251951133519e+00,-2.548985395079690619e+01,0.000000000000000000e+00
4.488969750865160258e+00,-2.545821253689548058e+01,0.000000000000000000e+00
4.940489806302225340e+00,-2.541661667387257850e+01,0.000000000000000000e+00
5.390976631190003587e+00,-2.536255097859130814e+01,0.000000000000000000e+00
5.839982219622896764e+00,-2.529574209054502276e+01,0.000000000000000000e+00
6.287798377121240456e+00,-2.521898184487553252e+01,0.000000000000000000e+00
6.733199035909865238e+00,-2.512864089948935131e+01,0.000000000000000000e+00
7.176368803421044440e+00,-2.502697221937983230e+01,0.000000000000000000e+00
7.617348881113033876e+00,-2.491522553369580351e+01,0.000000000000000000e+00
8.054652283983152472e+00,-2.478967073208601590e+01,0.000000000000000000e+00
8.488881936258691141e+00,-2.465350325858831937e+01,0.000000000000000000e+00
8.919896807193365973e+00,-2.450721506162919638e+01,0.000000000000000000e+00
9.346305696379841876e+00,-2.434795876492457012e+01,0.000000000000000000e+00
9.768484105367903680e+00,-2.417784658700215417e+01,0.000000000000000000e+00
1.018638158230509028e+01,-2.399761114985697219e+01,0.000000000000000000e+00
1.059945235811626674e+01,-2.380675977957486822e+01,0.000000000000000000e+00
1.100652297847659078e+01,-2.360356469809051205e+01,0.000000000000000000e+00
1.140834728285276789e+01,-2.339057826010375152e+01,0.000000000000000000e+00
1.180449801069709892e+01,-2.316763180800878885e+01,0.000000000000000000e+00
1.219470530084482540e+01,-2.293490499639808888e+01,0.000000000000000000e+00
1.257811857457528504e+01,-2.269152658000038159e+01,0.000000000000000000e+00
1.295441410739379506e+01,-2.243770341629307552e+01,0.000000000000000000e+00
1.332381301222243586e+01,-2.217454862291665663e+01,0.000000000000000000e+00
1.368596064418555969e+01,-2.190211538198706620e+01,0.000000000000000000e+00
1.404056176488394847e+01,-2.162056913401946190e+01,0.000000000000000000e+00
1.438731061640552511e+01,-2.133006516175183620e+01,0.000000000000000000e+00
1.472591926462364498e+01,-2.103079224521756529e+01,0.000000000000000000e+00
1.505611341832430305e+01,-2.072296230154502439e+01,0.000000000000000000e+00
1.537763835106120069e+01,-2.040681534252720652e+01,0.000000000000000000e+00
1.569025945082859508e+01,-2.008261629102642232e+01,0.000000000000000000e+00
1.599377528401018189e+01,-1.975066762048475510e+01,0.000000000000000000e+00
1.628798637102324065e+01,-1.941126627379248148e+01,0.000000000000000000e+00
1.657281122934077899e+01,-1.906483845707122526e+01,0.000000000000000000e+00
1.684799416839355501e+01,-1.871159317318716120e+01,0.000000000000000000e+00
1.711279024890705358e+01,-1.835122080414345547e+01,0.000000000000000000e+00
1.736691706950725944e+01,-1.798396908256168558e+01,0.000000000000000000e+00
1.761115484177289403e+01,-1.761115484177290469e+01,0.000000000000000000e+00
1.784511503693477152e+01,-1.723282727630884636e+01,0.000000000000000000e+00
1.806782370713293773e+01,-1.684851818057714823e+01,0.000000000000000000e+00
1.828000974435445514e+01,-1.645939470362067070e+01,0.000000000000000000e+00
1.848124580313763587e+01,-1.606550187498934790e+01,0.000000000000000000e+00
1.867067249237661031e+01,-1.566655440218501028e+01,0.000000000000000000e+00
1.884865411029053917e+01,-1.526333914572873951e+01,0.000000000000000000e+00
1.901549438936329750e+01,-1.485653244732869283e+01,0.000000000000000000e+00
1.917105003589740519e+01,-1.444642239927380700e+01,0.000000000000000000e+00
1.931507944999408011e+01,-1.403322665222309951e+01,0.000000000000000000e+00
1.944724829298359836e+01,-1.361710985218303804e+01,0.000000000000000000e+00
1.956727805817178023e+01,-1.319829570166082178e+01,0.000000000000000000e+00
1.967512649710099026e+01,-1.277717654433891781e+01,0.000000000000000000e+00
1.977081645140133048e+01,-1.235417726270544669e+01,0.000000000000000000e+00
1.985436679287131412e+01,-1.192970712156490620e+01,0.000000000000000000e+00
1.992573647497552614e+01,-1.150412931762867785e+01,0.000000000000000000e+00
1.998487651580323998e+01,-1.107779794487560565e+01,0.000000000000000000e+00
2.003174758505240760e+01,-1.065106912363441616e+01,0.000000000000000000e+00
2.006632007178762933e+01,-1.022430075427667617e+01,0.000000000000000000e+00
2.008857414624252158e+01,-9.797852268944094334e+00,0.000000000000000000e+00
2.009849981561449539e+01,-9.372084381447880475e+00,0.000000000000000000e+00
2.009604771895999420e+01,-8.947336905810164609e+00,0.000000000000000000e+00
2.008104892988713175e+01,-8.523899553809943797e+00,0.000000000000000000e+00
2.005357358349587571e+01,-8.102169649447445110e+00,0.000000000000000000e+00
2.001377528450157683e+01,-7.682568537000864062e+00,0.000000000000000000e+00
1.996182131366157719e+01,-7.265508779913471216e+00,0.000000000000000000e+00
1.989789226010993417e+01,-6.851393751418576983e+00,0.000000000000000000e+00
1.982217541426113527e+01,-6.440615214277117140e+00,0.000000000000000000e+00
1.973471335495125700e+01,-6.033507362400562180e+00,0.000000000000000000e+00
1.963539182835423702e+01,-5.630358004346794232e+00,0.000000000000000000e+00
1.952502453828408946e+01,-5.231714557231074814e+00,0.000000000000000000e+00
1.940959156858561840e+01,-4.839354701797294211e+00,0.000000000000000000e+00
1.929611670297827786e+01,-4.454859558964366251e+00,0.000000000000000000e+00
1.918584399576505817e+01,-4.078077032477270158e+00,0.000000000000000000e+00
1.907756085574892779e+01,-3.708302176734111111e+00,0.000000000000000000e+00
1.897091266483422700e+01,-3.345083751474216438e+00,0.000000000000000000e+00
1.886606405341274240e+01,-2.988090996226634655e+00,0.000000000000000000e+00
1.876302617990043231e+01,-2.636971360866038339e+00,0.000000000000000000e+00
1.866164074818333063e+01,-2.291361364993454330e+00,0.000000000000000000e+00
1.856175302011000028e+01,-1.950918856369021182e+00,0.000000000000000000e+00
1.846325561122685599e+01,-1.615325557763757303e+00,0.000000000000000000e+00
1.836605127000568771e+01,-1.284279413302548356e+00,0.000000000000000000e+00
1.827013813353876159e+01,-9.574973667731836446e-01,0.000000000000000000e+00
1.817554985426303915e+01,-6.347041868464856629e-01,0.000000000000000000e+00
1.808230881198123896e+01,-3.156278743652304319e-01,0.000000000000000000e+00
1.799042611911013978e+01,-4.406383552413034569e-15,0.000000000000000000e+00
