1.835253216684743904e+01,0.000000000000000000e+00,0.000000000000000000e+00
1.825861462585402606e+01,3.187053037935852484e-01,0.000000000000000000e+00
1.816541916219020436e+01,6.343504152838211896e-01,0.000000000000000000e+00
1.807295730198286066e+01,9.471635572741455844e-01,0.000000000000000000e+00
1.798123107029270429e+01,1.257370163565164400e+00,0.000000000000000000e+00
1.789022543432502133e+01,1.565191913426589032e+00,0.000000000000000000e+00
1.779987959356281380e+01,1.870842732502539407e+00,0.000000000000000000e+00
1.771011425842363352e+01,2.174528602760815499e+00,0.000000000000000000e+00
1.762086373031487341e+01,2.476450896835547422e+00,0.000000000000000000e+00
1.753207526920853354e+01,2.776807929241237538e+00,0.000000000000000000e+00
1.744369205412550272e+01,3.075793552312191537e+00,0.000000000000000000e+00
1.735566020682732358e+01,3.373598596292294083e+00,0.000000000000000000e+00
1.726792105721494863e+01,3.670409927110982018e+00,0.000000000000000000e+00
1.718042027309507702e+01,3.966412551226413452e+00,0.000000000000000000e+00
1.709310631558662408e+01,4.261790060051371398e+00,0.000000000000000000e+00
1.700592322174134807e+01,4.556723393811269673e+00,0.000000000000000000e+00
1.691881772812252294e+01,4.851392916033450575e+00,0.000000000000000000e+00
1.683173200045822071e+01,5.145976894629633591e+00,0.000000000000000000e+00
1.674461773007320531e+01,5.440656106391523750e+00,0.000000000000000000e+00
1.665743515929048968e+01,5.735614891925847836e+00,0.000000000000000000e+00
1.657013088067431994e+01,6.031034418460665236e+00,0.000000000000000000e+00
1.648261850361505054e+01,6.327084446747080371e+00,0.000000000000000000e+00
1.639480208723917087e+01,6.623930010621592146e+00,0.000000000000000000e+00
1.630668560328377126e+01,6.921777374441686170e+00,0.000000000000000000e+00
1.621837592509492509e+01,7.220886190969626917e+00,0.000000000000000000e+00
1.612985050217200467e+01,7.521472814058055789e+00,0.000000000000000000e+00
1.604056916127747101e+01,7.823508319099590658e+00,0.000000000000000000e+00
1.594983927050647132e+01,8.126849023668702543e+00,0.000000000000000000e+00
1.585642272109604534e+01,8.431009513218135965e+00,0.000000000000000000e+00
1.575858801382660346e+01,8.735127974179199839e+00,0.000000000000000000e+00
1.565518757198251798e+01,9.038526758898189684e+00,0.000000000000000000e+00
1.554637784911002640e+01,9.341206218052603205e+00,0.000000000000000000e+00
1.543239026130832769e+01,9.643227700995552709e+00,0.000000000000000000e+00
1.531315711067679075e+01,9.944480503499960378e+00,0.000000000000000000e+00
1.518865829011572011e+01,1.024487937609238308e+01,0.000000000000000000e+00
1.505908372441742848e+01,1.054448394236823461e+01,0.000000000000000000e+00
1.492437246121971839e+01,1.084319129686816474e+01,0.000000000000000000e+00
1.478422207805040323e+01,1.114071042453402960e+01,0.000000000000000000e+00
1.463879961560075138e+01,1.143708372898092485e+01,0.000000000000000000e+00
1.448817818722513984e+01,1.173229536609909829e+01,0.000000000000000000e+00
1.433201434462646517e+01,1.202598795060355030e+01,0.000000000000000000e+00
1.417082876383838297e+01,1.231851350826941704e+01,0.000000000000000000e+00
1.400441818364693525e+01,1.260963477059391202e+01,0.000000000000000000e+00
1.383079997389126525e+01,1.289742962900598044e+01,0.000000000000000000e+00
1.364712771238135147e+01,1.317887804020521436e+01,0.000000000000000000e+00
1.345322834222100106e+01,1.345322834222099750e+01,0.000000000000000000e+00
1.324945864930701589e+01,1.372021607267206456e+01,0.000000000000000000e+00
1.303592501219389810e+01,1.397931808930486319e+01,0.000000000000000000e+00
1.281292143851986154e+01,1.423019090114341800e+01,0.000000000000000000e+00
1.258076356596827949e+01,1.447251294500703445e+01,0.000000000000000000e+00
1.233983803556768777e+01,1.470604631091847025e+01,0.000000000000000000e+00
1.209052028848980598e+01,1.493054912528540434e+01,0.000000000000000000e+00
1.183333725774629031e+01,1.514598100397095770e+01,0.000000000000000000e+00
1.156759777818390766e+01,1.535072073012671012e+01,0.000000000000000000e+00
1.129420234048553340e+01,1.554513590758749864e+01,0.000000000000000000e+00
1.101415641675053081e+01,1.572984553252813811e+01,0.000000000000000000e+00
1.072809520099175451e+01,1.590505521147921364e+01,0.000000000000000000e+00
1.043434563472210641e+01,1.606748326324020226e+01,0.000000000000000000e+00
1.013519459429647007e+01,1.621970186780283996e+01,0.000000000000000000e+00
9.831229516158497717e+00,1.636191357002138957e+01,0.000000000000000000e+00
9.520663188136291311e+00,1.649027236360274173e+01,0.000000000000000000e+00
9.206678234382819070e+00,1.660928720224459809e+01,0.000000000000000000e+00
8.887389881422176785e+00,1.671474935784188531e+01,0.000000000000000000e+00
8.564827017447466773e+00,1.680941948227674487e+01,0.000000000000000000e+00
8.238402762263257628e+00,1.689122883194584190e+01,0.000000000000000000e+00
7.909166164814894984e+00,1.696126157590558492e+01,0.000000000000000000e+00
7.577092808694080972e+00,1.701842908761208761e+01,0.000000000000000000e+00
7.243102749228020443e+00,1.706368074767335230e+01,0.000000000000000000e+00
6.907000413363692637e+00,1.709542591965740144e+01,0.000000000000000000e+00
6.570130807395520911e+00,1.711577591995392211e+01,0.000000000000000000e+00
6.231734530837146124e+00,1.712154990751069761e+01,0.000000000000000000e+00
5.893802811838105171e+00,1.711684623701657060e+01,0.000000000000000000e+00
5.554947973282250651e+00,1.709637192723582189e+01,0.000000000000000000e+00
5.217668459077419385e+00,1.706622454175548498e+01,0.000000000000000000e+00
4.880313833027079440e+00,1.701967695177522444e+01,0.000000000000000000e+00
4.545331184791616685e+00,1.696340691886955554e+01,0.000000000000000000e+00
4.211469551557767588e+00,1.689128177955463528e+01,0.000000000000000000e+00
3.880667488641520002e+00,1.680901760316963234e+01,0.000000000000000000e+00
3.552065107367686547e+00,1.671115245494982560e+01,0.000000000000000000e+00
3.227377586143326926e+00,1.660341832184620969e+01,0.000000000000000000e+00
2.905806455594000859e+00,1.647964732293802470e+01,0.000000000000000000e+00
2.589092055526792002e+00,1.634688388721539809e+01,0.000000000000000000e+00
2.276446461083605044e+00,1.619775822382293384e+01,0.000000000000000000e+00
1.969310218927110556e+00,1.603874464709288006e+01,0.000000000000000000e+00
1.667681866766998811e+00,1.586693307411950116e+01,0.000000000000000000e+00
1.371946530041769918e+00,1.568142059496937790e+01,0.000000000000000000e+00
1.082888457136998106e+00,1.548602641876187569e+01,0.000000000000000000e+00
8.007017673617998765e-01,1.527829986913602056e+01,0.000000000000000000e+00
5.257992659333672325e-01,1.505692095523895446e+01,0.000000000000000000e+00
2.587760465854228586e-01,1.482526977983860483e+01,0.000000000000000000e+00
8.929471909212449369e-16,1.458293430469829310e+01,0.000000000000000000e+00
-2.501285698060378149e-01,1.432985616694467090e+01,0.000000000000000000e+00
-4.911943547943281585e-01,1.406596595502879055e+01,0.000000000000000000e+00
-7.227301938696439887e-01,1.379051361757504068e+01,0.000000000000000000e+00
-9.443414944060672944e-01,1.350471254386575382e+01,0.000000000000000000e+00
-1.155666886004421468e+00,1.320933295159985832e+01,0.000000000000000000e+00
-1.356239319772305940e+00,1.290375517546066497e+01,0.000000000000000000e+00
-1.545719757774923986e+00,1.258887718788396803e+01,0.000000000000000000e+00
-1.725494102476966551e+00,1.227752849291713133e+01,0.000000000000000000e+00
-1.895452908049048535e+00,1.196741866918988073e+01,0.000000000000000000e+00
-2.056492823162383132e+00,1.166295036017512210e+01,0.000000000000000000e+00
-2.210275706684937891e+00,1.137088276322761438e+01,0.000000000000000000e+00
-2.357502423808714553e+00,1.109117688621892839e+01,0.000000000000000000e+00
-2.498686915312312795e+00,1.082300209106479016e+01,0.000000000000000000e+00
-2.634266093647180451e+00,1.056546422226005788e+01,0.000000000000000000e+00
-2.764646749826006999e+00,1.031780213533081891e+01,0.000000000000000000e+00
-2.890197153427378041e+00,1.007931529841052232e+01,0.000000000000000000e+00
-3.011253231229924054e+00,9.849365516287228672e+00,0.000000000000000000e+00
-3.128122024425192382e+00,9.627369656848744128e+00,0.000000000000000000e+00
-3.241084733492835657e+00,9.412793538478943844e+00,0.000000000000000000e+00
-3.350399467794741959e+00,9.205146883918837730e+00,0.000000000000000000e+00
-3.456303614303398053e+00,9.003978749883444266e+00,0.000000000000000000e+00
-3.559015930560303520e+00,8.808873540828969340e+00,0.000000000000000000e+00
-3.658738408166824829e+00,8.619447534810049660e+00,0.000000000000000000e+00
-3.755657927955521114e+00,8.435345816393013507e+00,0.000000000000000000e+00
-3.849947698536499541e+00,8.256239483111373900e+00,0.000000000000000000e+00
-3.941768522270646891e+00,8.081823143827850942e+00,0.000000000000000000e+00
-4.031269899098946397e+00,7.911812654498280750e+00,0.000000000000000000e+00
-4.118591072423575028e+00,7.745943229846155020e+00,0.000000000000000000e+00
-4.203862153770268506e+00,7.583968081979747922e+00,0.000000000000000000e+00
-4.287204749934569570e+00,7.425656449337301623e+00,0.000000000000000000e+00
-4.368732548780807079e+00,7.270791944812781793e+00,0.000000000000000000e+00
-4.448552238723828545e+00,7.119171751872611864e+00,0.000000000000000000e+00
-4.526764279516033440e+00,6.970605713474102849e+00,0.000000000000000000e+00
-4.603462910551883169e+00,6.824914431180280516e+00,0.000000000000000000e+00
-4.678736939950921325e+00,6.681928834861612820e+00,0.000000000000000000e+00
-4.752670566942412300e+00,6.541489842295018953e+00,0.000000000000000000e+00
-4.825342959009266686e+00,6.403446386295752468e+00,0.000000000000000000e+00
-4.896829308571210682e+00,6.267655697783541591e+00,0.000000000000000000e+00
-4.967201133300133797e+00,6.133982555450023355e+00,0.000000000000000000e+00
-5.036525873037141388e+00,6.002297803385704178e+00,0.000000000000000000e+00
-5.104868365720054868e+00,5.872479290946294839e+00,0.000000000000000000e+00
-5.172289937953933325e+00,5.744409935416747714e+00,0.000000000000000000e+00
-5.238849366969939858e+00,5.617978137671181038e+00,0.000000000000000000e+00
-5.304603042354542275e+00,5.493077252983812997e+00,0.000000000000000000e+00
-5.369604570360890783e+00,5.369604570360890783e+00,0.000000000000000000e+00
-5.433906108378520727e+00,5.247462132216727859e+00,0.000000000000000000e+00
-5.497557064475362409e+00,5.126554899525953779e+00,0.000000000000000000e+00
-5.560605863706637564e+00,5.006792008427741081e+00,0.000000000000000000e+00
-5.623098567191171071e+00,4.888085009892709998e+00,0.000000000000000000e+00
-5.685080356529176093e+00,4.770348830376834215e+00,0.000000000000000000e+00
-5.746594601942040192e+00,4.653500553897285563e+00,0.000000000000000000e+00
-5.807683764191485132e+00,4.537459848259237205e+00,0.000000000000000000e+00
-5.868389038913871758e+00,4.422148327852389649e+00,0.000000000000000000e+00
-5.928750675123385605e+00,4.307489503417636811e+00,0.000000000000000000e+00
-5.988808132149299190e+00,4.193408599022554029e+00,0.000000000000000000e+00
-6.048599921159197201e+00,4.079832161794309187e+00,0.000000000000000000e+00
-6.108164160038275448e+00,3.966688186025748131e+00,0.000000000000000000e+00
-6.167538057329815970e+00,3.853905508759793985e+00,0.000000000000000000e+00
-6.226758759476839877e+00,3.741414122754539218e+00,0.000000000000000000e+00
-6.285862573907012418e+00,3.629144449134207306e+00,0.000000000000000000e+00
-6.344886031561412842e+00,3.517027757730730730e+00,0.000000000000000000e+00
-6.403864914610847947e+00,3.404995374184621060e+00,0.000000000000000000e+00
-6.462835487933638490e+00,3.292979156997934531e+00,0.000000000000000000e+00
-6.521833367344407328e+00,3.180910670450094901e+00,0.000000000000000000e+00
-6.580894901034247013e+00,3.068721689865451019e+00,0.000000000000000000e+00
-6.640055889008338319e+00,2.956343353838387866e+00,0.000000000000000000e+00
-6.699353118079262259e+00,2.843706683519940714e+00,0.000000000000000000e+00
-6.758822923506601299e+00,2.730741716872514324e+00,0.000000000000000000e+00
-6.818502897264615115e+00,2.617378035044667595e+00,0.000000000000000000e+00
-6.878430271794684359e+00,2.503543877408850538e+00,0.000000000000000000e+00
-6.938643825411505262e+00,2.389166667871018834e+00,0.000000000000000000e+00
-6.999182074687431587e+00,2.274172113586244048e+00,0.000000000000000000e+00
-7.060085378964955360e+00,2.158484714067282262e+00,0.000000000000000000e+00
-7.121393973173527847e+00,2.042026861978097241e+00,0.000000000000000000e+00
-7.183150197629402101e+00,1.924719294566259675e+00,0.000000000000000000e+00
-7.245396517265421998e+00,1.806480243456724422e+00,0.000000000000000000e+00
-7.308177651149432741e+00,1.687225754745134365e+00,0.000000000000000000e+00
-7.371538903011815691e+00,1.566868963440997797e+00,0.000000000000000000e+00
-7.435527779272462112e+00,1.445320188337075651e+00,0.000000000000000000e+00
-7.500193128166341872e+00,1.322486409019947295e+00,0.000000000000000000e+00
-7.565585709810964232e+00,1.198271058375720122e+00,0.000000000000000000e+00
-7.631758669855121191e+00,1.072573733708653831e+00,0.000000000000000000e+00
-7.698766671250788285e+00,9.452896852234450309e-01,0.000000000000000000e+00
-7.766667807191707240e+00,8.163096804374347926e-01,0.000000000000000000e+00
-7.835521732828382824e+00,6.855193244334910618e-01,0.000000000000000000e+00
-7.905391890943502808e+00,5.527988520977602516e-01,0.000000000000000000e+00
-7.976344421443204880e+00,4.180224979245123484e-01,0.000000000000000000e+00
-8.048448659088251134e+00,2.810580203901846819e-01,0.000000000000000000e+00
-8.121778402348024173e+00,1.417661693455794236e-01,0.000000000000000000e+00
-8.196410568959830556e+00,1.003770796777419181e-15,0.000000000000000000e+00
-8.272427030130298675e+00,-1.443957509248638971e-01,0.000000000000000000e+00
-8.349914566548807926e+00,-2.915854418542369042e-01,0.000000000000000000e+00
-8.428964492218041116e+00,-4.417433106927523001e-01,0.000000000000000000e+00
-8.509674396210250791e+00,-5.950544012042956465e-01,0.000000000000000000e+00
-8.592148110383499571e+00,-7.517155549942436954e-01,0.000000000000000000e+00
-8.676495767290326455e+00,-9.119364524069247802e-01,0.000000000000000000e+00
-8.762835096062664419e+00,-1.075940859534618488e+00,0.000000000000000000e+00
-8.851292274646493041e+00,-1.243968004473648081e+00,0.000000000000000000e+00
-8.942002133374158390e+00,-1.416274003275274529e+00,0.000000000000000000e+00
-9.035109135549216575e+00,-1.593133514242863535e+00,0.000000000000000000e+00
-9.130768553562676360e+00,-1.774841614106471122e+00,0.000000000000000000e+00
-9.229147685638764642e+00,-1.961715899204215630e+00,0.000000000000000000e+00
-9.330426823252079060e+00,-2.154098763113641457e+00,0.000000000000000000e+00
-9.434800634118843732e+00,-2.352359999328424323e+00,0.000000000000000000e+00
-9.542479748400262807e+00,-2.556899742374189266e+00,0.000000000000000000e+00
-9.653692521560826023e+00,-2.768151786091876509e+00,0.000000000000000000e+00
-9.768687012799158964e+00,-2.986587337379448481e+00,0.000000000000000000e+00
-9.887733224970016721e+00,-3.212719275889277082e+00,0.000000000000000000e+00
-1.001112565556814715e+01,-3.447107003324717311e+00,0.000000000000000000e+00
-1.013918621821418320e+01,-3.690361983112065314e+00,0.000000000000000000e+00
-1.027226757047707117e+01,-3.943154078566778686e+00,0.000000000000000000e+00
-1.041075698072513056e+01,-4.206218851009386306e+00,0.000000000000000000e+00
-1.055508057605289807e+01,-4.480365887597620222e+00,0.000000000000000000e+00
-1.070570814231480483e+01,-4.766488361499706450e+00,0.000000000000000000e+00
-1.086316395304452342e+01,-5.065576543097986217e+00,0.000000000000000000e+00
-1.102802280001303892e+01,-5.378726107013693358e+00,0.000000000000000000e+00
-1.120081340903122147e+01,-5.707099486939850586e+00,0.000000000000000000e+00
-1.138218216642714253e+01,-6.052013610778395503e+00,0.000000000000000000e+00
-1.156318941886241269e+01,-6.409580558538316986e+00,0.000000000000000000e+00
-1.174124430348012460e+01,-6.778810559235411759e+00,0.000000000000000000e+00
-1.190894236801314499e+01,-7.155614483207917154e+00,0.000000000000000000e+00
-1.206655843178801213e+01,-7.540022547047402490e+00,0.000000000000000000e+00
-1.220694384708642133e+01,-7.927282024033553753e+00,0.000000000000000000e+00
-1.233530250888245305e+01,-8.320266600068965346e+00,0.000000000000000000e+00
-1.245034345891137839e+01,-8.717824343229693795e+00,0.000000000000000000e+00
-1.255234780635471203e+01,-9.119814507631497591e+00,0.000000000000000000e+00
-1.264097483648310494e+01,-9.525657785279342704e+00,0.000000000000000000e+00
-1.271453710226471223e+01,-9.933685085685779015e+00,0.000000000000000000e+00
-1.277396054808409431e+01,-1.034414929250144510e+01,0.000000000000000000e+00
-1.282030895980571472e+01,-1.075751651975175172e+01,0.000000000000000000e+00
-1.285333979375617730e+01,-1.117323781935780502e+01,0.000000000000000000e+00
-1.287267960013603307e+01,-1.159061277291278635e+01,0.000000000000000000e+00
-1.287798730345416587e+01,-1.200891743956027113e+01,0.000000000000000000e+00
-1.286911147691882995e+01,-1.242755649500140258e+01,0.000000000000000000e+00
-1.284643704050609969e+01,-1.284643704050609436e+01,0.000000000000000000e+00
-1.281008777350450067e+01,-1.326523421178184314e+01,0.000000000000000000e+00
-1.276009436976567635e+01,-1.368352593909881776e+01,0.000000000000000000e+00
-1.269649972143500527e+01,-1.410089148515107027e+01,0.000000000000000000e+00
-1.261935888213056955e+01,-1.451691177738682725e+01,0.000000000000000000e+00
-1.252873902157312536e+01,-1.493116973963503114e+01,0.000000000000000000e+00
-1.242472715117041915e+01,-1.534326022970421377e+01,0.000000000000000000e+00
-1.230745020624154229e+01,-1.575281790511185243e+01,0.000000000000000000e+00
-1.217705036600955637e+01,-1.615949163082390072e+01,0.000000000000000000e+00
-1.203369778095629528e+01,-1.656296406212231886e+01,0.000000000000000000e+00
-1.187762448384214231e+01,-1.696300573143047785e+01,0.000000000000000000e+00
-1.170901874678213872e+01,-1.735933417356313768e+01,0.000000000000000000e+00
-1.152775098861371816e+01,-1.775117985894519279e+01,0.000000000000000000e+00
-1.133373050303151075e+01,-1.813776026684711340e+01,0.000000000000000000e+00
-1.112747051718224967e+01,-1.851922087220670932e+01,0.000000000000000000e+00
-1.090940038927311839e+01,-1.889563575433270515e+01,0.000000000000000000e+00
-1.067952857186046423e+01,-1.926637954742191639e+01,0.000000000000000000e+00
-1.043822411282075180e+01,-1.963144434019822882e+01,0.000000000000000000e+00
-1.018557503320933932e+01,-1.999031656478761221e+01,0.000000000000000000e+00
-9.921083205759495982e+00,-2.034123500939651308e+01,0.000000000000000000e+00
-9.645722547803815772e+00,-2.068531875708034562e+01,0.000000000000000000e+00
-9.359910085949685765e+00,-2.102270225347997368e+01,0.000000000000000000e+00
-9.063627813102355546e+00,-2.135256902644314536e+01,0.000000000000000000e+00
-8.757101074683287578e+00,-2.167458574398630589e+01,0.000000000000000000e+00
-8.440529847232085103e+00,-2.198833200524591902e+01,0.000000000000000000e+00
-8.114157760685884568e+00,-2.229346522537690589e+01,0.000000000000000000e+00
-7.778250480031469571e+00,-2.258967965339458672e+01,0.000000000000000000e+00
-7.433094261631916666e+00,-2.287671183929638374e+01,0.000000000000000000e+00
-7.078990984059440272e+00,-2.315433619643641805e+01,0.000000000000000000e+00
-6.716254184955909423e+00,-2.342236185312221863e+01,0.000000000000000000e+00
-6.345205562329716109e+00,-2.368062954308316037e+01,0.000000000000000000e+00
-5.966171198987229474e+00,-2.392900569110866016e+01,0.000000000000000000e+00
-5.579481869901045776e+00,-2.416739111048219613e+01,0.000000000000000000e+00
-5.185458918980298648e+00,-2.439566616169825153e+01,0.000000000000000000e+00
-4.784449440731156855e+00,-2.461385858452029041e+01,0.000000000000000000e+00
-4.376525199448659365e+00,-2.482050779673195251e+01,0.000000000000000000e+00
-3.962028025433968370e+00,-2.501526044676865368e+01,0.000000000000000000e+00
-3.541573619087891700e+00,-2.519960569885274282e+01,0.000000000000000000e+00
-3.115474732725477924e+00,-2.537350551091791573e+01,0.000000000000000000e+00
-2.683898774055184067e+00,-2.553559109460224974e+01,0.000000000000000000e+00
-2.247119320124046915e+00,-2.568469135956334171e+01,0.000000000000000000e+00
-1.805737135679175376e+00,-2.582324412469872499e+01,0.000000000000000000e+00
-1.360040129036426571e+00,-2.595111160293933494e+01,0.000000000000000000e+00
-9.101835322259981265e-01,-2.606424616276195749e+01,0.000000000000000000e+00
-4.567439731962623650e-01,-2.616684469949450431e+01,0.000000000000000000e+00
-4.823593284721133877e-15,-2.625841882508223435e+01,0.000000000000000000e+00
4.596804449701173412e-01,-2.633507505474901933e+01,0.000000000000000000e+00
9.219552479942720868e-01,-2.640134399707701007e+01,0.000000000000000000e+00
1.386458689059354876e+00,-2.645520775782995671e+01,0.000000000000000000e+00
1.852719844107983072e+00,-2.649512815777564967e+01,0.000000000000000000e+00
2.320618564766939951e+00,-2.652479157004517063e+01,0.000000000000000000e+00
2.789469922925594148e+00,-2.654003348080641089e+01,0.000000000000000000e+00
3.259109927708004673e+00,-2.654332029810517923e+01,0.000000000000000000e+00
3.729307850648398759e+00,-2.653540416595334861e+01,0.000000000000000000e+00
4.199157072429251514e+00,-2.651243432640863773e+01,0.000000000000000000e+00
4.668995343722182056e+00,-2.647918840873141022e+01,0.000000000000000000e+00
5.137924576335385574e+00,-2.643233051293885083e+01,0.000000000000000000e+00
5.605681943166788805e+00,-2.637266005398226554e+01,0.000000000000000000e+00
6.072436312298398420e+00,-2.630261138484757311e+01,0.000000000000000000e+00
6.536715398750982509e+00,-2.621733348926063201e+01,0.000000000000000000e+00
6.999198791092603678e+00,-2.612136550063221208e+01,0.000000000000000000e+00
7.459316605706681536e+00,-2.601372847192379822e+01,0.000000000000000000e+00
7.915961493687052375e+00,-2.589194337944592306e+01,0.000000000000000000e+00
8.369853316134202359e+00,-2.575975975963795506e+01,0.000000000000000000e+00
8.820166982235091879e+00,-2.561562489272432330e+01,0.000000000000000000e+00
9.265992337004830048e+00,-2.545810471476037762e+01,0.000000000000000000e+00
9.707966183102740843e+00,-2.529011654401823606e+01,0.000000000000000000e+00
1.014563740711310480e+01,-2.511133376587424593e+01,0.000000000000000000e+00
1.057741727106282603e+01,-2.491883350233840133e+01,0.000000000000000000e+00
1.100428952133523630e+01,-2.471603893560773457e+01,0.000000000000000000e+00
1.142580398660953911e+01,-2.450271572166984768e+01,0.000000000000000000e+00
1.184149449441088642e+01,-2.427866165193072590e+01,0.000000000000000000e+00
1.225008524548667133e+01,-2.404214599612579306e+01,0.000000000000000000e+00
1.265235264104438428e+01,-2.379561446090675858e+01,0.000000000000000000e+00
1.304786311309087310e+01,-2.353896816026043837e+01,0.000000000000000000e+00
1.343630803269965135e+01,-2.327236817878162256e+01,0.000000000000000000e+00
1.381731861231767056e+01,-2.299587986758023561e+01,0.000000000000000000e+00
1.419057396993668796e+01,-2.270966551100083564e+01,0.000000000000000000e+00
1.455533585705162203e+01,-2.241325172282792266e+01,0.000000000000000000e+00
1.491164975692419326e+01,-2.210742990574833300e+01,0.000000000000000000e+00
1.525938242611987228e+01,-2.179265659597874816e+01,0.000000000000000000e+00
1.559825740129009297e+01,-2.146915947799136504e+01,0.000000000000000000e+00
1.592802229314460583e+01,-2.113719950277201676e+01,0.000000000000000000e+00
1.624844597520242928e+01,-2.079706246210164622e+01,0.000000000000000000e+00
1.655913524733768938e+01,-2.044882903161665055e+01,0.000000000000000000e+00
1.685940878938284726e+01,-2.009226099376141406e+01,0.000000000000000000e+00
1.714952584757670806e+01,-1.972827273387236247e+01,0.000000000000000000e+00
1.742939380620880030e+01,-1.935730288706193036e+01,0.000000000000000000e+00
1.769909089427278559e+01,-1.897995127090094059e+01,0.000000000000000000e+00
1.795817440475672555e+01,-1.859623397646354093e+01,0.000000000000000000e+00
1.820570552187912838e+01,-1.820570552187913549e+01,0.000000000000000000e+00
1.844201953641745462e+01,-1.780925125109111207e+01,0.000000000000000000e+00
1.866706999734635986e+01,-1.740732438651319214e+01,0.000000000000000000e+00
1.888071510524093100e+01,-1.700027223999424209e+01,0.000000000000000000e+00
1.908309411447190485e+01,-1.658868063020932127e+01,0.000000000000000000e+00
1.927372128305998089e+01,-1.617257242002933282e+01,0.000000000000000000e+00
1.945189029345359799e+01,-1.575183017509967875e+01,0.000000000000000000e+00
1.961753679783533855e+01,-1.532689952761538699e+01,0.000000000000000000e+00
1.977076436808198423e+01,-1.489833956319618835e+01,0.000000000000000000e+00
1.991163646970639434e+01,-1.446665069742422816e+01,0.000000000000000000e+00
2.004020680556556400e+01,-1.403230387253854694e+01,0.000000000000000000e+00
2.015639739891186721e+01,-1.359566171442660654e+01,0.000000000000000000e+00
2.026005301799177261e+01,-1.315703226846799367e+01,0.000000000000000000e+00
2.035102770246361104e+01,-1.271673349112723450e+01,0.000000000000000000e+00
2.042922483280304391e+01,-1.227511667929125494e+01,0.000000000000000000e+00
2.049458220408035203e+01,-1.183255255245471815e+01,0.000000000000000000e+00
2.054704796910118247e+01,-1.138941466990701201e+01,0.000000000000000000e+00
2.058658040013092716e+01,-1.094607896440695249e+01,0.000000000000000000e+00
2.061314797276118327e+01,-1.050292348631631967e+01,0.000000000000000000e+00
2.062672944365473882e+01,-1.006032814520138174e+01,0.000000000000000000e+00
2.062731392209969172e+01,-9.618674449042323715e+00,0.000000000000000000e+00
2.061480904334045405e+01,-9.178304328252989919e+00,0.000000000000000000e+00
2.058891140618968052e+01,-8.739474385098223053e+00,0.000000000000000000e+00
2.054983703000057815e+01,-8.302673096758690363e+00,0.000000000000000000e+00
2.049797269802106570e+01,-7.868434509908166952e+00,0.000000000000000000e+00
2.043372559824281254e+01,-7.437267892923728141e+00,0.000000000000000000e+00
2.035749228774722397e+01,-7.009646732002789982e+00,0.000000000000000000e+00
2.026889064352091907e+01,-6.585761790870818366e+00,0.000000000000000000e+00
2.016667558156404993e+01,-6.165571468307291525e+00,0.000000000000000000e+00
2.005168944230897310e+01,-5.749729424250715759e+00,0.000000000000000000e+00
1.993166283170021558e+01,-5.340672959563494970e+00,0.000000000000000000e+00
1.981322484086103231e+01,-4.939991779454780740e+00,0.000000000000000000e+00
1.969716021786086912e+01,-4.547447749807949080e+00,0.000000000000000000e+00
1.958339095054580170e+01,-4.162578246287853112e+00,0.000000000000000000e+00
1.947176262496360621e+01,-3.784927238496695434e+00,0.000000000000000000e+00
1.936213324608085884e+01,-3.414066495356446129e+00,0.000000000000000000e+00
1.925439257520285352e+01,-3.049596191812415480e+00,0.000000000000000000e+00
1.914842989838529874e+01,-2.691136321159307343e+00,0.000000000000000000e+00
1.904413684093488968e+01,-2.338325979789031450e+00,0.000000000000000000e+00
1.894140996352869877e+01,-1.990822409070347687e+00,0.000000000000000000e+00
1.884016368509677619e+01,-1.648300741418767146e+00,0.000000000000000000e+00
1.874030180989035799e+01,-1.310449560424820747e+00,0.000000000000000000e+00
1.864171532281587673e+01,-9.769709020954316925e-01,0.000000000000000000e+00
1.854430563252693176e+01,-6.475814223779892131e-01,0.000000000000000000e+00
1.844807281274919220e+01,-3.220123087470400658e-01,0.000000000000000000e+00
1.835303897695548869e+01,-4.495198087551030726e-15,0.000000000000000000e+00
