1.764066210962114667e+01,0.000000000000000000e+00,0.000000000000000000e+00
1.754909289539630279e+01,3.063205559204644213e-01,0.000000000000000000e+00
1.745826018372839528e+01,6.096558796029365457e-01,0.000000000000000000e+00
1.736818613380185283e+01,9.102280654470641386e-01,0.000000000000000000e+00
1.727888271901092665e+01,1.208257182486248915e+00,0.000000000000000000e+00
1.719032236443555206e+01,1.503958329244268199e+00,0.000000000000000000e+00
1.710243232763065890e+01,1.797538070978603297e+00,0.000000000000000000e+00
1.701512945985687608e+01,2.089195199434602301e+00,0.000000000000000000e+00
1.692832913625937863e+01,2.379121506926705987e+00,0.000000000000000000e+00
1.684197817305630451e+01,2.667507286897579100e+00,0.000000000000000000e+00
1.675603034955137005e+01,2.954540240195798084e+00,0.000000000000000000e+00
1.667043184990046711e+01,3.240403696442920811e+00,0.000000000000000000e+00
1.658512825940558955e+01,3.525277837675569792e+00,0.000000000000000000e+00
1.650007242953767417e+01,3.809341875248138276e+00,0.000000000000000000e+00
1.641521166423065381e+01,4.092771940490713689e+00,0.000000000000000000e+00
1.633048662043187704e+01,4.375740701951975176e+00,0.000000000000000000e+00
1.624584462557982079e+01,4.658420984139541865e+00,0.000000000000000000e+00
1.616123875436651858e+01,4.940986537588587524e+00,0.000000000000000000e+00
1.607661511254921649e+01,5.223608898822841518e+00,0.000000000000000000e+00
1.599191538882952379e+01,5.506458057765937220e+00,0.000000000000000000e+00
1.590709531845628177e+01,5.789709209553343783e+00,0.000000000000000000e+00
1.582211210718505789e+01,6.073539796246761213e+00,0.000000000000000000e+00
1.573691489885838557e+01,6.358126332874801001e+00,0.000000000000000000e+00
1.565144532395332533e+01,6.643644377299763981e+00,0.000000000000000000e+00
1.556563859577581610e+01,6.930268807985074275e+00,0.000000000000000000e+00
1.547942208862703417e+01,7.218173063740429107e+00,0.000000000000000000e+00
1.539269287269342534e+01,7.507517939798050044e+00,0.000000000000000000e+00
1.530469637324110721e+01,7.798132298951429675e+00,0.000000000000000000e+00
1.521396835381805346e+01,8.089410466724320514e+00,0.000000000000000000e+00
1.511905113444021964e+01,8.380626893197467453e+00,0.000000000000000000e+00
1.501879232290663069e+01,8.671103790533225109e+00,0.000000000000000000e+00
1.491313474243426640e+01,8.960715372980470050e+00,0.000000000000000000e+00
1.480229623013597617e+01,9.249501252094949777e+00,0.000000000000000000e+00
1.468647094935379727e+01,9.537505751785007035e+00,0.000000000000000000e+00
1.456578494390695688e+01,9.824745999160430898e+00,0.000000000000000000e+00
1.444034026572536433e+01,1.011123510837410322e+01,0.000000000000000000e+00
1.431006903462418123e+01,1.039687373234708723e+01,0.000000000000000000e+00
1.417468646734162974e+01,1.068139239640255234e+01,0.000000000000000000e+00
1.403399935324703129e+01,1.096456197709647107e+01,0.000000000000000000e+00
1.388818705679722143e+01,1.124643212861994890e+01,0.000000000000000000e+00
1.373746391090244146e+01,1.152710090094943318e+01,0.000000000000000000e+00
1.358172097450741589e+01,1.180640991985977273e+01,0.000000000000000000e+00
1.342079330201076104e+01,1.208413656681585024e+01,0.000000000000000000e+00
1.325506410188613593e+01,1.236054724273057559e+01,0.000000000000000000e+00
1.308473742646297566e+01,1.263578405403329619e+01,0.000000000000000000e+00
1.290758930213764621e+01,1.290758930213764444e+01,0.000000000000000000e+00
1.272139676218984938e+01,1.317339198100478370e+01,0.000000000000000000e+00
1.252650541597586020e+01,1.343303245404723256e+01,0.000000000000000000e+00
1.232291245588487882e+01,1.368598079265028566e+01,0.000000000000000000e+00
1.210988018118899134e+01,1.393082357567164742e+01,0.000000000000000000e+00
1.188881479130611218e+01,1.416853773922623994e+01,0.000000000000000000e+00
1.165999702268280558e+01,1.439889716851815571e+01,0.000000000000000000e+00
1.142206122475959873e+01,1.461957168702807586e+01,0.000000000000000000e+00
1.117667480742147212e+01,1.483194842612395448e+01,0.000000000000000000e+00
1.092442443924444362e+01,1.503618028972948473e+01,0.000000000000000000e+00
1.066534900707436151e+01,1.523169692566223610e+01,0.000000000000000000e+00
1.039963090972444348e+01,1.541808687369610098e+01,0.000000000000000000e+00
1.012689631149445368e+01,1.559405282225343470e+01,0.000000000000000000e+00
9.848155494743647154e+00,1.576034328560360898e+01,0.000000000000000000e+00
9.563847703590658611e+00,1.591691550541104228e+01,0.000000000000000000e+00
9.274250462572743103e+00,1.606347300329515093e+01,0.000000000000000000e+00
8.979704001626588550e+00,1.619981484713626685e+01,0.000000000000000000e+00
8.680544542298500588e+00,1.632572985431844970e+01,0.000000000000000000e+00
8.377126002191552345e+00,1.644103549784150431e+01,0.000000000000000000e+00
8.069810835022726891e+00,1.654556415586532125e+01,0.000000000000000000e+00
7.758970514898498649e+00,1.663916596522944147e+01,0.000000000000000000e+00
7.444983521145518424e+00,1.672170676960373470e+01,0.000000000000000000e+00
7.128234220171935753e+00,1.679306745173788329e+01,0.000000000000000000e+00
6.809111731346424001e+00,1.685314292969821182e+01,0.000000000000000000e+00
6.488009006094750397e+00,1.690184131341232643e+01,0.000000000000000000e+00
6.165322048439054292e+00,1.693908311175201220e+01,0.000000000000000000e+00
5.841449279861362420e+00,1.696480053996496551e+01,0.000000000000000000e+00
5.516791030559308417e+00,1.697893693278848204e+01,0.000000000000000000e+00
5.191749143266997102e+00,1.698144627976764909e+01,0.000000000000000000e+00
4.866726673933435166e+00,1.697229289690129050e+01,0.000000000000000000e+00
4.542127673258527842e+00,1.695145125106543915e+01,0.000000000000000000e+00
4.218357032237071813e+00,1.691890595574328771e+01,0.000000000000000000e+00
3.895820373783659196e+00,1.687465195958860775e+01,0.000000000000000000e+00
3.574923970904394288e+00,1.681869495261308245e+01,0.000000000000000000e+00
3.256074669758990847e+00,1.675105201860780824e+01,0.000000000000000000e+00
2.939679792847268658e+00,1.667175256467226063e+01,0.000000000000000000e+00
2.626146994678921764e+00,1.658083956541334913e+01,0.000000000000000000e+00
2.315884035347979708e+00,1.647837114566794625e+01,0.000000000000000000e+00
2.009298441283879466e+00,1.636442258300527897e+01,0.000000000000000000e+00
1.706796986788967851e+00,1.623908858167917302e+01,0.000000000000000000e+00
1.408785027522343247e+00,1.610248654792746947e+01,0.000000000000000000e+00
1.115665371366365344e+00,1.595475813008092736e+01,0.000000000000000000e+00
8.278374434422036687e-01,1.579607941354012013e+01,0.000000000000000000e+00
5.456943749529191701e-01,1.562664233621406318e+01,0.000000000000000000e+00
2.696236859193748003e-01,1.544673062106503458e+01,0.000000000000000000e+00
9.341934551629803093e-16,1.525653691845521820e+01,0.000000000000000000e+00
-2.627968521820448489e-01,1.505562157819373859e+01,0.000000000000000000e+00
-5.183386055243649482e-01,1.484327559410909103e+01,0.000000000000000000e+00
-7.662543359071286586e-01,1.462100372100838896e+01,0.000000000000000000e+00
-1.006277510439535616e+00,1.439043883843074134e+01,0.000000000000000000e+00
-1.238010484611767659e+00,1.415052459047941369e+01,0.000000000000000000e+00
-1.460858473800981328e+00,1.389913993578193008e+01,0.000000000000000000e+00
-1.674755647499264199e+00,1.363979017544092365e+01,0.000000000000000000e+00
-1.879346637078865845e+00,1.337224615933555683e+01,0.000000000000000000e+00
-2.073979253187407501e+00,1.309458965121659269e+01,0.000000000000000000e+00
-2.258585213903065547e+00,1.280907326166583360e+01,0.000000000000000000e+00
-2.432928476086102076e+00,1.251633196221728284e+01,0.000000000000000000e+00
-2.596457668163310917e+00,1.221537292362734561e+01,0.000000000000000000e+00
-2.749799691773239019e+00,1.191069102402980207e+01,0.000000000000000000e+00
-2.894580477436248689e+00,1.160952818948638665e+01,0.000000000000000000e+00
-3.032225822950308292e+00,1.131642083127289666e+01,0.000000000000000000e+00
-3.164015568215290397e+00,1.103423359313151053e+01,0.000000000000000000e+00
-3.290857776359191522e+00,1.076391077486336201e+01,0.000000000000000000e+00
-3.413015393680997711e+00,1.050418128925772621e+01,0.000000000000000000e+00
-3.530658090870792964e+00,1.025377563286111915e+01,0.000000000000000000e+00
-3.644086960378585260e+00,1.001204663816919549e+01,0.000000000000000000e+00
-3.753628095410121546e+00,9.778535504280329249e+00,0.000000000000000000e+00
-3.859569274258238369e+00,9.552769170566037360e+00,0.000000000000000000e+00
-3.962153384070788764e+00,9.334248423619760260e+00,0.000000000000000000e+00
-4.061585108057681026e+00,9.122469513039284550e+00,0.000000000000000000e+00
-4.158047988053321653e+00,8.916962686191197918e+00,0.000000000000000000e+00
-4.251737621143299783e+00,8.717353978017321481e+00,0.000000000000000000e+00
-4.342830808590353087e+00,8.523285368570856946e+00,0.000000000000000000e+00
-4.431481213326389224e+00,8.334403998588019391e+00,0.000000000000000000e+00
-4.517842015324132099e+00,8.150402746416428812e+00,0.000000000000000000e+00
-4.602057352652598965e+00,7.970997154140227359e+00,0.000000000000000000e+00
-4.684251130378191519e+00,7.795903046465645581e+00,0.000000000000000000e+00
-4.764535189566691642e+00,7.624850178694726033e+00,0.000000000000000000e+00
-4.843029705884736913e+00,7.457611762805150590e+00,0.000000000000000000e+00
-4.919844686269161826e+00,7.293969703007469718e+00,0.000000000000000000e+00
-4.995074918389341256e+00,7.133706288225273973e+00,0.000000000000000000e+00
-5.068806125766991855e+00,6.976613109879222563e+00,0.000000000000000000e+00
-5.141132511761264290e+00,6.822513276997116627e+00,0.000000000000000000e+00
-5.212141611734833369e+00,6.671237041745348151e+00,0.000000000000000000e+00
-5.281909480293124126e+00,6.522614998289514077e+00,0.000000000000000000e+00
-5.350502008381294416e+00,6.376479990670943288e+00,0.000000000000000000e+00
-5.417990287120017179e+00,6.232684856933150996e+00,0.000000000000000000e+00
-5.484447560867518945e+00,6.091096098023908390e+00,0.000000000000000000e+00
-5.549938658318365192e+00,5.951580559736983744e+00,0.000000000000000000e+00
-5.614519837158360893e+00,5.814005488755978668e+00,0.000000000000000000e+00
-5.678241769943716655e+00,5.678241769943717543e+00,0.000000000000000000e+00
-5.741163420044919086e+00,5.544177069070367558e+00,0.000000000000000000e+00
-5.803342605935734255e+00,5.411704530060522877e+00,0.000000000000000000e+00
-5.864830631096372926e+00,5.280717219361028114e+00,0.000000000000000000e+00
-5.925672336849990174e+00,5.151108375068184309e+00,0.000000000000000000e+00
-5.985908212443870724e+00,5.022773373322705126e+00,0.000000000000000000e+00
-6.045586414299551237e+00,4.895619349600435655e+00,0.000000000000000000e+00
-6.104755518423197636e+00,4.769557739881610026e+00,0.000000000000000000e+00
-6.163459120524584556e+00,4.644499582914304980e+00,0.000000000000000000e+00
-6.221735848878815034e+00,4.520355692225995092e+00,0.000000000000000000e+00
-6.279619819225255917e+00,4.397037134512621570e+00,0.000000000000000000e+00
-6.337149566185428462e+00,4.274461354896360810e+00,0.000000000000000000e+00
-6.394368370092994525e+00,4.152551373240378041e+00,0.000000000000000000e+00
-6.451315931424768557e+00,4.031229605031715124e+00,0.000000000000000000e+00
-6.508028004566904556e+00,3.910417735472771383e+00,0.000000000000000000e+00
-6.564536400046671716e+00,3.790036857672042458e+00,0.000000000000000000e+00
-6.620871994171417363e+00,3.670009274879361794e+00,0.000000000000000000e+00
-6.677073850628323370e+00,3.550263142279310280e+00,0.000000000000000000e+00
-6.733180659305890714e+00,3.430726901960029274e+00,0.000000000000000000e+00
-6.789227817604662540e+00,3.311327657843675443e+00,0.000000000000000000e+00
-6.845247396551899399e+00,3.191991282977717947e+00,0.000000000000000000e+00
-6.901268309157744696e+00,3.072642616247768910e+00,0.000000000000000000e+00
-6.957323661259985137e+00,2.953208682424070197e+00,0.000000000000000000e+00
-7.013453148114761504e+00,2.833619005504507626e+00,0.000000000000000000e+00
-7.069694148724511074e+00,2.713801322395659632e+00,0.000000000000000000e+00
-7.126081025412391412e+00,2.593681380219288624e+00,0.000000000000000000e+00
-7.182645051295393657e+00,2.473183027619370478e+00,0.000000000000000000e+00
-7.239416172062720811e+00,2.352228903530209525e+00,0.000000000000000000e+00
-7.296433885893976345e+00,2.230743704152428730e+00,0.000000000000000000e+00
-7.353740110201144375e+00,2.108651044669649810e+00,0.000000000000000000e+00
-7.411373786308132594e+00,1.985871620846458629e+00,0.000000000000000000e+00
-7.469370738823892353e+00,1.862323288806254196e+00,0.000000000000000000e+00
-7.527763730158173239e+00,1.737921195602237123e+00,0.000000000000000000e+00
-7.586591236221704726e+00,1.612579747967207711e+00,0.000000000000000000e+00
-7.645901732534592377e+00,1.486212742406692433e+00,0.000000000000000000e+00
-7.705741455660797712e+00,1.358730124996719413e+00,0.000000000000000000e+00
-7.766153170860516930e+00,1.230037823441366918e+00,0.000000000000000000e+00
-7.827175996688310100e+00,1.100037847937100244e+00,0.000000000000000000e+00
-7.888851636862565186e+00,9.686291842603306224e-01,0.000000000000000000e+00
-7.951237139058112469e+00,8.357086989167502589e-01,0.000000000000000000e+00
-8.014389150563790309e+00,7.011681957594950720e-01,0.000000000000000000e+00
-8.078360078455528281e+00,5.648939660181236944e-01,0.000000000000000000e+00
-8.143197844855293965e+00,4.267669153113128888e-01,0.000000000000000000e+00
-8.208954257084556616e+00,2.866629993799487131e-01,0.000000000000000000e+00
-8.275700487055775767e+00,1.444528893280398185e-01,0.000000000000000000e+00
-8.343506731267916976e+00,1.021784881211165086e-15,0.000000000000000000e+00
-8.412437608545696222e+00,-1.468396446617419027e-01,0.000000000000000000e+00
-8.482552617611009538e+00,-2.962172646612146742e-01,0.000000000000000000e+00
-8.553926852069070108e+00,-4.482923104665129665e-01,0.000000000000000000e+00
-8.626652569123628211e+00,-6.032343119031048362e-01,0.000000000000000000e+00
-8.700815994646257323e+00,-7.612227629565821996e-01,0.000000000000000000e+00
-8.776495681591391929e+00,-9.224468669261713938e-01,0.000000000000000000e+00
-8.853777767401044940e+00,-1.087107215502238544e+00,0.000000000000000000e+00
-8.932778435013249307e+00,-1.255420137468284736e+00,0.000000000000000000e+00
-9.013610049082499742e+00,-1.427615582927546756e+00,0.000000000000000000e+00
-9.096374744700632675e+00,-1.603936294125797302e+00,0.000000000000000000e+00
-9.181186712780705861e+00,-1.784641911481426257e+00,0.000000000000000000e+00
-9.268196984372526259e+00,-1.970016083878688873e+00,0.000000000000000000e+00
-9.357549468283972161e+00,-2.160360519110695154e+00,0.000000000000000000e+00
-9.449377416011641273e+00,-2.355994399245636473e+00,0.000000000000000000e+00
-9.543848797101837533e+00,-2.557266577868174906e+00,0.000000000000000000e+00
-9.641151218180931792e+00,-2.764555625216290391e+00,0.000000000000000000e+00
-9.741455550086826065e+00,-2.978261843727290525e+00,0.000000000000000000e+00
-9.844966568421664732e+00,-3.198823546834688170e+00,0.000000000000000000e+00
-9.951947446431981703e+00,-3.426730311814104368e+00,0.000000000000000000e+00
-1.006264341055872613e+01,-3.662502679478316203e+00,0.000000000000000000e+00
-1.017729246503032670e+01,-3.906696551362076164e+00,0.000000000000000000e+00
-1.029613093694599790e+01,-4.159906923158888326e+00,0.000000000000000000e+00
-1.041939739740187321e+01,-4.422771795276991824e+00,0.000000000000000000e+00
-1.054763692768494110e+01,-4.696110522424929101e+00,0.000000000000000000e+00
-1.068155583399412301e+01,-4.980891286401659457e+00,0.000000000000000000e+00
-1.082134010455093964e+01,-5.277920220944193552e+00,0.000000000000000000e+00
-1.096619704668464301e+01,-5.587556479456463165e+00,0.000000000000000000e+00
-1.111655299928325036e+01,-5.910776077283605545e+00,0.000000000000000000e+00
-1.127781291231641170e+01,-6.251393777887898295e+00,0.000000000000000000e+00
-1.144491095585214069e+01,-6.607722421212532282e+00,0.000000000000000000e+00
-1.160266231042544760e+01,-6.971582858209977474e+00,0.000000000000000000e+00
-1.174765636123091106e+01,-7.340750416895844843e+00,0.000000000000000000e+00
-1.187970042388618985e+01,-7.714767660183376563e+00,0.000000000000000000e+00
-1.199915234692729094e+01,-8.093530452892247595e+00,0.000000000000000000e+00
-1.210553867587253229e+01,-8.476389434935128975e+00,0.000000000000000000e+00
-1.219871164410273146e+01,-8.862882796314828227e+00,0.000000000000000000e+00
-1.227854098438349162e+01,-9.252544288135322148e+00,0.000000000000000000e+00
-1.234582419188735791e+01,-9.645614988500494036e+00,0.000000000000000000e+00
-1.239955920964022518e+01,-1.004096506662276056e+01,0.000000000000000000e+00
-1.244010330046420343e+01,-1.043848609122677651e+01,0.000000000000000000e+00
-1.246647914767279985e+01,-1.083694499033450676e+01,0.000000000000000000e+00
-1.248033984663112328e+01,-1.123734847211814625e+01,0.000000000000000000e+00
-1.248260291647224740e+01,-1.164021553387634178e+01,0.000000000000000000e+00
-1.247031475862046790e+01,-1.204244298071077779e+01,0.000000000000000000e+00
-1.244456122203249748e+01,-1.244456122203249215e+01,0.000000000000000000e+00
-1.240578971788008644e+01,-1.284657131937617613e+01,0.000000000000000000e+00
-1.235401643499737645e+01,-1.324806066802185001e+01,0.000000000000000000e+00
-1.228926998741138910e+01,-1.364861704613387872e+01,0.000000000000000000e+00
-1.221159141693203409e+01,-1.404782896792984026e+01,0.000000000000000000e+00
-1.212103456329724338e+01,-1.444528648676807236e+01,0.000000000000000000e+00
-1.201771516608037693e+01,-1.484064228664083274e+01,0.000000000000000000e+00
-1.190185378246397008e+01,-1.523367815645031165e+01,0.000000000000000000e+00
-1.177367880238993614e+01,-1.562419948613355736e+01,0.000000000000000000e+00
-1.163326427415951159e+01,-1.601181462301635605e+01,0.000000000000000000e+00
-1.148046505695434583e+01,-1.639580328756183647e+01,0.000000000000000000e+00
-1.131521290284601911e+01,-1.677549300017122746e+01,0.000000000000000000e+00
-1.113766638134927334e+01,-1.715050223929529594e+01,0.000000000000000000e+00
-1.094821189398955674e+01,-1.752080152520940004e+01,0.000000000000000000e+00
-1.074763727439555794e+01,-1.788707219952215510e+01,0.000000000000000000e+00
-1.053578694892187073e+01,-1.824851829325374197e+01,0.000000000000000000e+00
-1.031186532172467452e+01,-1.860309748631864579e+01,0.000000000000000000e+00
-1.007713678449487560e+01,-1.895233784551455258e+01,0.000000000000000000e+00
-9.831955802290110569e+00,-1.929629974723688690e+01,0.000000000000000000e+00
-9.575545704691885263e+00,-1.963277814354788475e+01,0.000000000000000000e+00
-9.308482315221898062e+00,-1.996210474443417127e+01,0.000000000000000000e+00
-9.031305409165842235e+00,-2.028464406534654785e+01,0.000000000000000000e+00
-8.744229339286221148e+00,-2.060011337626291095e+01,0.000000000000000000e+00
-8.447391610427327890e+00,-2.090802792062777726e+01,0.000000000000000000e+00
-8.141003689692004386e+00,-2.120803968764850111e+01,0.000000000000000000e+00
-7.825292256988863215e+00,-2.149981377670995997e+01,0.000000000000000000e+00
-7.500510082516128385e+00,-2.178306296976052892e+01,0.000000000000000000e+00
-7.166927935250923198e+00,-2.205753611844318485e+01,0.000000000000000000e+00
-6.824831400025175299e+00,-2.232301765548510275e+01,0.000000000000000000e+00
-6.474517126841132786e+00,-2.257932454504113551e+01,0.000000000000000000e+00
-6.116288917479814735e+00,-2.282630099380513045e+01,0.000000000000000000e+00
-5.750457447516929221e+00,-2.306382508961009492e+01,0.000000000000000000e+00
-5.377328181728715073e+00,-2.329176728726618251e+01,0.000000000000000000e+00
-4.997228062366446899e+00,-2.351010960613980671e+01,0.000000000000000000e+00
-4.610253535843006567e+00,-2.371769834246237707e+01,0.000000000000000000e+00
-4.216671546903764778e+00,-2.391393268325460753e+01,0.000000000000000000e+00
-3.817103727842013683e+00,-2.410024444333423332e+01,0.000000000000000000e+00
-3.411828789215130442e+00,-2.427642326474020251e+01,0.000000000000000000e+00
-3.001166246330204235e+00,-2.444253759805738113e+01,0.000000000000000000e+00
-2.585064881549898885e+00,-2.459524942087750432e+01,0.000000000000000000e+00
-2.164282080958218835e+00,-2.473785738328158246e+01,0.000000000000000000e+00
-1.739105150927854559e+00,-2.487036234874777207e+01,0.000000000000000000e+00
-1.309681113314493661e+00,-2.499020434048968653e+01,0.000000000000000000e+00
-8.764492191515136366e-01,-2.509822182923586453e+01,0.000000000000000000e+00
-4.398020597678768406e-01,-2.519624312923065190e+01,0.000000000000000000e+00
-4.644113335609495071e-15,-2.528137548906840237e+01,0.000000000000000000e+00
4.425629302059092551e-01,-2.535441329069355731e+01,0.000000000000000000e+00
8.875986069259095279e-01,-2.541749852149316879e+01,0.000000000000000000e+00
1.334644704688260353e+00,-2.546653803970929175e+01,0.000000000000000000e+00
1.783447047337429980e+00,-2.550448101049094163e+01,0.000000000000000000e+00
2.233734153247157739e+00,-2.553169820207941854e+01,0.000000000000000000e+00
2.684828803208409553e+00,-2.554443973091917286e+01,0.000000000000000000e+00
3.136810988647674492e+00,-2.554727537062409937e+01,0.000000000000000000e+00
3.589025735085191737e+00,-2.553724504828290165e+01,0.000000000000000000e+00
4.041119874040346893e+00,-2.551462672570569268e+01,0.000000000000000000e+00
4.493174935980694507e+00,-2.548206132678933855e+01,0.000000000000000000e+00
4.944025210238025991e+00,-2.543480475038857946e+01,0.000000000000000000e+00
5.394083656704271590e+00,-2.537716838437665601e+01,0.000000000000000000e+00
5.842805401137418642e+00,-2.530797063316389739e+01,0.000000000000000000e+00
6.289350405855524961e+00,-2.522520669213130162e+01,0.000000000000000000e+00
6.734236114419142716e+00,-2.513251132917741870e+01,0.000000000000000000e+00
7.176410776098807176e+00,-2.502711859550250395e+01,0.000000000000000000e+00
7.615616903342654176e+00,-2.490956048967040104e+01,0.000000000000000000e+00
8.052161757842439371e+00,-2.478200568078383981e+01,0.000000000000000000e+00
8.484821244129818751e+00,-2.464171015233675988e+01,0.000000000000000000e+00
8.913567630708016054e+00,-2.448982579215195443e+01,0.000000000000000000e+00
9.338598417143606056e+00,-2.432788061606770924e+01,0.000000000000000000e+00
9.759053117942762867e+00,-2.415450407401145227e+01,0.000000000000000000e+00
1.017421942395710843e+01,-2.396895890033935217e+01,0.000000000000000000e+00
1.058463116324979758e+01,-2.377347083087158097e+01,0.000000000000000000e+00
1.098992356675009496e+01,-2.356796714476665855e+01,0.000000000000000000e+00
1.138919388432641000e+01,-2.335130797352586285e+01,0.000000000000000000e+00
1.178200848387523081e+01,-2.312349362640435047e+01,0.000000000000000000e+00
1.216871489412986485e+01,-2.288602415064414330e+01,0.000000000000000000e+00
1.254892610303446787e+01,-2.263886196724634559e+01,0.000000000000000000e+00
1.292232489678487894e+01,-2.238212327314365879e+01,0.000000000000000000e+00
1.328857547380417437e+01,-2.211590351071860994e+01,0.000000000000000000e+00
1.364722713556073330e+01,-2.184012881070384893e+01,0.000000000000000000e+00
1.399769374482653461e+01,-2.155455817186494727e+01,0.000000000000000000e+00
1.434020111133300190e+01,-2.126022244828536145e+01,0.000000000000000000e+00
1.467444753453494855e+01,-2.095728299648782311e+01,0.000000000000000000e+00
1.500018597654442587e+01,-2.064598478182099583e+01,0.000000000000000000e+00
1.531716355716849876e+01,-2.032656258045333431e+01,0.000000000000000000e+00
1.562518575807433585e+01,-1.999932576250970229e+01,0.000000000000000000e+00
1.592398336860496144e+01,-1.966448178260171531e+01,0.000000000000000000e+00
1.621262505496541095e+01,-1.932145415463793370e+01,0.000000000000000000e+00
1.649151409079570385e+01,-1.897131679729150022e+01,0.000000000000000000e+00
1.676058142216759350e+01,-1.861451148327302008e+01,0.000000000000000000e+00
1.701988580599760326e+01,-1.825159298654508433e+01,0.000000000000000000e+00
1.726901300666037997e+01,-1.788258645764048183e+01,0.000000000000000000e+00
1.750708071364146434e+01,-1.750708071364147500e+01,0.000000000000000000e+00
1.773437390797794677e+01,-1.712588581116578013e+01,0.000000000000000000e+00
1.795085012478082120e+01,-1.673943855035423312e+01,0.000000000000000000e+00
1.815637875318566330e+01,-1.634807685917174069e+01,0.000000000000000000e+00
1.835106910559639459e+01,-1.595234099824403096e+01,0.000000000000000000e+00
1.853451548494638246e+01,-1.555230510746810246e+01,0.000000000000000000e+00
1.870610370921226817e+01,-1.514790410701000845e+01,0.000000000000000000e+00
1.886567883388672229e+01,-1.473948370720772694e+01,0.000000000000000000e+00
1.901324344214668827e+01,-1.432750660142002985e+01,0.000000000000000000e+00
1.914890051404497839e+01,-1.391249058799739835e+01,0.000000000000000000e+00
1.927277689639925029e+01,-1.349494366509270016e+01,0.000000000000000000e+00
1.938482743810979514e+01,-1.307523120452582965e+01,0.000000000000000000e+00
1.948489713245303889e+01,-1.265364015048740143e+01,0.000000000000000000e+00
1.957283781048231930e+01,-1.223046647766249606e+01,0.000000000000000000e+00
1.964854435663765386e+01,-1.180603652511978829e+01,0.000000000000000000e+00
1.971194399987183132e+01,-1.138069617457684402e+01,0.000000000000000000e+00
1.976297338917887814e+01,-1.095479503324205517e+01,0.000000000000000000e+00
1.980157830983145928e+01,-1.052868594912074940e+01,0.000000000000000000e+00
1.982771380629542080e+01,-1.010272478959957176e+01,0.000000000000000000e+00
1.984134430008837668e+01,-9.677270216108592393e+00,0.000000000000000000e+00
1.984244370246974398e+01,-9.252683454971080579e+00,0.000000000000000000e+00
1.983112368830720484e+01,-8.829385127935983846e+00,0.000000000000000000e+00
1.980783680887547504e+01,-8.407927888957283713e+00,0.000000000000000000e+00
1.977242580923196513e+01,-7.988578575309642993e+00,0.000000000000000000e+00
1.972454548253140771e+01,-7.571543618164099598e+00,0.000000000000000000e+00
1.966385023390418141e+01,-7.157056176209618314e+00,0.000000000000000000e+00
1.958999527425572751e+01,-6.745376317140316047e+00,0.000000000000000000e+00
1.950264050049845466e+01,-6.336792027161538776e+00,0.000000000000000000e+00
1.940259066330474980e+01,-5.931967265555591950e+00,0.000000000000000000e+00
1.929360338695034116e+01,-5.532351745868532511e+00,0.000000000000000000e+00
1.917997659808000321e+01,-5.139259240303367449e+00,0.000000000000000000e+00
1.906527090765952437e+01,-4.753505919070947883e+00,0.000000000000000000e+00
1.895126038466661811e+01,-4.375243204557532906e+00,0.000000000000000000e+00
1.883945287089755638e+01,-4.004449325982422536e+00,0.000000000000000000e+00
1.873045985858445306e+01,-3.640832577603269726e+00,0.000000000000000000e+00
1.862382783404887832e+01,-3.283883331212127832e+00,0.000000000000000000e+00
1.851903289622568849e+01,-2.933126660620386961e+00,0.000000000000000000e+00
1.841579666752792122e+01,-2.588171435363900930e+00,0.000000000000000000e+00
1.831407238920179026e+01,-2.248685336652162636e+00,0.000000000000000000e+00
1.821381062094838299e+01,-1.914348636588634633e+00,0.000000000000000000e+00
1.811501238515480239e+01,-1.584858223332757277e+00,0.000000000000000000e+00
1.801773686526113849e+01,-1.259922897424760713e+00,0.000000000000000000e+00
1.792203472603569381e+01,-9.392540402250880716e-01,0.000000000000000000e+00
1.782794463509909022e+01,-6.225655451139331387e-01,0.000000000000000000e+00
1.773549344321731169e+01,-3.095741895853520442e-01,0.000000000000000000e+00
1.764469637462497431e+01,-4.321704187422276327e-15,0.000000000000000000e+00
