1.746584087674054331e+01,0.000000000000000000e+00,0.000000000000000000e+00
1.738128585587981689e+01,3.033914731502921347e-01,0.000000000000000000e+00
1.729735653738769230e+01,6.040370004586913533e-01,0.000000000000000000e+00
1.721405004982560882e+01,9.021501355784850018e-01,0.000000000000000000e+00
1.713135462926126706e+01,1.197941013497939133e+00,0.000000000000000000e+00
1.704924945726993002e+01,1.491616049136631039e+00,0.000000000000000000e+00
1.696769471006896168e+01,1.783376576723261664e+00,0.000000000000000000e+00
1.688663019919132324e+01,2.073417474137434713e+00,0.000000000000000000e+00
1.680598950402290015e+01,2.361927792895007983e+00,0.000000000000000000e+00
1.672572073570416151e+01,2.649093917748994720e+00,0.000000000000000000e+00
1.664577663743050095e+01,2.935099536025624900e+00,0.000000000000000000e+00
1.656610539230981871e+01,3.220124687365206739e+00,0.000000000000000000e+00
1.648666042961274059e+01,3.504347854339693757e+00,0.000000000000000000e+00
1.640739129201105229e+01,3.787944748675907469e+00,0.000000000000000000e+00
1.632824630236847341e+01,4.071089040501082223e+00,0.000000000000000000e+00
1.624918083246133094e+01,4.353954881725291770e+00,0.000000000000000000e+00
1.617014507378416255e+01,4.636714486958126713e+00,0.000000000000000000e+00
1.609108981112954595e+01,4.919539853369142790e+00,0.000000000000000000e+00
1.601196917354234728e+01,5.202604159958039709e+00,0.000000000000000000e+00
1.593273123945147418e+01,5.486079320866015685e+00,0.000000000000000000e+00
1.585332924129527399e+01,5.770139957853476886e+00,0.000000000000000000e+00
1.577371870970260836e+01,6.054963311420075378e+00,0.000000000000000000e+00
1.569384808219204430e+01,6.340726209478364517e+00,0.000000000000000000e+00
1.561366329074098402e+01,6.627606855695930221e+00,0.000000000000000000e+00
1.553310444759040188e+01,6.915783671960849865e+00,0.000000000000000000e+00
1.545211585120970810e+01,7.205439956117331235e+00,0.000000000000000000e+00
1.537067727847338361e+01,7.496780217040294403e+00,0.000000000000000000e+00
1.528875702206562970e+01,7.790010793879094564e+00,0.000000000000000000e+00
1.520560676962581326e+01,8.084964533545674570e+00,0.000000000000000000e+00
1.511937122353813479e+01,8.380804321481715391e+00,0.000000000000000000e+00
1.502828454235330113e+01,8.676584125985968399e+00,0.000000000000000000e+00
1.493189703770003796e+01,8.971988897328239787e+00,0.000000000000000000e+00
1.483047791973201512e+01,9.267111126208535055e+00,0.000000000000000000e+00
1.472411328875066872e+01,9.561950972815054683e+00,0.000000000000000000e+00
1.461265965112582599e+01,9.856363388404052017e+00,0.000000000000000000e+00
1.449602957506159839e+01,1.015022918256902607e+01,0.000000000000000000e+00
1.437423872189796015e+01,1.044349573916029073e+01,0.000000000000000000e+00
1.424736825326306189e+01,1.073616205055235184e+01,0.000000000000000000e+00
1.411551417889261906e+01,1.102824833872056942e+01,0.000000000000000000e+00
1.397830222343590734e+01,1.131940595171266217e+01,0.000000000000000000e+00
1.383544205619357648e+01,1.160931432652665762e+01,0.000000000000000000e+00
1.368769617836507813e+01,1.189853275911060848e+01,0.000000000000000000e+00
1.353489139611767555e+01,1.218687095219639360e+01,0.000000000000000000e+00
1.337628782492651780e+01,1.247359019326350626e+01,0.000000000000000000e+00
1.321242314041228383e+01,1.275908871469736994e+01,0.000000000000000000e+00
1.304179724348169600e+01,1.304179724348169245e+01,0.000000000000000000e+00
1.286194396408526508e+01,1.331893286908593232e+01,0.000000000000000000e+00
1.267157981139510348e+01,1.358860569632057569e+01,0.000000000000000000e+00
1.247102778427870362e+01,1.385047953000250232e+01,0.000000000000000000e+00
1.226110030154488939e+01,1.410478242466523291e+01,0.000000000000000000e+00
1.204208514979618982e+01,1.435119823959499463e+01,0.000000000000000000e+00
1.181424944684968104e+01,1.458938304851047008e+01,0.000000000000000000e+00
1.157790153629395391e+01,1.481903818973483666e+01,0.000000000000000000e+00
1.133345593553003816e+01,1.504000401030823397e+01,0.000000000000000000e+00
1.108031269199508628e+01,1.525074206242931041e+01,0.000000000000000000e+00
1.081962572551899981e+01,1.545202691359566316e+01,0.000000000000000000e+00
1.055191062788741263e+01,1.564385084014063843e+01,0.000000000000000000e+00
1.027761218106745567e+01,1.582613490929975164e+01,0.000000000000000000e+00
9.997098010509381183e+00,1.599870113642575298e+01,0.000000000000000000e+00
9.709230532951570680e+00,1.615887316540247554e+01,0.000000000000000000e+00
9.416196811670465294e+00,1.630933129188131403e+01,0.000000000000000000e+00
9.118493322545843327e+00,1.645019740999628866e+01,0.000000000000000000e+00
8.814344973130443961e+00,1.657737186565882581e+01,0.000000000000000000e+00
8.506531098987252903e+00,1.669500730027865742e+01,0.000000000000000000e+00
8.194390292085417471e+00,1.680098989526281983e+01,0.000000000000000000e+00
7.877990066457072338e+00,1.689440421722274976e+01,0.000000000000000000e+00
7.559100776746856987e+00,1.697801832222136653e+01,0.000000000000000000e+00
7.236060495792888680e+00,1.704709023825746783e+01,0.000000000000000000e+00
6.911679595683909660e+00,1.710700730230290389e+01,0.000000000000000000e+00
6.583989511820007579e+00,1.715187907930097566e+01,0.000000000000000000e+00
6.255668622255681655e+00,1.718730828323828774e+01,0.000000000000000000e+00
5.925129117094027897e+00,1.720782443349821378e+01,0.000000000000000000e+00
5.594636241875583060e+00,1.721851985810451069e+01,0.000000000000000000e+00
5.262937022901396311e+00,1.721429134227415858e+01,0.000000000000000000e+00
4.932047953160312304e+00,1.720009526956726731e+01,0.000000000000000000e+00
4.600937069048625538e+00,1.717093090411650991e+01,0.000000000000000000e+00
4.271410341548989464e+00,1.713169115719250257e+01,0.000000000000000000e+00
3.942680094896303888e+00,1.707762371106371191e+01,0.000000000000000000e+00
3.616260757704464979e+00,1.701316924442178191e+01,0.000000000000000000e+00
3.291733676215339077e+00,1.693450170347832895e+01,0.000000000000000000e+00
2.970159109025168664e+00,1.684460935638636769e+01,0.000000000000000000e+00
2.651670380101176949e+00,1.674198787878274786e+01,0.000000000000000000e+00
2.336687003974776911e+00,1.662639195877076403e+01,0.000000000000000000e+00
2.026038095006594819e+00,1.650075612200741304e+01,0.000000000000000000e+00
1.719481788012364953e+00,1.635977640354794360e+01,0.000000000000000000e+00
1.418124363836707591e+00,1.620923565047373316e+01,0.000000000000000000e+00
1.122081307986998677e+00,1.604651029841681975e+01,0.000000000000000000e+00
8.317302711716483277e-01,1.587035899154743213e+01,0.000000000000000000e+00
5.477027262819802456e-01,1.568415399355413697e+01,0.000000000000000000e+00
2.703394840639063990e-01,1.548773866930061516e+01,0.000000000000000000e+00
9.354645737338979528e-16,1.527729586008316609e+01,0.000000000000000000e+00
-2.628093935290634064e-01,1.505634007148323050e+01,0.000000000000000000e+00
-5.177006242899567789e-01,1.482500620189083484e+01,0.000000000000000000e+00
-7.642803462587667296e-01,1.458333775470783422e+01,0.000000000000000000e+00
-1.002143098656288034e+00,1.433131399535070294e+01,0.000000000000000000e+00
-1.230878573381900098e+00,1.406900647210337318e+01,0.000000000000000000e+00
-1.450077606113378437e+00,1.379656683146932394e+01,0.000000000000000000e+00
-1.659343197269571357e+00,1.351426584146638632e+01,0.000000000000000000e+00
-1.858303284081673112e+00,1.322251492256188676e+01,0.000000000000000000e+00
-2.046632150480893753e+00,1.292192684008136894e+01,0.000000000000000000e+00
-2.224055936731584193e+00,1.261324799979867173e+01,0.000000000000000000e+00
-2.390482544574473511e+00,1.229796657479753463e+01,0.000000000000000000e+00
-2.546582963430009450e+00,1.198073088603770309e+01,0.000000000000000000e+00
-2.694847303809881467e+00,1.167266608133221695e+01,0.000000000000000000e+00
-2.836798877803964114e+00,1.137777885137201750e+01,0.000000000000000000e+00
-2.972899953577597731e+00,1.109501367257074733e+01,0.000000000000000000e+00
-3.103587493383689111e+00,1.082349585215028398e+01,0.000000000000000000e+00
-3.229253440450784662e+00,1.056241207144737437e+01,0.000000000000000000e+00
-3.350253862036916885e+00,1.031102115654883455e+01,0.000000000000000000e+00
-3.466913639011091508e+00,1.006864830237868880e+01,0.000000000000000000e+00
-3.579529630690494013e+00,9.834676832590876216e+00,0.000000000000000000e+00
-3.688373690029263408e+00,9.608541966399560152e+00,0.000000000000000000e+00
-3.793695302114771462e+00,9.389725368131433214e+00,0.000000000000000000e+00
-3.895723897579970174e+00,9.177750360709907795e+00,0.000000000000000000e+00
-3.994670887148035199e+00,8.972177712179068010e+00,0.000000000000000000e+00
-4.090731453748416513e+00,8.772601912509610855e+00,0.000000000000000000e+00
-4.184086137207679634e+00,8.578647880615580590e+00,0.000000000000000000e+00
-4.274902238224581374e+00,8.389968042747046439e+00,0.000000000000000000e+00
-4.363335063880309228e+00,8.206239731813331773e+00,0.000000000000000000e+00
-4.449529032782253424e+00,8.027162863605855847e+00,0.000000000000000000e+00
-4.533618665352735277e+00,7.852457870533545048e+00,0.000000000000000000e+00
-4.615729519793543290e+00,7.681863935872003779e+00,0.000000000000000000e+00
-4.695978978084345279e+00,7.515137306279287444e+00,0.000000000000000000e+00
-4.774476930233884531e+00,7.352049745408161918e+00,0.000000000000000000e+00
-4.851326386165965232e+00,7.192387145645627200e+00,0.000000000000000000e+00
-4.926624053612298937e+00,7.035948322134165878e+00,0.000000000000000000e+00
-5.000461049025975768e+00,6.882544181899672431e+00,0.000000000000000000e+00
-5.072923252728037014e+00,6.731996533010506489e+00,0.000000000000000000e+00
-5.144091604630093073e+00,6.584137004580957075e+00,0.000000000000000000e+00
-5.214042596804400631e+00,6.438806376846393675e+00,0.000000000000000000e+00
-5.282848896675277572e+00,6.295854151745120753e+00,0.000000000000000000e+00
-5.350579299850288351e+00,6.155137386878476669e+00,0.000000000000000000e+00
-5.417299014768994780e+00,6.016520082374301914e+00,0.000000000000000000e+00
-5.483070418950528158e+00,5.879873152144474702e+00,0.000000000000000000e+00
-5.547952846760296097e+00,5.745073352300977376e+00,0.000000000000000000e+00
-5.612002776833355355e+00,5.612002776833356243e+00,0.000000000000000000e+00
-5.675274628123118781e+00,5.480549002325884267e+00,0.000000000000000000e+00
-5.737820292810018152e+00,5.350603984592156692e+00,0.000000000000000000e+00
-5.799689573340591764e+00,5.222063947507884052e+00,0.000000000000000000e+00
-5.860930701549857069e+00,5.094829330117243593e+00,0.000000000000000000e+00
-5.921589742745572593e+00,4.968803769120976099e+00,0.000000000000000000e+00
-5.981711531166191698e+00,4.843894489116843616e+00,0.000000000000000000e+00
-6.041339367751412226e+00,4.720011612873359574e+00,0.000000000000000000e+00
-6.100515040247070253e+00,4.597067816291189324e+00,0.000000000000000000e+00
-6.159279585096975929e+00,4.474978560448168885e+00,0.000000000000000000e+00
-6.217672474600369092e+00,4.353661136834200640e+00,0.000000000000000000e+00
-6.275732653050459575e+00,4.233035123908653219e+00,0.000000000000000000e+00
-6.333497995712165540e+00,4.113021689916692480e+00,0.000000000000000000e+00
-6.391005604383970251e+00,3.993543530060290170e+00,0.000000000000000000e+00
-6.448292211240147509e+00,3.874524849716352914e+00,0.000000000000000000e+00
-6.505393540489784243e+00,3.755890711786229019e+00,0.000000000000000000e+00
-6.562345406171175455e+00,3.637567457400181059e+00,0.000000000000000000e+00
-6.619182738540327016e+00,3.519481891972751075e+00,0.000000000000000000e+00
-6.675940573876156137e+00,3.401561621702344329e+00,0.000000000000000000e+00
-6.732653564769875310e+00,3.283734551062384988e+00,0.000000000000000000e+00
-6.789356211613822190e+00,3.165928795417734865e+00,0.000000000000000000e+00
-6.846083257850667181e+00,3.048072648405634855e+00,0.000000000000000000e+00
-6.902869050510606286e+00,2.930094071534461886e+00,0.000000000000000000e+00
-6.959748647466365234e+00,2.811920978797174620e+00,0.000000000000000000e+00
-7.016756764057309859e+00,2.693480564313085246e+00,0.000000000000000000e+00
-7.073928902912624217e+00,2.574699559975568874e+00,0.000000000000000000e+00
-7.131300691946161230e+00,2.455503746908762164e+00,0.000000000000000000e+00
-7.188908277535426272e+00,2.335817893783037391e+00,0.000000000000000000e+00
-7.246788634853414734e+00,2.215565627720611719e+00,0.000000000000000000e+00
-7.304978948662371074e+00,2.094669006594166660e+00,0.000000000000000000e+00
-7.363517790030708277e+00,1.973048645290935932e+00,0.000000000000000000e+00
-7.422444042585696344e+00,1.850623149353156194e+00,0.000000000000000000e+00
-7.481797975309821602e+00,1.727309164926677187e+00,0.000000000000000000e+00
-7.541620883469043690e+00,1.603021004409014072e+00,0.000000000000000000e+00
-7.601955023534453737e+00,1.477670367525660167e+00,0.000000000000000000e+00
-7.662844543614636628e+00,1.351166242013903451e+00,0.000000000000000000e+00
-7.724334496263913330e+00,1.223414396070269916e+00,0.000000000000000000e+00
-7.786471975173442139e+00,1.094317270777656725e+00,0.000000000000000000e+00
-7.849305845821833216e+00,9.637735716718364154e-01,0.000000000000000000e+00
-7.912886537322419755e+00,8.316778882493417457e-01,0.000000000000000000e+00
-7.977267194263493622e+00,6.979204454153143944e-01,0.000000000000000000e+00
-8.042502912803916715e+00,5.623865887387760054e-01,0.000000000000000000e+00
-8.108651227131078443e+00,4.249564037946465533e-01,0.000000000000000000e+00
-8.175772882378378625e+00,2.855042802424150317e-01,0.000000000000000000e+00
-8.243931229006781436e+00,1.438983548660733303e-01,0.000000000000000000e+00
-8.313192832532847021e+00,1.018072499305607099e-15,0.000000000000000000e+00
-8.383628203471523932e+00,-1.463367746256288848e-01,0.000000000000000000e+00
-8.455311444865756698e+00,-2.952659819470928593e-01,0.000000000000000000e+00
-8.528320680167606582e+00,-4.469503478612174563e-01,0.000000000000000000e+00
-8.602738934030897511e+00,-6.015621076390896826e-01,0.000000000000000000e+00
-8.678654190618441788e+00,-7.592838563408652597e-01,0.000000000000000000e+00
-8.756159700922472311e+00,-9.203094692295870072e-01,0.000000000000000000e+00
-8.835354595163551039e+00,-1.084845134388619403e+00,0.000000000000000000e+00
-8.916344663986732755e+00,-1.253110521570910407e+00,0.000000000000000000e+00
-8.999242798007287547e+00,-1.425340033906997261e+00,0.000000000000000000e+00
-9.084169580364088503e+00,-1.601784194349284318e+00,0.000000000000000000e+00
-9.171254077750154110e+00,-1.782711202813635376e+00,0.000000000000000000e+00
-9.260634701940725577e+00,-1.968408671126608223e+00,0.000000000000000000e+00
-9.352460152995085707e+00,-2.159185558095882307e+00,0.000000000000000000e+00
-9.446890460760823061e+00,-2.355374331659788822e+00,0.000000000000000000e+00
-9.544098142227340986e+00,-2.557333389693189574e+00,0.000000000000000000e+00
-9.644269496469457081e+00,-2.765449777127036768e+00,0.000000000000000000e+00
-9.747606080088386804e+00,-2.980142249455999703e+00,0.000000000000000000e+00
-9.854326371278169461e+00,-3.201864731135624087e+00,0.000000000000000000e+00
-9.964667654931517404e+00,-3.431110230847296272e+00,0.000000000000000000e+00
-1.007888818295136346e+01,-3.668415293091665585e+00,0.000000000000000000e+00
-1.019726961828055778e+01,-3.914365062017231001e+00,0.000000000000000000e+00
-1.032011981737854178e+01,-4.169599059982060041e+00,0.000000000000000000e+00
-1.044777590376425458e+01,-4.434817756549467305e+00,0.000000000000000000e+00
-1.058060780959063329e+01,-4.710790104829261971e+00,0.000000000000000000e+00
-1.071902421973262420e+01,-4.998363081610227354e+00,0.000000000000000000e+00
-1.086347385716599590e+01,-5.298470225173129045e+00,0.000000000000000000e+00
-1.101441426633846099e+01,-5.612124379973946198e+00,0.000000000000000000e+00
-1.117232345344557132e+01,-5.940429753769755905e+00,0.000000000000000000e+00
-1.133420163432317196e+01,-6.282650556896099303e+00,0.000000000000000000e+00
-1.149192725846220320e+01,-6.634867296180753549e+00,0.000000000000000000e+00
-1.164326457351845434e+01,-6.995979159145961468e+00,0.000000000000000000e+00
-1.177985464485786871e+01,-7.360870137518415568e+00,0.000000000000000000e+00
-1.190452473991824434e+01,-7.730888759510527564e+00,0.000000000000000000e+00
-1.201711910193075994e+01,-8.105649182162107280e+00,0.000000000000000000e+00
-1.211672285542803351e+01,-8.484220681768581684e+00,0.000000000000000000e+00
-1.220351196963323304e+01,-8.866370436961007684e+00,0.000000000000000000e+00
-1.227753912557836991e+01,-9.251789333375091573e+00,0.000000000000000000e+00
-1.233858260595660106e+01,-9.639957241499679697e+00,0.000000000000000000e+00
-1.238685756340560928e+01,-1.003067947630667689e+01,0.000000000000000000e+00
-1.242232443770718930e+01,-1.042356785404461483e+01,0.000000000000000000e+00
-1.244478955427516631e+01,-1.081809051444531811e+01,0.000000000000000000e+00
-1.245407826126207596e+01,-1.121370243444218495e+01,0.000000000000000000e+00
-1.245010436486637317e+01,-1.160991014422624090e+01,0.000000000000000000e+00
-1.243303195260634908e+01,-1.200643939344963051e+01,0.000000000000000000e+00
-1.240297218124673506e+01,-1.240297218124672796e+01,0.000000000000000000e+00
-1.236001230661745254e+01,-1.279916742232686033e+01,0.000000000000000000e+00
-1.230424691256626524e+01,-1.319468938945385617e+01,0.000000000000000000e+00
-1.223577769849255326e+01,-1.358920784061375997e+01,0.000000000000000000e+00
-1.215471326535521968e+01,-1.398239813929474629e+01,0.000000000000000000e+00
-1.206116190807866495e+01,-1.437393303481317908e+01,0.000000000000000000e+00
-1.195516579718959882e+01,-1.476340024885454838e+01,0.000000000000000000e+00
-1.183673693731454257e+01,-1.515033239538649035e+01,0.000000000000000000e+00
-1.170591486300104656e+01,-1.553427370127493035e+01,0.000000000000000000e+00
-1.156285178234169564e+01,-1.591490014230298833e+01,0.000000000000000000e+00
-1.140775750675512157e+01,-1.629196614466970772e+01,0.000000000000000000e+00
-1.124086710670089850e+01,-1.666527082463346687e+01,0.000000000000000000e+00
-1.106242612012328586e+01,-1.703464239716514683e+01,0.000000000000000000e+00
-1.087241634718792582e+01,-1.739950329451519906e+01,0.000000000000000000e+00
-1.067069190119031852e+01,-1.775901359363487586e+01,0.000000000000000000e+00
-1.045772248797605464e+01,-1.811330668063011373e+01,0.000000000000000000e+00
-1.023382329474166497e+01,-1.846230594272311620e+01,0.000000000000000000e+00
-9.998728726820228729e+00,-1.880487373634944248e+01,0.000000000000000000e+00
-9.753112109598998103e+00,-1.914156028766848650e+01,0.000000000000000000e+00
-9.497412847658861068e+00,-1.947258204661950742e+01,0.000000000000000000e+00
-9.231329989568234140e+00,-1.979665104813647858e+01,0.000000000000000000e+00
-8.954700523729629325e+00,-2.011258667559609847e+01,0.000000000000000000e+00
-8.668356557213156677e+00,-2.042136830311445195e+01,0.000000000000000000e+00
-8.372575727854318473e+00,-2.072285211324458487e+01,0.000000000000000000e+00
-8.067497120942306310e+00,-2.101654852921550187e+01,0.000000000000000000e+00
-7.753363330150325083e+00,-2.130219067441547054e+01,0.000000000000000000e+00
-7.430412645428312146e+00,-2.157948523047289413e+01,0.000000000000000000e+00
-7.098908444435388709e+00,-2.184819365135317071e+01,0.000000000000000000e+00
-6.759125498410868182e+00,-2.210810333514008619e+01,0.000000000000000000e+00
-6.411351440620017605e+00,-2.235903961855849786e+01,0.000000000000000000e+00
-6.055875067598578632e+00,-2.260083343656751609e+01,0.000000000000000000e+00
-5.693005986500424775e+00,-2.283339986516131859e+01,0.000000000000000000e+00
-5.322858362000503440e+00,-2.305583257723682777e+01,0.000000000000000000e+00
-4.945659440338877388e+00,-2.326749831424458748e+01,0.000000000000000000e+00
-4.562003641177235558e+00,-2.346947415308944329e+01,0.000000000000000000e+00
-4.172181987949204363e+00,-2.366161985639280019e+01,0.000000000000000000e+00
-3.776518868781084670e+00,-2.384400172796542350e+01,0.000000000000000000e+00
-3.375146785583320597e+00,-2.401541724674203238e+01,0.000000000000000000e+00
-2.968300067903566486e+00,-2.417486405518722137e+01,0.000000000000000000e+00
-2.556591989623352656e+00,-2.432434795002265560e+01,0.000000000000000000e+00
-2.140317276591331641e+00,-2.446393841594261431e+01,0.000000000000000000e+00
-1.719554310725384783e+00,-2.459077230797394620e+01,0.000000000000000000e+00
-1.294809295212351552e+00,-2.470643314648768651e+01,0.000000000000000000e+00
-8.664606387845398272e-01,-2.481218631191045176e+01,0.000000000000000000e+00
-4.347256416755152508e-01,-2.490541533149756148e+01,0.000000000000000000e+00
-4.589978638871421607e-15,-2.498667992582102926e+01,0.000000000000000000e+00
4.373909720684669433e-01,-2.505811200744359013e+01,0.000000000000000000e+00
8.770773924195420790e-01,-2.511621035804494539e+01,0.000000000000000000e+00
1.318728350095605961e+00,-2.516283590215650889e+01,0.000000000000000000e+00
1.762124717260799001e+00,-2.519955748424958486e+01,0.000000000000000000e+00
2.206604543868938784e+00,-2.522160534793288988e+01,0.000000000000000000e+00
2.652166285244307975e+00,-2.523367663101611313e+01,0.000000000000000000e+00
3.098347741673469713e+00,-2.523401736252142769e+01,0.000000000000000000e+00
3.544586876379714369e+00,-2.522104613855263722e+01,0.000000000000000000e+00
3.991021681383780884e+00,-2.519831918593781594e+01,0.000000000000000000e+00
4.436743498641692263e+00,-2.516202274215375567e+01,0.000000000000000000e+00
4.881734780639309434e+00,-2.511434827063998299e+01,0.000000000000000000e+00
5.325907228053210041e+00,-2.505642350538816387e+01,0.000000000000000000e+00
5.768049268466342028e+00,-2.498416624804434250e+01,0.000000000000000000e+00
6.208770908232912333e+00,-2.490201997943263024e+01,0.000000000000000000e+00
6.647372578042118896e+00,-2.480833219809325740e+01,0.000000000000000000e+00
7.083077361920718573e+00,-2.470162629880485383e+01,0.000000000000000000e+00
7.516407482251637795e+00,-2.458506109491655067e+01,0.000000000000000000e+00
7.946470795824205346e+00,-2.445672234695210889e+01,0.000000000000000000e+00
8.372687397997044201e+00,-2.431604981664232312e+01,0.000000000000000000e+00
8.795505168533841456e+00,-2.416545184324318996e+01,0.000000000000000000e+00
9.214311828458029652e+00,-2.400410298299481227e+01,0.000000000000000000e+00
9.627984173772738075e+00,-2.383009705340506557e+01,0.000000000000000000e+00
1.003724848850541385e+01,-2.364627559800638679e+01,0.000000000000000000e+00
1.044173021755001862e+01,-2.345251005180418957e+01,0.000000000000000000e+00
1.084060787450793484e+01,-2.324775860941267069e+01,0.000000000000000000e+00
1.123332967975700747e+01,-2.303173899613252118e+01,0.000000000000000000e+00
1.162030477868303358e+01,-2.280613223581503490e+01,0.000000000000000000e+00
1.200115046792055296e+01,-2.257088129962172118e+01,0.000000000000000000e+00
1.237553765541536244e+01,-2.232606092752909888e+01,0.000000000000000000e+00
1.274316644988348557e+01,-2.207181174050531069e+01,0.000000000000000000e+00
1.310305321554438507e+01,-2.180714262277750493e+01,0.000000000000000000e+00
1.345553006648900229e+01,-2.153334937195238652e+01,0.000000000000000000e+00
1.380036722430513052e+01,-2.125070197648259906e+01,0.000000000000000000e+00
1.413728962642477249e+01,-2.095939380069745539e+01,0.000000000000000000e+00
1.446602126216664530e+01,-2.065961943105234511e+01,0.000000000000000000e+00
1.478630607193536228e+01,-2.035160434796498308e+01,0.000000000000000000e+00
1.509791580306110781e+01,-2.003561098371321592e+01,0.000000000000000000e+00
1.540061511247781034e+01,-1.971188844384223060e+01,0.000000000000000000e+00
1.569428443262243356e+01,-1.938082721969776046e+01,0.000000000000000000e+00
1.597866776076564754e+01,-1.904263470876174225e+01,0.000000000000000000e+00
1.625256475155003599e+01,-1.869643702649694816e+01,0.000000000000000000e+00
1.651666096063019396e+01,-1.834361036606667383e+01,0.000000000000000000e+00
1.677107584045760902e+01,-1.798477696475767473e+01,0.000000000000000000e+00
1.701564314981998649e+01,-1.762021429028148134e+01,0.000000000000000000e+00
1.724986668416572755e+01,-1.724986668416573465e+01,0.000000000000000000e+00
1.747266619839110646e+01,-1.687315761373729828e+01,0.000000000000000000e+00
1.768490061447119999e+01,-1.649143661983958609e+01,0.000000000000000000e+00
1.788691679902943221e+01,-1.610545222586507208e+01,0.000000000000000000e+00
1.807768073787287477e+01,-1.571468811590875170e+01,0.000000000000000000e+00
1.825697616716070470e+01,-1.531942196827694502e+01,0.000000000000000000e+00
1.842489253453148379e+01,-1.492018378779749810e+01,0.000000000000000000e+00
1.858129727190452130e+01,-1.451730048038750276e+01,0.000000000000000000e+00
1.872604757162071820e+01,-1.411108899001238548e+01,0.000000000000000000e+00
1.885908577005243103e+01,-1.370192785124382873e+01,0.000000000000000000e+00
1.898037412871616425e+01,-1.329020104296762028e+01,0.000000000000000000e+00
1.908984353104825615e+01,-1.287626204688136866e+01,0.000000000000000000e+00
1.918741443662610990e+01,-1.246045262897252748e+01,0.000000000000000000e+00
1.927301553650958255e+01,-1.204311672763716956e+01,0.000000000000000000e+00
1.934657701432379540e+01,-1.162459624089097687e+01,0.000000000000000000e+00
1.940803416562986783e+01,-1.120523374996787247e+01,0.000000000000000000e+00
1.945733127206551671e+01,-1.078537484122093026e+01,0.000000000000000000e+00
1.949442174015895901e+01,-1.036536790402909602e+01,0.000000000000000000e+00
1.951926820634785997e+01,-9.945563906641712748e+00,0.000000000000000000e+00
1.953184263679781907e+01,-9.526316168706447485e+00,0.000000000000000000e+00
1.953212642192626447e+01,-9.107980130595823454e+00,0.000000000000000000e+00
1.952010851595937879e+01,-8.690912251640552810e+00,0.000000000000000000e+00
1.949578394646272272e+01,-8.275469307536949870e+00,0.000000000000000000e+00
1.945917298471305656e+01,-7.862016218887065477e+00,0.000000000000000000e+00
1.941031040203288427e+01,-7.450920072214258560e+00,0.000000000000000000e+00
1.934924116607985312e+01,-7.042547840091327060e+00,0.000000000000000000e+00
1.927602405145854902e+01,-6.637267355352924447e+00,0.000000000000000000e+00
1.919102248942879640e+01,-6.235541197664081992e+00,0.000000000000000000e+00
1.909512688022196869e+01,-5.837966153629834842e+00,0.000000000000000000e+00
1.898987066303180526e+01,-5.445257788780937247e+00,0.000000000000000000e+00
1.888068302602811954e+01,-5.059063769372239783e+00,0.000000000000000000e+00
1.877401794245991695e+01,-4.680888398935573846e+00,0.000000000000000000e+00
1.867086977170023943e+01,-4.310509930933395850e+00,0.000000000000000000e+00
1.856962583260126465e+01,-3.947095818476556772e+00,0.000000000000000000e+00
1.846978621040659974e+01,-3.590162753286402442e+00,0.000000000000000000e+00
1.837162539861800781e+01,-3.239413237245280186e+00,0.000000000000000000e+00
1.827521893367641326e+01,-2.894510322618712550e+00,0.000000000000000000e+00
1.818038373845457656e+01,-2.555086305812198866e+00,0.000000000000000000e+00
1.808694935152372452e+01,-2.220798134199926999e+00,0.000000000000000000e+00
1.799485078105047364e+01,-1.891335030062269995e+00,0.000000000000000000e+00
1.790402855037354257e+01,-1.566399529602170659e+00,0.000000000000000000e+00
1.781439501658413604e+01,-1.245703850212078079e+00,0.000000000000000000e+00
1.772584254312175389e+01,-9.289720436058762632e-01,0.000000000000000000e+00
1.763830345749324024e+01,-6.159431292646155853e-01,0.000000000000000000e+00
1.755179459205907833e+01,-3.063677142111458918e-01,0.000000000000000000e+00
1.746633265187125517e+01,-4.278017674991406612e-15,0.000000000000000000e+00
