1.837203532974880815e+01,0.000000000000000000e+00,0.000000000000000000e+00
1.827554009609607277e+01,3.190007389756007727e-01,0.000000000000000000e+00
1.817982368209826660e+01,6.348534322031700317e-01,0.000000000000000000e+00
1.808489367169566009e+01,9.477891159034946833e-01,0.000000000000000000e+00
1.799074806328933462e+01,1.258035656544707503e+00,0.000000000000000000e+00
1.789736743270824348e+01,1.565816757320041885e+00,0.000000000000000000e+00
1.780468812119445943e+01,1.871348129122017534e+00,0.000000000000000000e+00
1.771262887084021287e+01,2.174837358342226246e+00,0.000000000000000000e+00
1.762112033733275496e+01,2.476486960600031040e+00,0.000000000000000000e+00
1.753010845410703311e+01,2.776496416332164152e+00,0.000000000000000000e+00
1.743953438642838094e+01,3.075060443320368986e+00,0.000000000000000000e+00
1.734934306701238071e+01,3.372370668702199925e+00,0.000000000000000000e+00
1.725947591843454276e+01,3.668614857448993405e+00,0.000000000000000000e+00
1.716987423335232421e+01,3.963977806107465973e+00,0.000000000000000000e+00
1.708048533920017675e+01,4.258643297215008339e+00,0.000000000000000000e+00
1.699125140273110190e+01,4.552792091755978987e+00,0.000000000000000000e+00
1.690211971022159432e+01,4.846604836449040832e+00,0.000000000000000000e+00
1.681303833280822602e+01,5.140261666880038938e+00,0.000000000000000000e+00
1.672395022792801811e+01,5.433940827872615564e+00,0.000000000000000000e+00
1.663479981702675303e+01,5.727820918548181872e+00,0.000000000000000000e+00
1.654552629525778329e+01,6.022079081742587547e+00,0.000000000000000000e+00
1.645607940477940900e+01,6.316897041181827710e+00,0.000000000000000000e+00
1.636642502635162444e+01,6.612464933810901613e+00,0.000000000000000000e+00
1.627651641035997798e+01,6.908971311820166328e+00,0.000000000000000000e+00
1.618625403657247119e+01,7.206584604773146552e+00,0.000000000000000000e+00
1.609550991617350846e+01,7.505459535821427330e+00,0.000000000000000000e+00
1.600424513415379479e+01,7.805791907323423651e+00,0.000000000000000000e+00
1.591264115941234181e+01,8.107895639393122522e+00,0.000000000000000000e+00
1.582080775945476603e+01,8.412072702205206198e+00,0.000000000000000000e+00
1.572757086689490258e+01,8.717934888884718347e+00,0.000000000000000000e+00
1.563083739215141321e+01,9.024468176017883536e+00,0.000000000000000000e+00
1.552902511898154003e+01,9.330779645885781903e+00,0.000000000000000000e+00
1.542192145411374504e+01,9.636686064228609183e+00,0.000000000000000000e+00
1.530956024154754402e+01,9.942144669375688082e+00,0.000000000000000000e+00
1.519201424318142024e+01,1.024714299501732029e+01,0.000000000000000000e+00
1.506932613718115199e+01,1.055165575699484926e+01,0.000000000000000000e+00
1.494127033527098014e+01,1.085546832099928416e+01,0.000000000000000000e+00
1.480761568919645299e+01,1.115833877495966675e+01,0.000000000000000000e+00
1.466852033246710363e+01,1.146030409787807969e+01,0.000000000000000000e+00
1.452419911361876004e+01,1.176146453715354667e+01,0.000000000000000000e+00
1.437475518464359148e+01,1.206185177369813033e+01,0.000000000000000000e+00
1.421986423586319326e+01,1.236113939378314264e+01,0.000000000000000000e+00
1.405838998985679389e+01,1.265823120318332684e+01,0.000000000000000000e+00
1.388778726355982762e+01,1.295057113634001134e+01,0.000000000000000000e+00
1.370709031715201753e+01,1.323678325454043936e+01,0.000000000000000000e+00
1.351610411548162460e+01,1.351610411548162283e+01,0.000000000000000000e+00
1.331433459583925938e+01,1.378739708194205882e+01,0.000000000000000000e+00
1.310242580218504393e+01,1.405063145568329119e+01,0.000000000000000000e+00
1.288105472435532128e+01,1.430586058106871583e+01,0.000000000000000000e+00
1.265050614268932883e+01,1.455274260190511981e+01,0.000000000000000000e+00
1.241105558144660392e+01,1.479092007707541079e+01,0.000000000000000000e+00
1.216304038235962892e+01,1.502010398299690230e+01,0.000000000000000000e+00
1.190684674850927571e+01,1.524006886155981633e+01,0.000000000000000000e+00
1.164251813397268442e+01,1.545014340031016786e+01,0.000000000000000000e+00
1.136999676211143040e+01,1.564945797918595005e+01,0.000000000000000000e+00
1.109044314988860336e+01,1.583879427840014387e+01,0.000000000000000000e+00
1.080426863847383601e+01,1.601798697672759175e+01,0.000000000000000000e+00
1.051204739928585319e+01,1.618713348811848718e+01,0.000000000000000000e+00
1.021324217554234082e+01,1.634460410697874266e+01,0.000000000000000000e+00
9.908272999819988769e+00,1.649013545912801604e+01,0.000000000000000000e+00
9.598678902014913916e+00,1.662539954382927121e+01,0.000000000000000000e+00
9.284263165191939393e+00,1.674925412251367618e+01,0.000000000000000000e+00
8.964461030514055295e+00,1.685969910765363267e+01,0.000000000000000000e+00
8.641571054874471969e+00,1.696003813636586344e+01,0.000000000000000000e+00
8.314464878040345397e+00,1.704717928012225414e+01,0.000000000000000000e+00
7.984078779478539722e+00,1.712191219648523699e+01,0.000000000000000000e+00
7.651629765583810361e+00,1.718584183380133368e+01,0.000000000000000000e+00
7.315699327463182300e+00,1.723470756825936689e+01,0.000000000000000000e+00
6.979015886641896316e+00,1.727367047081083129e+01,0.000000000000000000e+00
6.639859816983650909e+00,1.729742620032389055e+01,0.000000000000000000e+00
6.300417897735014705e+00,1.731025590715470841e+01,0.000000000000000000e+00
5.960029593759315070e+00,1.730918277746561174e+01,0.000000000000000000e+00
5.619648325396359390e+00,1.729549913578685505e+01,0.000000000000000000e+00
5.279798084099128985e+00,1.726944138844318388e+01,0.000000000000000000e+00
4.940346960457665304e+00,1.722903734748559401e+01,0.000000000000000000e+00
4.602831589048547833e+00,1.717800134901217390e+01,0.000000000000000000e+00
4.266230921269898779e+00,1.711091763709036329e+01,0.000000000000000000e+00
3.932603298634052003e+00,1.703397631116369126e+01,0.000000000000000000e+00
3.601037654944185817e+00,1.694155017681609010e+01,0.000000000000000000e+00
3.272882301368736702e+00,1.683751978730467869e+01,0.000000000000000000e+00
2.948443392942531549e+00,1.672145341056693013e+01,0.000000000000000000e+00
2.627651996808468837e+00,1.659034177488836903e+01,0.000000000000000000e+00
2.311749834883106036e+00,1.644895478085391360e+01,0.000000000000000000e+00
2.000690255922736416e+00,1.629431453930791562e+01,0.000000000000000000e+00
1.694899653956157382e+00,1.612589302107462785e+01,0.000000000000000000e+00
1.395154940267270272e+00,1.594669393771078525e+01,0.000000000000000000e+00
1.101810673090631854e+00,1.575662671395221892e+01,0.000000000000000000e+00
8.150316269490481824e-01,1.555172987863625345e+01,0.000000000000000000e+00
5.355311362186783164e-01,1.533560525764560190e+01,0.000000000000000000e+00
2.637183412288727768e-01,1.510841365032976036e+01,0.000000000000000000e+00
9.105365950497357299e-16,1.487019107360076120e+01,0.000000000000000000e+00
-2.552087273148484492e-01,1.462089819570264559e+01,0.000000000000000000e+00
-5.014822678797394850e-01,1.436057323989525081e+01,0.000000000000000000e+00
-7.383897720517611507e-01,1.408931616934018827e+01,0.000000000000000000e+00
-9.655028557813333245e-01,1.380733411043110692e+01,0.000000000000000000e+00
-1.182402775219659974e+00,1.351492556369086628e+01,0.000000000000000000e+00
-1.388754283970917935e+00,1.321311439506225938e+01,0.000000000000000000e+00
-1.584748771811275603e+00,1.290674299893830046e+01,0.000000000000000000e+00
-1.770970712286637161e+00,1.260111138543354237e+01,0.000000000000000000e+00
-1.947761099603728008e+00,1.229767959284814971e+01,0.000000000000000000e+00
-2.115006512545314354e+00,1.199479798297129740e+01,0.000000000000000000e+00
-2.273010522473689843e+00,1.169362541173479464e+01,0.000000000000000000e+00
-2.422558660448085543e+00,1.139724241592186615e+01,0.000000000000000000e+00
-2.564857027617492680e+00,1.110961633611334776e+01,0.000000000000000000e+00
-2.701080712423616248e+00,1.083344302133005321e+01,0.000000000000000000e+00
-2.831805686969163904e+00,1.056844270093140459e+01,0.000000000000000000e+00
-2.957430094479013061e+00,1.031378442813590013e+01,0.000000000000000000e+00
-3.078318444522920139e+00,1.006872594479582439e+01,0.000000000000000000e+00
-3.194803388457498894e+00,9.832593793167363927e+00,0.000000000000000000e+00
-3.307188479455206220e+00,9.604772756557983016e+00,0.000000000000000000e+00
-3.415751399689747281e+00,9.384699841118102626e+00,0.000000000000000000e+00
-3.520746751501051097e+00,9.171858861891612591e+00,0.000000000000000000e+00
-3.622408475636216707e+00,8.965775595750963944e+00,0.000000000000000000e+00
-3.720951956158619289e+00,8.766013469032808203e+00,0.000000000000000000e+00
-3.816575867552411072e+00,8.572169748918105014e+00,0.000000000000000000e+00
-3.909463822876879657e+00,8.383872223641228416e+00,0.000000000000000000e+00
-3.999785831978897033e+00,8.200776256800772046e+00,0.000000000000000000e+00
-4.087699594876476716e+00,8.022562168253720927e+00,0.000000000000000000e+00
-4.173351652080647511e+00,7.848932901264918272e+00,0.000000000000000000e+00
-4.256878409824248699e+00,7.679611939706825652e+00,0.000000000000000000e+00
-4.338407055119492206e+00,7.514341443382235752e+00,0.000000000000000000e+00
-4.418056374416026166e+00,7.352880575808510955e+00,0.000000000000000000e+00
-4.495937506721609189e+00,7.195004032417323891e+00,0.000000000000000000e+00
-4.572154616719849685e+00,7.040500703429989571e+00,0.000000000000000000e+00
-4.646805481885727396e+00,6.889172435714815634e+00,0.000000000000000000e+00
-4.719982022415543099e+00,6.740832917171377225e+00,0.000000000000000000e+00
-4.791770773993487609e+00,6.595306660366799356e+00,0.000000000000000000e+00
-4.862253332822474405e+00,6.452428106728644863e+00,0.000000000000000000e+00
-4.931506865618513480e+00,6.312040946751134918e+00,0.000000000000000000e+00
-4.999604410485884110e+00,6.173997270309123486e+00,0.000000000000000000e+00
-5.066615140337317413e+00,6.038156795789214826e+00,0.000000000000000000e+00
-5.132604669994720759e+00,5.904386259116940039e+00,0.000000000000000000e+00
-5.197635536574614967e+00,5.772559074440714255e+00,0.000000000000000000e+00
-5.261767321454137836e+00,5.642554634957805071e+00,0.000000000000000000e+00
-5.325056755866219405e+00,5.514257693354742251e+00,0.000000000000000000e+00
-5.387558124792831471e+00,5.387558124792832359e+00,0.000000000000000000e+00
-5.449323559037031472e+00,5.262350591253793120e+00,0.000000000000000000e+00
-5.510402913360530341e+00,5.138533847405616584e+00,0.000000000000000000e+00
-5.570844101503252155e+00,5.016010559146296011e+00,0.000000000000000000e+00
-5.630693474794287390e+00,4.894687162347039155e+00,0.000000000000000000e+00
-5.689995564970701913e+00,4.774473179967277048e+00,0.000000000000000000e+00
-5.748793438780392506e+00,4.655281136860583757e+00,0.000000000000000000e+00
-5.807129025892897367e+00,4.537026439200077199e+00,0.000000000000000000e+00
-5.865042785796544145e+00,4.419626745263158796e+00,0.000000000000000000e+00
-5.922574202450387126e+00,4.303002033347639532e+00,0.000000000000000000e+00
-5.979761882050460997e+00,4.187074346510816447e+00,0.000000000000000000e+00
-6.036643283400746185e+00,4.071767307793434654e+00,0.000000000000000000e+00
-6.093255366192757982e+00,3.957006302097052952e+00,0.000000000000000000e+00
-6.149634312184453222e+00,3.842718007134061864e+00,0.000000000000000000e+00
-6.205815584262837525e+00,3.728830193531051496e+00,0.000000000000000000e+00
-6.261834457062363413e+00,3.615271809405828929e+00,0.000000000000000000e+00
-6.317725507122229800e+00,3.501972433191888445e+00,0.000000000000000000e+00
-6.373523143955539538e+00,3.388862368553883897e+00,0.000000000000000000e+00
-6.429261624283483023e+00,3.275872419030323890e+00,0.000000000000000000e+00
-6.484974787277306696e+00,3.162933539783105985e+00,0.000000000000000000e+00
-6.540696753586978218e+00,3.049976985867146162e+00,0.000000000000000000e+00
-6.596461426799193895e+00,2.936933848742278030e+00,0.000000000000000000e+00
-6.652302832124513010e+00,2.823735022036689468e+00,0.000000000000000000e+00
-6.708255388649212669e+00,2.710311106614296417e+00,0.000000000000000000e+00
-6.764353452408220058e+00,2.596592010647164717e+00,0.000000000000000000e+00
-6.820632043398360267e+00,2.482507042679269027e+00,0.000000000000000000e+00
-6.877126514180594619e+00,2.367984558918881710e+00,0.000000000000000000e+00
-6.933872602085017434e+00,2.252951779587136105e+00,0.000000000000000000e+00
-6.990907004685939619e+00,2.137334762556756473e+00,0.000000000000000000e+00
-7.048266825752270925e+00,2.021057989881347439e+00,0.000000000000000000e+00
-7.105990117872785561e+00,1.904044313507553321e+00,0.000000000000000000e+00
-7.164116006827283556e+00,1.786214736119109414e+00,0.000000000000000000e+00
-7.222684334007129614e+00,1.667488067263166673e+00,0.000000000000000000e+00
-7.281736385747293205e+00,1.547780849141938031e+00,0.000000000000000000e+00
-7.341314688600883542e+00,1.427007018647514336e+00,0.000000000000000000e+00
-7.401462925640774237e+00,1.305077610503878827e+00,0.000000000000000000e+00
-7.462226653987933389e+00,1.181900592166716724e+00,0.000000000000000000e+00
-7.523653014547014628e+00,1.057380474675603477e+00,0.000000000000000000e+00
-7.585790789363953124e+00,9.314179911733514450e-01,0.000000000000000000e+00
-7.648691078770579743e+00,8.039098266175858098e-01,0.000000000000000000e+00
-7.712407115925109302e+00,6.747481911401174148e-01,0.000000000000000000e+00
-7.776994322047699804e+00,5.438204194435796168e-01,0.000000000000000000e+00
-7.842510909691596588e+00,4.110085807799597202e-01,0.000000000000000000e+00
-7.909018004717816908e+00,2.761889946488312320e-01,0.000000000000000000e+00
-7.976579654230967265e+00,1.392317157697002816e-01,0.000000000000000000e+00
-8.045263206273579826e+00,9.852605833860912200e-16,0.000000000000000000e+00
-8.115139853515001889e+00,-1.416502930446679187e-01,0.000000000000000000e+00
-8.186284730377940022e+00,-2.858713620633415720e-01,0.000000000000000000e+00
-8.258777214160943458e+00,-4.328241733875543007e-01,0.000000000000000000e+00
-8.332701355317665204e+00,-5.826792406547287584e-01,0.000000000000000000e+00
-8.408146402288922516e+00,-7.356174914665620790e-01,0.000000000000000000e+00
-8.485207264302374597e+00,-8.918312205852602093e-01,0.000000000000000000e+00
-8.563984935964420231e+00,-1.051525129941483172e+00,0.000000000000000000e+00
-8.644587082552785517e+00,-1.214917484239480094e+00,0.000000000000000000e+00
-8.727128687046864286e+00,-1.382241392738121855e+00,0.000000000000000000e+00
-8.811732759982820795e+00,-1.553746232377640979e+00,0.000000000000000000e+00
-8.898531122403795734e+00,-1.729699230444458058e+00,0.000000000000000000e+00
-8.987665274439812890e+00,-1.910387228175980168e+00,0.000000000000000000e+00
-9.079287364277655925e+00,-2.096118650499963820e+00,0.000000000000000000e+00
-9.173561274332227455e+00,-2.287225711488795721e+00,0.000000000000000000e+00
-9.270663843175094954e+00,-2.484066890079170697e+00,0.000000000000000000e+00
-9.370786243084376466e+00,-2.687029716136557944e+00,0.000000000000000000e+00
-9.474135533835122303e+00,-2.896533912991116733e+00,0.000000000000000000e+00
-9.580936413441882848e+00,-3.113034949082331249e+00,0.000000000000000000e+00
-9.691433185901495051e+00,-3.337028058257720087e+00,0.000000000000000000e+00
-9.805891969092735749e+00,-3.569052797179754322e+00,0.000000000000000000e+00
-9.924603369480617943e+00,-3.809698295534916124e+00,0.000000000000000000e+00
-1.004788552021799930e+01,-4.059609264357399105e+00,0.000000000000000000e+00
-1.017608712384592629e+01,-4.319492711627422210e+00,0.000000000000000000e+00
-1.030959160168373678e+01,-4.590125914885570424e+00,0.000000000000000000e+00
-1.044882161243077512e+01,-4.872365536571929390e+00,0.000000000000000000e+00
-1.059424398386119215e+01,-5.167158042146917651e+00,0.000000000000000000e+00
-1.074637598522658521e+01,-5.475552054308702843e+00,0.000000000000000000e+00
-1.090579222124552139e+01,-5.798712583776634233e+00,0.000000000000000000e+00
-1.107313340255868894e+01,-6.137938072982276339e+00,0.000000000000000000e+00
-1.124912544551953175e+01,-6.494685604118571653e+00,0.000000000000000000e+00
-1.143429145140366820e+01,-6.870415439631949006e+00,0.000000000000000000e+00
-1.161526502307686748e+01,-7.258023127225119886e+00,0.000000000000000000e+00
-1.178231673527563039e+01,-7.651525953346096642e+00,0.000000000000000000e+00
-1.193542748514953544e+01,-8.050547490888545710e+00,0.000000000000000000e+00
-1.207431534078117075e+01,-8.454526620336110909e+00,0.000000000000000000e+00
-1.219883298380061554e+01,-8.862970954765676979e+00,0.000000000000000000e+00
-1.230896067880317446e+01,-9.275467172068164956e+00,0.000000000000000000e+00
-1.240501101750270330e+01,-9.691856804632321243e+00,0.000000000000000000e+00
-1.248652143333727693e+01,-1.011138568686376438e+01,0.000000000000000000e+00
-1.255388997273377960e+01,-1.053396444596106640e+01,0.000000000000000000e+00
-1.260624510735668125e+01,-1.095844168548586239e+01,0.000000000000000000e+00
-1.264421359386030908e+01,-1.138490105687754905e+01,0.000000000000000000e+00
-1.266827673216594796e+01,-1.181335916811146092e+01,0.000000000000000000e+00
-1.267824512539320736e+01,-1.224323900184472791e+01,0.000000000000000000e+00
-1.267322737333036287e+01,-1.267322737333035754e+01,0.000000000000000000e+00
-1.265379128789781227e+01,-1.310338446299718740e+01,0.000000000000000000e+00
-1.261997753076030371e+01,-1.353326902520188924e+01,0.000000000000000000e+00
-1.257189057295291690e+01,-1.396249900538465205e+01,0.000000000000000000e+00
-1.250964322757151770e+01,-1.439069835460452040e+01,0.000000000000000000e+00
-1.243335641793354540e+01,-1.481749717907657171e+01,0.000000000000000000e+00
-1.234315894376216072e+01,-1.524253188231209144e+01,0.000000000000000000e+00
-1.223916245182567053e+01,-1.566541356526600026e+01,0.000000000000000000e+00
-1.212136351660141642e+01,-1.608559268568447465e+01,0.000000000000000000e+00
-1.198974075873346123e+01,-1.650246241145706350e+01,0.000000000000000000e+00
-1.184440466692598370e+01,-1.691556291611733087e+01,0.000000000000000000e+00
-1.168583821125063693e+01,-1.732496761635491112e+01,0.000000000000000000e+00
-1.151446467456682399e+01,-1.773072072944614064e+01,0.000000000000000000e+00
-1.132996900565683340e+01,-1.813174061271751825e+01,0.000000000000000000e+00
-1.113205703792489132e+01,-1.852685412457406144e+01,0.000000000000000000e+00
-1.092159543319100656e+01,-1.891675818999902248e+01,0.000000000000000000e+00
-1.069905755512641932e+01,-1.930161076584559154e+01,0.000000000000000000e+00
-1.046395992047655454e+01,-1.967984635476355848e+01,0.000000000000000000e+00
-1.021717259056037186e+01,-2.005233026279305619e+01,0.000000000000000000e+00
-9.958888618871789333e+00,-2.041874759313314414e+01,0.000000000000000000e+00
-9.688150108315969788e+00,-2.077630495421899681e+01,0.000000000000000000e+00
-9.406135935597728093e+00,-2.112652721169444092e+01,0.000000000000000000e+00
-9.113265244363534023e+00,-2.146950748631320494e+01,0.000000000000000000e+00
-8.809627231392431312e+00,-2.180459254391759316e+01,0.000000000000000000e+00
-8.495453659273266567e+00,-2.213141342738569506e+01,0.000000000000000000e+00
-8.170974096971171718e+00,-2.244956682637687706e+01,0.000000000000000000e+00
-7.836456971696899032e+00,-2.275872357964066950e+01,0.000000000000000000e+00
-7.492191489339808719e+00,-2.305859440410566208e+01,0.000000000000000000e+00
-7.138485613167802057e+00,-2.334893435984124466e+01,0.000000000000000000e+00
-6.775661327676397505e+00,-2.362953918071296755e+01,0.000000000000000000e+00
-6.404048018885188043e+00,-2.390023258059034816e+01,0.000000000000000000e+00
-6.023988738048204006e+00,-2.416089917439838075e+01,0.000000000000000000e+00
-5.635803849899544637e+00,-2.441134840803760753e+01,0.000000000000000000e+00
-5.239870498935761844e+00,-2.465165251906101673e+01,0.000000000000000000e+00
-4.836037348093427113e+00,-2.487925536051636044e+01,0.000000000000000000e+00
-4.425099693241818066e+00,-2.509598744027822903e+01,0.000000000000000000e+00
-4.007447615831692289e+00,-2.530202845443820081e+01,0.000000000000000000e+00
-3.583447841050451110e+00,-2.549755626995353452e+01,0.000000000000000000e+00
-3.153155696712851341e+00,-2.568039233537112409e+01,0.000000000000000000e+00
-2.717012623617648615e+00,-2.585064832782183331e+01,0.000000000000000000e+00
-2.275598422141694499e+00,-2.601020898516073032e+01,0.000000000000000000e+00
-1.829164119208752881e+00,-2.615826559755670289e+01,0.000000000000000000e+00
-1.377893102736074571e+00,-2.629176663438473227e+01,0.000000000000000000e+00
-9.224207583230495944e-01,-2.641467446875742198e+01,0.000000000000000000e+00
-4.630034467500012130e-01,-2.652544969921695994e+01,0.000000000000000000e+00
-4.890323025693267926e-15,-2.662167861567978377e+01,0.000000000000000000e+00
4.661809854716258417e-01,-2.670749077065964627e+01,0.000000000000000000e+00
9.351507993211131131e-01,-2.677921514708013717e+01,0.000000000000000000e+00
1.406520353793143885e+00,-2.683800712479876083e+01,0.000000000000000000e+00
1.880047298367250486e+00,-2.688592896078299432e+01,0.000000000000000000e+00
2.355009601478420755e+00,-2.691788291840358127e+01,0.000000000000000000e+00
2.831450929196309030e+00,-2.693945607462099545e+01,0.000000000000000000e+00
3.308640256769903143e+00,-2.694671245667685966e+01,0.000000000000000000e+00
3.786322556114283699e+00,-2.694108487495596194e+01,0.000000000000000000e+00
4.264328299890441265e+00,-2.692390926250495298e+01,0.000000000000000000e+00
4.741662564041313921e+00,-2.689130469420946312e+01,0.000000000000000000e+00
5.218792447501972021e+00,-2.684835964431188060e+01,0.000000000000000000e+00
5.694475578976013530e+00,-2.679040126654041387e+01,0.000000000000000000e+00
6.168908856833184906e+00,-2.672047988403080154e+01,0.000000000000000000e+00
6.641723661410950719e+00,-2.663849862700095983e+01,0.000000000000000000e+00
7.111851436332151444e+00,-2.654179089627324117e+01,0.000000000000000000e+00
7.580020129815237873e+00,-2.643467168532248124e+01,0.000000000000000000e+00
8.044780893649742026e+00,-2.631329265112544391e+01,0.000000000000000000e+00
8.506261309711993235e+00,-2.617958039581142771e+01,0.000000000000000000e+00
8.964662845960774007e+00,-2.603527135193561293e+01,0.000000000000000000e+00
9.418116740390320984e+00,-2.587606307801002359e+01,0.000000000000000000e+00
9.867545824524416531e+00,-2.570583572283359786e+01,0.000000000000000000e+00
1.031273341190562043e+01,-2.552491089059458673e+01,0.000000000000000000e+00
1.075191123316565367e+01,-2.532991551578030709e+01,0.000000000000000000e+00
1.118586521689020330e+01,-2.512386462507142681e+01,0.000000000000000000e+00
1.161438297448973955e+01,-2.490712466624162502e+01,0.000000000000000000e+00
1.203680264615868012e+01,-2.467910270575098153e+01,0.000000000000000000e+00
1.245193880861849678e+01,-2.443830591970195698e+01,0.000000000000000000e+00
1.286058541601839167e+01,-2.418724335175287976e+01,0.000000000000000000e+00
1.326228682837571782e+01,-2.392579878249702219e+01,0.000000000000000000e+00
1.365668450526850108e+01,-2.365407142606368041e+01,0.000000000000000000e+00
1.404344027503755221e+01,-2.337220951135991953e+01,0.000000000000000000e+00
1.442139478929141383e+01,-2.307905603823575191e+01,0.000000000000000000e+00
1.479101402489402695e+01,-2.277616427622445627e+01,0.000000000000000000e+00
1.515201347300592438e+01,-2.246378376945778754e+01,0.000000000000000000e+00
1.550409432461558801e+01,-2.214214140604148184e+01,0.000000000000000000e+00
1.584695125553713169e+01,-2.181145720270928123e+01,0.000000000000000000e+00
1.618031024569307164e+01,-2.147199692375867031e+01,0.000000000000000000e+00
1.650391569354235699e+01,-2.112404879036955663e+01,0.000000000000000000e+00
1.681755879555652200e+01,-2.076795553649379045e+01,0.000000000000000000e+00
1.712102252616440978e+01,-2.040404010444283855e+01,0.000000000000000000e+00
1.741377380107407902e+01,-2.003225523124854845e+01,0.000000000000000000e+00
1.769511403091939172e+01,-1.965241509406874343e+01,0.000000000000000000e+00
1.796546888624387961e+01,-1.926560669452995000e+01,0.000000000000000000e+00
1.822532735701757289e+01,-1.887287895694829487e+01,0.000000000000000000e+00
1.847388651805648507e+01,-1.847388651805649573e+01,0.000000000000000000e+00
1.870995193307624405e+01,-1.806799055895166006e+01,0.000000000000000000e+00
1.893471819604767603e+01,-1.765691036957973736e+01,0.000000000000000000e+00
1.914775939192800536e+01,-1.724071999573391878e+01,0.000000000000000000e+00
1.934789884436679230e+01,-1.681887187001795425e+01,0.000000000000000000e+00
1.953565095720120226e+01,-1.639235751299561628e+01,0.000000000000000000e+00
1.971133734247917246e+01,-1.596192625286015421e+01,0.000000000000000000e+00
1.987462323558301236e+01,-1.552775746619745867e+01,0.000000000000000000e+00
2.002519282540955103e+01,-1.509006515767678280e+01,0.000000000000000000e+00
2.016279961748504945e+01,-1.464913140575311523e+01,0.000000000000000000e+00
2.028727195410175810e+01,-1.420530075197249253e+01,0.000000000000000000e+00
2.039859633378086556e+01,-1.375902695876591153e+01,0.000000000000000000e+00
2.049679424219137758e+01,-1.331077381708609231e+01,0.000000000000000000e+00
2.058185789090161677e+01,-1.286097220137760289e+01,0.000000000000000000e+00
2.065370368579818461e+01,-1.240999718186051304e+01,0.000000000000000000e+00
2.071224735321639088e+01,-1.195822158490161158e+01,0.000000000000000000e+00
2.075741417178280912e+01,-1.150602256017318759e+01,0.000000000000000000e+00
2.078913913745129349e+01,-1.105378135550563456e+01,0.000000000000000000e+00
2.080736712357159490e+01,-1.060188308643342303e+01,0.000000000000000000e+00
2.081205303583746158e+01,-1.015071650053898722e+01,0.000000000000000000e+00
2.080314559180612832e+01,-9.700666103172613575e+00,0.000000000000000000e+00
2.078057996653249617e+01,-9.252110298448164016e+00,0.000000000000000000e+00
2.074445592002518879e+01,-8.805499114020962637e+00,0.000000000000000000e+00
2.069493055082432065e+01,-8.361294684370239594e+00,0.000000000000000000e+00
2.063217597127317404e+01,-7.919950319893683144e+00,0.000000000000000000e+00
2.055637835187614115e+01,-7.481909844397045539e+00,0.000000000000000000e+00
2.046747254141417827e+01,-7.047515970256924334e+00,0.000000000000000000e+00
2.036471354462489103e+01,-6.616896538789676541e+00,0.000000000000000000e+00
2.024787592484753773e+01,-6.190396904594029692e+00,0.000000000000000000e+00
2.012279336192560919e+01,-5.770118145110152419e+00,0.000000000000000000e+00
1.999790932387520925e+01,-5.358423653643179740e+00,0.000000000000000000e+00
1.987570137920976165e+01,-4.955568929985825655e+00,0.000000000000000000e+00
1.975601527457787299e+01,-4.561035510290795791e+00,0.000000000000000000e+00
1.963870731171124362e+01,-4.174336101821276124e+00,0.000000000000000000e+00
1.952363385628807890e+01,-3.795009984476899856e+00,0.000000000000000000e+00
1.941066854242099282e+01,-3.422624577617892960e+00,0.000000000000000000e+00
1.929968275848707293e+01,-3.056769452144083132e+00,0.000000000000000000e+00
1.919056150407573469e+01,-2.697057532190393125e+00,0.000000000000000000e+00
1.908318823551378784e+01,-2.343120888125047152e+00,0.000000000000000000e+00
1.897746449944897762e+01,-1.994611893496107680e+00,0.000000000000000000e+00
1.887329573402892180e+01,-1.651199420099715987e+00,0.000000000000000000e+00
1.877057524613338302e+01,-1.312566485307870234e+00,0.000000000000000000e+00
1.866918499039805468e+01,-9.784105263710570766e-01,0.000000000000000000e+00
1.856904516354824608e+01,-6.484453458381184143e-01,0.000000000000000000e+00
1.847017057277787089e+01,-3.223980265831087877e-01,0.000000000000000000e+00
1.837257806440878483e+01,-4.499983783732617958e-15,0.000000000000000000e+00
