1.754114499880171962e+01,0.000000000000000000e+00,0.000000000000000000e+00
1.745045987248980879e+01,3.045989101015651457e-01,0.000000000000000000e+00
1.736048069586229303e+01,6.062413446461433209e-01,0.000000000000000000e+00
1.727127522313089614e+01,9.051491798305022485e-01,0.000000000000000000e+00
1.718286701212891643e+01,1.201543110207487608e+00,0.000000000000000000e+00
1.709518028031602199e+01,1.495634475459579393e+00,0.000000000000000000e+00
1.700811799623061660e+01,1.787625235302208182e+00,0.000000000000000000e+00
1.692160880925875333e+01,2.077712307415558346e+00,0.000000000000000000e+00
1.683560534507238415e+01,2.366090027916516014e+00,0.000000000000000000e+00
1.675005502965732518e+01,2.652948091277459230e+00,0.000000000000000000e+00
1.666490676846014196e+01,2.938472694270638730e+00,0.000000000000000000e+00
1.658010550484476653e+01,3.222846033567714041e+00,0.000000000000000000e+00
1.649559314246107533e+01,3.506246561069120915e+00,0.000000000000000000e+00
1.641131605771959201e+01,3.788850852235629674e+00,0.000000000000000000e+00
1.632721577628826637e+01,4.070832101491625998e+00,0.000000000000000000e+00
1.624324535532587888e+01,4.352364475420153589e+00,0.000000000000000000e+00
1.615937505160565735e+01,4.633626232793921496e+00,0.000000000000000000e+00
1.607556588498556494e+01,4.914793712850229035e+00,0.000000000000000000e+00
1.599173095036629100e+01,5.196028362631381903e+00,0.000000000000000000e+00
1.590774904999851103e+01,5.477477263196925961e+00,0.000000000000000000e+00
1.582353490328509338e+01,5.759295705668104226e+00,0.000000000000000000e+00
1.573923243123120308e+01,6.041725269412687283e+00,0.000000000000000000e+00
1.565505360798765544e+01,6.325052224482305085e+00,0.000000000000000000e+00
1.557084201593303696e+01,6.609430302941966318e+00,0.000000000000000000e+00
1.548552394752737271e+01,6.894599468471465542e+00,0.000000000000000000e+00
1.539790517749967336e+01,7.180161103812601198e+00,0.000000000000000000e+00
1.530687101537690076e+01,7.465659823173531606e+00,0.000000000000000000e+00
1.521139670950039502e+01,7.750593745846264149e+00,0.000000000000000000e+00
1.511068999643481092e+01,8.034496390017146439e+00,0.000000000000000000e+00
1.500492105406846655e+01,8.317363556604373542e+00,0.000000000000000000e+00
1.489449647108050279e+01,8.599341547022257615e+00,0.000000000000000000e+00
1.477945169199075970e+01,8.880390492537491909e+00,0.000000000000000000e+00
1.465963768549321600e+01,9.160358299759698397e+00,0.000000000000000000e+00
1.453506197745775630e+01,9.439179615757490538e+00,0.000000000000000000e+00
1.440578007255189696e+01,9.716821350695166615e+00,0.000000000000000000e+00
1.427155598507153478e+01,9.993051082728987566e+00,0.000000000000000000e+00
1.413225567397971894e+01,1.026768476379132977e+01,0.000000000000000000e+00
1.398840812173517811e+01,1.054102159462436283e+01,0.000000000000000000e+00
1.383999994005443490e+01,1.081299302401835760e+01,0.000000000000000000e+00
1.368644033391662695e+01,1.108306085368182359e+01,0.000000000000000000e+00
1.352830342707079758e+01,1.135159441610943887e+01,0.000000000000000000e+00
1.336562506830680697e+01,1.161856061450320432e+01,0.000000000000000000e+00
1.319711463146782826e+01,1.188273538723583123e+01,0.000000000000000000e+00
1.302137470604962211e+01,1.214262835564263021e+01,0.000000000000000000e+00
1.283769553799033858e+01,1.239721847542812938e+01,0.000000000000000000e+00
1.264585581075948539e+01,1.264585581075948362e+01,0.000000000000000000e+00
1.244566798735571211e+01,1.288786647627970261e+01,0.000000000000000000e+00
1.223733136187937731e+01,1.312293124668318001e+01,0.000000000000000000e+00
1.202150457966812169e+01,1.335123343325586731e+01,0.000000000000000000e+00
1.179843189812412874e+01,1.357254331035060346e+01,0.000000000000000000e+00
1.156830604575359622e+01,1.378657029025616687e+01,0.000000000000000000e+00
1.133137891049734947e+01,1.399308759619441922e+01,0.000000000000000000e+00
1.108792138639153357e+01,1.419189219692652237e+01,0.000000000000000000e+00
1.083820788058668860e+01,1.438278764357808193e+01,0.000000000000000000e+00
1.058249880234466644e+01,1.456556002495504210e+01,0.000000000000000000e+00
1.032043383991315899e+01,1.473910701718584271e+01,0.000000000000000000e+00
1.005299111603169493e+01,1.490417224543392116e+01,0.000000000000000000e+00
9.780487386639681091e+00,1.506062985571689161e+01,0.000000000000000000e+00
9.503267368931163972e+00,1.520840690920963922e+01,0.000000000000000000e+00
9.221735406650321210e+00,1.534754502895343364e+01,0.000000000000000000e+00
8.935441267613125405e+00,1.547663826355358019e+01,0.000000000000000000e+00
8.644938708227744684e+00,1.559588227103730063e+01,0.000000000000000000e+00
8.351113022423216847e+00,1.570615927636973730e+01,0.000000000000000000e+00
8.054367851970395620e+00,1.580758696148004994e+01,0.000000000000000000e+00
7.753764266745840850e+00,1.589757266280927084e+01,0.000000000000000000e+00
7.450696482390175568e+00,1.597807016910195443e+01,0.000000000000000000e+00
7.145748321487030985e+00,1.604961350712419588e+01,0.000000000000000000e+00
6.838238038087824044e+00,1.610987926009517324e+01,0.000000000000000000e+00
6.529009298011296814e+00,1.615986507934052341e+01,0.000000000000000000e+00
6.218954697984532487e+00,1.620093087754564110e+01,0.000000000000000000e+00
5.907328754633306644e+00,1.623025236264999904e+01,0.000000000000000000e+00
5.595104506781430231e+00,1.624936337032764300e+01,0.000000000000000000e+00
5.283041124361451679e+00,1.625952869466707895e+01,0.000000000000000000e+00
4.970330368450542657e+00,1.625721810037769899e+01,0.000000000000000000e+00
4.658247598584116744e+00,1.624523995828948131e+01,0.000000000000000000e+00
4.347257481993542783e+00,1.622418579638384628e+01,0.000000000000000000e+00
4.036651470753163551e+00,1.619012475422620412e+01,0.000000000000000000e+00
3.727814849845812795e+00,1.614694008590535645e+01,0.000000000000000000e+00
3.420984975222495006e+00,1.609446891850514305e+01,0.000000000000000000e+00
3.115748540102077691e+00,1.602913666473576981e+01,0.000000000000000000e+00
2.813239154488961891e+00,1.595467207108993968e+01,0.000000000000000000e+00
2.513724368049346403e+00,1.587103103624712119e+01,0.000000000000000000e+00
2.217078239709335374e+00,1.577533137898465299e+01,0.000000000000000000e+00
1.924002983152331092e+00,1.566974682324915058e+01,0.000000000000000000e+00
1.634879860393272821e+00,1.555484283065013962e+01,0.000000000000000000e+00
1.350017462740217500e+00,1.543077020876185657e+01,0.000000000000000000e+00
1.069520823936031206e+00,1.529486035771270735e+01,0.000000000000000000e+00
7.939543618526970770e-01,1.514955170232929760e+01,0.000000000000000000e+00
5.236376977749190864e-01,1.499502174196534909e+01,0.000000000000000000e+00
2.588817880678651595e-01,1.483132770531050504e+01,0.000000000000000000e+00
8.975727092749319235e-16,1.465847475206495432e+01,0.000000000000000000e+00
-2.526881186145039093e-01,1.447649261997374737e+01,0.000000000000000000e+00
-4.988587809347556079e-01,1.428544640325426762e+01,0.000000000000000000e+00
-7.381727529047843461e-01,1.408517519733286960e+01,0.000000000000000000e+00
-9.703177505055315955e-01,1.387619031294306993e+01,0.000000000000000000e+00
-1.194997433659156894e+00,1.365888316838973182e+01,0.000000000000000000e+00
-1.411844241095299823e+00,1.343280066237600145e+01,0.000000000000000000e+00
-1.620573899452589117e+00,1.319851524927556419e+01,0.000000000000000000e+00
-1.820914182267907355e+00,1.295647763956907816e+01,0.000000000000000000e+00
-2.012602378450916607e+00,1.270707131538305390e+01,0.000000000000000000e+00
-2.195939394723643634e+00,1.245379116627852056e+01,0.000000000000000000e+00
-2.371495380319934121e+00,1.220028608267995729e+01,0.000000000000000000e+00
-2.539562861677597816e+00,1.194770390396170612e+01,0.000000000000000000e+00
-2.700444484297176206e+00,1.169691013357694764e+01,0.000000000000000000e+00
-2.854301481196038548e+00,1.144797795934418794e+01,0.000000000000000000e+00
-3.001271171550873973e+00,1.120089649951962585e+01,0.000000000000000000e+00
-3.141639278718534101e+00,1.095619819794095484e+01,0.000000000000000000e+00
-3.275555577970094667e+00,1.071385953919382139e+01,0.000000000000000000e+00
-3.403020312697344618e+00,1.047341959306160497e+01,0.000000000000000000e+00
-3.524569041964513705e+00,1.023609175079280398e+01,0.000000000000000000e+00
-3.642149641370634683e+00,1.000672389794056905e+01,0.000000000000000000e+00
-3.755949267837944916e+00,9.784582365189319120e+00,0.000000000000000000e+00
-3.866250768996201792e+00,9.569306450353142424e+00,0.000000000000000000e+00
-3.973268264623528445e+00,9.360433441265779919e+00,0.000000000000000000e+00
-4.077210178539374397e+00,9.157563995936012446e+00,0.000000000000000000e+00
-4.178267739665038505e+00,8.960324083453508948e+00,0.000000000000000000e+00
-4.276618456549743819e+00,8.768367250432856252e+00,0.000000000000000000e+00
-4.372427250376588859e+00,8.581371656146094651e+00,0.000000000000000000e+00
-4.465847589334226875e+00,8.399037751464003776e+00,0.000000000000000000e+00
-4.557022546092832194e+00,8.221086295000045396e+00,0.000000000000000000e+00
-4.646085719630595356e+00,8.047256522720404703e+00,0.000000000000000000e+00
-4.733162072050956404e+00,7.877304523154069926e+00,0.000000000000000000e+00
-4.818368685042400124e+00,7.711001780323478272e+00,0.000000000000000000e+00
-4.901815438103739986e+00,7.548133852221380558e+00,0.000000000000000000e+00
-4.983605619104312545e+00,7.388499173344825977e+00,0.000000000000000000e+00
-5.063836474219577610e+00,7.231907967124713288e+00,0.000000000000000000e+00
-5.142599702915402027e+00,7.078181255313189091e+00,0.000000000000000000e+00
-5.219981903500319653e+00,6.927149953992349118e+00,0.000000000000000000e+00
-5.296065001814563189e+00,6.778654082623174482e+00,0.000000000000000000e+00
-5.370926692997773699e+00,6.632542101141161162e+00,0.000000000000000000e+00
-5.444640730685073926e+00,6.488670151178700607e+00,0.000000000000000000e+00
-5.517277210100190565e+00,6.346901396379728943e+00,0.000000000000000000e+00
-5.588902847644448890e+00,6.207105446758438561e+00,0.000000000000000000e+00
-5.659581371752587131e+00,6.069157974906047137e+00,0.000000000000000000e+00
-5.729373738306190234e+00,5.932940185051661430e+00,0.000000000000000000e+00
-5.798338241923650216e+00,5.798338241923651104e+00,0.000000000000000000e+00
-5.866530746082811554e+00,5.665242888552737277e+00,0.000000000000000000e+00
-5.934005080468728544e+00,5.533549258754618450e+00,0.000000000000000000e+00
-6.000813054516549450e+00,5.403156343361977143e+00,0.000000000000000000e+00
-6.067004531211068752e+00,5.273966577252735988e+00,0.000000000000000000e+00
-6.132627805871311288e+00,5.145885730054152063e+00,0.000000000000000000e+00
-6.197729735237498261e+00,5.018822581653249237e+00,0.000000000000000000e+00
-6.262355647092489264e+00,4.892688455146537052e+00,0.000000000000000000e+00
-6.326549678751793415e+00,4.767397133599943437e+00,0.000000000000000000e+00
-6.390354987332655945e+00,4.642864667348335139e+00,0.000000000000000000e+00
-6.453813561650391328e+00,4.519008906067662146e+00,0.000000000000000000e+00
-6.516966553119376115e+00,4.395749444056251676e+00,0.000000000000000000e+00
-6.579854491486457846e+00,4.273007468906047990e+00,0.000000000000000000e+00
-6.642517048958004544e+00,4.150705323429046523e+00,0.000000000000000000e+00
-6.704993409519058645e+00,4.028766490619335450e+00,0.000000000000000000e+00
-6.767322420224955337e+00,3.907115421009866640e+00,0.000000000000000000e+00
-6.829542352343176859e+00,3.785677143183860061e+00,0.000000000000000000e+00
-6.891691338397150091e+00,3.664377284725487627e+00,0.000000000000000000e+00
-6.953807404702692985e+00,3.543141843578827999e+00,0.000000000000000000e+00
-7.015928282328679266e+00,3.421896862332602929e+00,0.000000000000000000e+00
-7.078091905570733644e+00,3.300568460692540729e+00,0.000000000000000000e+00
-7.140336306153074020e+00,3.179082546249345054e+00,0.000000000000000000e+00
-7.202699520389572285e+00,3.057364555130376083e+00,0.000000000000000000e+00
-7.265220112287517296e+00,2.935339461829201468e+00,0.000000000000000000e+00
-7.327936955945371089e+00,2.812931448394331291e+00,0.000000000000000000e+00
-7.390889253864414421e+00,2.690063693164590042e+00,0.000000000000000000e+00
-7.454117046347665365e+00,2.566658331750703237e+00,0.000000000000000000e+00
-7.517660941165506649e+00,2.442636109385481813e+00,0.000000000000000000e+00
-7.581562213278660423e+00,2.317916181986916069e+00,0.000000000000000000e+00
-7.645863295098275891e+00,2.192416020012069477e+00,0.000000000000000000e+00
-7.710607514854410205e+00,2.066051056758587023e+00,0.000000000000000000e+00
-7.775839215436334051e+00,1.938734462014426452e+00,0.000000000000000000e+00
-7.841604253774524302e+00,1.810376989591443664e+00,0.000000000000000000e+00
-7.907949804713933162e+00,1.680886620349116178e+00,0.000000000000000000e+00
-7.974924438617200906e+00,1.550168277728358968e+00,0.000000000000000000e+00
-8.042578622892687434e+00,1.418123605685111199e+00,0.000000000000000000e+00
-8.110964696702614773e+00,1.284650603979316630e+00,0.000000000000000000e+00
-8.180136881433096363e+00,1.149643265296427019e+00,0.000000000000000000e+00
-8.250151662205851721e+00,1.012991249226314450e+00,0.000000000000000000e+00
-8.321068101231801961e+00,8.745794993735852563e-01,0.000000000000000000e+00
-8.392947805359240121e+00,7.342877865337207322e-01,0.000000000000000000e+00
-8.465855166649504326e+00,5.919902621792978437e-01,0.000000000000000000e+00
-8.539857775768576076e+00,4.475549814210424970e-01,0.000000000000000000e+00
-8.615026714616888626e+00,3.008433620663826802e-01,0.000000000000000000e+00
-8.691436704232074817e+00,1.517095919918636515e-01,0.000000000000000000e+00
-8.769166446273858995e+00,1.073913161961965065e-15,0.000000000000000000e+00
-8.848299008562859669e+00,-1.544476336987451737e-01,0.000000000000000000e+00
-8.928922288588514888e+00,-3.118048370495273836e-01,0.000000000000000000e+00
-9.011129400599402928e+00,-4.722532807175343628e-01,0.000000000000000000e+00
-9.095019097447856637e+00,-6.359856900498677135e-01,0.000000000000000000e+00
-9.180696297748907497e+00,-8.032068493274483467e-01,0.000000000000000000e+00
-9.268272663326030170e+00,-9.741347105126529904e-01,0.000000000000000000e+00
-9.357867232331706475e+00,-1.149001619109530248e+00,0.000000000000000000e+00
-9.449607116309248767e+00,-1.328055671735761001e+00,0.000000000000000000e+00
-9.543628271133686169e+00,-1.511562222388929788e+00,0.000000000000000000e+00
-9.640076353458553626e+00,-1.699805557204417061e+00,0.000000000000000000e+00
-9.739107675917217932e+00,-1.893090760770315351e+00,0.000000000000000000e+00
-9.840890275758555461e+00,-2.091745800787191634e+00,0.000000000000000000e+00
-9.945605112857892394e+00,-2.296123862054653131e+00,0.000000000000000000e+00
-1.005344741351201776e+01,-2.506605965299889771e+00,0.000000000000000000e+00
-1.016462817841393296e+01,-2.723603911768642138e+00,0.000000000000000000e+00
-1.027937586673379045e+01,-2.947563598266359275e+00,0.000000000000000000e+00
-1.039793828677313670e+01,-3.178968758180242382e+00,0.000000000000000000e+00
-1.052058487496164041e+01,-3.418345241765048836e+00,0.000000000000000000e+00
-1.064760892217314847e+01,-3.666265767413626531e+00,0.000000000000000000e+00
-1.077933106238796057e+01,-3.923355652010297234e+00,0.000000000000000000e+00
-1.091610910355294628e+01,-4.190301687376671858e+00,0.000000000000000000e+00
-1.105830303334860965e+01,-4.467844438705304455e+00,0.000000000000000000e+00
-1.120584807038796527e+01,-4.756600300150682692e+00,0.000000000000000000e+00
-1.135649279900397168e+01,-5.056236358616390092e+00,0.000000000000000000e+00
-1.150407052650374418e+01,-5.364436186463899858e+00,0.000000000000000000e+00
-1.165040291619867752e+01,-5.682281172152837456e+00,0.000000000000000000e+00
-1.179307256001290227e+01,-6.008870597060980145e+00,0.000000000000000000e+00
-1.193372632848727477e+01,-6.345274843723595737e+00,0.000000000000000000e+00
-1.206953323682290069e+01,-6.690251519980967565e+00,0.000000000000000000e+00
-1.220311683038527129e+01,-7.045472786975390811e+00,0.000000000000000000e+00
-1.232451133607777294e+01,-7.405313510607874683e+00,0.000000000000000000e+00
-1.243455760253087661e+01,-7.769973950372667026e+00,0.000000000000000000e+00
-1.253280846928074510e+01,-8.138900984040986941e+00,0.000000000000000000e+00
-1.261938906253068637e+01,-8.511885400025112958e+00,0.000000000000000000e+00
-1.269394313240577610e+01,-8.888394670915895190e+00,0.000000000000000000e+00
-1.275478902221640709e+01,-9.266896660376129802e+00,0.000000000000000000e+00
-1.280340041802274698e+01,-9.648054240088843159e+00,0.000000000000000000e+00
-1.284055807121888648e+01,-1.003214345736812341e+01,0.000000000000000000e+00
-1.286567163573858608e+01,-1.041841546695099829e+01,0.000000000000000000e+00
-1.287812094920564654e+01,-1.080602653873485863e+01,0.000000000000000000e+00
-1.287755270888864700e+01,-1.119428578536632735e+01,0.000000000000000000e+00
-1.286440187905438393e+01,-1.158315947937330037e+01,0.000000000000000000e+00
-1.283882846196976857e+01,-1.197240122912039695e+01,0.000000000000000000e+00
-1.280087658167803966e+01,-1.236166282261723559e+01,0.000000000000000000e+00
-1.275059903291109009e+01,-1.275059903291108476e+01,0.000000000000000000e+00
-1.268805716254875016e+01,-1.313886781492677969e+01,0.000000000000000000e+00
-1.261332074693378580e+01,-1.352613049851693461e+01,0.000000000000000000e+00
-1.252646782875264186e+01,-1.391205193721794409e+01,0.000000000000000000e+00
-1.242758041782457923e+01,-1.429629589086385444e+01,0.000000000000000000e+00
-1.231674095559703019e+01,-1.467852028288499433e+01,0.000000000000000000e+00
-1.219403979298157203e+01,-1.505838506702822244e+01,0.000000000000000000e+00
-1.205955470760916626e+01,-1.543552613597901058e+01,0.000000000000000000e+00
-1.191332941295682168e+01,-1.580952210572246841e+01,0.000000000000000000e+00
-1.175544018022978676e+01,-1.617997533124866649e+01,0.000000000000000000e+00
-1.158611126167170902e+01,-1.654668170424880103e+01,0.000000000000000000e+00
-1.140554546936347435e+01,-1.690941653747558959e+01,0.000000000000000000e+00
-1.121356277881809227e+01,-1.726737244263727789e+01,0.000000000000000000e+00
-1.101028558824794779e+01,-1.762014020147624294e+01,0.000000000000000000e+00
-1.079684028748954994e+01,-1.796895976468431044e+01,0.000000000000000000e+00
-1.057294346450376032e+01,-1.831287526607379945e+01,0.000000000000000000e+00
-1.033763964082280573e+01,-1.864959558883128210e+01,0.000000000000000000e+00
-1.009217678594646728e+01,-1.898062397428340731e+01,0.000000000000000000e+00
-9.837113964601304161e+00,-1.930642321077793611e+01,0.000000000000000000e+00
-9.572199472659937314e+00,-1.962591735115796610e+01,0.000000000000000000e+00
-9.297248646560383634e+00,-1.993801406424683975e+01,0.000000000000000000e+00
-9.012596479905843339e+00,-2.024262312222822047e+01,0.000000000000000000e+00
-8.718758360698616983e+00,-2.054010751109745314e+01,0.000000000000000000e+00
-8.415965149049338123e+00,-2.083024469922171562e+01,0.000000000000000000e+00
-8.104388994991921891e+00,-2.111265514687821465e+01,0.000000000000000000e+00
-7.784257429052472865e+00,-2.138707151354352121e+01,0.000000000000000000e+00
-7.455805693503665843e+00,-2.165323199691068012e+01,0.000000000000000000e+00
-7.119286971736463521e+00,-2.191091230933956524e+01,0.000000000000000000e+00
-6.774965792039877144e+00,-2.215991460103408528e+01,0.000000000000000000e+00
-6.423115541907535864e+00,-2.240006591530739755e+01,0.000000000000000000e+00
-6.064017731516727849e+00,-2.263122227201900571e+01,0.000000000000000000e+00
-5.697953926830793492e+00,-2.285324496989863263e+01,0.000000000000000000e+00
-5.325150996122633984e+00,-2.306576306662539722e+01,0.000000000000000000e+00
-4.945632702820563331e+00,-2.326737252411087553e+01,0.000000000000000000e+00
-4.560051481641099080e+00,-2.345943116290799679e+01,0.000000000000000000e+00
-4.168690513611717385e+00,-2.364181872145894658e+01,0.000000000000000000e+00
-3.771838040142090787e+00,-2.381444813905604008e+01,0.000000000000000000e+00
-3.369812335344217757e+00,-2.397746066102515883e+01,0.000000000000000000e+00
-2.962540084727153022e+00,-2.412795275677920159e+01,0.000000000000000000e+00
-2.550718772456387118e+00,-2.426846802137734471e+01,0.000000000000000000e+00
-2.134633862943265736e+00,-2.439897670068699753e+01,0.000000000000000000e+00
-1.714555332660382847e+00,-2.451928359104173438e+01,0.000000000000000000e+00
-1.290621077636467273e+00,-2.462651719444428977e+01,0.000000000000000000e+00
-8.633745801957918298e-01,-2.472381315651714218e+01,0.000000000000000000e+00
-4.330811566970947935e-01,-2.481120285018149119e+01,0.000000000000000000e+00
-4.571376233887837499e-15,-2.488541314971036655e+01,0.000000000000000000e+00
4.354843077777787452e-01,-2.494887928338732053e+01,0.000000000000000000e+00
8.731053448154498797e-01,-2.500246579680236181e+01,0.000000000000000000e+00
1.312438103277791202e+00,-2.504281084282623482e+01,0.000000000000000000e+00
1.753217070178952008e+00,-2.507217219619951365e+01,0.000000000000000000e+00
2.195235325635285673e+00,-2.509165458888072209e+01,0.000000000000000000e+00
2.637844677217222156e+00,-2.509741563267590436e+01,0.000000000000000000e+00
3.080982643379529762e+00,-2.509258998625975323e+01,0.000000000000000000e+00
3.524446412669683504e+00,-2.507773929287550985e+01,0.000000000000000000e+00
3.967329903346146658e+00,-2.504873518646735775e+01,0.000000000000000000e+00
4.409900733669497086e+00,-2.500978985717867431e+01,0.000000000000000000e+00
4.851768190763749544e+00,-2.496018353035073645e+01,0.000000000000000000e+00
5.292027416730054945e+00,-2.489703152493379790e+01,0.000000000000000000e+00
5.731069396759708390e+00,-2.482398882591293798e+01,0.000000000000000000e+00
6.168406777673884456e+00,-2.474012829418772341e+01,0.000000000000000000e+00
6.603105309891759589e+00,-2.464312450424384338e+01,0.000000000000000000e+00
7.035642444038925802e+00,-2.453620108104148301e+01,0.000000000000000000e+00
7.465650287527889617e+00,-2.441904179164747291e+01,0.000000000000000000e+00
7.891854661231760382e+00,-2.428863116865279537e+01,0.000000000000000000e+00
8.314949624745201717e+00,-2.414836714751155000e+01,0.000000000000000000e+00
8.734615902138809673e+00,-2.399815995873568397e+01,0.000000000000000000e+00
9.149866801244009196e+00,-2.383621794732567878e+01,0.000000000000000000e+00
9.560571900809497592e+00,-2.366324582283483835e+01,0.000000000000000000e+00
9.966883632954960603e+00,-2.348050638658700251e+01,0.000000000000000000e+00
1.036848439548820622e+01,-2.328799724191850729e+01,0.000000000000000000e+00
1.076465410263296008e+01,-2.308487521998798186e+01,0.000000000000000000e+00
1.115483966863530974e+01,-2.287081062480410054e+01,0.000000000000000000e+00
1.153939314626861901e+01,-2.264733421602093344e+01,0.000000000000000000e+00
1.191795245414887106e+01,-2.241440859325706825e+01,0.000000000000000000e+00
1.229022716399719606e+01,-2.217215672698505458e+01,0.000000000000000000e+00
1.265590367843093134e+01,-2.192066818674021889e+01,0.000000000000000000e+00
1.301467754412101563e+01,-2.166006080608864082e+01,0.000000000000000000e+00
1.336618809781721851e+01,-2.139037233459442788e+01,0.000000000000000000e+00
1.370995542114967414e+01,-2.111148000848820772e+01,0.000000000000000000e+00
1.404609191824012093e+01,-2.082418763812507834e+01,0.000000000000000000e+00
1.437433554103907518e+01,-2.052867865117729096e+01,0.000000000000000000e+00
1.469446861852802577e+01,-2.022520093747300862e+01,0.000000000000000000e+00
1.500625985031691023e+01,-1.991397942625334494e+01,0.000000000000000000e+00
1.530906753990327296e+01,-1.959471289437786368e+01,0.000000000000000000e+00
1.560289027289587693e+01,-1.926796483172752517e+01,0.000000000000000000e+00
1.588766148699669678e+01,-1.893417765504898753e+01,0.000000000000000000e+00
1.616323275792440484e+01,-1.859367232327595332e+01,0.000000000000000000e+00
1.642961442145155004e+01,-1.824693539028229949e+01,0.000000000000000000e+00
1.668652734158443707e+01,-1.789410980008652530e+01,0.000000000000000000e+00
1.693327357284994861e+01,-1.753491809639490384e+01,0.000000000000000000e+00
1.716951307245625813e+01,-1.716951307245626879e+01,0.000000000000000000e+00
1.739604719237883401e+01,-1.679916749969437006e+01,0.000000000000000000e+00
1.761272767650286752e+01,-1.642413426637324392e+01,0.000000000000000000e+00
1.781804539947768617e+01,-1.604344013917222611e+01,0.000000000000000000e+00
1.801243311940202219e+01,-1.565796922649794354e+01,0.000000000000000000e+00
1.819642101833391123e+01,-1.526861016523050019e+01,0.000000000000000000e+00
1.836955559455333997e+01,-1.487537281735732542e+01,0.000000000000000000e+00
1.853160439879646759e+01,-1.447847615288835854e+01,0.000000000000000000e+00
1.868266088988297824e+01,-1.407839478026838975e+01,0.000000000000000000e+00
1.882264956221318641e+01,-1.367545539668937238e+01,0.000000000000000000e+00
1.895129080076196715e+01,-1.326983667749786555e+01,0.000000000000000000e+00
1.906835043763418724e+01,-1.286176477232028859e+01,0.000000000000000000e+00
1.917376563738052297e+01,-1.245158899510441586e+01,0.000000000000000000e+00
1.926751527376915263e+01,-1.203967978202322620e+01,0.000000000000000000e+00
1.934958173653524582e+01,-1.162640166013895282e+01,0.000000000000000000e+00
1.941992700471337585e+01,-1.121210008381416223e+01,0.000000000000000000e+00
1.947851501427028609e+01,-1.079711718126867304e+01,0.000000000000000000e+00
1.952531916083047747e+01,-1.038179635401415268e+01,0.000000000000000000e+00
1.956032233677168719e+01,-9.966482030899515010e+00,0.000000000000000000e+00
1.958351696225189542e+01,-9.551519421222559814e+00,0.000000000000000000e+00
1.959490501014663977e+01,-9.137254267051142520e+00,0.000000000000000000e+00
1.959446548045259107e+01,-8.724018105185400884e+00,0.000000000000000000e+00
1.958209719057196807e+01,-8.312107105966674681e+00,0.000000000000000000e+00
1.955784285750334206e+01,-7.901881435194159309e+00,0.000000000000000000e+00
1.952179849338303441e+01,-7.493716340818324717e+00,0.000000000000000000e+00
1.947407148556635903e+01,-7.087982360718355856e+00,0.000000000000000000e+00
1.941478040834636332e+01,-6.685045000548876182e+00,0.000000000000000000e+00
1.934405376483492844e+01,-6.285264073183176592e+00,0.000000000000000000e+00
1.926191240441834651e+01,-5.888957605599833833e+00,0.000000000000000000e+00
1.916815967461528558e+01,-5.496381340183998709e+00,0.000000000000000000e+00
1.906291499706150105e+01,-5.107892678845764145e+00,0.000000000000000000e+00
1.895051514175190377e+01,-4.724894093142459894e+00,0.000000000000000000e+00
1.883798717610349627e+01,-4.349092023793576622e+00,0.000000000000000000e+00
1.872824911250165059e+01,-3.980812237453004609e+00,0.000000000000000000e+00
1.862066082036195169e+01,-3.619489806610555860e+00,0.000000000000000000e+00
1.851483617125529335e+01,-3.264665160389339960e+00,0.000000000000000000e+00
1.841079981588641701e+01,-2.915984224766250854e+00,0.000000000000000000e+00
1.830853531825543712e+01,-2.573096835805841032e+00,0.000000000000000000e+00
1.820792449781529498e+01,-2.235652014417502720e+00,0.000000000000000000e+00
1.810883350473111619e+01,-1.903315097068222883e+00,0.000000000000000000e+00
1.801114871450323918e+01,-1.575771329598555148e+00,0.000000000000000000e+00
1.791475996907012913e+01,-1.252722051370285472e+00,0.000000000000000000e+00
1.781964818223239533e+01,-9.338881888358915306e-01,0.000000000000000000e+00
1.772585236872321701e+01,-6.190004046129311543e-01,0.000000000000000000e+00
1.763340162098385022e+01,-3.077921701996269022e-01,0.000000000000000000e+00
1.754231399771814992e+01,-4.296627737388668631e-15,0.000000000000000000e+00
