3.259218369717459041e+01,0.000000000000000000e+00,0.000000000000000000e+00
3.248237408339692678e+01,5.669819486483455018e-01,0.000000000000000000e+00
3.235498920768825570e+01,1.129861120029667099e+00,0.000000000000000000e+00
3.221039758958581700e+01,1.688075407494016078e+00,0.000000000000000000e+00
3.204901610192435157e+01,2.241085521933801505e+00,0.000000000000000000e+00
3.187125095939537189e+01,2.788373151336823952e+00,0.000000000000000000e+00
3.167727631811568401e+01,3.329415902715072040e+00,0.000000000000000000e+00
3.146714391713620884e+01,3.863679448734074651e+00,0.000000000000000000e+00
3.124085585682647093e+01,4.390615958935486063e+00,0.000000000000000000e+00
3.099830436106356046e+01,4.909649087236685361e+00,0.000000000000000000e+00
3.073958650377919710e+01,5.420218476438064314e+00,0.000000000000000000e+00
3.046531773626778161e+01,5.921857879554549342e+00,0.000000000000000000e+00
3.017623252292363745e+01,6.414156229227745420e+00,0.000000000000000000e+00
2.987300257502158729e+01,6.896726067984523034e+00,0.000000000000000000e+00
2.955489720178645641e+01,7.368863493556927047e+00,0.000000000000000000e+00
2.922116360432509907e+01,7.829787189676624237e+00,0.000000000000000000e+00
2.887346702956345723e+01,8.279333441586395281e+00,0.000000000000000000e+00
2.851358929995076608e+01,8.717479087506314173e+00,0.000000000000000000e+00
2.814084766831688000e+01,9.143515676126011016e+00,0.000000000000000000e+00
2.775266021594737254e+01,9.556007254596202927e+00,0.000000000000000000e+00
2.735204901318259729e+01,9.955331686988719397e+00,0.000000000000000000e+00
2.693992745889867635e+01,1.034126925793424157e+01,0.000000000000000000e+00
2.651623993110618827e+01,1.071325634270431237e+01,0.000000000000000000e+00
2.608134054422334103e+01,1.107087223400931464e+01,0.000000000000000000e+00
2.563550098995975901e+01,1.141366040298545848e+01,0.000000000000000000e+00
2.517907730502399488e+01,1.174119657260941274e+01,0.000000000000000000e+00
2.471245927515059293e+01,1.205307173209763150e+01,0.000000000000000000e+00
2.423607926598634066e+01,1.234889918198429726e+01,0.000000000000000000e+00
2.375040599399041241e+01,1.262831487279402154e+01,0.000000000000000000e+00
2.325594151742497573e+01,1.289097888316490703e+01,0.000000000000000000e+00
2.275321736025817287e+01,1.313657616787511984e+01,0.000000000000000000e+00
2.224279080301456091e+01,1.336481705079985360e+01,0.000000000000000000e+00
2.172524116231427627e+01,1.357543736516916510e+01,0.000000000000000000e+00
2.120116629919721518e+01,1.376819837934183610e+01,0.000000000000000000e+00
2.067117882776193838e+01,1.394288617249827666e+01,0.000000000000000000e+00
2.013590439606384308e+01,1.409931204679393701e+01,0.000000000000000000e+00
1.959597308249244918e+01,1.423730782207906920e+01,0.000000000000000000e+00
1.905203377520836838e+01,1.435673721400349301e+01,0.000000000000000000e+00
1.850402031221995713e+01,1.445692510252579055e+01,0.000000000000000000e+00
1.795082382338094362e+01,1.453629051487043888e+01,0.000000000000000000e+00
1.739548538055986882e+01,1.459654536697754779e+01,0.000000000000000000e+00
1.683850107298286503e+01,1.463748566744830626e+01,0.000000000000000000e+00
1.628061887453032597e+01,1.465913507829885454e+01,0.000000000000000000e+00
1.572236205229935280e+01,1.466133980348743293e+01,0.000000000000000000e+00
1.516457867124534076e+01,1.464426339750039574e+01,0.000000000000000000e+00
1.460471462964153488e+01,1.460471462964153311e+01,0.000000000000000000e+00
1.404581214742298378e+01,1.454486426046430836e+01,0.000000000000000000e+00
1.348907187193334245e+01,1.446525860273538910e+01,0.000000000000000000e+00
1.293511072988278343e+01,1.436589585730918905e+01,0.000000000000000000e+00
1.238454192845458302e+01,1.424678577239810551e+01,0.000000000000000000e+00
1.183788577680240550e+01,1.410784290322416368e+01,0.000000000000000000e+00
1.129564107252257266e+01,1.394895504169865852e+01,0.000000000000000000e+00
1.075573571513733206e+01,1.376671392667026694e+01,0.000000000000000000e+00
1.022174465422403067e+01,1.356471331131410629e+01,0.000000000000000000e+00
9.694091798465549914e+00,1.334277268679586470e+01,0.000000000000000000e+00
9.173434724353912273e+00,1.310102251656493877e+01,0.000000000000000000e+00
8.660307614522150033e+00,1.283943404460421611e+01,0.000000000000000000e+00
8.155329900298065482e+00,1.255810678181846107e+01,0.000000000000000000e+00
7.659046319269642744e+00,1.225703628425197422e+01,0.000000000000000000e+00
7.174968177643978429e+00,1.194115232457075493e+01,0.000000000000000000e+00
6.709590235214986542e+00,1.162135118536036771e+01,0.000000000000000000e+00
6.266015331706819680e+00,1.130419089366201035e+01,0.000000000000000000e+00
5.842972323030212856e+00,1.098903268420905732e+01,0.000000000000000000e+00
5.442315736720860997e+00,1.068114603916436600e+01,0.000000000000000000e+00
5.068648934386251526e+00,1.039227038178893814e+01,0.000000000000000000e+00
4.720491416529259965e+00,1.012312651095296800e+01,0.000000000000000000e+00
4.395159800972697539e+00,9.871690540170217076e+00,0.000000000000000000e+00
4.090235660980979127e+00,9.635991358698717590e+00,0.000000000000000000e+00
3.803710070521178377e+00,9.414512789754141409e+00,0.000000000000000000e+00
3.533814861684924313e+00,9.205902452827832150e+00,0.000000000000000000e+00
3.278980030791236011e+00,9.008923593441538813e+00,0.000000000000000000e+00
3.037843186447808375e+00,8.822537226755104101e+00,0.000000000000000000e+00
2.809188746889150767e+00,8.645793959118718064e+00,0.000000000000000000e+00
2.591948670650713993e+00,8.477882096374374399e+00,0.000000000000000000e+00
2.385158512025284949e+00,8.318036245687068231e+00,0.000000000000000000e+00
2.187973227237407059e+00,8.165627249650448505e+00,0.000000000000000000e+00
1.999618606176781332e+00,8.020032179997350852e+00,0.000000000000000000e+00
1.819412266529482736e+00,7.880740337849112542e+00,0.000000000000000000e+00
1.646733924754360201e+00,7.747274004698985195e+00,0.000000000000000000e+00
1.481017397013486336e+00,7.619173997527623143e+00,0.000000000000000000e+00
1.321760774783199199e+00,7.496077851911771894e+00,0.000000000000000000e+00
1.168500386739440788e+00,7.377621086674516881e+00,0.000000000000000000e+00
1.020812106010868137e+00,7.263455551352976158e+00,0.000000000000000000e+00
8.783162325103772705e-01,7.153311670877993578e+00,0.000000000000000000e+00
7.406611281610767650e-01,7.046919910400149867e+00,0.000000000000000000e+00
6.075216883033082160e-01,6.944004672368690123e+00,0.000000000000000000e+00
4.786034695757280244e-01,6.844348487706852779e+00,0.000000000000000000e+00
3.536350173748685766e-01,6.747758104096989840e+00,0.000000000000000000e+00
2.323638449322832922e-01,6.654029917272969108e+00,0.000000000000000000e+00
1.145569511226844917e-01,6.562963334355429446e+00,0.000000000000000000e+00
3.964431388695252617e-16,6.474407790810287722e+00,0.000000000000000000e+00
-1.115068244927280711e-01,6.388221696756230195e+00,0.000000000000000000e+00
-2.201494751070437461e-01,6.304256129266271991e+00,0.000000000000000000e+00
-3.261000117913452345e-01,6.222358898860465004e+00,0.000000000000000000e+00
-4.295191608811360084e-01,6.142410170624079235e+00,0.000000000000000000e+00
-5.305582574668851192e-01,6.064308632508411456e+00,0.000000000000000000e+00
-6.293587068005495055e-01,5.987948108938650371e+00,0.000000000000000000e+00
-7.260518323182547640e-01,5.913217647065593496e+00,0.000000000000000000e+00
-8.207595709703061626e-01,5.840007800639174462e+00,0.000000000000000000e+00
-9.135990204356333466e-01,5.768237199081108102e+00,0.000000000000000000e+00
-1.004681438167016605e+00,5.697831574783977615e+00,0.000000000000000000e+00
-1.094110985509357814e+00,5.628713064419400780e+00,0.000000000000000000e+00
-1.181984639889532840e+00,5.560800525765350777e+00,0.000000000000000000e+00
-1.268392399468841081e+00,5.494011077424681311e+00,0.000000000000000000e+00
-1.353421717198210139e+00,5.428278018371922364e+00,0.000000000000000000e+00
-1.437158039096203099e+00,5.363546820413086280e+00,0.000000000000000000e+00
-1.519681923284877056e+00,5.299760689307614570e+00,0.000000000000000000e+00
-1.601068892476634531e+00,5.236860379330704696e+00,0.000000000000000000e+00
-1.681389381613904721e+00,5.174784419374396371e+00,0.000000000000000000e+00
-1.760709386363028539e+00,5.113471352301433903e+00,0.000000000000000000e+00
-1.839095643946595970e+00,5.052873753960629877e+00,0.000000000000000000e+00
-1.916613813766140595e+00,4.992949687483255516e+00,0.000000000000000000e+00
-1.993326097431792787e+00,4.933655218325040615e+00,0.000000000000000000e+00
-2.069291178764211647e+00,4.874944519069892124e+00,0.000000000000000000e+00
-2.144564184187707667e+00,4.816770021683487002e+00,0.000000000000000000e+00
-2.219196854500689930e+00,4.759083012449775829e+00,0.000000000000000000e+00
-2.293241830744978671e+00,4.701842535246766097e+00,0.000000000000000000e+00
-2.366753195837114632e+00,4.645014686087812095e+00,0.000000000000000000e+00
-2.439782807269363918e+00,4.588564095328465875e+00,0.000000000000000000e+00
-2.512380096701307242e+00,4.532453673842598008e+00,0.000000000000000000e+00
-2.584592029286825632e+00,4.476644711562332901e+00,0.000000000000000000e+00
-2.656463066246052218e+00,4.421096976775249487e+00,0.000000000000000000e+00
-2.728036335872370710e+00,4.365770744775185896e+00,0.000000000000000000e+00
-2.799358759053007351e+00,4.310634474213194345e+00,0.000000000000000000e+00
-2.870477460976365691e+00,4.255657844639113563e+00,0.000000000000000000e+00
-2.941437925181958679e+00,4.200808709804277896e+00,0.000000000000000000e+00
-3.012283940889834977e+00,4.146053155566427506e+00,0.000000000000000000e+00
-3.083057552764818521e+00,4.091355560154245730e+00,0.000000000000000000e+00
-3.153799017859244103e+00,4.036678662527690697e+00,0.000000000000000000e+00
-3.224549298353398097e+00,3.981986759643708851e+00,0.000000000000000000e+00
-3.295354411972006847e+00,3.927250459338819777e+00,0.000000000000000000e+00
-3.366260309227317560e+00,3.872439510217130731e+00,0.000000000000000000e+00
-3.437311796094930649e+00,3.817521498113040757e+00,0.000000000000000000e+00
-3.508552461323770633e+00,3.762461877003698163e+00,0.000000000000000000e+00
-3.580024604451542913e+00,3.707224002025668597e+00,0.000000000000000000e+00
-3.651769273465705901e+00,3.651769273465706345e+00,0.000000000000000000e+00
-3.723831082829054395e+00,3.596061875965687715e+00,0.000000000000000000e+00
-3.796260510273421485e+00,3.540070196738623221e+00,0.000000000000000000e+00
-3.869107766108851099e+00,3.483760280428591649e+00,0.000000000000000000e+00
-3.942422196253878575e+00,3.427095330075818236e+00,0.000000000000000000e+00
-4.016252174807091180e+00,3.370035718595580043e+00,0.000000000000000000e+00
-4.090644996531870525e+00,3.312539003660556425e+00,0.000000000000000000e+00
-4.165648143598163600e+00,3.254561019677636668e+00,0.000000000000000000e+00
-4.241318441375765858e+00,3.196062689274377977e+00,0.000000000000000000e+00
-4.317716838075735808e+00,3.137004906746859056e+00,0.000000000000000000e+00
-4.394903627463620843e+00,3.077344649655227471e+00,0.000000000000000000e+00
-4.472938264731908475e+00,3.017034954872056751e+00,0.000000000000000000e+00
-4.551879206191038918e+00,2.956024919818315944e+00,0.000000000000000000e+00
-4.631784396649086588e+00,2.894260114117849891e+00,0.000000000000000000e+00
-4.712722475706235592e+00,2.831689344057947366e+00,0.000000000000000000e+00
-4.794771720662932779e+00,2.768262743627548872e+00,0.000000000000000000e+00
-4.878010028895474193e+00,2.703925112094144989e+00,0.000000000000000000e+00
-4.962514336322689346e+00,2.638615677378080004e+00,0.000000000000000000e+00
-5.048360381154529897e+00,2.572268092417628438e+00,0.000000000000000000e+00
-5.135624912124352015e+00,2.504811632293733936e+00,0.000000000000000000e+00
-5.224403754900446728e+00,2.436179480203808811e+00,0.000000000000000000e+00
-5.314801955211859941e+00,2.366302287194215648e+00,0.000000000000000000e+00
-5.406923466530194844e+00,2.295102844714806078e+00,0.000000000000000000e+00
-5.500870732641176986e+00,2.222496040916090099e+00,0.000000000000000000e+00
-5.596745197433083518e+00,2.148389194551747483e+00,0.000000000000000000e+00
-5.694667885171861954e+00,2.072689604234222660e+00,0.000000000000000000e+00
-5.794780902100932884e+00,1.995303077556949578e+00,0.000000000000000000e+00
-5.897225602182243342e+00,1.916124751277973104e+00,0.000000000000000000e+00
-6.002141019355353713e+00,1.835038664058492364e+00,0.000000000000000000e+00
-6.109667521026957537e+00,1.751918970174938028e+00,0.000000000000000000e+00
-6.219982275701520180e+00,1.666639227710120963e+00,0.000000000000000000e+00
-6.333281881348006515e+00,1.579064522919400471e+00,0.000000000000000000e+00
-6.449759933187282357e+00,1.489044408969079081e+00,0.000000000000000000e+00
-6.569607441277594440e+00,1.396413169239756780e+00,0.000000000000000000e+00
-6.693047641615606835e+00,1.300996669650720250e+00,0.000000000000000000e+00
-6.820339335394135283e+00,1.202609842417225794e+00,0.000000000000000000e+00
-6.951738212946816375e+00,1.101047166140274536e+00,0.000000000000000000e+00
-7.087501746719249596e+00,9.960834114385829219e-01,0.000000000000000000e+00
-7.227967913254163435e+00,8.874828664491966057e-01,0.000000000000000000e+00
-7.373522116749764876e+00,7.749884032955378643e-01,0.000000000000000000e+00
-7.524542538361903787e+00,6.583121703252502455e-01,0.000000000000000000e+00
-7.681397625030581544e+00,5.371356471888427686e-01,0.000000000000000000e+00
-7.844444516148564084e+00,4.111099168003767290e-01,0.000000000000000000e+00
-8.014033276216121493e+00,2.798562087379368735e-01,0.000000000000000000e+00
-8.190821239366334439e+00,1.429713165485623771e-01,0.000000000000000000e+00
-8.375955187151328474e+00,1.025758670974654382e-15,0.000000000000000000e+00
-8.570467847433288711e+00,-1.495980727421465095e-01,0.000000000000000000e+00
-8.773754469337896822e+00,-3.063862574009393880e-01,0.000000000000000000e+00
-8.984156512561039420e+00,-4.708396915545936534e-01,0.000000000000000000e+00
-9.199852618531840776e+00,-6.433163639640834264e-01,0.000000000000000000e+00
-9.418789068370676532e+00,-8.240372676243310490e-01,0.000000000000000000e+00
-9.639378296869343998e+00,-1.013139484329007134e+00,0.000000000000000000e+00
-9.861587863314428049e+00,-1.210850735602477801e+00,0.000000000000000000e+00
-1.008561464717824308e+01,-1.417440701001096315e+00,0.000000000000000000e+00
-1.031127582638828954e+01,-1.633145650794428194e+00,0.000000000000000000e+00
-1.053826040740936953e+01,-1.858179639558053653e+00,0.000000000000000000e+00
-1.076628099659865256e+01,-2.092753028382388969e+00,0.000000000000000000e+00
-1.099505680058197754e+01,-2.337071468898296089e+00,0.000000000000000000e+00
-1.122429036598003904e+01,-2.591331613461895778e+00,0.000000000000000000e+00
-1.145367127708370525e+01,-2.855720984737580626e+00,0.000000000000000000e+00
-1.168289622697486863e+01,-3.130422609274521317e+00,0.000000000000000000e+00
-1.191166605850833271e+01,-3.415615278977069291e+00,0.000000000000000000e+00
-1.213964224798953673e+01,-3.711461097142179533e+00,0.000000000000000000e+00
-1.236644485627000734e+01,-4.018101506180242311e+00,0.000000000000000000e+00
-1.259179627477091756e+01,-4.335703158321570605e+00,0.000000000000000000e+00
-1.281557835279361335e+01,-4.664489055323161715e+00,0.000000000000000000e+00
-1.303739557420421136e+01,-5.004587271466903076e+00,0.000000000000000000e+00
-1.325622109907333090e+01,-5.355860979494972085e+00,0.000000000000000000e+00
-1.347129071331740846e+01,-5.718223649641559270e+00,0.000000000000000000e+00
-1.368312720218987444e+01,-6.092120735140459153e+00,0.000000000000000000e+00
-1.389198534520163975e+01,-6.477939153444533638e+00,0.000000000000000000e+00
-1.409349133542202814e+01,-6.873855010955918665e+00,0.000000000000000000e+00
-1.428112932106987820e+01,-7.276598836606187781e+00,0.000000000000000000e+00
-1.445102429343711137e+01,-7.683745913989670662e+00,0.000000000000000000e+00
-1.460296694108482107e+01,-8.094556753508868496e+00,0.000000000000000000e+00
-1.473704858472697055e+01,-8.508438967452711665e+00,0.000000000000000000e+00
-1.485333307000634484e+01,-8.924782903066546424e+00,0.000000000000000000e+00
-1.495183049692283639e+01,-9.342940632470288165e+00,0.000000000000000000e+00
-1.503256452376082564e+01,-9.762261546961800818e+00,0.000000000000000000e+00
-1.509557922801300478e+01,-1.018209675596439290e+01,0.000000000000000000e+00
-1.514093905720576494e+01,-1.060179966342928459e+01,0.000000000000000000e+00
-1.516872876461250641e+01,-1.102072654326920365e+01,0.000000000000000000e+00
-1.517905332986729228e+01,-1.143823711344779426e+01,0.000000000000000000e+00
-1.517199687110143635e+01,-1.185366308079642828e+01,0.000000000000000000e+00
-1.514758304985349291e+01,-1.226627089526669145e+01,0.000000000000000000e+00
-1.510613406605723874e+01,-1.267555152334317192e+01,0.000000000000000000e+00
-1.504805997999431177e+01,-1.308107897047217349e+01,0.000000000000000000e+00
-1.497377670625703772e+01,-1.348244910472662639e+01,0.000000000000000000e+00
-1.488368903699721635e+01,-1.387926456438162681e+01,0.000000000000000000e+00
-1.477790353822978808e+01,-1.427085556205025085e+01,0.000000000000000000e+00
-1.465629069651388505e+01,-1.465629069651387795e+01,0.000000000000000000e+00
-1.451921394765193618e+01,-1.503508617520441071e+01,0.000000000000000000e+00
-1.436769547982520479e+01,-1.540746706772760000e+01,0.000000000000000000e+00
-1.420157463433350387e+01,-1.577244651917159679e+01,0.000000000000000000e+00
-1.402032405920659741e+01,-1.612853785671187268e+01,0.000000000000000000e+00
-1.382487567895941538e+01,-1.647584525756819218e+01,0.000000000000000000e+00
-1.361605296850275870e+01,-1.681442509403471419e+01,0.000000000000000000e+00
-1.339415605163583223e+01,-1.714373795857957816e+01,0.000000000000000000e+00
-1.315939939362036526e+01,-1.746311282093867234e+01,0.000000000000000000e+00
-1.291218460166380488e+01,-1.777209743951633669e+01,0.000000000000000000e+00
-1.265300240071567472e+01,-1.807036015788526839e+01,0.000000000000000000e+00
-1.238235778868156522e+01,-1.835760035565899173e+01,0.000000000000000000e+00
-1.210096353705231387e+01,-1.863384977910465423e+01,0.000000000000000000e+00
-1.180799781375886681e+01,-1.889674662019954354e+01,0.000000000000000000e+00
-1.150459823062720233e+01,-1.914686678791890984e+01,0.000000000000000000e+00
-1.119223178974558230e+01,-1.938551410992687352e+01,0.000000000000000000e+00
-1.087079743366343720e+01,-1.961143770821088950e+01,0.000000000000000000e+00
-1.053945512372838955e+01,-1.982183218152598769e+01,0.000000000000000000e+00
-1.020138980591759115e+01,-2.002135480384700728e+01,0.000000000000000000e+00
-9.854192283087222393e+00,-2.020408829367476855e+01,0.000000000000000000e+00
-9.500992153435348087e+00,-2.037494342474908748e+01,0.000000000000000000e+00
-9.140155148854461231e+00,-2.052912458351708835e+01,0.000000000000000000e+00
-8.774317975645125500e+00,-2.067099776141344591e+01,0.000000000000000000e+00
-8.401700525633893690e+00,-2.079493851733721854e+01,0.000000000000000000e+00
-8.025378729458450877e+00,-2.090682636813841810e+01,0.000000000000000000e+00
-7.643572637654171942e+00,-2.100054322591600453e+01,0.000000000000000000e+00
-7.258415361116870024e+00,-2.107996884644490265e+01,0.000000000000000000e+00
-6.870359169944468825e+00,-2.114479131181911953e+01,0.000000000000000000e+00
-6.478752720563733192e+00,-2.119104530056711155e+01,0.000000000000000000e+00
-6.085755875279706295e+00,-2.122355294114014512e+01,0.000000000000000000e+00
-5.691287560780212473e+00,-2.124017433731651039e+01,0.000000000000000000e+00
-5.296647460156975740e+00,-2.124369264485864761e+01,0.000000000000000000e+00
-4.904069271941457586e+00,-2.124185773723266024e+01,0.000000000000000000e+00
-4.513362999092141337e+00,-2.123370346053481938e+01,0.000000000000000000e+00
-4.124551704313678790e+00,-2.121897903450405209e+01,0.000000000000000000e+00
-3.738014888027520577e+00,-2.119933587593080659e+01,0.000000000000000000e+00
-3.353474565489936943e+00,-2.117300511728629431e+01,0.000000000000000000e+00
-2.971187110237221596e+00,-2.114109480372023597e+01,0.000000000000000000e+00
-2.591261337840939483e+00,-2.110413002079357625e+01,0.000000000000000000e+00
-2.213532385703930405e+00,-2.106035384881201722e+01,0.000000000000000000e+00
-1.838331549484118366e+00,-2.101222576041975287e+01,0.000000000000000000e+00
-1.465501824189814339e+00,-2.095765248634096878e+01,0.000000000000000000e+00
-1.095229662147390925e+00,-2.089822688788856198e+01,0.000000000000000000e+00
-7.275160809511421744e-01,-2.083333476151063834e+01,0.000000000000000000e+00
-3.624190427908388634e-01,-2.076297305574373198e+01,0.000000000000000000e+00
-3.800300614284763219e-15,-2.068787298199328717e+01,0.000000000000000000e+00
3.596967625775020494e-01,-2.060701372677392840e+01,0.000000000000000000e+00
7.166375434781193654e-01,-2.052181420708568993e+01,0.000000000000000000e+00
1.070737961528451354e+00,-2.043089740066380244e+01,0.000000000000000000e+00
1.422012206646288135e+00,-2.033572198021906630e+01,0.000000000000000000e+00
1.770350122473689281e+00,-2.023519449407428539e+01,0.000000000000000000e+00
2.115765950882452007e+00,-2.013016835653054315e+01,0.000000000000000000e+00
2.458207563539519747e+00,-2.002049398933318258e+01,0.000000000000000000e+00
2.797571383596946681e+00,-1.990575471905421168e+01,0.000000000000000000e+00
3.134010483371863387e+00,-1.978736343639659268e+01,0.000000000000000000e+00
3.467159080905262147e+00,-1.966323626126050428e+01,0.000000000000000000e+00
3.797346902765992294e+00,-1.953565625865726929e+01,0.000000000000000000e+00
4.124303746508866553e+00,-1.940332358646048050e+01,0.000000000000000000e+00
4.448010969777631551e+00,-1.926645220414309279e+01,0.000000000000000000e+00
4.768675271441734864e+00,-1.912611185692240312e+01,0.000000000000000000e+00
5.085900407400548495e+00,-1.898083872265406669e+01,0.000000000000000000e+00
5.399868997356739975e+00,-1.883158113623060714e+01,0.000000000000000000e+00
5.710690985667831399e+00,-1.867882856382540169e+01,0.000000000000000000e+00
6.018047556384876984e+00,-1.852164589022351393e+01,0.000000000000000000e+00
6.321977434958774289e+00,-1.836035563502839452e+01,0.000000000000000000e+00
6.622650994290710358e+00,-1.819558406374245862e+01,0.000000000000000000e+00
6.920054479303232142e+00,-1.802735825111825108e+01,0.000000000000000000e+00
7.213755589272273561e+00,-1.785467162276613351e+01,0.000000000000000000e+00
7.504052894591302092e+00,-1.767844076498951367e+01,0.000000000000000000e+00
7.790972230787096997e+00,-1.749881013481436298e+01,0.000000000000000000e+00
8.074487910347478703e+00,-1.731579520331092326e+01,0.000000000000000000e+00
8.354576212944932578e+00,-1.712941970416800075e+01,0.000000000000000000e+00
8.630994083629254021e+00,-1.693927966148358166e+01,0.000000000000000000e+00
8.904095169913562202e+00,-1.674616743601889723e+01,0.000000000000000000e+00
9.176026113224247993e+00,-1.655398931187419720e+01,0.000000000000000000e+00
9.446884256929994450e+00,-1.636248350622530978e+01,0.000000000000000000e+00
9.716885792826762014e+00,-1.617161365734483169e+01,0.000000000000000000e+00
9.986182901738397177e+00,-1.598123331097131938e+01,0.000000000000000000e+00
1.025494622251197008e+01,-1.579123239384890631e+01,0.000000000000000000e+00
1.052333960654696199e+01,-1.560149255907076693e+01,0.000000000000000000e+00
1.079152730693592765e+01,-1.541189821310364749e+01,0.000000000000000000e+00
1.105967280062145619e+01,-1.522233368910216988e+01,0.000000000000000000e+00
1.132793951060206616e+01,-1.503268346717372772e+01,0.000000000000000000e+00
1.159649115173948175e+01,-1.484283181247002048e+01,0.000000000000000000e+00
1.186549213453838725e+01,-1.465266249783046959e+01,0.000000000000000000e+00
1.213510796909352685e+01,-1.446205851868583991e+01,0.000000000000000000e+00
1.240550567392992676e+01,-1.427090180288997523e+01,0.000000000000000000e+00
1.267685419336072528e+01,-1.407907291581136988e+01,0.000000000000000000e+00
1.294932482456714418e+01,-1.388645075781168892e+01,0.000000000000000000e+00
1.322309165701490485e+01,-1.369291225287013347e+01,0.000000000000000000e+00
1.349833202743550054e+01,-1.349833202743550764e+01,0.000000000000000000e+00
1.377522699824488761e+01,-1.330258208262444519e+01,0.000000000000000000e+00
1.405396184787110236e+01,-1.310553144314292418e+01,0.000000000000000000e+00
1.433472658311179337e+01,-1.290704578933761226e+01,0.000000000000000000e+00
1.461771647986503986e+01,-1.270698707310437747e+01,0.000000000000000000e+00
1.490313265277487531e+01,-1.250521311232948385e+01,0.000000000000000000e+00
1.519118265808819679e+01,-1.230157716186872108e+01,0.000000000000000000e+00
1.548208115135104279e+01,-1.209592747196115781e+01,0.000000000000000000e+00
1.577605057459922833e+01,-1.188810680511576301e+01,0.000000000000000000e+00
1.607332187048710637e+01,-1.167795190522756243e+01,0.000000000000000000e+00
1.637413525742355347e+01,-1.146529293891336820e+01,0.000000000000000000e+00
1.667874107394254324e+01,-1.124995290458386066e+01,0.000000000000000000e+00
1.698740073204591994e+01,-1.103174702407956609e+01,0.000000000000000000e+00
1.730038765429014447e+01,-1.081048202131643698e+01,0.000000000000000000e+00
1.761798829707003478e+01,-1.058595535419782507e+01,0.000000000000000000e+00
1.794050335366989657e+01,-1.035795444063871074e+01,0.000000000000000000e+00
1.826824902712402476e+01,-1.012625578992808428e+01,0.000000000000000000e+00
1.860155827249976568e+01,-9.890623977088729646e+00,0.000000000000000000e+00
1.894078238626147126e+01,-9.650810659136039860e+00,0.000000000000000000e+00
1.928629261681515672e+01,-9.406553421837905660e+00,0.000000000000000000e+00
1.963848182226440997e+01,-9.157574468259639389e+00,0.000000000000000000e+00
1.999776662718363696e+01,-8.903579344527889461e+00,0.000000000000000000e+00
2.036458931098430369e+01,-8.644255304964167053e+00,0.000000000000000000e+00
2.073942043524126078e+01,-8.379269764459058578e+00,0.000000000000000000e+00
2.112276118356049182e+01,-8.108268339010999526e+00,0.000000000000000000e+00
2.151514649976351023e+01,-7.830872911790584645e+00,0.000000000000000000e+00
2.191714809074317216e+01,-7.546679292201761591e+00,0.000000000000000000e+00
2.232937805910783879e+01,-7.255254736035047891e+00,0.000000000000000000e+00
2.275249291361996029e+01,-6.956135163364358220e+00,0.000000000000000000e+00
2.318719788866520659e+01,-6.648822003251137147e+00,0.000000000000000000e+00
2.363425191890515720e+01,-6.332778715384347556e+00,0.000000000000000000e+00
2.409447319634313089e+01,-6.007426881602784263e+00,0.000000000000000000e+00
2.456874538556342102e+01,-5.672141805389562030e+00,0.000000000000000000e+00
2.505802461763999389e+01,-5.326247554968341902e+00,0.000000000000000000e+00
2.556334740422921215e+01,-4.969011371028963175e+00,0.000000000000000000e+00
2.608583959152060672e+01,-4.599637334418191337e+00,0.000000000000000000e+00
2.662672653810788859e+01,-4.217259180412701980e+00,0.000000000000000000e+00
2.718734470514386814e+01,-3.820932118202573946e+00,0.000000000000000000e+00
2.776915483012142616e+01,-3.409623482461249466e+00,0.000000000000000000e+00
2.837375705000274095e+01,-2.982202036354632657e+00,0.000000000000000000e+00
2.900290838798908410e+01,-2.537425693229980350e+00,0.000000000000000000e+00
2.965854264887219216e+01,-2.073927334326252758e+00,0.000000000000000000e+00
3.034279369229034629e+01,-1.590198434656423521e+00,0.000000000000000000e+00
3.105802231879230746e+01,-1.084570038264097702e+00,0.000000000000000000e+00
3.180684797839539257e+01,-5.551905966248675828e-01,0.000000000000000000e+00
3.259208269354923004e+01,-7.982757949640181554e-15,0.000000000000000000e+00
