2.778907325511032766e+01,0.000000000000000000e+00,0.000000000000000000e+00
2.778734967483284279e+01,4.850299927572929715e-01,0.000000000000000000e+00
2.777008509756361931e+01,9.697527404582378940e-01,0.000000000000000000e+00
2.773730817164611651e+01,1.453650724565324737e+00,0.000000000000000000e+00
2.768909047677916391e+01,1.936209822656581814e+00,0.000000000000000000e+00
2.762551883866579061e+01,2.416919722405106441e+00,0.000000000000000000e+00
2.754669517794838995e+01,2.895274330774962657e+00,0.000000000000000000e+00
2.745273634895517390e+01,3.370772178189668900e+00,0.000000000000000000e+00
2.734377394732409172e+01,3.842916814470433096e+00,0.000000000000000000e+00
2.721989772736157676e+01,4.311208267239280190e+00,0.000000000000000000e+00
2.708103390111904574e+01,4.775116942247903395e+00,0.000000000000000000e+00
2.692709076499507503e+01,5.234096227079146679e+00,0.000000000000000000e+00
2.675810050779885430e+01,5.687609840758597102e+00,0.000000000000000000e+00
2.657460911600961495e+01,6.135231936482039572e+00,0.000000000000000000e+00
2.637729024129006916e+01,6.576597096275772714e+00,0.000000000000000000e+00
2.616627689248118216e+01,7.011232762269478336e+00,0.000000000000000000e+00
2.594124506076984105e+01,7.438532322014218323e+00,0.000000000000000000e+00
2.570269661243797543e+01,7.858102950645864837e+00,0.000000000000000000e+00
2.545183594576130659e+01,8.269802804066529234e+00,0.000000000000000000e+00
2.518755146278339296e+01,8.672769479790822800e+00,0.000000000000000000e+00
2.490837265273702883e+01,9.065906229606563116e+00,0.000000000000000000e+00
2.461792543473863049e+01,9.449936191579762834e+00,0.000000000000000000e+00
2.431653214654395612e+01,9.824516708567418988e+00,0.000000000000000000e+00
2.400071344296909714e+01,1.018769842760369571e+01,0.000000000000000000e+00
2.367355446476711123e+01,1.054014553092828699e+01,0.000000000000000000e+00
2.333673957182727676e+01,1.088210037871186309e+01,0.000000000000000000e+00
2.298905497927984243e+01,1.121251129372706501e+01,0.000000000000000000e+00
2.262930980914793722e+01,1.153020925225478877e+01,0.000000000000000000e+00
2.225920087358881716e+01,1.183542704573459936e+01,0.000000000000000000e+00
2.187960528696499196e+01,1.212806325277855457e+01,0.000000000000000000e+00
2.149079988209467729e+01,1.240771909702773534e+01,0.000000000000000000e+00
2.109308159176594089e+01,1.267400206242731997e+01,0.000000000000000000e+00
2.068678891240872986e+01,1.292654038078190482e+01,0.000000000000000000e+00
2.027229129365710847e+01,1.316497989761271015e+01,0.000000000000000000e+00
1.984998888786627447e+01,1.338898656409333299e+01,0.000000000000000000e+00
1.942030901208068272e+01,1.359824676462085513e+01,0.000000000000000000e+00
1.898370339868225543e+01,1.379246785818256527e+01,0.000000000000000000e+00
1.854064522301087337e+01,1.397137829931886621e+01,0.000000000000000000e+00
1.809162623666541236e+01,1.413472753883850075e+01,0.000000000000000000e+00
1.763715397997132683e+01,1.428228568398255227e+01,0.000000000000000000e+00
1.717774913411475879e+01,1.441384296289153610e+01,0.000000000000000000e+00
1.671394300124687504e+01,1.452920898760024393e+01,0.000000000000000000e+00
1.624627526616193407e+01,1.462821195442817235e+01,0.000000000000000000e+00
1.577529151873186386e+01,1.471069732943696629e+01,0.000000000000000000e+00
1.530154253795071639e+01,1.477652786613195168e+01,0.000000000000000000e+00
1.482557837429051162e+01,1.482557837429050807e+01,0.000000000000000000e+00
1.434795860443696114e+01,1.485774607590670193e+01,0.000000000000000000e+00
1.386882668567292498e+01,1.487249578247096693e+01,0.000000000000000000e+00
1.338782538762643171e+01,1.486868642184589895e+01,0.000000000000000000e+00
1.290684199360135942e+01,1.484762326643243391e+01,0.000000000000000000e+00
1.242636653680740189e+01,1.480916696313269121e+01,0.000000000000000000e+00
1.194699212737580218e+01,1.475330660724301701e+01,0.000000000000000000e+00
1.146926134712774292e+01,1.467998508869167118e+01,0.000000000000000000e+00
1.099372708281172173e+01,1.458916859555334788e+01,0.000000000000000000e+00
1.052093334655275392e+01,1.448082244467748403e+01,0.000000000000000000e+00
1.005142410876883297e+01,1.435492130585784132e+01,0.000000000000000000e+00
9.585731452163852140e+00,1.421143130562307455e+01,0.000000000000000000e+00
9.124407498012239159e+00,1.405035542175611951e+01,0.000000000000000000e+00
8.667979574659616659e+00,1.387166701035034322e+01,0.000000000000000000e+00
8.219187269031039023e+00,1.367902473344494041e+01,0.000000000000000000e+00
7.782639775824348405e+00,1.347992750873422629e+01,0.000000000000000000e+00
7.358387890451520974e+00,1.327488315618548853e+01,0.000000000000000000e+00
6.946062968929562764e+00,1.306364445562794252e+01,0.000000000000000000e+00
6.545797416867792151e+00,1.284685077725320568e+01,0.000000000000000000e+00
6.157679924281341144e+00,1.262511480396974051e+01,0.000000000000000000e+00
5.781756891736987924e+00,1.239901766703380481e+01,0.000000000000000000e+00
5.417992695333921027e+00,1.216901083446441234e+01,0.000000000000000000e+00
5.066567661140114254e+00,1.193608541110305055e+01,0.000000000000000000e+00
4.727149165742169146e+00,1.170010475426625618e+01,0.000000000000000000e+00
4.398918431168481469e+00,1.145957430151701928e+01,0.000000000000000000e+00
4.082443134083352021e+00,1.121642032710156478e+01,0.000000000000000000e+00
3.778057512856733968e+00,1.097227572532338868e+01,0.000000000000000000e+00
3.485227603443750599e+00,1.072642761842759285e+01,0.000000000000000000e+00
3.203163605476153641e+00,1.047707606640477707e+01,0.000000000000000000e+00
2.933895911877376861e+00,1.023171097980695698e+01,0.000000000000000000e+00
2.678859652196200702e+00,9.997640328342512817e+00,0.000000000000000000e+00
2.437403792117590839e+00,9.775892656753192966e+00,0.000000000000000000e+00
2.208459628740989000e+00,9.565889601222140826e+00,0.000000000000000000e+00
1.990866730319141853e+00,9.366291563418350563e+00,0.000000000000000000e+00
1.783665671815062526e+00,9.176164395084557057e+00,0.000000000000000000e+00
1.586027021709049523e+00,8.994806213640950787e+00,0.000000000000000000e+00
1.397196665285038053e+00,8.821552561742326048e+00,0.000000000000000000e+00
1.216487314749315596e+00,8.655757007031732897e+00,0.000000000000000000e+00
1.043279550716425419e+00,8.496830082256259686e+00,0.000000000000000000e+00
8.770198797295094550e-01,8.344286769345012900e+00,0.000000000000000000e+00
7.172008409135071094e-01,8.197643123225809347e+00,0.000000000000000000e+00
5.633648753039242063e-01,8.056493062475533762e+00,0.000000000000000000e+00
4.150936321016854280e-01,7.920458332337806162e+00,0.000000000000000000e+00
2.720035869756739499e-01,7.789163610496938617e+00,0.000000000000000000e+00
1.337460664965128276e-01,7.662307017850278790e+00,0.000000000000000000e+00
4.616673076439915279e-16,7.539599302679308224e+00,0.000000000000000000e+00
-1.295296404727311335e-01,7.420748132728847146e+00,0.000000000000000000e+00
-2.551142277800980129e-01,7.305515642786361674e+00,0.000000000000000000e+00
-3.770050007919467094e-01,7.193683952068246512e+00,0.000000000000000000e+00
-4.954333489702331117e-01,7.085026976068394156e+00,0.000000000000000000e+00
-6.106129936965702942e-01,6.979338454697475491e+00,0.000000000000000000e+00
-7.227443487393674371e-01,6.876453141136099845e+00,0.000000000000000000e+00
-8.320132372145843114e-01,6.776204036536184638e+00,0.000000000000000000e+00
-9.385905660736014733e-01,6.678418895555563672e+00,0.000000000000000000e+00
-1.042636212599258538e+00,6.582945966553610972e+00,0.000000000000000000e+00
-1.144302477028310117e+00,6.489661834114167860e+00,0.000000000000000000e+00
-1.243730864551488402e+00,6.398440614014584860e+00,0.000000000000000000e+00
-1.341051708902278206e+00,6.309152248069199942e+00,0.000000000000000000e+00
-1.436386517265157536e+00,6.221673545681077222e+00,0.000000000000000000e+00
-1.529853812940747959e+00,6.135908504039863764e+00,0.000000000000000000e+00
-1.621565061873333269e+00,6.051763198689847911e+00,0.000000000000000000e+00
-1.711623515198138712e+00,5.969140569319741019e+00,0.000000000000000000e+00
-1.800124260269956533e+00,5.887941150300816773e+00,0.000000000000000000e+00
-1.887158740463485973e+00,5.808077387560859783e+00,0.000000000000000000e+00
-1.972817506933634446e+00,5.729478063305963431e+00,0.000000000000000000e+00
-2.057185504642115692e+00,5.652070721633576156e+00,0.000000000000000000e+00
-2.140341655278378941e+00,5.575780640874334892e+00,0.000000000000000000e+00
-2.222358856649461423e+00,5.500531189666351572e+00,0.000000000000000000e+00
-2.303307551958643895e+00,5.426252545501490054e+00,0.000000000000000000e+00
-2.383259522258027285e+00,5.352888528748923846e+00,0.000000000000000000e+00
-2.462282840506500037e+00,5.280382591718125518e+00,0.000000000000000000e+00
-2.540441198597247929e+00,5.208676348790247879e+00,0.000000000000000000e+00
-2.617793877049055418e+00,5.137709764343535213e+00,0.000000000000000000e+00
-2.694396542655342675e+00,5.067422885909563135e+00,0.000000000000000000e+00
-2.770307144304314573e+00,4.997766385094588593e+00,0.000000000000000000e+00
-2.845583316298777365e+00,4.928694880999824335e+00,0.000000000000000000e+00
-2.920279541917384147e+00,4.860161324341072842e+00,0.000000000000000000e+00
-2.994447102836479857e+00,4.792117094056156823e+00,0.000000000000000000e+00
-3.068134049813446840e+00,4.724512127594272748e+00,0.000000000000000000e+00
-3.141386787068318753e+00,4.657297437509133609e+00,0.000000000000000000e+00
-3.214255473397380491e+00,4.590432547492404147e+00,0.000000000000000000e+00
-3.286789644195694304e+00,4.523877842662835214e+00,0.000000000000000000e+00
-3.359036518367614743e+00,4.457592017333593226e+00,0.000000000000000000e+00
-3.431040956730958769e+00,4.391532162279526474e+00,0.000000000000000000e+00
-3.502845423159691496e+00,4.325653852841724323e+00,0.000000000000000000e+00
-3.574491601276954977e+00,4.259913207519641531e+00,0.000000000000000000e+00
-3.646025834051967784e+00,4.194272931405013338e+00,0.000000000000000000e+00
-3.717494501762135251e+00,4.128695917465742049e+00,0.000000000000000000e+00
-3.788942263222141893e+00,4.063143127169531077e+00,0.000000000000000000e+00
-3.860411996936350842e+00,3.997573646548381543e+00,0.000000000000000000e+00
-3.931944743821151889e+00,3.931944743821152777e+00,0.000000000000000000e+00
-4.003581089263825277e+00,3.866213316931952360e+00,0.000000000000000000e+00
-4.075367402821233220e+00,3.800341584684460372e+00,0.000000000000000000e+00
-4.147351163315085465e+00,3.734291760572255203e+00,0.000000000000000000e+00
-4.219578513603329917e+00,3.668023641049681149e+00,0.000000000000000000e+00
-4.292094173470528240e+00,3.601494637937274312e+00,0.000000000000000000e+00
-4.364941354514923155e+00,3.534659814718774662e+00,0.000000000000000000e+00
-4.438163304596430159e+00,3.467473197970745602e+00,0.000000000000000000e+00
-4.511810852529583471e+00,3.399893341221406740e+00,0.000000000000000000e+00
-4.585936834506437521e+00,3.331878141015210293e+00,0.000000000000000000e+00
-4.660592936378708195e+00,3.263382306579299730e+00,0.000000000000000000e+00
-4.735829566014901459e+00,3.194357376591224096e+00,0.000000000000000000e+00
-4.811695729159942481e+00,3.124751742672497556e+00,0.000000000000000000e+00
-4.888242410501896451e+00,3.054512867026008660e+00,0.000000000000000000e+00
-4.965531106816372109e+00,2.983592094642293802e+00,0.000000000000000000e+00
-5.043624745793589881e+00,2.911938104675386718e+00,0.000000000000000000e+00
-5.122585047744594888e+00,2.839495258801444155e+00,0.000000000000000000e+00
-5.202472346329289898e+00,2.766203614501308916e+00,0.000000000000000000e+00
-5.283345933906662850e+00,2.691999211808356218e+00,0.000000000000000000e+00
-5.365275068529885338e+00,2.616819497541959638e+00,0.000000000000000000e+00
-5.448339016461837048e+00,2.540602207600827889e+00,0.000000000000000000e+00
-5.532616162588208653e+00,2.463279420385907859e+00,0.000000000000000000e+00
-5.618183288247537099e+00,2.384777318710749050e+00,0.000000000000000000e+00
-5.705115503338802796e+00,2.305016284767619439e+00,0.000000000000000000e+00
-5.793497737496919875e+00,2.223915418484119666e+00,0.000000000000000000e+00
-5.883431878018939187e+00,2.141394078931797118e+00,0.000000000000000000e+00
-5.975019635977818488e+00,2.057364250615128842e+00,0.000000000000000000e+00
-6.068360543522850925e+00,1.971729864433199753e+00,0.000000000000000000e+00
-6.163552796183893179e+00,1.884387196583734880e+00,0.000000000000000000e+00
-6.260714156626147719e+00,1.795230895967397711e+00,0.000000000000000000e+00
-6.359979552436554329e+00,1.704151384953829451e+00,0.000000000000000000e+00
-6.461481752567647341e+00,1.611028340775346512e+00,0.000000000000000000e+00
-6.565350263131002784e+00,1.515730539354792628e+00,0.000000000000000000e+00
-6.671726836057390031e+00,1.418119316673973840e+00,0.000000000000000000e+00
-6.780786575729172760e+00,1.318051390787129185e+00,0.000000000000000000e+00
-6.892705782504471301e+00,1.215369999540790502e+00,0.000000000000000000e+00
-7.007656216299863239e+00,1.109903707805412365e+00,0.000000000000000000e+00
-7.125827869052844044e+00,1.001469796662252332e+00,0.000000000000000000e+00
-7.247452919303578156e+00,8.898753243611643438e-01,0.000000000000000000e+00
-7.372763214287072486e+00,7.749086394325555016e-01,0.000000000000000000e+00
-7.501988507259167882e+00,6.563389482869497193e-01,0.000000000000000000e+00
-7.635407167199615763e+00,5.339196810929007775e-01,0.000000000000000000e+00
-7.773325280179083308e+00,4.073827155789096488e-01,0.000000000000000000e+00
-7.916042230864972495e+00,2.764342860309740857e-01,0.000000000000000000e+00
-8.063907071820292316e+00,1.407560215137355353e-01,0.000000000000000000e+00
-8.217323896724050059e+00,1.006331940768016213e-15,0.000000000000000000e+00
-8.376691269082908065e+00,-1.462156899854728243e-01,0.000000000000000000e+00
-8.542461473235130498e+00,-2.983093279989790236e-01,0.000000000000000000e+00
-8.715126499403213600e+00,-4.567404260045047071e-01,0.000000000000000000e+00
-8.895210924195380287e+00,-6.220137414940656306e-01,0.000000000000000000e+00
-9.083428787103420277e+00,-7.946970448165808776e-01,0.000000000000000000e+00
-9.280513449379183655e+00,-9.754212689698203986e-01,0.000000000000000000e+00
-9.487010983222189608e+00,-1.164858477855972296e+00,0.000000000000000000e+00
-9.703390595074726122e+00,-1.363722613675137696e+00,0.000000000000000000e+00
-9.931353730361291099e+00,-1.572971902248267773e+00,0.000000000000000000e+00
-1.017326027976229241e+01,-1.793820269091839892e+00,0.000000000000000000e+00
-1.042486840651765867e+01,-2.026389143578936292e+00,0.000000000000000000e+00
-1.067806706679498596e+01,-2.269693220999837280e+00,0.000000000000000000e+00
-1.093032865349834282e+01,-2.523465204641074600e+00,0.000000000000000000e+00
-1.118136384625432456e+01,-2.787827116849533660e+00,0.000000000000000000e+00
-1.143132064713575780e+01,-3.063013135821239796e+00,0.000000000000000000e+00
-1.168015261740185551e+01,-3.349229867998642973e+00,0.000000000000000000e+00
-1.192746924822256993e+01,-3.646593301336296999e+00,0.000000000000000000e+00
-1.217256655499996931e+01,-3.955106627425429178e+00,0.000000000000000000e+00
-1.241465652264910524e+01,-4.274709050254744014e+00,0.000000000000000000e+00
-1.265346106651184677e+01,-4.605483188656586790e+00,0.000000000000000000e+00
-1.288880956361185426e+01,-4.947550445891105930e+00,0.000000000000000000e+00
-1.312036530260970935e+01,-5.300971674791946420e+00,0.000000000000000000e+00
-1.334802957920761912e+01,-5.665902402394518589e+00,0.000000000000000000e+00
-1.357220063568371060e+01,-6.042733045769130840e+00,0.000000000000000000e+00
-1.379153629722268981e+01,-6.431098993117569940e+00,0.000000000000000000e+00
-1.400194563431440820e+01,-6.829205189182622426e+00,0.000000000000000000e+00
-1.419955429116465773e+01,-7.235034282826207530e+00,0.000000000000000000e+00
-1.438114174870604423e+01,-7.646588705847656264e+00,0.000000000000000000e+00
-1.454441054862933491e+01,-8.062098415150373398e+00,0.000000000000000000e+00
-1.468956999844349198e+01,-8.481027192881203547e+00,0.000000000000000000e+00
-1.481731907494265599e+01,-8.903143511698921486e+00,0.000000000000000000e+00
-1.492817135869945133e+01,-9.328156762101906807e+00,0.000000000000000000e+00
-1.502214552544129411e+01,-9.755495370339582806e+00,0.000000000000000000e+00
-1.509919180988586973e+01,-1.018453347320543045e+01,0.000000000000000000e+00
-1.515928100298497583e+01,-1.061464283212932180e+01,0.000000000000000000e+00
-1.520240456538191154e+01,-1.104519344469280995e+01,0.000000000000000000e+00
-1.522857472399024559e+01,-1.147555416055588395e+01,0.000000000000000000e+00
-1.523782455154744220e+01,-1.190509330135517274e+01,0.000000000000000000e+00
-1.523016593809926533e+01,-1.233314519958324773e+01,0.000000000000000000e+00
-1.520556730976937132e+01,-1.275898592146878308e+01,0.000000000000000000e+00
-1.516437436186488341e+01,-1.318218952004955469e+01,0.000000000000000000e+00
-1.510703532260156834e+01,-1.360243570182077377e+01,0.000000000000000000e+00
-1.503399793324283706e+01,-1.401942987771136906e+01,0.000000000000000000e+00
-1.494569761888219439e+01,-1.443289242221535318e+01,0.000000000000000000e+00
-1.484213609239210108e+01,-1.484213609239209397e+01,0.000000000000000000e+00
-1.472278066491008630e+01,-1.524588568180405801e+01,0.000000000000000000e+00
-1.458757376397201355e+01,-1.564325765966055215e+01,0.000000000000000000e+00
-1.443781909228763105e+01,-1.603482257073449091e+01,0.000000000000000000e+00
-1.427402944830114606e+01,-1.642039252106795999e+01,0.000000000000000000e+00
-1.409540025736829172e+01,-1.679824389577200705e+01,0.000000000000000000e+00
-1.390298244883729062e+01,-1.716875349342591051e+01,0.000000000000000000e+00
-1.369751043259641499e+01,-1.753201386007918927e+01,0.000000000000000000e+00
-1.347868934110410954e+01,-1.788682489234242468e+01,0.000000000000000000e+00
-1.324671693954226015e+01,-1.823254170118519824e+01,0.000000000000000000e+00
-1.300180941858199013e+01,-1.856850820518870293e+01,0.000000000000000000e+00
-1.274470481983312276e+01,-1.889480192110075762e+01,0.000000000000000000e+00
-1.247544792967953420e+01,-1.921050517480669129e+01,0.000000000000000000e+00
-1.219472174847914658e+01,-1.951563428613902218e+01,0.000000000000000000e+00
-1.190308559083621809e+01,-1.981006112549079390e+01,0.000000000000000000e+00
-1.160109042331706064e+01,-2.009367803638585670e+01,0.000000000000000000e+00
-1.128945099038098299e+01,-2.036670871744357569e+01,0.000000000000000000e+00
-1.096725050396761603e+01,-2.062639827489479671e+01,0.000000000000000000e+00
-1.063554828632062765e+01,-2.087343879854015682e+01,0.000000000000000000e+00
-1.029602869340128279e+01,-2.110998718309129174e+01,0.000000000000000000e+00
-9.947048555457332242e+00,-2.133151446582282418e+01,0.000000000000000000e+00
-9.590687163044108843e+00,-2.154103605520817766e+01,0.000000000000000000e+00
-9.226905091868120579e+00,-2.173722618990873912e+01,0.000000000000000000e+00
-8.855908802983618600e+00,-2.191914345331838021e+01,0.000000000000000000e+00
-8.478758320604743659e+00,-2.208792058318897134e+01,0.000000000000000000e+00
-8.095516591556304320e+00,-2.224224903412114784e+01,0.000000000000000000e+00
-7.706709743642282007e+00,-2.238191026857617416e+01,0.000000000000000000e+00
-7.313525453127275533e+00,-2.250871688580199148e+01,0.000000000000000000e+00
-6.915088130525708365e+00,-2.261823411877858803e+01,0.000000000000000000e+00
-6.513590168920043944e+00,-2.271558843635193625e+01,0.000000000000000000e+00
-6.108302994788179063e+00,-2.279649712457462840e+01,0.000000000000000000e+00
-5.700142432291348094e+00,-2.286202258587276148e+01,0.000000000000000000e+00
-5.290239505751887172e+00,-2.291454478834920039e+01,0.000000000000000000e+00
-4.878062816703345739e+00,-2.294948120338978015e+01,0.000000000000000000e+00
-4.464826876871052619e+00,-2.296954304001906522e+01,0.000000000000000000e+00
-4.051319959708839846e+00,-2.297617723295109116e+01,0.000000000000000000e+00
-3.637301549300416603e+00,-2.296501816622535586e+01,0.000000000000000000e+00
-3.223849828248191773e+00,-2.293888345743079782e+01,0.000000000000000000e+00
-2.811686752569822811e+00,-2.289935095987558000e+01,0.000000000000000000e+00
-2.400774442646491647e+00,-2.284184301972184628e+01,0.000000000000000000e+00
-1.992084474873853983e+00,-2.276962973932699796e+01,0.000000000000000000e+00
-1.586241506588930594e+00,-2.268431038827212021e+01,0.000000000000000000e+00
-1.183388401443772109e+00,-2.258039584262059307e+01,0.000000000000000000e+00
-7.845260017808781683e-01,-2.246588529402989209e+01,0.000000000000000000e+00
-3.900310720634094785e-01,-2.234486515331671441e+01,0.000000000000000000e+00
-4.081387416403565298e-15,-2.221803826346875965e+01,0.000000000000000000e+00
3.855366322095297171e-01,-2.208737886653664972e+01,0.000000000000000000e+00
7.665235569703551244e-01,-2.195036272472428607e+01,0.000000000000000000e+00
1.143024414076317719e+00,-2.181020508240062128e+01,0.000000000000000000e+00
1.514877800538217523e+00,-2.166376184519889492e+01,0.000000000000000000e+00
1.882271985610479481e+00,-2.151446724355029616e+01,0.000000000000000000e+00
2.244933184137045679e+00,-2.135911248925833306e+01,0.000000000000000000e+00
2.603139652992217723e+00,-2.120087113436615311e+01,0.000000000000000000e+00
2.956613261448061358e+00,-2.103739648130716589e+01,0.000000000000000000e+00
3.305543244699637118e+00,-2.087037866804621800e+01,0.000000000000000000e+00
3.649892632075477206e+00,-2.069956972784633109e+01,0.000000000000000000e+00
3.989486174114689199e+00,-2.052412711869981621e+01,0.000000000000000000e+00
4.324631722119739230e+00,-2.034579261229026415e+01,0.000000000000000000e+00
4.655075834535046475e+00,-2.016334867025174660e+01,0.000000000000000000e+00
4.980839233470461203e+00,-1.997705503061064292e+01,0.000000000000000000e+00
5.302135644164079231e+00,-1.978783961264224445e+01,0.000000000000000000e+00
5.618868081040476525e+00,-1.959532170385719141e+01,0.000000000000000000e+00
5.930794737632074209e+00,-1.939875549727582893e+01,0.000000000000000000e+00
6.238264693308734010e+00,-1.919940454713793443e+01,0.000000000000000000e+00
6.541246607754364284e+00,-1.899715955180032267e+01,0.000000000000000000e+00
6.839774423413103932e+00,-1.879212578249079257e+01,0.000000000000000000e+00
7.133515905107989497e+00,-1.858344427721617365e+01,0.000000000000000000e+00
7.422789066509134059e+00,-1.837204763419898157e+01,0.000000000000000000e+00
7.707614596031821641e+00,-1.815800208091927104e+01,0.000000000000000000e+00
7.988010076776037138e+00,-1.794136438275640089e+01,0.000000000000000000e+00
8.263983637233058843e+00,-1.772217010102403378e+01,0.000000000000000000e+00
8.535546687650921172e+00,-1.750046416367012014e+01,0.000000000000000000e+00
8.802715974359674789e+00,-1.727630284825631435e+01,0.000000000000000000e+00
9.065499202244728494e+00,-1.704972427123773926e+01,0.000000000000000000e+00
9.323925718556616005e+00,-1.682080726287958683e+01,0.000000000000000000e+00
9.577978363124609373e+00,-1.658954515872721203e+01,0.000000000000000000e+00
9.830044045879803960e+00,-1.635994061615963702e+01,0.000000000000000000e+00
1.008033845324654365e+01,-1.613191369115071083e+01,0.000000000000000000e+00
1.032905326082598663e+01,-1.590534722572072290e+01,0.000000000000000000e+00
1.057634447127031763e+01,-1.568007550265091155e+01,0.000000000000000000e+00
1.082237440566360576e+01,-1.545595243566535615e+01,0.000000000000000000e+00
1.106730168653731461e+01,-1.523283394975009486e+01,0.000000000000000000e+00
1.131128194881799054e+01,-1.501057813606735003e+01,0.000000000000000000e+00
1.155446854550613622e+01,-1.478904532925870363e+01,0.000000000000000000e+00
1.179701285085652529e+01,-1.456809762513018036e+01,0.000000000000000000e+00
1.203906465539357917e+01,-1.434759855453927457e+01,0.000000000000000000e+00
1.228077256161942543e+01,-1.412741277115362415e+01,0.000000000000000000e+00
1.252228431801957065e+01,-1.390740567784189352e+01,0.000000000000000000e+00
1.276374718583362089e+01,-1.368744310475359427e+01,0.000000000000000000e+00
1.300530832831974237e+01,-1.346739101416807749e+01,0.000000000000000000e+00
1.324711513941569407e+01,-1.324711513941569940e+01,0.000000000000000000e+00
1.348931559860159979e+01,-1.302648065339954364e+01,0.000000000000000000e+00
1.373205866951920306e+01,-1.280535187305411604e+01,0.000000000000000000e+00
1.397549464414793441e+01,-1.258359189865359795e+01,0.000000000000000000e+00
1.421977550172554317e+01,-1.236106225837409767e+01,0.000000000000000000e+00
1.446505533270874011e+01,-1.213762259463485904e+01,0.000000000000000000e+00
1.471149071514861184e+01,-1.191313028562395360e+01,0.000000000000000000e+00
1.495924109738485619e+01,-1.168744005283538101e+01,0.000000000000000000e+00
1.520846927122790149e+01,-1.146040361519767536e+01,0.000000000000000000e+00
1.545934178754108501e+01,-1.123186926361901783e+01,0.000000000000000000e+00
1.571202939404907717e+01,-1.100168142228571000e+01,0.000000000000000000e+00
1.596670758562590819e+01,-1.076968025243726679e+01,0.000000000000000000e+00
1.622355705596629960e+01,-1.053570114081756159e+01,0.000000000000000000e+00
1.648276425889624974e+01,-1.029957422013074719e+01,0.000000000000000000e+00
1.674452202071111273e+01,-1.006112386668510439e+01,0.000000000000000000e+00
1.700903007399424638e+01,-9.820168091875029148e+00,0.000000000000000000e+00
1.727649581324401140e+01,-9.576518006667017247e+00,0.000000000000000000e+00
1.754713489742211507e+01,-9.329977123595613264e+00,0.000000000000000000e+00
1.782117208776418948e+01,-9.080340718535621747e+00,0.000000000000000000e+00
1.809884199142950933e+01,-8.827395054524414419e+00,0.000000000000000000e+00
1.838038999487377723e+01,-8.570916614485170726e+00,0.000000000000000000e+00
1.866607315155901858e+01,-8.310671209141583304e+00,0.000000000000000000e+00
1.895616128154760816e+01,-8.046413076024567346e+00,0.000000000000000000e+00
1.925093799221669855e+01,-7.777883820781949176e+00,0.000000000000000000e+00
1.955070200415869053e+01,-7.504811359091358547e+00,0.000000000000000000e+00
1.985576837570981823e+01,-7.226908667242549988e+00,0.000000000000000000e+00
2.016647000058991779e+01,-6.943872483780782368e+00,0.000000000000000000e+00
2.048315921420396535e+01,-6.655381869769412262e+00,0.000000000000000000e+00
2.080620948348459720e+01,-6.361096603957377305e+00,0.000000000000000000e+00
2.113601734274091726e+01,-6.060655446349112907e+00,0.000000000000000000e+00
2.147300452702975448e+01,-5.753674222087462375e+00,0.000000000000000000e+00
2.181762028266281206e+01,-5.439743691867192865e+00,0.000000000000000000e+00
2.217034394232648964e+01,-5.118427202596510739e+00,0.000000000000000000e+00
2.253168778817520135e+01,-4.789258084876959032e+00,0.000000000000000000e+00
2.290220022897890928e+01,-4.451736760442844165e+00,0.000000000000000000e+00
2.328246933589623069e+01,-4.105327521436024085e+00,0.000000000000000000e+00
2.367312678729433628e+01,-3.749454936937407723e+00,0.000000000000000000e+00
2.407485227872312450e+01,-3.383499834588529875e+00,0.000000000000000000e+00
2.448837845960533954e+01,-3.006794796386804247e+00,0.000000000000000000e+00
2.491449648972808717e+01,-2.618619100582249892e+00,0.000000000000000000e+00
2.535406232459408216e+01,-2.218193027731721667e+00,0.000000000000000000e+00
2.580800371520705738e+01,-1.804671422430687677e+00,0.000000000000000000e+00
2.627732824741675444e+01,-1.377136418938655238e+00,0.000000000000000000e+00
2.676313240734014798e+01,-9.345891776738447509e-01,0.000000000000000000e+00
2.726661152416114220e+01,-4.759404745267440950e-01,0.000000000000000000e+00
2.778899868169581211e+01,-6.806341657409759217e-15,0.000000000000000000e+00
