1.372873945172801768e+01,0.000000000000000000e+00,0.000000000000000000e+00
1.349668784833680490e+01,2.355855627086042015e-01,0.000000000000000000e+00
1.327220610402011580e+01,4.634756500054536543e-01,0.000000000000000000e+00
1.305481666943139807e+01,6.841739505921277109e-01,0.000000000000000000e+00
1.284406751777444455e+01,8.981446939051641598e-01,0.000000000000000000e+00
1.263950841145767612e+01,1.105813698543106849e+00,0.000000000000000000e+00
1.244076827368363425e+01,1.307577435523008091e+00,0.000000000000000000e+00
1.224749479712651379e+01,1.503803270825787575e+00,0.000000000000000000e+00
1.205933108578910762e+01,1.694828456749297718e+00,0.000000000000000000e+00
1.187597529023132381e+01,1.880969699651310778e+00,0.000000000000000000e+00
1.169715197758039338e+01,2.062523491094800487e+00,0.000000000000000000e+00
1.152257758231898421e+01,2.239762192514509032e+00,0.000000000000000000e+00
1.135198876690689929e+01,2.412939700410444477e+00,0.000000000000000000e+00
1.118516780479083472e+01,2.582299458527945291e+00,0.000000000000000000e+00
1.102189594639710535e+01,2.748067303860539656e+00,0.000000000000000000e+00
1.086194966666048778e+01,2.910450641409179973e+00,0.000000000000000000e+00
1.070513203880953412e+01,3.069647216067413975e+00,0.000000000000000000e+00
1.055127364243064392e+01,3.225848080957122832e+00,0.000000000000000000e+00
1.040020147238380943e+01,3.379230303167972238e+00,0.000000000000000000e+00
1.025173867078391154e+01,3.529956708580388902e+00,0.000000000000000000e+00
1.010572653165369594e+01,3.678183653156171573e+00,0.000000000000000000e+00
9.962030271794686698e+00,3.824065137276067894e+00,0.000000000000000000e+00
9.820512935906299035e+00,3.967744777259556876e+00,0.000000000000000000e+00
9.681034063779895504e+00,4.109355154941893851e+00,0.000000000000000000e+00
9.543457414210442025e+00,4.249020997826916890e+00,0.000000000000000000e+00
9.407670596103521632e+00,4.386868844362672881e+00,0.000000000000000000e+00
9.273564139479193003e+00,4.523019442979732574e+00,0.000000000000000000e+00
9.141025548377687215e+00,4.657585151377198862e+00,0.000000000000000000e+00
9.009939903206989342e+00,4.790670025238267904e+00,0.000000000000000000e+00
8.880202006749893684e+00,4.922376351070509415e+00,0.000000000000000000e+00
8.751721452273125479e+00,5.052808736342510265e+00,0.000000000000000000e+00
8.624406346247981858e+00,5.182066135951781227e+00,0.000000000000000000e+00
8.498162189037790526e+00,5.310241099484396265e+00,0.000000000000000000e+00
8.372892516077596881e+00,5.437419976967401425e+00,0.000000000000000000e+00
8.248509684916074391e+00,5.563690033733132978e+00,0.000000000000000000e+00
8.124935950286417352e+00,5.689141399861620485e+00,0.000000000000000000e+00
8.002091489638605282e+00,5.813859780212216499e+00,0.000000000000000000e+00
7.879893906888900013e+00,5.937925967916459769e+00,0.000000000000000000e+00
7.758258576665991946e+00,6.061415912671601625e+00,0.000000000000000000e+00
7.637106354934179109e+00,6.184406786037818904e+00,0.000000000000000000e+00
7.516366656473746133e+00,6.306980489240324950e+00,0.000000000000000000e+00
7.395966819806342407e+00,6.429215869786506055e+00,0.000000000000000000e+00
7.275831337873912119e+00,6.551187962250634378e+00,0.000000000000000000e+00
7.155882003775988487e+00,6.672967923142108404e+00,0.000000000000000000e+00
7.036042369671120511e+00,6.794627135458365608e+00,0.000000000000000000e+00
6.916244159524238988e+00,6.916244159524237212e+00,0.000000000000000000e+00
6.796417416741845408e+00,7.037896260210373178e+00,0.000000000000000000e+00
6.676488788146946796e+00,7.159657669239397393e+00,0.000000000000000000e+00
6.556381618122443911e+00,7.281599477082857597e+00,0.000000000000000000e+00
6.436018089795748409e+00,7.403791878803938076e+00,0.000000000000000000e+00
6.315327398035404549e+00,7.526314115017337159e+00,0.000000000000000000e+00
6.194237924044523780e+00,7.649246799304159516e+00,0.000000000000000000e+00
6.072673804289388855e+00,7.772668020838313652e+00,0.000000000000000000e+00
5.950554992838016588e+00,7.896653189013164820e+00,0.000000000000000000e+00
5.827798390412254115e+00,8.021276340714429409e+00,0.000000000000000000e+00
5.704326047230063423e+00,8.146621874158739729e+00,0.000000000000000000e+00
5.580059798600181864e+00,8.272778859371689109e+00,0.000000000000000000e+00
5.454916075409882659e+00,8.399834145072622604e+00,0.000000000000000000e+00
5.328805901380838428e+00,8.527872082537475862e+00,0.000000000000000000e+00
5.201635874869259268e+00,8.656975861203289213e+00,0.000000000000000000e+00
5.073316419085683648e+00,8.787241800729798769e+00,0.000000000000000000e+00
4.943756727983227073e+00,8.918773227726138231e+00,0.000000000000000000e+00
4.812858971286678056e+00,9.051671241278375746e+00,0.000000000000000000e+00
4.680518257357807244e+00,9.186034303099093634e+00,0.000000000000000000e+00
4.546624528682881028e+00,9.321961737377167267e+00,0.000000000000000000e+00
4.411071001475910691e+00,9.459572289524118105e+00,0.000000000000000000e+00
4.273745830818275415e+00,9.598990298337673366e+00,0.000000000000000000e+00
4.134527889033184245e+00,9.740337308943111339e+00,0.000000000000000000e+00
3.993286881076315797e+00,9.883731861271755292e+00,0.000000000000000000e+00
3.849889258200273279e+00,1.002930440681966040e+01,0.000000000000000000e+00
3.704200874669520527e+00,1.017720826027856518e+01,0.000000000000000000e+00
3.556076458517821948e+00,1.032759593267437204e+01,0.000000000000000000e+00
3.405358595607363092e+00,1.048061608787902088e+01,0.000000000000000000e+00
3.251880903680747892e+00,1.063642316880274663e+01,0.000000000000000000e+00
3.095475362907967654e+00,1.079520549115892436e+01,0.000000000000000000e+00
2.935961102142973012e+00,1.095715600224349373e+01,0.000000000000000000e+00
2.773141390850269783e+00,1.112246261642132872e+01,0.000000000000000000e+00
2.606806999573630712e+00,1.129132162756825153e+01,0.000000000000000000e+00
2.436742593702197812e+00,1.146397257537997483e+01,0.000000000000000000e+00
2.262715002565883982e+00,1.164065955344658221e+01,0.000000000000000000e+00
2.084470650240062284e+00,1.182162050223316818e+01,0.000000000000000000e+00
1.901741532186703720e+00,1.200712347936423363e+01,0.000000000000000000e+00
1.714244035178522862e+00,1.219748010468696897e+01,0.000000000000000000e+00
1.521668659891677766e+00,1.239299671474967290e+01,0.000000000000000000e+00
1.323681732833634106e+00,1.259399042757608633e+01,0.000000000000000000e+00
1.119928951714176613e+00,1.280084649346972725e+01,0.000000000000000000e+00
9.100245145776637568e-01,1.301395686840141863e+01,0.000000000000000000e+00
6.935499119170597249e-01,1.323372066905124278e+01,0.000000000000000000e+00
4.700552179536612862e-01,1.346062027827710139e+01,0.000000000000000000e+00
2.390497493045353472e-01,1.369515096549959665e+01,0.000000000000000000e+00
8.534461599835960269e-16,1.393783351375757462e+01,0.000000000000000000e+00
-2.476749208043081685e-01,1.418928670978022666e+01,0.000000000000000000e+00
-5.046097763436181438e-01,1.445013336441134122e+01,0.000000000000000000e+00
-7.714994406329127585e-01,1.472108628122252405e+01,0.000000000000000000e+00
-1.049106855783087155e+00,1.500292701218233127e+01,0.000000000000000000e+00
-1.338269325610415894e+00,1.529648838690819090e+01,0.000000000000000000e+00
-1.639913307465391767e+00,1.560273288055533847e+01,0.000000000000000000e+00
-1.955058291944948179e+00,1.592267201648396302e+01,0.000000000000000000e+00
-2.284840184742971569e+00,1.625748267100689404e+01,0.000000000000000000e+00
-2.630515248695283415e+00,1.660841963582562286e+01,0.000000000000000000e+00
-2.993489467960367190e+00,1.697692239686072213e+01,0.000000000000000000e+00
-3.375332539686391797e+00,1.736458057227889640e+01,0.000000000000000000e+00
-3.777809783672242183e+00,1.777319765614673486e+01,0.000000000000000000e+00
-4.202896320300319566e+00,1.820474401349850169e+01,0.000000000000000000e+00
-4.652841718809126448e+00,1.866152885255978688e+01,0.000000000000000000e+00
-5.130243097847367650e+00,1.914632789634592314e+01,0.000000000000000000e+00
-5.637751542451367115e+00,1.966117615993127288e+01,0.000000000000000000e+00
-6.179437333439473434e+00,2.021202878283916604e+01,0.000000000000000000e+00
-6.757128970121531353e+00,2.079630458991301722e+01,0.000000000000000000e+00
-7.366174913215109754e+00,2.139292530982210039e+01,0.000000000000000000e+00
-8.003309565382354052e+00,2.198891231179320371e+01,0.000000000000000000e+00
-8.668676810014552814e+00,2.258267516313365419e+01,0.000000000000000000e+00
-9.362722407438379690e+00,2.317355114283690654e+01,0.000000000000000000e+00
-1.008608919466363041e+01,2.376133709115771353e+01,0.000000000000000000e+00
-1.083937234435690655e+01,2.434562889146597087e+01,0.000000000000000000e+00
-1.162390196448203383e+01,2.492753820615638105e+01,0.000000000000000000e+00
-1.243526791207514037e+01,2.549607757119541063e+01,0.000000000000000000e+00
-1.327758752461522818e+01,2.605873276357397827e+01,0.000000000000000000e+00
-1.415387611930749934e+01,2.661956940481507061e+01,0.000000000000000000e+00
-1.505524577518704987e+01,2.716038234578579136e+01,0.000000000000000000e+00
-1.599281868732800582e+01,2.770037452268912048e+01,0.000000000000000000e+00
-1.695634436069466133e+01,2.822009601517403610e+01,0.000000000000000000e+00
-1.795653813490119433e+01,2.873646799932477691e+01,0.000000000000000000e+00
-1.898247905402432423e+01,2.923045442163624230e+01,0.000000000000000000e+00
-2.004166308139470942e+01,2.971298742855857711e+01,0.000000000000000000e+00
-2.113446625322548655e+01,3.018314585310248788e+01,0.000000000000000000e+00
-2.225607132720173809e+01,3.063285419547735344e+01,0.000000000000000000e+00
-2.339639339828114828e+01,3.104806270378294286e+01,0.000000000000000000e+00
-2.453209440861240864e+01,3.139964895847407433e+01,0.000000000000000000e+00
-2.565920725814358505e+01,3.168648208202509053e+01,0.000000000000000000e+00
-2.677475442510119663e+01,3.190890977694207109e+01,0.000000000000000000e+00
-2.786738591822198075e+01,3.205776035215819775e+01,0.000000000000000000e+00
-2.893803683308475883e+01,3.213894586141207554e+01,0.000000000000000000e+00
-2.999305677224032607e+01,3.216361560054443913e+01,0.000000000000000000e+00
-3.102170888361207446e+01,3.212391993456653694e+01,0.000000000000000000e+00
-3.201708744162671394e+01,3.201708744162672104e+01,0.000000000000000000e+00
-3.299451382265686306e+01,3.186243162875656409e+01,0.000000000000000000e+00
-3.392508960198134815e+01,3.163565785241952710e+01,0.000000000000000000e+00
-3.483490433770249695e+01,3.136548874839570900e+01,0.000000000000000000e+00
-3.569742673282975431e+01,3.103129963301533678e+01,0.000000000000000000e+00
-3.652521194166887852e+01,3.064829186892635349e+01,0.000000000000000000e+00
-3.731618500294178631e+01,3.021805079513326220e+01,0.000000000000000000e+00
-3.806135237360534518e+01,2.973678753490519711e+01,0.000000000000000000e+00
-3.875841238294125901e+01,2.920655862671966574e+01,0.000000000000000000e+00
-3.941041110868535924e+01,2.863333971663482913e+01,0.000000000000000000e+00
-4.001508706333653720e+01,2.801886560386610014e+01,0.000000000000000000e+00
-4.057045435883171081e+01,2.736511699719894253e+01,0.000000000000000000e+00
-4.107039655854570270e+01,2.667142738075247266e+01,0.000000000000000000e+00
-4.151633024817373041e+01,2.594228237582992591e+01,0.000000000000000000e+00
-4.190785340413586368e+01,2.518077873852534054e+01,0.000000000000000000e+00
-4.224331471390504333e+01,2.438918912153515350e+01,0.000000000000000000e+00
-4.252153170831630291e+01,2.357006990755565567e+01,0.000000000000000000e+00
-4.274127144033031556e+01,2.272593714602704651e+01,0.000000000000000000e+00
-4.290117526254002911e+01,2.185924060948498493e+01,0.000000000000000000e+00
-4.299994981429704666e+01,2.097247683112922445e+01,0.000000000000000000e+00
-4.303638078999784966e+01,2.006819394165066939e+01,0.000000000000000000e+00
-4.300713886841065658e+01,1.914801189726413355e+01,0.000000000000000000e+00
-4.290843597360724715e+01,1.821355047373855029e+01,0.000000000000000000e+00
-4.275148318948434678e+01,1.727272040190252511e+01,0.000000000000000000e+00
-4.253026300955853145e+01,1.632583836996662185e+01,0.000000000000000000e+00
-4.223558623888435903e+01,1.537249621773714203e+01,0.000000000000000000e+00
-4.187879721938937649e+01,1.442002629399422808e+01,0.000000000000000000e+00
-4.145734679828622404e+01,1.347030852832141612e+01,0.000000000000000000e+00
-4.096640800225707579e+01,1.252468783544358288e+01,0.000000000000000000e+00
-4.040435938214299938e+01,1.158576361737012661e+01,0.000000000000000000e+00
-3.977889332378781972e+01,1.065872234191273726e+01,0.000000000000000000e+00
-3.908268209449494890e+01,9.744407072375365075e+00,0.000000000000000000e+00
-3.832241554869423794e+01,8.847426757289184707e+00,0.000000000000000000e+00
-3.749228166207826973e+01,7.969230479255377197e+00,0.000000000000000000e+00
-3.659327677882603780e+01,7.113012452630306015e+00,0.000000000000000000e+00
-3.562960368716004211e+01,6.282460441996117417e+00,0.000000000000000000e+00
-3.460226307906420118e+01,5.480460071739953420e+00,0.000000000000000000e+00
-3.350562609821533755e+01,4.708908659069424019e+00,0.000000000000000000e+00
-3.234476496608493079e+01,3.971437763868392423e+00,0.000000000000000000e+00
-3.112145208575114097e+01,3.270996421830273171e+00,0.000000000000000000e+00
-2.983332637578118351e+01,2.610077853149807670e+00,0.000000000000000000e+00
-2.851895686682554398e+01,1.994239733651601343e+00,0.000000000000000000e+00
-2.731819119979942556e+01,1.431685734811006139e+00,0.000000000000000000e+00
-2.621645404003808721e+01,9.154987484231613681e-01,0.000000000000000000e+00
-2.520133510788721409e+01,4.398909405859387500e-01,0.000000000000000000e+00
-2.426254957745442198e+01,2.971305367918352466e-15,0.000000000000000000e+00
-2.425752493425074263e+01,-4.234166727251959528e-01,0.000000000000000000e+00
-2.338029221610215913e+01,-8.164577951282052659e-01,0.000000000000000000e+00
-2.256229675264527401e+01,-1.182439868331104593e+00,0.000000000000000000e+00
-2.179823953306630102e+01,-1.524281396528311072e+00,0.000000000000000000e+00
-2.108255180815542573e+01,-1.844484281411565840e+00,0.000000000000000000e+00
-2.041038233332007934e+01,-2.145217626623671325e+00,0.000000000000000000e+00
-1.977750265824400344e+01,-2.428371979648523027e+00,0.000000000000000000e+00
-1.918021300372338445e+01,-2.695603145312948534e+00,0.000000000000000000e+00
-1.861525882575072544e+01,-2.948367350612910887e+00,0.000000000000000000e+00
-1.807976574453073582e+01,-3.187950505649439492e+00,0.000000000000000000e+00
-1.757118577999395725e+01,-3.415492523831507476e+00,0.000000000000000000e+00
-1.708725213356018102e+01,-3.632007561898296544e+00,0.000000000000000000e+00
-1.662594125935723710e+01,-3.838400984307672292e+00,0.000000000000000000e+00
-1.618544094332211358e+01,-4.035483665534745690e+00,0.000000000000000000e+00
-1.576412324384454955e+01,-4.223984092572830029e+00,0.000000000000000000e+00
-1.536052126752510461e+01,-4.404558596312856622e+00,0.000000000000000000e+00
-1.497330896380294973e+01,-4.577799953194537252e+00,0.000000000000000000e+00
-1.460128542166868826e+01,-4.744245223818558621e+00,0.000000000000000000e+00
-1.424336154075026606e+01,-4.904382684548349580e+00,0.000000000000000000e+00
-1.389854475898669861e+01,-5.058656591887686460e+00,0.000000000000000000e+00
-1.356592697815064064e+01,-5.207471468828712702e+00,0.000000000000000000e+00
-1.324468141263143295e+01,-5.351198643534530675e+00,0.000000000000000000e+00
-1.293404934757396774e+01,-5.490178219657415148e+00,0.000000000000000000e+00
-1.263333027649147944e+01,-5.624721030070820582e+00,0.000000000000000000e+00
-1.234188568736708191e+01,-5.755115812092836514e+00,0.000000000000000000e+00
-1.205912103268219226e+01,-5.881626317099104106e+00,0.000000000000000000e+00
-1.178449037431575341e+01,-6.004497755035995255e+00,0.000000000000000000e+00
-1.151748774535787945e+01,-6.123956863252285387e+00,0.000000000000000000e+00
-1.125764213119262536e+01,-6.240212931336110103e+00,0.000000000000000000e+00
-1.100451951461264954e+01,-6.353462304064104949e+00,0.000000000000000000e+00
-1.075771144816221536e+01,-6.463885160062622148e+00,0.000000000000000000e+00
-1.051684209688527005e+01,-6.571652305213429024e+00,0.000000000000000000e+00
-1.028155581624923265e+01,-6.676920416956280135e+00,0.000000000000000000e+00
-1.005152389130587309e+01,-6.779838471930938582e+00,0.000000000000000000e+00
-9.826435776437746128e+00,-6.880544404395286584e+00,0.000000000000000000e+00
-9.606000751498253720e+00,-6.979168070014936553e+00,0.000000000000000000e+00
-9.389947161889239169e+00,-7.075832714092868514e+00,0.000000000000000000e+00
-9.178015200508751192e+00,-7.170651356017647693e+00,0.000000000000000000e+00
-8.969965918985158382e+00,-7.263735179497563088e+00,0.000000000000000000e+00
-8.765566660089458395e+00,-7.355183751540925741e+00,0.000000000000000000e+00
-8.564603572119889208e+00,-7.445096299897302927e+00,0.000000000000000000e+00
-8.366870307443647903e+00,-7.533563862937772804e+00,0.000000000000000000e+00
-8.172170956327597935e+00,-7.620672703271525350e+00,0.000000000000000000e+00
-7.980322695969087832e+00,-7.706508046835475412e+00,0.000000000000000000e+00
-7.791146037952367820e+00,-7.791146037952364267e+00,0.000000000000000000e+00
-7.604474601730311534e+00,-7.874663970542199465e+00,0.000000000000000000e+00
-7.420147626700964061e+00,-7.957134138638013887e+00,0.000000000000000000e+00
-7.238008937229983175e+00,-8.038623308133159284e+00,0.000000000000000000e+00
-7.057912921757359292e+00,-8.119200046106586299e+00,0.000000000000000000e+00
-6.879715941631611820e+00,-8.198926189467126591e+00,0.000000000000000000e+00
-6.703280835543775851e+00,-8.277862443268919179e+00,0.000000000000000000e+00
-6.528478477172928507e+00,-8.356071397810106660e+00,0.000000000000000000e+00
-6.355180376422358002e+00,-8.433609208994939266e+00,0.000000000000000000e+00
-6.183261634005262408e+00,-8.510529522587887641e+00,0.000000000000000000e+00
-6.012600341238734991e+00,-8.586883192677049692e+00,0.000000000000000000e+00
-5.843075836951855173e+00,-8.662716171924721209e+00,0.000000000000000000e+00
-5.674581116531648206e+00,-8.738088645670924137e+00,0.000000000000000000e+00
-5.507017005883068528e+00,-8.813069466530933482e+00,0.000000000000000000e+00
-5.340280079676960945e+00,-8.887718566611546578e+00,0.000000000000000000e+00
-5.174238599724710674e+00,-8.962044145207229917e+00,0.000000000000000000e+00
-5.008746873427107893e+00,-9.036018553728940361e+00,0.000000000000000000e+00
-4.843664694383326363e+00,-9.109608379990376648e+00,0.000000000000000000e+00
-4.678871193642536674e+00,-9.182801758548261972e+00,0.000000000000000000e+00
-4.514257097589097434e+00,-9.255598669063521911e+00,0.000000000000000000e+00
-4.349716562885154403e+00,-9.327997271362249876e+00,0.000000000000000000e+00
-4.185164512177277807e+00,-9.400033399189069883e+00,0.000000000000000000e+00
-4.020526812980947717e+00,-9.471767604218994663e+00,0.000000000000000000e+00
-3.855725595327940791e+00,-9.543255731376900641e+00,0.000000000000000000e+00
-3.690669696307030012e+00,-9.614523267246223526e+00,0.000000000000000000e+00
-3.525259981570681767e+00,-9.685572197072445988e+00,0.000000000000000000e+00
-3.359399572005150159e+00,-9.756404779476863354e+00,0.000000000000000000e+00
-3.193016767112891952e+00,-9.827095138067891256e+00,0.000000000000000000e+00
-3.026052430771898116e+00,-9.897771516860551344e+00,0.000000000000000000e+00
-2.858438712314156582e+00,-9.968560452158408580e+00,0.000000000000000000e+00
-2.690094532217653711e+00,-1.003956947139952227e+01,0.000000000000000000e+00
-2.520928270678743033e+00,-1.011089104284978646e+01,0.000000000000000000e+00
-2.350841165743267069e+00,-1.018261179369098812e+01,0.000000000000000000e+00
-2.179722834209348648e+00,-1.025478967613899073e+01,0.000000000000000000e+00
-2.007455318616245155e+00,-1.032746232126812380e+01,0.000000000000000000e+00
-1.833917839343056855e+00,-1.040066490093887097e+01,0.000000000000000000e+00
-1.658989712873881084e+00,-1.047444881248776660e+01,0.000000000000000000e+00
-1.482547148455883201e+00,-1.054887109213007790e+01,0.000000000000000000e+00
-1.304461444242505097e+00,-1.062398590384705344e+01,0.000000000000000000e+00
-1.124599778780510206e+00,-1.069985216045588139e+01,0.000000000000000000e+00
-9.428239115641615653e-01,-1.077652662147239226e+01,0.000000000000000000e+00
-7.589902727497589430e-01,-1.085406658268501801e+01,0.000000000000000000e+00
-5.729500942432413924e-01,-1.093253906350195059e+01,0.000000000000000000e+00
-3.845477896026309184e-01,-1.101200790244606509e+01,0.000000000000000000e+00
-1.936210228062076599e-01,-1.109254096747604201e+01,0.000000000000000000e+00
-2.052669226807085510e-15,-1.117421081864166332e+01,0.000000000000000000e+00
1.964931959752976021e-01,-1.125708765813033985e+01,0.000000000000000000e+00
3.960454734669178745e-01,-1.134125848975079265e+01,0.000000000000000000e+00
5.988538079896529309e-01,-1.142681136621708582e+01,0.000000000000000000e+00
8.051251222882496172e-01,-1.151382566873864910e+01,0.000000000000000000e+00
1.015075974484298094e+00,-1.160237147963200321e+01,0.000000000000000000e+00
1.228934974225054821e+00,-1.169253523531786421e+01,0.000000000000000000e+00
1.446955438711693409e+00,-1.178450635870997232e+01,0.000000000000000000e+00
1.669409370250910296e+00,-1.187846488734781936e+01,0.000000000000000000e+00
1.896534323797928412e+00,-1.197424645951239519e+01,0.000000000000000000e+00
2.128524716086549251e+00,-1.207146352494862107e+01,0.000000000000000000e+00
2.365545270734356276e+00,-1.216967542251604684e+01,0.000000000000000000e+00
2.607727648051153757e+00,-1.226839401034093768e+01,0.000000000000000000e+00
2.855214169355394294e+00,-1.236729129047717102e+01,0.000000000000000000e+00
3.108188264289047709e+00,-1.246626222825040031e+01,0.000000000000000000e+00
3.366825671379926277e+00,-1.256516446581706070e+01,0.000000000000000000e+00
3.631281894559213796e+00,-1.266378492874377137e+01,0.000000000000000000e+00
3.901715693567398446e+00,-1.276193699288558747e+01,0.000000000000000000e+00
4.178293753747780670e+00,-1.285946589939174522e+01,0.000000000000000000e+00
4.461160895379493674e+00,-1.295615199942315598e+01,0.000000000000000000e+00
4.750433269691413329e+00,-1.305170814110316968e+01,0.000000000000000000e+00
5.046175015906135819e+00,-1.314573535246817571e+01,0.000000000000000000e+00
5.348503142307398761e+00,-1.323800981298079371e+01,0.000000000000000000e+00
5.657756458915597086e+00,-1.332883893899093941e+01,0.000000000000000000e+00
5.973967937703400288e+00,-1.341775167420655457e+01,0.000000000000000000e+00
6.296909600558873166e+00,-1.350376621622157636e+01,0.000000000000000000e+00
6.627056424591648565e+00,-1.358747924570301180e+01,0.000000000000000000e+00
6.964563634249111956e+00,-1.366872575483644248e+01,0.000000000000000000e+00
7.308968237741200191e+00,-1.374616999909562942e+01,0.000000000000000000e+00
7.660859466253579164e+00,-1.382055632354462738e+01,0.000000000000000000e+00
8.020371507346830242e+00,-1.389169094630248935e+01,0.000000000000000000e+00
8.386989805294563283e+00,-1.395829505163471040e+01,0.000000000000000000e+00
8.761057528281268603e+00,-1.402062287342356406e+01,0.000000000000000000e+00
9.142877160949353765e+00,-1.407879620860646774e+01,0.000000000000000000e+00
9.532428952555836332e+00,-1.413240710018008883e+01,0.000000000000000000e+00
9.929432314718759756e+00,-1.418069896834633781e+01,0.000000000000000000e+00
1.033369653490364293e+01,-1.422311308227699556e+01,0.000000000000000000e+00
1.074562612971418574e+01,-1.425992751050619312e+01,0.000000000000000000e+00
1.116532671508815966e+01,-1.429096649967891786e+01,0.000000000000000000e+00
1.159272058716645937e+01,-1.431581768959720691e+01,0.000000000000000000e+00
1.202772003186168170e+01,-1.433407855868850689e+01,0.000000000000000000e+00
1.247037852503531319e+01,-1.434552948128796324e+01,0.000000000000000000e+00
1.291807635736077486e+01,-1.434697727000400569e+01,0.000000000000000000e+00
1.335866943361999226e+01,-1.432541910817725039e+01,0.000000000000000000e+00
1.378979972864599191e+01,-1.427975564011392429e+01,0.000000000000000000e+00
1.421095142615285845e+01,-1.421095142615286555e+01,0.000000000000000000e+00
1.462103720581710675e+01,-1.411937150569417732e+01,0.000000000000000000e+00
1.502005141328302429e+01,-1.400642453744971583e+01,0.000000000000000000e+00
1.540639155523728121e+01,-1.387197726437173095e+01,0.000000000000000000e+00
1.577576285244685828e+01,-1.371366142656594178e+01,0.000000000000000000e+00
1.613117951252434068e+01,-1.353566677941367935e+01,0.000000000000000000e+00
1.647226026998708903e+01,-1.333897335726803668e+01,0.000000000000000000e+00
1.679654930595872742e+01,-1.312290254765695074e+01,0.000000000000000000e+00
1.710411925490713614e+01,-1.288887833797645754e+01,0.000000000000000000e+00
1.739372359450423744e+01,-1.263727991177760401e+01,0.000000000000000000e+00
1.766393242498654814e+01,-1.236841863840250966e+01,0.000000000000000000e+00
1.791515603350336150e+01,-1.208392532515901863e+01,0.000000000000000000e+00
1.814736113687065355e+01,-1.178503411878120843e+01,0.000000000000000000e+00
1.835908826016416739e+01,-1.147203158277495127e+01,0.000000000000000000e+00
1.854912271064188900e+01,-1.114543735433447225e+01,0.000000000000000000e+00
1.871727755174944363e+01,-1.080642523299949431e+01,0.000000000000000000e+00
1.886356405707496364e+01,-1.045624429949576317e+01,0.000000000000000000e+00
1.898774562780000608e+01,-1.009596343629026904e+01,0.000000000000000000e+00
1.908924850098109616e+01,-9.726457922973249737e+00,0.000000000000000000e+00
1.916750154974153730e+01,-9.348615147195587838e+00,0.000000000000000000e+00
1.922196015148016457e+01,-8.963347223385431661e+00,0.000000000000000000e+00
1.925210705565728020e+01,-8.571590313809481998e+00,0.000000000000000000e+00
1.925745323582802371e+01,-8.174303922943181533e+00,0.000000000000000000e+00
1.923760168967462292e+01,-7.772495604799279256e+00,0.000000000000000000e+00
1.919241851037048008e+01,-7.367279211479228707e+00,0.000000000000000000e+00
1.912178284847770016e+01,-6.959759782947875451e+00,0.000000000000000000e+00
1.902558899151261329e+01,-6.551035648877688189e+00,0.000000000000000000e+00
1.890376816050686415e+01,-6.142206608369179754e+00,0.000000000000000000e+00
1.875628847223546103e+01,-5.734372856251753525e+00,0.000000000000000000e+00
1.858315487301222646e+01,-5.328633912677575246e+00,0.000000000000000000e+00
1.838434650307178586e+01,-4.926070798872018486e+00,0.000000000000000000e+00
1.815954985472831140e+01,-4.527684297810584901e+00,0.000000000000000000e+00
1.790837421634853754e+01,-4.134473961328067659e+00,0.000000000000000000e+00
1.763062436599932070e+01,-3.747504895332539387e+00,0.000000000000000000e+00
1.732673000344919600e+01,-3.367975134416234084e+00,0.000000000000000000e+00
1.699846657789398918e+01,-2.997288288353816998e+00,0.000000000000000000e+00
1.665526238152260774e+01,-2.637934410755765846e+00,0.000000000000000000e+00
1.630932020481886369e+01,-2.292125475013828684e+00,0.000000000000000000e+00
1.597117261249408848e+01,-1.961013416329592918e+00,0.000000000000000000e+00
1.564828960628689103e+01,-1.644701512284616252e+00,0.000000000000000000e+00
1.533995326701361250e+01,-1.342072009881154937e+00,0.000000000000000000e+00
1.504415608293942519e+01,-1.051989873260515296e+00,0.000000000000000000e+00
1.476005326350085056e+01,-7.735416136394924758e-01,0.000000000000000000e+00
1.448700302859262123e+01,-5.058972933877319278e-01,0.000000000000000000e+00
1.422426335755311300e+01,-2.482854404621691879e-01,0.000000000000000000e+00
1.397104170588183436e+01,-3.421918301172473025e-15,0.000000000000000000e+00
