2.213340722996124299e+01,0.000000000000000000e+00,0.000000000000000000e+00
2.223446975547932780e+01,3.881041132263818305e-01,0.000000000000000000e+00
2.232956969604048325e+01,7.797657562053450508e-01,0.000000000000000000e+00
2.241862163454045032e+01,1.174910174453008382e+00,0.000000000000000000e+00
2.250154066932796226e+01,1.573461002823347776e+00,0.000000000000000000e+00
2.257824117883515314e+01,1.975340145502270328e+00,0.000000000000000000e+00
2.264863075288041827e+01,2.380467015096177974e+00,0.000000000000000000e+00
2.271261497067792590e+01,2.788758456131426477e+00,0.000000000000000000e+00
2.277010013863685955e+01,3.200128879741063415e+00,0.000000000000000000e+00
2.282099335337433033e+01,3.614490259924155957e+00,0.000000000000000000e+00
2.286520256137776030e+01,4.031752130935200462e+00,0.000000000000000000e+00
2.290263661906745085e+01,4.451821586083163140e+00,0.000000000000000000e+00
2.293320535322698106e+01,4.874603277954471459e+00,0.000000000000000000e+00
2.295681962176837487e+01,5.299999420073499223e+00,0.000000000000000000e+00
2.297339137479893978e+01,5.727909790013373303e+00,0.000000000000000000e+00
2.298283371595589486e+01,6.158231733969160793e+00,0.000000000000000000e+00
2.298506096397512977e+01,6.590860172804765327e+00,0.000000000000000000e+00
2.297997960068903112e+01,7.025684823224771947e+00,0.000000000000000000e+00
2.296747353808500236e+01,7.462584525231893195e+00,0.000000000000000000e+00
2.294746816954949864e+01,7.901446945861541060e+00,0.000000000000000000e+00
2.291990227377066702e+01,8.342162199942773526e+00,0.000000000000000000e+00
2.288471574364087147e+01,8.784619325992490957e+00,0.000000000000000000e+00
2.284184959246900704e+01,9.228706281939567546e+00,0.000000000000000000e+00
2.279124596088970023e+01,9.674309940436550903e+00,0.000000000000000000e+00
2.273284812449220738e+01,1.012131608378628655e+01,0.000000000000000000e+00
2.266660050219125111e+01,1.056960939851171943e+01,0.000000000000000000e+00
2.259244866536083407e+01,1.101907346959778167e+01,0.000000000000000000e+00
2.251033934775153611e+01,1.146959077443522723e+01,0.000000000000000000e+00
2.242021797139985040e+01,1.192104135529948650e+01,0.000000000000000000e+00
2.232199311897004534e+01,1.237328283231152248e+01,0.000000000000000000e+00
2.221554644826351321e+01,1.282615172209957066e+01,0.000000000000000000e+00
2.210076296931774564e+01,1.327947811872564543e+01,0.000000000000000000e+00
2.197753209762771576e+01,1.373308623841107412e+01,0.000000000000000000e+00
2.184576605054257925e+01,1.418680635243874200e+01,0.000000000000000000e+00
2.170546892161721075e+01,1.464052364968941156e+01,0.000000000000000000e+00
2.155667128439480607e+01,1.509414373204202775e+01,0.000000000000000000e+00
2.139940111308062853e+01,1.554757498249833425e+01,0.000000000000000000e+00
2.123364035471727362e+01,1.600069568772333284e+01,0.000000000000000000e+00
2.105931475467104264e+01,1.645333992190532157e+01,0.000000000000000000e+00
2.087635123305446072e+01,1.690533589989840024e+01,0.000000000000000000e+00
2.068471675146223632e+01,1.735653819715846424e+01,0.000000000000000000e+00
2.048442176488180877e+01,1.780683617204581637e+01,0.000000000000000000e+00
2.027539409428461425e+01,1.825604684222640728e+01,0.000000000000000000e+00
2.005703272742205101e+01,1.870348560147787254e+01,0.000000000000000000e+00
1.982855012522737681e+01,1.914820827663148251e+01,0.000000000000000000e+00
1.958880925326944933e+01,1.958880925326944578e+01,0.000000000000000000e+00
1.933639891913964348e+01,2.002342724031629828e+01,0.000000000000000000e+00
1.907086271097684715e+01,2.045099644442806408e+01,0.000000000000000000e+00
1.879284998665844952e+01,2.087157438449050062e+01,0.000000000000000000e+00
1.850281011119468388e+01,2.128504819672781423e+01,0.000000000000000000e+00
1.820089744713281377e+01,2.169098492105931086e+01,0.000000000000000000e+00
1.788683691305049450e+01,2.208840404333224683e+01,0.000000000000000000e+00
1.756072203298022316e+01,2.247669922138166854e+01,0.000000000000000000e+00
1.722401929842175505e+01,2.285704561746059582e+01,0.000000000000000000e+00
1.687663646722155164e+01,2.322869731184822939e+01,0.000000000000000000e+00
1.651779787324159443e+01,2.358986010843911885e+01,0.000000000000000000e+00
1.614858840699412923e+01,2.394126686878681909e+01,0.000000000000000000e+00
1.576997956266147938e+01,2.428363900861442559e+01,0.000000000000000000e+00
1.538179231544416226e+01,2.461601336094358317e+01,0.000000000000000000e+00
1.498325453044590638e+01,2.493632309385655432e+01,0.000000000000000000e+00
1.457566960233708642e+01,2.524580030558508170e+01,0.000000000000000000e+00
1.415964337953122687e+01,2.554467285428718171e+01,0.000000000000000000e+00
1.373534331574355782e+01,2.583242368453674587e+01,0.000000000000000000e+00
1.330314295389437440e+01,2.610888811754991679e+01,0.000000000000000000e+00
1.286324529543462525e+01,2.637356124440641736e+01,0.000000000000000000e+00
1.241545095254164188e+01,2.662502048897254170e+01,0.000000000000000000e+00
1.196069778145956519e+01,2.686416705871275923e+01,0.000000000000000000e+00
1.149944609251655336e+01,2.709099728271781871e+01,0.000000000000000000e+00
1.103203006768444894e+01,2.730523258701907352e+01,0.000000000000000000e+00
1.055882482814748080e+01,2.750667909582439918e+01,0.000000000000000000e+00
1.008020438015116937e+01,2.769513391795290858e+01,0.000000000000000000e+00
9.596555451810194981e+00,2.787042073136637654e+01,0.000000000000000000e+00
9.108271462167891741e+00,2.803237713123728980e+01,0.000000000000000000e+00
8.615752819533080142e+00,2.818085766998188646e+01,0.000000000000000000e+00
8.119405537497298653e+00,2.831573214686994078e+01,0.000000000000000000e+00
7.619640444019505132e+00,2.843688527248747633e+01,0.000000000000000000e+00
7.116872363088657671e+00,2.854421598028416085e+01,0.000000000000000000e+00
6.611519424956173729e+00,2.863763688155873410e+01,0.000000000000000000e+00
6.104002456190662507e+00,2.871707374372500965e+01,0.000000000000000000e+00
5.594744451625710546e+00,2.878246503693864256e+01,0.000000000000000000e+00
5.084170116192034072e+00,2.883376154780352607e+01,0.000000000000000000e+00
4.572705467188576733e+00,2.887092606962471564e+01,0.000000000000000000e+00
4.060777486166067263e+00,2.889393317440543996e+01,0.000000000000000000e+00
3.548813809341322845e+00,2.890276907165591425e+01,0.000000000000000000e+00
3.037242445083338627e+00,2.889743155835701316e+01,0.000000000000000000e+00
2.526491506580095248e+00,2.887793006269280482e+01,0.000000000000000000e+00
2.016988947920173025e+00,2.884428578768283913e+01,0.000000000000000000e+00
1.509162290251855776e+00,2.879653194426053986e+01,0.000000000000000000e+00
1.003438328299149696e+00,2.873471412295978666e+01,0.000000000000000000e+00
5.002427966266274062e-01,2.865889062480350447e+01,0.000000000000000000e+00
1.749354890185672243e-15,2.856913342530501509e+01,0.000000000000000000e+00
-4.968676265542665837e-01,2.846552726086050455e+01,0.000000000000000000e+00
-9.899401221630872438e-01,2.834817607318277766e+01,0.000000000000000000e+00
-1.478799912707421393e+00,2.821718326817096667e+01,0.000000000000000000e+00
-1.963036162285684894e+00,2.807272500670415383e+01,0.000000000000000000e+00
-2.442229031287399543e+00,2.791480556293712567e+01,0.000000000000000000e+00
-2.916022127521279206e+00,2.774409727781501189e+01,0.000000000000000000e+00
-3.384669901201977638e+00,2.756592421972747076e+01,0.000000000000000000e+00
-3.849167832474813977e+00,2.738825225156656273e+01,0.000000000000000000e+00
-4.309956086261020225e+00,2.721199176781340512e+01,0.000000000000000000e+00
-4.767357424047168557e+00,2.703702748661822497e+01,0.000000000000000000e+00
-5.221684782926619306e+00,2.686323942013619614e+01,0.000000000000000000e+00
-5.673243091524302173e+00,2.669051026677589178e+01,0.000000000000000000e+00
-6.122330408472491214e+00,2.651872645869487499e+01,0.000000000000000000e+00
-6.569238426417927101e+00,2.634777622852802637e+01,0.000000000000000000e+00
-7.014253421035707703e+00,2.617755014446906614e+01,0.000000000000000000e+00
-7.457656927778033129e+00,2.600794048714334394e+01,0.000000000000000000e+00
-7.899726493613002276e+00,2.583884108694264015e+01,0.000000000000000000e+00
-8.340736371723991738e+00,2.567014701917379327e+01,0.000000000000000000e+00
-8.780958215485853202e+00,2.550175436583091582e+01,0.000000000000000000e+00
-9.220661755957809902e+00,2.533355996692289480e+01,0.000000000000000000e+00
-9.660115458070809069e+00,2.516546114349981877e+01,0.000000000000000000e+00
-1.009958717580560617e+01,2.499735544376827079e+01,0.000000000000000000e+00
-1.053934480498292814e+01,2.482914039305132192e+01,0.000000000000000000e+00
-1.097965693643635987e+01,2.466071324408857990e+01,0.000000000000000000e+00
-1.142079351295770984e+01,2.449197072624848914e+01,0.000000000000000000e+00
-1.186302649407616450e+01,2.432280879356132175e+01,0.000000000000000000e+00
-1.230663054043364468e+01,2.415312238602560413e+01,0.000000000000000000e+00
-1.275188370177079022e+01,2.398280516093889503e+01,0.000000000000000000e+00
-1.319906811504324473e+01,2.381174920461839406e+01,0.000000000000000000e+00
-1.364847073568153490e+01,2.363984475981740374e+01,0.000000000000000000e+00
-1.410038408113305231e+01,2.346697991949160311e+01,0.000000000000000000e+00
-1.455510704924408039e+01,2.329304038479410721e+01,0.000000000000000000e+00
-1.501294564389123565e+01,2.311790900068087851e+01,0.000000000000000000e+00
-1.547421405676072759e+01,2.294146577896465189e+01,0.000000000000000000e+00
-1.593923518053559008e+01,2.276358695207570548e+01,0.000000000000000000e+00
-1.640834166905860059e+01,2.258414481820606312e+01,0.000000000000000000e+00
-1.688188035351654648e+01,2.240301190234946560e+01,0.000000000000000000e+00
-1.736019073671751300e+01,2.222003086673738537e+01,0.000000000000000000e+00
-1.784350692976369857e+01,2.203489597017868817e+01,0.000000000000000000e+00
-1.832917167257021518e+01,2.184385619006157953e+01,0.000000000000000000e+00
-1.880895315494706921e+01,2.163722548235103460e+01,0.000000000000000000e+00
-1.927989495063222591e+01,2.141249261676431104e+01,0.000000000000000000e+00
-1.974203591910670852e+01,2.117074159183341564e+01,0.000000000000000000e+00
-2.019466894353349673e+01,2.091219186799392560e+01,0.000000000000000000e+00
-2.063734676658715728e+01,2.063734676658716083e+01,0.000000000000000000e+00
-2.106967836679021389e+01,2.034675188760474640e+01,0.000000000000000000e+00
-2.149077644909444018e+01,2.004047325159253390e+01,0.000000000000000000e+00
-2.189853800075890078e+01,1.971753218009325437e+01,0.000000000000000000e+00
-2.229406209416682927e+01,1.937993251051067745e+01,0.000000000000000000e+00
-2.267818500826829720e+01,1.902925667620805683e+01,0.000000000000000000e+00
-2.304921111462466499e+01,1.866488313836395818e+01,0.000000000000000000e+00
-2.340473159404982795e+01,1.828578038667878758e+01,0.000000000000000000e+00
-2.374693530152603316e+01,1.789459927399395411e+01,0.000000000000000000e+00
-2.407504954903500050e+01,1.749154736121021614e+01,0.000000000000000000e+00
-2.438679121247983872e+01,1.707581503972469861e+01,0.000000000000000000e+00
-2.468324107609195650e+01,1.664905632909885114e+01,0.000000000000000000e+00
-2.496457801689775025e+01,1.621218652514504299e+01,0.000000000000000000e+00
-2.522950920047764711e+01,1.576514706309288094e+01,0.000000000000000000e+00
-2.547750282335472249e+01,1.530842811771734269e+01,0.000000000000000000e+00
-2.570850762757858732e+01,1.484281379924604316e+01,0.000000000000000000e+00
-2.592229024575057039e+01,1.436896011760536851e+01,0.000000000000000000e+00
-2.611851145763750637e+01,1.388745888298427111e+01,0.000000000000000000e+00
-2.629688344241286302e+01,1.339893135629801968e+01,0.000000000000000000e+00
-2.645719145406389217e+01,1.290403447407316406e+01,0.000000000000000000e+00
-2.659924582824189443e+01,1.240343203085659773e+01,0.000000000000000000e+00
-2.672284126855449671e+01,1.189777548570721954e+01,0.000000000000000000e+00
-2.682772974713850545e+01,1.138769565373757686e+01,0.000000000000000000e+00
-2.691367562875022301e+01,1.087383078763559929e+01,0.000000000000000000e+00
-2.698046196349517700e+01,1.035682899642681498e+01,0.000000000000000000e+00
-2.702789082706912183e+01,9.837347756049695136e+00,0.000000000000000000e+00
-2.705578364913467126e+01,9.316053409588100465e+00,0.000000000000000000e+00
-2.706398152954533032e+01,8.793620657432859034e+00,0.000000000000000000e+00
-2.705264931018090380e+01,8.270824908863772862e+00,0.000000000000000000e+00
-2.702061159079922348e+01,7.748035694042654242e+00,0.000000000000000000e+00
-2.697053834864591693e+01,7.226733969952307213e+00,0.000000000000000000e+00
-2.689960669525301995e+01,6.706825214594487328e+00,0.000000000000000000e+00
-2.680970020203736581e+01,6.189506990263003772e+00,0.000000000000000000e+00
-2.670029915985885438e+01,5.675323784980577102e+00,0.000000000000000000e+00
-2.657152952574147520e+01,5.164982123475645892e+00,0.000000000000000000e+00
-2.642291523861021929e+01,4.659072865539826580e+00,0.000000000000000000e+00
-2.625476982555005634e+01,4.158347024669272862e+00,0.000000000000000000e+00
-2.606673543992011233e+01,3.663440756692789790e+00,0.000000000000000000e+00
-2.586024504769982002e+01,3.175238833023337204e+00,0.000000000000000000e+00
-2.563440459384392511e+01,2.694284491326916164e+00,0.000000000000000000e+00
-2.538983228049556473e+01,2.221322493367932083e+00,0.000000000000000000e+00
-2.512645983344665268e+01,1.757013231579597656e+00,0.000000000000000000e+00
-2.484480354629894094e+01,1.302060980584953676e+00,0.000000000000000000e+00
-2.454513075602214656e+01,8.571348532758503724e-01,0.000000000000000000e+00
-2.422745034659976326e+01,4.228917188450646569e-01,0.000000000000000000e+00
-2.389196376921586662e+01,2.925921695531474243e-15,0.000000000000000000e+00
-2.388274656011974173e+01,-4.168748918710477036e-01,0.000000000000000000e+00
-2.329861232361275114e+01,-8.136054704304719332e-01,0.000000000000000000e+00
-2.273607629334621549e+01,-1.191547268144067973e+00,0.000000000000000000e+00
-2.219951987358884793e+01,-1.552341651436658809e+00,0.000000000000000000e+00
-2.168635845886015545e+01,-1.897310518309786920e+00,0.000000000000000000e+00
-2.119495256598164090e+01,-2.227679280939778295e+00,0.000000000000000000e+00
-2.072362709445421558e+01,-2.544541453108103202e+00,0.000000000000000000e+00
-2.027091600834172880e+01,-2.848891455994417843e+00,0.000000000000000000e+00
-1.983547488210549048e+01,-3.141630587773673877e+00,0.000000000000000000e+00
-1.941608429077183118e+01,-3.423579520172856938e+00,0.000000000000000000e+00
-1.901163068971940717e+01,-3.695486650679793428e+00,0.000000000000000000e+00
-1.862109620223973039e+01,-3.958036183274778796e+00,0.000000000000000000e+00
-1.824354791838914736e+01,-4.211854907631034095e+00,0.000000000000000000e+00
-1.787813013058076450e+01,-4.457518480028191732e+00,0.000000000000000000e+00
-1.752405570991202310e+01,-4.695556575588923032e+00,0.000000000000000000e+00
-1.718059824419088599e+01,-4.926457271097610224e+00,0.000000000000000000e+00
-1.684708607619555210e+01,-5.150671106667967791e+00,0.000000000000000000e+00
-1.652289988127989062e+01,-5.368615610312192032e+00,0.000000000000000000e+00
-1.620746465481338561e+01,-5.580677622068504817e+00,0.000000000000000000e+00
-1.590024451766961988e+01,-5.787215721986109784e+00,0.000000000000000000e+00
-1.560074409894701475e+01,-5.988564579376756569e+00,0.000000000000000000e+00
-1.530849996914760069e+01,-6.185035465732318549e+00,0.000000000000000000e+00
-1.502307861831000935e+01,-6.376918535409579647e+00,0.000000000000000000e+00
-1.474407787007129578e+01,-6.564486406178517086e+00,0.000000000000000000e+00
-1.447111691685930523e+01,-6.747992640387843188e+00,0.000000000000000000e+00
-1.420384240510396445e+01,-6.927676823822900509e+00,0.000000000000000000e+00
-1.394191951397180773e+01,-7.103762807171624338e+00,0.000000000000000000e+00
-1.368503451724209619e+01,-7.276461925430516509e+00,0.000000000000000000e+00
-1.343289154437896293e+01,-7.445973370232620958e+00,0.000000000000000000e+00
-1.318521032115839375e+01,-7.612484728242632670e+00,0.000000000000000000e+00
-1.294172738624724417e+01,-7.776174328586448858e+00,0.000000000000000000e+00
-1.270219109889103493e+01,-7.937209919792466373e+00,0.000000000000000000e+00
-1.246636490425060551e+01,-8.095752028391299149e+00,0.000000000000000000e+00
-1.223402175072904186e+01,-8.251951866102231747e+00,0.000000000000000000e+00
-1.200494742634455037e+01,-8.405954683737702382e+00,0.000000000000000000e+00
-1.177893604952441464e+01,-8.557897974634945726e+00,0.000000000000000000e+00
-1.155579190269257595e+01,-8.707913790419059552e+00,0.000000000000000000e+00
-1.133532737332063078e+01,-8.856128348523542471e+00,0.000000000000000000e+00
-1.111736199905916678e+01,-9.002662238087040691e+00,0.000000000000000000e+00
-1.090172384853328680e+01,-9.147632460500839002e+00,0.000000000000000000e+00
-1.068824513941546783e+01,-9.291149750222617243e+00,0.000000000000000000e+00
-1.047676704996291797e+01,-9.433323422952961224e+00,0.000000000000000000e+00
-1.026713272376136388e+01,-9.574256156285130714e+00,0.000000000000000000e+00
-1.005919365293674694e+01,-9.714050394251584564e+00,0.000000000000000000e+00
-9.852802913822658937e+00,-9.852802913822655384e+00,0.000000000000000000e+00
-9.647819529147295015e+00,-9.990609584412675659e+00,0.000000000000000000e+00
-9.444105485820371015e+00,-1.012756321716620889e+01,0.000000000000000000e+00
-9.241525348430004172e+00,-1.026375370807757292e+01,0.000000000000000000e+00
-9.039948363897480021e+00,-1.039927100073690447e+01,0.000000000000000000e+00
-8.839243758989706379e+00,-1.053420050559192411e+01,0.000000000000000000e+00
-8.639285591767418282e+00,-1.066862921176783097e+01,0.000000000000000000e+00
-8.439947663582543669e+00,-1.080264038815000838e+01,0.000000000000000000e+00
-8.241106404181769207e+00,-1.093631757809221483e+01,0.000000000000000000e+00
-8.042639672430883735e+00,-1.106974383799806638e+01,0.000000000000000000e+00
-7.844424836542284396e+00,-1.120299969434619136e+01,0.000000000000000000e+00
-7.646341784335328740e+00,-1.133616788136360398e+01,0.000000000000000000e+00
-7.448268603885995987e+00,-1.146932786420420669e+01,0.000000000000000000e+00
-7.250085687584664207e+00,-1.160256246434806116e+01,0.000000000000000000e+00
-7.051672607583079788e+00,-1.173595403705368412e+01,0.000000000000000000e+00
-6.852906762674611407e+00,-1.186958269248476761e+01,0.000000000000000000e+00
-6.653664182767644597e+00,-1.200352793325184919e+01,0.000000000000000000e+00
-6.453819530717071373e+00,-1.213786919398864228e+01,0.000000000000000000e+00
-6.253255424441213961e+00,-1.227270478961539091e+01,0.000000000000000000e+00
-6.051851667178700822e+00,-1.240813472188454725e+01,0.000000000000000000e+00
-5.849465879714967897e+00,-1.254422006033326475e+01,0.000000000000000000e+00
-5.645937763070607573e+00,-1.268098383903110005e+01,0.000000000000000000e+00
-5.441143069193897119e+00,-1.281852977234595414e+01,0.000000000000000000e+00
-5.235040655778186114e+00,-1.295718030421640243e+01,0.000000000000000000e+00
-5.027534455720484630e+00,-1.309717503296872110e+01,0.000000000000000000e+00
-4.818217516183726623e+00,-1.323794382773550105e+01,0.000000000000000000e+00
-4.606601820687594717e+00,-1.337854311676216312e+01,0.000000000000000000e+00
-4.392171789066953380e+00,-1.351771480765693667e+01,0.000000000000000000e+00
-4.174421290269623164e+00,-1.365391680793432627e+01,0.000000000000000000e+00
-3.953137711029226509e+00,-1.378622955193552890e+01,0.000000000000000000e+00
-3.728468601305153118e+00,-1.391483425449610678e+01,0.000000000000000000e+00
-3.500540615373539222e+00,-1.403990155720802058e+01,0.000000000000000000e+00
-3.269391401598201519e+00,-1.416128997961465252e+01,0.000000000000000000e+00
-3.035060501486347206e+00,-1.427883701938141137e+01,0.000000000000000000e+00
-2.797614136465189638e+00,-1.439247704088725044e+01,0.000000000000000000e+00
-2.557121944382737766e+00,-1.450215919372330831e+01,0.000000000000000000e+00
-2.313649986901965772e+00,-1.460781110923015902e+01,0.000000000000000000e+00
-2.067265674348985449e+00,-1.470935958738699867e+01,0.000000000000000000e+00
-1.818039433453038534e+00,-1.480674296576024673e+01,0.000000000000000000e+00
-1.566042919265901556e+00,-1.489990308485048232e+01,0.000000000000000000e+00
-1.311348625863105077e+00,-1.498878338076949213e+01,0.000000000000000000e+00
-1.054029933009034581e+00,-1.507333029654657253e+01,0.000000000000000000e+00
-7.941610092486132144e-01,-1.515349476953683805e+01,0.000000000000000000e+00
-5.318163753050605402e-01,-1.522922842323752413e+01,0.000000000000000000e+00
-2.670709347472313699e-01,-1.530048360435995214e+01,0.000000000000000000e+00
-2.822913351817390908e-15,-1.536722454062027410e+01,0.000000000000000000e+00
2.693210697517705587e-01,-1.542939375243435762e+01,0.000000000000000000e+00
5.408077910315186587e-01,-1.548670888135252355e+01,0.000000000000000000e+00
8.143606813263863931e-01,-1.553892747350021786e+01,0.000000000000000000e+00
1.089898821611570146e+00,-1.558627930145069485e+01,0.000000000000000000e+00
1.367358079412611893e+00,-1.562897436428950115e+01,0.000000000000000000e+00
1.646668825368624578e+00,-1.566700733996376904e+01,0.000000000000000000e+00
1.927727740722612770e+00,-1.570008253926171982e+01,0.000000000000000000e+00
2.210397849544248672e+00,-1.572779793307031326e+01,0.000000000000000000e+00
2.494594522054323082e+00,-1.575024994212056662e+01,0.000000000000000000e+00
2.780269371254075583e+00,-1.576769113883323392e+01,0.000000000000000000e+00
3.067385350759597618e+00,-1.578032962477883849e+01,0.000000000000000000e+00
3.355806076429264539e+00,-1.578782630873993398e+01,0.000000000000000000e+00
3.645315577486285097e+00,-1.578959647803406696e+01,0.000000000000000000e+00
3.935878234878727788e+00,-1.578594538117033785e+01,0.000000000000000000e+00
4.227500366200653836e+00,-1.577724615567684552e+01,0.000000000000000000e+00
4.520109759517065839e+00,-1.576349606308605900e+01,0.000000000000000000e+00
4.813487433842781549e+00,-1.574420797702516595e+01,0.000000000000000000e+00
5.107405212947802475e+00,-1.571897694157253156e+01,0.000000000000000000e+00
5.401990631514233421e+00,-1.568851995314654246e+01,0.000000000000000000e+00
5.697206787290579832e+00,-1.565294700204450784e+01,0.000000000000000000e+00
5.992723366899272541e+00,-1.561157811084435210e+01,0.000000000000000000e+00
6.288451575523764880e+00,-1.556446382292386765e+01,0.000000000000000000e+00
6.584416090626233675e+00,-1.551191222466981401e+01,0.000000000000000000e+00
6.880615011702714057e+00,-1.545411434336166501e+01,0.000000000000000000e+00
7.176765392868431626e+00,-1.539062305187984414e+01,0.000000000000000000e+00
7.472546641969087133e+00,-1.532099108640968943e+01,0.000000000000000000e+00
7.768219711397486016e+00,-1.524598961466089975e+01,0.000000000000000000e+00
8.063745250555504285e+00,-1.516569910253053877e+01,0.000000000000000000e+00
8.358645564324248767e+00,-1.507939576742862897e+01,0.000000000000000000e+00
8.652890390934128817e+00,-1.498724578942243468e+01,0.000000000000000000e+00
8.946580519458583680e+00,-1.488961039573176315e+01,0.000000000000000000e+00
9.239683667246408660e+00,-1.478658481011107995e+01,0.000000000000000000e+00
9.531856633420483504e+00,-1.467777206990783867e+01,0.000000000000000000e+00
9.822742728474837648e+00,-1.456281497297915450e+01,0.000000000000000000e+00
1.011263355699103172e+01,-1.444233745733016505e+01,0.000000000000000000e+00
1.040155945872735366e+01,-1.431651838369826280e+01,0.000000000000000000e+00
1.068908943263486044e+01,-1.418490077941555150e+01,0.000000000000000000e+00
1.097503657550767997e+01,-1.404740622783402948e+01,0.000000000000000000e+00
1.125939511878092603e+01,-1.390419501648720058e+01,0.000000000000000000e+00
1.154229051291177655e+01,-1.375556618552867860e+01,0.000000000000000000e+00
1.182356654563976051e+01,-1.360145741477923309e+01,0.000000000000000000e+00
1.210282007924589109e+01,-1.344154344473654561e+01,0.000000000000000000e+00
1.237994844569087149e+01,-1.327586934487761283e+01,0.000000000000000000e+00
1.265496646655079971e+01,-1.310460139611651087e+01,0.000000000000000000e+00
1.292787500262565281e+01,-1.292787500262565814e+01,0.000000000000000000e+00
1.319861468942002070e+01,-1.274575404857667849e+01,0.000000000000000000e+00
1.346706341916695138e+01,-1.255823980434581522e+01,0.000000000000000000e+00
1.373312749090261242e+01,-1.236536353366655661e+01,0.000000000000000000e+00
1.399679190325846356e+01,-1.216722557347612543e+01,0.000000000000000000e+00
1.425829270281941064e+01,-1.196412814815347758e+01,0.000000000000000000e+00
1.451779223641302785e+01,-1.175627635028971696e+01,0.000000000000000000e+00
1.477513778545143097e+01,-1.154360278142950946e+01,0.000000000000000000e+00
1.503018970506204433e+01,-1.132606032606282476e+01,0.000000000000000000e+00
1.528287834852911331e+01,-1.110366107053873996e+01,0.000000000000000000e+00
1.553311880917045151e+01,-1.087640688208818851e+01,0.000000000000000000e+00
1.578081021407021645e+01,-1.064429089206433332e+01,0.000000000000000000e+00
1.602585669123794787e+01,-1.040731302278505233e+01,0.000000000000000000e+00
1.626816494693550297e+01,-1.016547768714564803e+01,0.000000000000000000e+00
1.650764039970282937e+01,-9.918791029249813818e+00,0.000000000000000000e+00
1.674418795667964943e+01,-9.667261424150696669e+00,0.000000000000000000e+00
1.697771489818366319e+01,-9.410901041047726068e+00,0.000000000000000000e+00
1.720812913573532654e+01,-9.149724562719162790e+00,0.000000000000000000e+00
1.743533930773273255e+01,-8.883749097860407673e+00,0.000000000000000000e+00
1.765925582623015799e+01,-8.612994556273994462e+00,0.000000000000000000e+00
1.787979943169658270e+01,-8.337487401275522458e+00,0.000000000000000000e+00
1.809689226598367640e+01,-8.057255551754126444e+00,0.000000000000000000e+00
1.831043950304317036e+01,-7.772320442771357030e+00,0.000000000000000000e+00
1.852034403258333839e+01,-7.482704700653320273e+00,0.000000000000000000e+00
1.872658529868805388e+01,-7.188462595189305304e+00,0.000000000000000000e+00
1.892919352637178676e+01,-6.889663002263815450e+00,0.000000000000000000e+00
1.912802030094504602e+01,-6.586305577180691095e+00,0.000000000000000000e+00
1.932267663151577608e+01,-6.278318221518789599e+00,0.000000000000000000e+00
1.951289191388492839e+01,-5.965689742061211831e+00,0.000000000000000000e+00
1.969885888418360764e+01,-5.648556889753562515e+00,0.000000000000000000e+00
1.988084410163689597e+01,-5.327056121882653095e+00,0.000000000000000000e+00
2.005871499673238745e+01,-5.001199349735846234e+00,0.000000000000000000e+00
2.023203372037706771e+01,-4.670933027814857752e+00,0.000000000000000000e+00
2.040045165010588235e+01,-4.336249859262045980e+00,0.000000000000000000e+00
2.056400519229743296e+01,-3.997237686388419142e+00,0.000000000000000000e+00
2.072282431262600255e+01,-3.653993042797333946e+00,0.000000000000000000e+00
2.087694444312520758e+01,-3.306583161310829855e+00,0.000000000000000000e+00
2.102620463245956017e+01,-2.955040349669165956e+00,0.000000000000000000e+00
2.117041930169708763e+01,-2.599400638089266469e+00,0.000000000000000000e+00
2.130943525787634130e+01,-2.239711896722535123e+00,0.000000000000000000e+00
2.144317173146581368e+01,-1.876034436542820982e+00,0.000000000000000000e+00
2.157155788379091987e+01,-1.508430271468385264e+00,0.000000000000000000e+00
2.169451947474755826e+01,-1.136961588284220781e+00,0.000000000000000000e+00
2.181195722021199046e+01,-7.616903302508821749e-01,0.000000000000000000e+00
2.192376158273537712e+01,-3.826806818974288760e-01,0.000000000000000000e+00
2.202982328340751650e+01,-5.395750513961370025e-15,0.000000000000000000e+00
