1.384441941422654310e+01,0.000000000000000000e+00,0.000000000000000000e+00
1.377309534934814472e+01,2.404102735854035389e-01,0.000000000000000000e+00
1.370245974539475498e+01,4.785004382388824973e-01,0.000000000000000000e+00
1.363243822853618425e+01,7.144458137708176171e-01,0.000000000000000000e+00
1.356298217690670782e+01,9.484161040777389085e-01,0.000000000000000000e+00
1.349406201110580561e+01,1.180577450887589031e+00,0.000000000000000000e+00
1.342564208215708277e+01,1.411091843995804229e+00,0.000000000000000000e+00
1.335768016461818064e+01,1.640116893694081757e+00,0.000000000000000000e+00
1.329012766504937737e+01,1.867805635347383975e+00,0.000000000000000000e+00
1.322292983548773648e+01,2.094306341444337249e+00,0.000000000000000000e+00
1.315602623253443682e+01,2.319762383704158548e+00,0.000000000000000000e+00
1.308936812904967262e+01,2.544315423342075277e+00,0.000000000000000000e+00
1.302292988164135856e+01,2.768109198511475189e+00,0.000000000000000000e+00
1.295668254622965421e+01,2.991285862436195764e+00,0.000000000000000000e+00
1.289059122271956781e+01,3.213985365028504848e+00,0.000000000000000000e+00
1.282461514590591634e+01,3.436345271585435235e+00,0.000000000000000000e+00
1.275870778114899551e+01,3.658500584489472907e+00,0.000000000000000000e+00
1.269281692473317946e+01,3.880583568028693531e+00,0.000000000000000000e+00
1.262688845018643136e+01,4.102724759601367843e+00,0.000000000000000000e+00
1.256088957310918452e+01,4.325061127503727398e+00,0.000000000000000000e+00
1.249479343334574466e+01,4.547732893042657487e+00,0.000000000000000000e+00
1.242856684201089834e+01,4.770879817681678681e+00,0.000000000000000000e+00
1.236217021743064137e+01,4.994640976080281902e+00,0.000000000000000000e+00
1.229555758579158287e+01,5.219154546423492746e+00,0.000000000000000000e+00
1.222867658772946342e+01,5.444557600218064231e+00,0.000000000000000000e+00
1.216146875077798128e+01,5.670986012900477213e+00,0.000000000000000000e+00
1.209388737304396955e+01,5.898582994278721792e+00,0.000000000000000000e+00
1.202590828696025760e+01,6.127506325492201533e+00,0.000000000000000000e+00
1.195750197957121763e+01,6.357916581648819232e+00,0.000000000000000000e+00
1.188863066845084404e+01,6.589975588901286763e+00,0.000000000000000000e+00
1.181924819533074711e+01,6.823846127193204048e+00,0.000000000000000000e+00
1.174929992883103580e+01,7.059691628377886552e+00,0.000000000000000000e+00
1.167872268161837468e+01,7.297675873191637130e+00,0.000000000000000000e+00
1.160745256576738171e+01,7.537967833889264391e+00,0.000000000000000000e+00
1.153544032471778991e+01,7.780752744549717548e+00,0.000000000000000000e+00
1.146263081918150917e+01,8.026220507305833252e+00,0.000000000000000000e+00
1.138895825996406863e+01,8.274562525541831803e+00,0.000000000000000000e+00
1.131434606280275545e+01,8.525971299889619104e+00,0.000000000000000000e+00
1.123870671607046567e+01,8.780640017790366514e+00,0.000000000000000000e+00
1.116194259526687738e+01,9.038762893086355277e+00,0.000000000000000000e+00
1.108399668661564874e+01,9.300577531709384616e+00,0.000000000000000000e+00
1.100487486470242970e+01,9.566391771212961359e+00,0.000000000000000000e+00
1.092456999711370536e+01,9.836527007616021834e+00,0.000000000000000000e+00
1.084305475936741914e+01,1.011131214292688973e+01,0.000000000000000000e+00
1.076028119238438663e+01,1.039108276125327812e+01,0.000000000000000000e+00
1.067618010350984648e+01,1.067618010350984470e+01,0.000000000000000000e+00
1.059060953180298448e+01,1.096689721170133858e+01,0.000000000000000000e+00
1.050328997292724864e+01,1.126339951928317618e+01,0.000000000000000000e+00
1.041391573615805122e+01,1.156582514495379677e+01,0.000000000000000000e+00
1.032217347144968222e+01,1.187430225541053019e+01,0.000000000000000000e+00
1.022774243671421068e+01,1.218894879308241919e+01,0.000000000000000000e+00
1.013035158791958423e+01,1.250994237062223391e+01,0.000000000000000000e+00
1.003039892500131991e+01,1.283832517161389397e+01,0.000000000000000000e+00
9.928655573093365660e+00,1.317577096392617442e+01,0.000000000000000000e+00
9.825784313656024338e+00,1.352403188376541010e+01,0.000000000000000000e+00
9.722327673353715838e+00,1.388492288759380955e+01,0.000000000000000000e+00
9.618193518165917055e+00,1.425955829763502436e+01,0.000000000000000000e+00
9.508983183564543751e+00,1.464255004587309195e+01,0.000000000000000000e+00
9.388602150592490148e+00,1.502490420102222757e+01,0.000000000000000000e+00
9.251569439040686404e+00,1.539719719693650291e+01,0.000000000000000000e+00
9.093243644282908988e+00,1.574995999750077047e+01,0.000000000000000000e+00
8.911847154886592293e+00,1.607739785509517816e+01,0.000000000000000000e+00
8.707395329963535602e+00,1.637622884129547529e+01,0.000000000000000000e+00
8.480495313165150151e+00,1.664390919350511311e+01,0.000000000000000000e+00
8.233427724002048365e+00,1.688102849188688026e+01,0.000000000000000000e+00
7.968480323847900060e+00,1.708846120043606831e+01,0.000000000000000000e+00
7.686211986087023718e+00,1.726351477277481195e+01,0.000000000000000000e+00
7.387586960171951489e+00,1.740406421784978619e+01,0.000000000000000000e+00
7.075997965719516891e+00,1.751370953975283484e+01,0.000000000000000000e+00
6.752687976536685177e+00,1.759135360496502543e+01,0.000000000000000000e+00
6.417114820239963713e+00,1.763087806665690138e+01,0.000000000000000000e+00
6.073243532586929838e+00,1.763797993011329623e+01,0.000000000000000000e+00
5.722594558642049911e+00,1.761233506306131957e+01,0.000000000000000000e+00
5.363967715030690364e+00,1.754474784617252325e+01,0.000000000000000000e+00
5.001505972029502090e+00,1.744232416781224870e+01,0.000000000000000000e+00
4.637431431092895018e+00,1.730712971745553475e+01,0.000000000000000000e+00
4.272097795000926013e+00,1.713444838239022516e+01,0.000000000000000000e+00
3.906640620780684969e+00,1.692151959841001840e+01,0.000000000000000000e+00
3.543826918585217367e+00,1.667239482395625316e+01,0.000000000000000000e+00
3.186297460266223958e+00,1.639207939528859370e+01,0.000000000000000000e+00
2.836958982298509291e+00,1.608919389931068622e+01,0.000000000000000000e+00
2.499932014852185524e+00,1.578394954535761130e+01,0.000000000000000000e+00
2.175746098306341025e+00,1.548123791148448625e+01,0.000000000000000000e+00
1.863652568826875022e+00,1.517823214191083281e+01,0.000000000000000000e+00
1.563677098487378681e+00,1.487739380373022335e+01,0.000000000000000000e+00
1.275866478354258593e+00,1.458322057892910451e+01,0.000000000000000000e+00
9.999815519042399847e-01,1.430040243665135868e+01,0.000000000000000000e+00
7.352396417955118224e-01,1.402920810333645285e+01,0.000000000000000000e+00
4.808067499636243802e-01,1.376850387209377757e+01,0.000000000000000000e+00
2.359501268077728031e-01,1.351757371159023080e+01,0.000000000000000000e+00
8.129071954397290565e-16,1.327578198066098381e+01,0.000000000000000000e+00
-2.276578493290816740e-01,1.304250945300432818e+01,0.000000000000000000e+00
-4.475846220868159864e-01,1.281714660361621227e+01,0.000000000000000000e+00
-6.602950632134785280e-01,1.259918035540857417e+01,0.000000000000000000e+00
-8.662617866423765189e-01,1.238812070171561608e+01,0.000000000000000000e+00
-1.065920441667958629e+00,1.218352639884722954e+01,0.000000000000000000e+00
-1.259673224649370926e+00,1.198499015253993072e+01,0.000000000000000000e+00
-1.447889931829974497e+00,1.179211719439984307e+01,0.000000000000000000e+00
-1.630916001676602223e+00,1.160457033808161675e+01,0.000000000000000000e+00
-1.809069481059750517e+00,1.142201517619338169e+01,0.000000000000000000e+00
-1.982646038887867057e+00,1.124414443508182870e+01,0.000000000000000000e+00
-2.151923647042689680e+00,1.107068744045494846e+01,0.000000000000000000e+00
-2.317157728954356344e+00,1.090137002004939148e+01,0.000000000000000000e+00
-2.478588328509083283e+00,1.073594554721939431e+01,0.000000000000000000e+00
-2.636442632148721987e+00,1.057419384138314733e+01,0.000000000000000000e+00
-2.790929465081936289e+00,1.041589056402681024e+01,0.000000000000000000e+00
-2.942245610952670010e+00,1.026082984096386497e+01,0.000000000000000000e+00
-3.090579940130921965e+00,1.010883148981178792e+01,0.000000000000000000e+00
-3.236106771084925615e+00,9.959712533909444332e+00,0.000000000000000000e+00
-3.378988498642963023e+00,9.813295153300398255e+00,0.000000000000000000e+00
-3.519384052970994770e+00,9.669428215926499703e+00,0.000000000000000000e+00
-3.657442274410468208e+00,9.527962873815535971e+00,0.000000000000000000e+00
-3.793300263403579287e+00,9.388747613010771431e+00,0.000000000000000000e+00
-3.927090731923589928e+00,9.251645991606727293e+00,0.000000000000000000e+00
-4.058943235146978523e+00,9.116535769329868089e+00,0.000000000000000000e+00
-4.188977991866503992e+00,8.983292293419953722e+00,0.000000000000000000e+00
-4.317306617653922984e+00,8.851790343451552801e+00,0.000000000000000000e+00
-4.444040456615674373e+00,8.721920487043830050e+00,0.000000000000000000e+00
-4.569287440809980616e+00,8.593579817705947477e+00,0.000000000000000000e+00
-4.693147879320224369e+00,8.466662896844496800e+00,0.000000000000000000e+00
-4.815715580638670446e+00,8.341064060467237695e+00,0.000000000000000000e+00
-4.937085798726784880e+00,8.216690597425106546e+00,0.000000000000000000e+00
-5.057351396323138459e+00,8.093454065029890288e+00,0.000000000000000000e+00
-5.176599151738517257e+00,7.971263665474429772e+00,0.000000000000000000e+00
-5.294910397229150689e+00,7.850027486704229673e+00,0.000000000000000000e+00
-5.412368249320162583e+00,7.729662927020903851e+00,0.000000000000000000e+00
-5.529055536176060492e+00,7.610092077273781896e+00,0.000000000000000000e+00
-5.645050281027873318e+00,7.491234743224877590e+00,0.000000000000000000e+00
-5.760425747711497735e+00,7.373008733652890889e+00,0.000000000000000000e+00
-5.875255902642192218e+00,7.255336808088623357e+00,0.000000000000000000e+00
-5.989617284259239227e+00,7.138147916780322788e+00,0.000000000000000000e+00
-6.103582915951263566e+00,7.021368957364216179e+00,0.000000000000000000e+00
-6.217221840396071286e+00,6.904924383413262312e+00,0.000000000000000000e+00
-6.330601779779786220e+00,6.788739264262409812e+00,0.000000000000000000e+00
-6.443795450543022163e+00,6.672745524903064940e+00,0.000000000000000000e+00
-6.556874067682607610e+00,6.556874067682608498e+00,0.000000000000000000e+00
-6.669905578965967585e+00,6.441052946630509979e+00,0.000000000000000000e+00
-6.782955312454539865e+00,6.325208157461457148e+00,0.000000000000000000e+00
-6.896093392937038935e+00,6.209270380856127147e+00,0.000000000000000000e+00
-7.009392141263885989e+00,6.093171628553978536e+00,0.000000000000000000e+00
-7.122921210708065942e+00,5.976840560809964842e+00,0.000000000000000000e+00
-7.236747464908683369e+00,5.860202549347500955e+00,0.000000000000000000e+00
-7.350940159095218362e+00,5.743183887612097749e+00,0.000000000000000000e+00
-7.465575049765267757e+00,5.625714315096984386e+00,0.000000000000000000e+00
-7.580726385431750813e+00,5.507720112188528638e+00,0.000000000000000000e+00
-7.696465877843941428e+00,5.389123425240142318e+00,0.000000000000000000e+00
-7.812865264068958204e+00,5.269844161556867412e+00,0.000000000000000000e+00
-7.930005612696791495e+00,5.149805858984171536e+00,0.000000000000000000e+00
-8.047968992649007447e+00,5.028929168622949142e+00,0.000000000000000000e+00
-8.166835082740060869e+00,4.907129583311192533e+00,0.000000000000000000e+00
-8.286682444559474447e+00,4.784318340055357055e+00,0.000000000000000000e+00
-8.407600029491518967e+00,4.660408797341717424e+00,0.000000000000000000e+00
-8.529681225187356830e+00,4.535311956497959152e+00,0.000000000000000000e+00
-8.653017033616935194e+00,4.408932393536618477e+00,0.000000000000000000e+00
-8.777697067309741641e+00,4.281168912285949091e+00,0.000000000000000000e+00
-8.903823370155123484e+00,4.151921024362783541e+00,0.000000000000000000e+00
-9.031505203885073385e+00,4.021085188282956580e+00,0.000000000000000000e+00
-9.160849263898352746e+00,3.888549807617150744e+00,0.000000000000000000e+00
-9.291961511665364881e+00,3.754196140163697848e+00,0.000000000000000000e+00
-9.424963918879134539e+00,3.617904679964149661e+00,0.000000000000000000e+00
-9.559984824504210721e+00,3.479549916156138956e+00,0.000000000000000000e+00
-9.697149255362157660e+00,3.338996258812509943e+00,0.000000000000000000e+00
-9.836587659160638708e+00,3.196101074182830626e+00,0.000000000000000000e+00
-9.978457105123517579e+00,3.050720490655427497e+00,0.000000000000000000e+00
-1.012291712569963842e+01,2.902699776213191640e+00,0.000000000000000000e+00
-1.027012375082658657e+01,2.751871365201679520e+00,0.000000000000000000e+00
-1.042024195717383783e+01,2.598058116324869715e+00,0.000000000000000000e+00
-1.057344294326827772e+01,2.441071646281695262e+00,0.000000000000000000e+00
-1.072989329327314145e+01,2.280709225504368831e+00,0.000000000000000000e+00
-1.088980941721600537e+01,2.116764520969287133e+00,0.000000000000000000e+00
-1.105349661482860490e+01,1.949029684363965398e+00,0.000000000000000000e+00
-1.122126256592644467e+01,1.777273391238931133e+00,0.000000000000000000e+00
-1.139330145646182224e+01,1.601224096707120514e+00,0.000000000000000000e+00
-1.156958923917752635e+01,1.420566934559383210e+00,0.000000000000000000e+00
-1.175004702134513401e+01,1.234979706514222952e+00,0.000000000000000000e+00
-1.193386681756377321e+01,1.044078058565031997e+00,0.000000000000000000e+00
-1.211930344455678643e+01,8.474642528538631758e-01,0.000000000000000000e+00
-1.230462803459316312e+01,6.448582301968792674e-01,0.000000000000000000e+00
-1.248905067816345138e+01,4.361272599028980790e-01,0.000000000000000000e+00
-1.267232581327373531e+01,2.211962698622198242e-01,0.000000000000000000e+00
-1.285421091511705605e+01,1.574186825276307236e-15,0.000000000000000000e+00
-1.285620039741363918e+01,-2.244058126670276376e-01,0.000000000000000000e+00
-1.303062602260805924e+01,-4.550394876686646439e-01,0.000000000000000000e+00
-1.321145009987511720e+01,-6.923827608431643021e-01,0.000000000000000000e+00
-1.339859387921899803e+01,-9.369209544996101036e-01,0.000000000000000000e+00
-1.359196006535708356e+01,-1.189142420815818779e+00,0.000000000000000000e+00
-1.379148362945432105e+01,-1.449543340052886320e+00,0.000000000000000000e+00
-1.399755168356653989e+01,-1.718683237182434542e+00,0.000000000000000000e+00
-1.421078177523243902e+01,-1.997195132464700373e+00,0.000000000000000000e+00
-1.443175720949587060e+01,-2.285765788525592868e+00,0.000000000000000000e+00
-1.466101908438864676e+01,-2.585133229259435339e+00,0.000000000000000000e+00
-1.489914532779721945e+01,-2.896100474705015859e+00,0.000000000000000000e+00
-1.514684006705701869e+01,-3.219560244819362538e+00,0.000000000000000000e+00
-1.540484594361890558e+01,-3.556488917571264619e+00,0.000000000000000000e+00
-1.567399855184465096e+01,-3.907966755498330169e+00,0.000000000000000000e+00
-1.595519977765525610e+01,-4.275182895499946234e+00,0.000000000000000000e+00
-1.624946480691961881e+01,-4.659459054434337055e+00,0.000000000000000000e+00
-1.655792242239147427e+01,-5.062264905737372089e+00,0.000000000000000000e+00
-1.688181624503252820e+01,-5.485234606195718676e+00,0.000000000000000000e+00
-1.722255889715559363e+01,-5.930202599798277241e+00,0.000000000000000000e+00
-1.758171876121629040e+01,-6.399222296322376380e+00,0.000000000000000000e+00
-1.796106716930266245e+01,-6.894607717150657678e+00,0.000000000000000000e+00
-1.836262660484008080e+01,-7.418982723573777527e+00,0.000000000000000000e+00
-1.878857477303305501e+01,-7.975276823623617339e+00,0.000000000000000000e+00
-1.924185362709492608e+01,-8.567025193290751517e+00,0.000000000000000000e+00
-1.972357688294223621e+01,-9.197254946724855884e+00,0.000000000000000000e+00
-2.022701979949306761e+01,-9.865376725779675837e+00,0.000000000000000000e+00
-2.074163520945778671e+01,-1.056839100334843451e+01,0.000000000000000000e+00
-2.126364347973218472e+01,-1.130607978966071059e+01,0.000000000000000000e+00
-2.179234265606223886e+01,-1.207969278661557233e+01,0.000000000000000000e+00
-2.232632493542012142e+01,-1.289010971147986417e+01,0.000000000000000000e+00
-2.286456677375840130e+01,-1.373841774547745942e+01,0.000000000000000000e+00
-2.340194004980784470e+01,-1.462315511234435661e+01,0.000000000000000000e+00
-2.393973771412904128e+01,-1.554664745071221432e+01,0.000000000000000000e+00
-2.447706912776171606e+01,-1.650999159401609617e+01,0.000000000000000000e+00
-2.501251811436003081e+01,-1.751395373328179517e+01,0.000000000000000000e+00
-2.554453561038738485e+01,-1.855919147909381195e+01,0.000000000000000000e+00
-2.607149102997102119e+01,-1.964627765785331803e+01,0.000000000000000000e+00
-2.659165884250888823e+01,-2.077568083862242787e+01,0.000000000000000000e+00
-2.710323376007315943e+01,-2.194776594685912841e+01,0.000000000000000000e+00
-2.760435791006800343e+01,-2.316280654122368787e+01,0.000000000000000000e+00
-2.809313274985508713e+01,-2.442098772315974031e+01,0.000000000000000000e+00
-2.856773130563263408e+01,-2.572250080400563377e+01,0.000000000000000000e+00
-2.902617909522630413e+01,-2.706734989923214485e+01,0.000000000000000000e+00
-2.946578620729928133e+01,-2.845477898125403371e+01,0.000000000000000000e+00
-2.986558316016531833e+01,-2.986558316016530767e+01,0.000000000000000000e+00
-3.020775567568138342e+01,-3.128104671374718038e+01,0.000000000000000000e+00
-3.048352589307594585e+01,-3.268957933896182766e+01,0.000000000000000000e+00
-3.068863366683168792e+01,-3.408318061339175387e+01,0.000000000000000000e+00
-3.082428206881792931e+01,-3.545928026723717608e+01,0.000000000000000000e+00
-3.089313428853581556e+01,-3.681700377485791620e+01,0.000000000000000000e+00
-3.089781371924119213e+01,-3.815562230504067998e+01,0.000000000000000000e+00
-3.084024695708675168e+01,-3.947371602749127106e+01,0.000000000000000000e+00
-3.072034697511472245e+01,-4.076727737170821797e+01,0.000000000000000000e+00
-3.053964904900421118e+01,-4.203422080858405252e+01,0.000000000000000000e+00
-3.030024572652595793e+01,-4.327323553813428703e+01,0.000000000000000000e+00
-3.000417519416508227e+01,-4.448301903528727053e+01,0.000000000000000000e+00
-2.965312307478554033e+01,-4.566180529054402371e+01,0.000000000000000000e+00
-2.924807175137593873e+01,-4.680669913159705686e+01,0.000000000000000000e+00
-2.878929599243165782e+01,-4.791343463151997639e+01,0.000000000000000000e+00
-2.828068504263111294e+01,-4.898358336669023316e+01,0.000000000000000000e+00
-2.772417528234820594e+01,-5.001573618487180539e+01,0.000000000000000000e+00
-2.712201452593351192e+01,-5.100909051243081649e+01,0.000000000000000000e+00
-2.647279734903884219e+01,-5.195579018733251075e+01,0.000000000000000000e+00
-2.577863212292832173e+01,-5.285402847229933343e+01,0.000000000000000000e+00
-2.504811848437867638e+01,-5.371586343549339659e+01,0.000000000000000000e+00
-2.427441392187421698e+01,-5.452122633350197844e+01,0.000000000000000000e+00
-2.346794507714498934e+01,-5.528701393101390238e+01,0.000000000000000000e+00
-2.262229718422939584e+01,-5.599215035476262159e+01,0.000000000000000000e+00
-2.174744136770539882e+01,-5.665402169207887084e+01,0.000000000000000000e+00
-2.084274137974590246e+01,-5.726496130038422194e+01,0.000000000000000000e+00
-1.990725962669762339e+01,-5.781487995257199231e+01,0.000000000000000000e+00
-1.894665663109181253e+01,-5.831181319802358587e+01,0.000000000000000000e+00
-1.796302419548471008e+01,-5.875440472569504635e+01,0.000000000000000000e+00
-1.695843387427267501e+01,-5.914108723805953360e+01,0.000000000000000000e+00
-1.593512930619232115e+01,-5.947071219588956836e+01,0.000000000000000000e+00
-1.489548131980507861e+01,-5.974251247331353909e+01,0.000000000000000000e+00
-1.384192965686366783e+01,-5.995598436224326377e+01,0.000000000000000000e+00
-1.277693942569625740e+01,-6.011077392911283113e+01,0.000000000000000000e+00
-1.170296794156052300e+01,-6.020655072252677087e+01,0.000000000000000000e+00
-1.062244071213080154e+01,-6.024285489067440835e+01,0.000000000000000000e+00
-9.537593684763530533e+00,-6.021799657353080448e+01,0.000000000000000000e+00
-8.450729337064659674e+00,-6.013006365701407674e+01,0.000000000000000000e+00
-7.364837691895854022e+00,-5.998178954860480872e+01,0.000000000000000000e+00
-6.282454244180470937e+00,-5.977355934611055233e+01,0.000000000000000000e+00
-5.206058612068006575e+00,-5.950552222717838902e+01,0.000000000000000000e+00
-4.138101752052101290e+00,-5.917761209241174925e+01,0.000000000000000000e+00
-3.081036029598962056e+00,-5.878966962059267587e+01,0.000000000000000000e+00
-2.037333079525603274e+00,-5.834158608695646819e+01,0.000000000000000000e+00
-1.009485669324004187e+00,-5.783339526237374884e+01,0.000000000000000000e+00
-1.051946150860166642e-14,-5.726528125456649576e+01,0.000000000000000000e+00
9.886123284542976952e-01,-5.663756236484368856e+01,0.000000000000000000e+00
1.953845904844444314e+00,-5.595082620691243136e+01,0.000000000000000000e+00
2.893250371932166054e+00,-5.520650581865802309e+01,0.000000000000000000e+00
3.804656473539748340e+00,-5.440912244953054255e+01,0.000000000000000000e+00
4.687523630241218875e+00,-5.357864026408702074e+01,0.000000000000000000e+00
5.542602930170803965e+00,-5.273434430268729045e+01,0.000000000000000000e+00
6.369964568793418991e+00,-5.187919818217732626e+01,0.000000000000000000e+00
7.170638587607623293e+00,-5.102174469642314136e+01,0.000000000000000000e+00
7.943198057102252463e+00,-5.015137876439326448e+01,0.000000000000000000e+00
8.689306033104184479e+00,-4.927950333063834876e+01,0.000000000000000000e+00
9.407411737622052073e+00,-4.839693783466990595e+01,0.000000000000000000e+00
1.009973008588628218e+01,-4.751549425966620532e+01,0.000000000000000000e+00
1.076380382758929244e+01,-4.662315659473048868e+01,0.000000000000000000e+00
1.140160170586445076e+01,-4.572932673365095724e+01,0.000000000000000000e+00
1.201322385733091558e+01,-4.483396179825748362e+01,0.000000000000000000e+00
1.259872890001480350e+01,-4.393698913994747102e+01,0.000000000000000000e+00
1.315704933668491172e+01,-4.303476927442086719e+01,0.000000000000000000e+00
1.368939047253593522e+01,-4.213161169128763817e+01,0.000000000000000000e+00
1.419602876796559521e+01,-4.122826116772463934e+01,0.000000000000000000e+00
1.467718480372168344e+01,-4.032523382938791912e+01,0.000000000000000000e+00
1.513316270485571735e+01,-3.942323667665179698e+01,0.000000000000000000e+00
1.556403447873000090e+01,-3.852233712442258451e+01,0.000000000000000000e+00
1.596895668563743875e+01,-3.762050438759602145e+01,0.000000000000000000e+00
1.634922529305917749e+01,-3.672096123305581017e+01,0.000000000000000000e+00
1.670637282905475729e+01,-3.582693214852075414e+01,0.000000000000000000e+00
1.703994181681201425e+01,-3.493705816729736569e+01,0.000000000000000000e+00
1.734801583796596702e+01,-3.404739813326176545e+01,0.000000000000000000e+00
1.763233176674075509e+01,-3.316159299947621264e+01,0.000000000000000000e+00
1.789447360051178393e+01,-3.228248493076708314e+01,0.000000000000000000e+00
1.813407422468774755e+01,-3.140913790538436956e+01,0.000000000000000000e+00
1.835106544819474195e+01,-3.054130170470202543e+01,0.000000000000000000e+00
1.854587092674371007e+01,-2.967959761520652506e+01,0.000000000000000000e+00
1.871888785155669410e+01,-2.882455956418661458e+01,0.000000000000000000e+00
1.887041358083062548e+01,-2.797653863463226287e+01,0.000000000000000000e+00
1.900073785403293769e+01,-2.713586589286658324e+01,0.000000000000000000e+00
1.911024322940477305e+01,-2.630299327675939836e+01,0.000000000000000000e+00
1.919945387162443851e+01,-2.547853583827916779e+01,0.000000000000000000e+00
1.926892498119375574e+01,-2.466309929103510967e+01,0.000000000000000000e+00
1.931923280376947005e+01,-2.385726565581360248e+01,0.000000000000000000e+00
1.935097379959131558e+01,-2.306159254585938356e+01,0.000000000000000000e+00
1.936476379051076435e+01,-2.227661247790096155e+01,0.000000000000000000e+00
1.936123708535296117e+01,-2.150283220956810837e+01,0.000000000000000000e+00
1.933796492172670511e+01,-2.073742849761465479e+01,0.000000000000000000e+00
1.929630780455643801e+01,-1.998191167585178007e+01,0.000000000000000000e+00
1.923927689747201697e+01,-1.923927689747202407e+01,0.000000000000000000e+00
1.916524556261161649e+01,-1.850766250623514253e+01,0.000000000000000000e+00
1.907549082210372760e+01,-1.778818296709222224e+01,0.000000000000000000e+00
1.896987198878949599e+01,-1.708054945851836592e+01,0.000000000000000000e+00
1.884907466577020330e+01,-1.638525062706186830e+01,0.000000000000000000e+00
1.871376447567279300e+01,-1.570271286947553691e+01,0.000000000000000000e+00
1.856439327903853709e+01,-1.503314926331812451e+01,0.000000000000000000e+00
1.840414907374093545e+01,-1.437889713940073122e+01,0.000000000000000000e+00
1.823460609546717492e+01,-1.374076127526838675e+01,0.000000000000000000e+00
1.805695250605420199e+01,-1.311914392182136524e+01,0.000000000000000000e+00
1.787127760168261048e+01,-1.251360329413652117e+01,0.000000000000000000e+00
1.768669069408216643e+01,-1.192982350791612944e+01,0.000000000000000000e+00
1.751034099875343486e+01,-1.137134840406815783e+01,0.000000000000000000e+00
1.734142459245412482e+01,-1.083612474627130595e+01,0.000000000000000000e+00
1.717914934902746538e+01,-1.032227431222356273e+01,0.000000000000000000e+00
1.702310191691879027e+01,-9.828292474175510662e+00,0.000000000000000000e+00
1.687290124234567656e+01,-9.352801882900875441e+00,0.000000000000000000e+00
1.672810419531986170e+01,-8.894490774467520566e+00,0.000000000000000000e+00
1.658836575326783702e+01,-8.452194516811786684e+00,0.000000000000000000e+00
1.645339986360426465e+01,-8.024859306184890073e+00,0.000000000000000000e+00
1.632286750436994538e+01,-7.611478120337087816e+00,0.000000000000000000e+00
1.619639828429766126e+01,-7.211101114851278915e+00,0.000000000000000000e+00
1.607375427052890160e+01,-6.822903889781123610e+00,0.000000000000000000e+00
1.595474630560794438e+01,-6.446135934012195534e+00,0.000000000000000000e+00
1.583914789533331557e+01,-6.080079222625371038e+00,0.000000000000000000e+00
1.572669779865141315e+01,-5.724049882008921841e+00,0.000000000000000000e+00
1.561718119649726866e+01,-5.377426727702158793e+00,0.000000000000000000e+00
1.551047115686665734e+01,-5.039657576718373555e+00,0.000000000000000000e+00
1.540642340501440799e+01,-4.710216326455701541e+00,0.000000000000000000e+00
1.530486826887962160e+01,-4.388600355747636961e+00,0.000000000000000000e+00
1.520561301628719164e+01,-4.074331728134319874e+00,0.000000000000000000e+00
1.510850264429467238e+01,-3.766972790252907544e+00,0.000000000000000000e+00
1.501345160334207840e+01,-3.466128414214776576e+00,0.000000000000000000e+00
1.492036344318624330e+01,-3.171421152350768935e+00,0.000000000000000000e+00
1.482912445046268957e+01,-2.882489794922634907e+00,0.000000000000000000e+00
1.473960447713468014e+01,-2.598989954290145121e+00,0.000000000000000000e+00
1.465166464845450101e+01,-2.320595705168263745e+00,0.000000000000000000e+00
1.456521996218791593e+01,-2.047008171109830688e+00,0.000000000000000000e+00
1.448021165417471678e+01,-1.777946429738973766e+00,0.000000000000000000e+00
1.439656923322137594e+01,-1.513140399707098238e+00,0.000000000000000000e+00
1.431421056765833555e+01,-1.252331151993087976e+00,0.000000000000000000e+00
1.423304244703375510e+01,-9.952712825777230155e-01,0.000000000000000000e+00
1.415296230751837214e+01,-7.417253248136319588e-01,0.000000000000000000e+00
1.407389427544704574e+01,-4.914712178441121848e-01,0.000000000000000000e+00
1.399579649606076615e+01,-2.442975365608739402e-01,0.000000000000000000e+00
1.391862085581263209e+01,-3.409078895923306835e-15,0.000000000000000000e+00
