2.598903611181811257e+01,0.000000000000000000e+00,0.000000000000000000e+00
2.615713110626920468e+01,4.565744217958287998e-01,0.000000000000000000e+00
2.631191171661853900e+01,9.188322039432522681e-01,0.000000000000000000e+00
2.645001059618316575e+01,1.386186317358868214e+00,0.000000000000000000e+00
2.657271768334298656e+01,1.858145432271118835e+00,0.000000000000000000e+00
2.667951860048566814e+01,2.334155425871521139e+00,0.000000000000000000e+00
2.676823375798527849e+01,2.813454738545907219e+00,0.000000000000000000e+00
2.684015816167680768e+01,3.295557034445997679e+00,0.000000000000000000e+00
2.689642632822954837e+01,3.780046206680757859e+00,0.000000000000000000e+00
2.693670204581728100e+01,4.266354477715561089e+00,0.000000000000000000e+00
2.696052895673757277e+01,4.753868669244676326e+00,0.000000000000000000e+00
2.696747235722149227e+01,5.241945613459590980e+00,0.000000000000000000e+00
2.695730287506038536e+01,5.729951611020235980e+00,0.000000000000000000e+00
2.693043043790104107e+01,6.217379761431018892e+00,0.000000000000000000e+00
2.688702417635246888e+01,6.703688040286277072e+00,0.000000000000000000e+00
2.682716045493500800e+01,7.188315979119985322e+00,0.000000000000000000e+00
2.675093240556568830e+01,7.670706432041727751e+00,0.000000000000000000e+00
2.665844981387968815e+01,8.150306028228936128e+00,0.000000000000000000e+00
2.654983899422476057e+01,8.626565621036080600e+00,0.000000000000000000e+00
2.642524265342041545e+01,9.098940733452511864e+00,0.000000000000000000e+00
2.628481979247057865e+01,9.566892017510429724e+00,0.000000000000000000e+00
2.612874588027304767e+01,1.002988582401660977e+01,0.000000000000000000e+00
2.595721247038256863e+01,1.048739458760993593e+01,0.000000000000000000e+00
2.577042657172589557e+01,1.093889708267646022e+01,0.000000000000000000e+00
2.556859508143134008e+01,1.138387197329197775e+01,0.000000000000000000e+00
2.535191672462173784e+01,1.182179291759890383e+01,0.000000000000000000e+00
2.512060886378877100e+01,1.225213958748622112e+01,0.000000000000000000e+00
2.487495637279774385e+01,1.267442332700407803e+01,0.000000000000000000e+00
2.461529088801837517e+01,1.308818232825022676e+01,0.000000000000000000e+00
2.434188296576218491e+01,1.349292605732595263e+01,0.000000000000000000e+00
2.405491532664974841e+01,1.388811183917488457e+01,0.000000000000000000e+00
2.375469562386897238e+01,1.427326111736918968e+01,0.000000000000000000e+00
2.344172531246964652e+01,1.464801570363938410e+01,0.000000000000000000e+00
2.311658316996890861e+01,1.501208463935958726e+01,0.000000000000000000e+00
2.277978639883666290e+01,1.536515993786660061e+01,0.000000000000000000e+00
2.243073010933910538e+01,1.570616631010675057e+01,0.000000000000000000e+00
2.206927415774736190e+01,1.603426623781314930e+01,0.000000000000000000e+00
2.169808136860348924e+01,1.635067709477113596e+01,0.000000000000000000e+00
2.131689807551977722e+01,1.665458606811230524e+01,0.000000000000000000e+00
2.092397940500088183e+01,1.694390443307087679e+01,0.000000000000000000e+00
2.052174107526975533e+01,1.721978536737448806e+01,0.000000000000000000e+00
2.011137187164581874e+01,1.748254884731201386e+01,0.000000000000000000e+00
1.969222352112348773e+01,1.773095769963664026e+01,0.000000000000000000e+00
1.926344814133907590e+01,1.796345600282918298e+01,0.000000000000000000e+00
1.882711382813176471e+01,1.818113248584188213e+01,0.000000000000000000e+00
1.838451873169446316e+01,1.838451873169445960e+01,0.000000000000000000e+00
1.793527011984223662e+01,1.857251589511885115e+01,0.000000000000000000e+00
1.747881906557153897e+01,1.874373865410177586e+01,0.000000000000000000e+00
1.701621713573268124e+01,1.889842370599567900e+01,0.000000000000000000e+00
1.654866617529120632e+01,1.903706274970193846e+01,0.000000000000000000e+00
1.607677728030320097e+01,1.915955708113830980e+01,0.000000000000000000e+00
1.560102817090506022e+01,1.926566532727389003e+01,0.000000000000000000e+00
1.512182895019249251e+01,1.935505842825392975e+01,0.000000000000000000e+00
1.463911390650383559e+01,1.942676030273724663e+01,0.000000000000000000e+00
1.415322438713966235e+01,1.948024216283074139e+01,0.000000000000000000e+00
1.366554471748487742e+01,1.951642044932126296e+01,0.000000000000000000e+00
1.317677870102963311e+01,1.953537779287654175e+01,0.000000000000000000e+00
1.268742530671810265e+01,1.953692171082969153e+01,0.000000000000000000e+00
1.219804540170640728e+01,1.952095324316117697e+01,0.000000000000000000e+00
1.170932241020248199e+01,1.948758503952710441e+01,0.000000000000000000e+00
1.122167442462346720e+01,1.943651024944408690e+01,0.000000000000000000e+00
1.073472636240343192e+01,1.936595899754688332e+01,0.000000000000000000e+00
1.024981840635003927e+01,1.927710474181647982e+01,0.000000000000000000e+00
9.767904321391071676e+00,1.917059163793127041e+01,0.000000000000000000e+00
9.289617936260533781e+00,1.904653934151890482e+01,0.000000000000000000e+00
8.815566968010706717e+00,1.890504437111442826e+01,0.000000000000000000e+00
8.346417714293231427e+00,1.874636111666817229e+01,0.000000000000000000e+00
7.883755831133854031e+00,1.857296482635348411e+01,0.000000000000000000e+00
7.430546820079265480e+00,1.839124874807245646e+01,0.000000000000000000e+00
6.988014564049467303e+00,1.820440032472628644e+01,0.000000000000000000e+00
6.556380162476457052e+00,1.801350644976428583e+01,0.000000000000000000e+00
6.135291431451035393e+00,1.781818011293136195e+01,0.000000000000000000e+00
5.724335618275385507e+00,1.761769349363207482e+01,0.000000000000000000e+00
5.323754128542375064e+00,1.741321513150857925e+01,0.000000000000000000e+00
4.933632074484642693e+00,1.720561975715453329e+01,0.000000000000000000e+00
4.553781622495930215e+00,1.699494438172825284e+01,0.000000000000000000e+00
4.183887105987720290e+00,1.678065463276199765e+01,0.000000000000000000e+00
3.823987611710689904e+00,1.656351008368634581e+01,0.000000000000000000e+00
3.474113843266479762e+00,1.634442059078737941e+01,0.000000000000000000e+00
3.134120951112255860e+00,1.612365452558123735e+01,0.000000000000000000e+00
2.803761835500878874e+00,1.590092352421410737e+01,0.000000000000000000e+00
2.482830440145589179e+00,1.567597445215051444e+01,0.000000000000000000e+00
2.171310524788123697e+00,1.544967716597155238e+01,0.000000000000000000e+00
1.869120641546908601e+00,1.522276602043614524e+01,0.000000000000000000e+00
1.576067172482050527e+00,1.499527748333031774e+01,0.000000000000000000e+00
1.291971582383823591e+00,1.476730276032844635e+01,0.000000000000000000e+00
1.016672914660796456e+00,1.453910004480258245e+01,0.000000000000000000e+00
7.500066083257106442e-01,1.431097861016228379e+01,0.000000000000000000e+00
4.917994946706261694e-01,1.408329489379791077e+01,0.000000000000000000e+00
2.418615924567495412e-01,1.385624135180166228e+01,0.000000000000000000e+00
8.345810471561530378e-16,1.362974284074756781e+01,0.000000000000000000e+00
-2.339644134438131906e-01,1.340381226915921964e+01,0.000000000000000000e+00
-4.602163356547950834e-01,1.317887155274610578e+01,0.000000000000000000e+00
-6.789644437371336050e-01,1.295541335705564912e+01,0.000000000000000000e+00
-8.904301102741633001e-01,1.273374383195800164e+01,0.000000000000000000e+00
-1.094834961032478793e+00,1.251402086749290277e+01,0.000000000000000000e+00
-1.292423053344371242e+00,1.229658395855752318e+01,0.000000000000000000e+00
-1.483576303779148287e+00,1.208275937031146974e+01,0.000000000000000000e+00
-1.668806113234809985e+00,1.187417249064064784e+01,0.000000000000000000e+00
-1.848674589252867539e+00,1.167207198803654222e+01,0.000000000000000000e+00
-2.023560803654342877e+00,1.147618359665587917e+01,0.000000000000000000e+00
-2.193741597805626498e+00,1.128582214699206254e+01,0.000000000000000000e+00
-2.359448983309708314e+00,1.110033472865719162e+01,0.000000000000000000e+00
-2.520937297060491300e+00,1.091937908280063674e+01,0.000000000000000000e+00
-2.678472046641363846e+00,1.074276461567791152e+01,0.000000000000000000e+00
-2.832301816122579918e+00,1.057029428013906980e+01,0.000000000000000000e+00
-2.982656424173481646e+00,1.040175909467748205e+01,0.000000000000000000e+00
-3.129744813263305225e+00,1.023693401764944255e+01,0.000000000000000000e+00
-3.273756945026327081e+00,1.007558785442068228e+01,0.000000000000000000e+00
-3.414864377914327953e+00,9.917486272126481595e+00,0.000000000000000000e+00
-3.553232689531154342e+00,9.762426580554864231e+00,0.000000000000000000e+00
-3.689027985928442721e+00,9.610246465491584900e+00,0.000000000000000000e+00
-3.822404256766429143e+00,9.460782524365074053e+00,0.000000000000000000e+00
-3.953502462679420404e+00,9.313868129993348788e+00,0.000000000000000000e+00
-4.082456521096120561e+00,9.169347474246961838e+00,0.000000000000000000e+00
-4.209399813085108910e+00,9.027087030352660690e+00,0.000000000000000000e+00
-4.334456588339818950e+00,8.886952994231817726e+00,0.000000000000000000e+00
-4.457740824969992133e+00,8.748808973905305209e+00,0.000000000000000000e+00
-4.579358015171822061e+00,8.612519813429502236e+00,0.000000000000000000e+00
-4.699416530290989158e+00,8.477971842556883075e+00,0.000000000000000000e+00
-4.818021995343016783e+00,8.345058887918488821e+00,0.000000000000000000e+00
-4.935272310983142674e+00,8.213672446981869157e+00,0.000000000000000000e+00
-5.051257616966403852e+00,8.083701979512952107e+00,0.000000000000000000e+00
-5.166064033427757884e+00,7.955041005898050521e+00,0.000000000000000000e+00
-5.279782223342299297e+00,7.827599046574710506e+00,0.000000000000000000e+00
-5.392499063039147167e+00,7.701286788238084213e+00,0.000000000000000000e+00
-5.504295495700318064e+00,7.576012805212835488e+00,0.000000000000000000e+00
-5.615246510689341441e+00,7.451683804132364308e+00,0.000000000000000000e+00
-5.725424963478005225e+00,7.328209772753037754e+00,0.000000000000000000e+00
-5.834909271470142045e+00,7.205512867978489666e+00,0.000000000000000000e+00
-5.943775183910855908e+00,7.083515428998073737e+00,0.000000000000000000e+00
-6.052093880081621968e+00,6.962137597181511595e+00,0.000000000000000000e+00
-6.159931927877138946e+00,6.841297489596267489e+00,0.000000000000000000e+00
-6.267353650455495639e+00,6.720913949407448129e+00,0.000000000000000000e+00
-6.374429849500159229e+00,6.600915342288878662e+00,0.000000000000000000e+00
-6.481230713854124303e+00,6.481230713854126080e+00,0.000000000000000000e+00
-6.587822842904126119e+00,6.361786569810138126e+00,0.000000000000000000e+00
-6.694269179350581744e+00,6.242507000410801865e+00,0.000000000000000000e+00
-6.800629929360966663e+00,6.123314692169552487e+00,0.000000000000000000e+00
-6.906971637546442722e+00,6.004138842991946667e+00,0.000000000000000000e+00
-7.013363581632765964e+00,5.884910794660224376e+00,0.000000000000000000e+00
-7.119872194927094888e+00,5.765558821841055170e+00,0.000000000000000000e+00
-7.226560895487917691e+00,5.646008156720224491e+00,0.000000000000000000e+00
-7.333490241296129142e+00,5.526181272718013737e+00,0.000000000000000000e+00
-7.440725770071182410e+00,5.406003711182154170e+00,0.000000000000000000e+00
-7.548339913656112898e+00,5.285404508511243549e+00,0.000000000000000000e+00
-7.656403143031726088e+00,5.164309128354025447e+00,0.000000000000000000e+00
-7.764983277836504882e+00,5.042639101678719982e+00,0.000000000000000000e+00
-7.874145388029111459e+00,4.920312125457571462e+00,0.000000000000000000e+00
-7.983958358950289380e+00,4.797246161849137991e+00,0.000000000000000000e+00
-8.094501997364673684e+00,4.673362907134456457e+00,0.000000000000000000e+00
-8.205855346734084677e+00,4.548579893606803815e+00,0.000000000000000000e+00
-8.318094885648138259e+00,4.422809504154228577e+00,0.000000000000000000e+00
-8.431294351180245172e+00,4.295959044104953328e+00,0.000000000000000000e+00
-8.545532033927505822e+00,4.167934459579951678e+00,0.000000000000000000e+00
-8.660900654480105487e+00,4.038644301703713246e+00,0.000000000000000000e+00
-8.777492761288094414e+00,3.907991562413493991e+00,0.000000000000000000e+00
-8.895398090023563853e+00,3.775872469374025542e+00,0.000000000000000000e+00
-9.014703561685433186e+00,3.642176657050513633e+00,0.000000000000000000e+00
-9.135506549291555700e+00,3.506792406103523607e+00,0.000000000000000000e+00
-9.257920933746563108e+00,3.369607651073717403e+00,0.000000000000000000e+00
-9.382058979923860065e+00,3.230501976300057532e+00,0.000000000000000000e+00
-9.508029462875322579e+00,3.089346044850974415e+00,0.000000000000000000e+00
-9.635941072291693388e+00,2.946002830527236771e+00,0.000000000000000000e+00
-9.765925705205781071e+00,2.800334133631095401e+00,0.000000000000000000e+00
-9.898123232074043543e+00,2.652194126617977599e+00,0.000000000000000000e+00
-1.003266924946160188e+01,2.501425387154453617e+00,0.000000000000000000e+00
-1.016969635718811737e+01,2.347859402280246588e+00,0.000000000000000000e+00
-1.030936552217390201e+01,2.191323288392756474e+00,0.000000000000000000e+00
-1.045186183703063598e+01,2.031636134946738892e+00,0.000000000000000000e+00
-1.059736578018390141e+01,1.868601511483032995e+00,0.000000000000000000e+00
-1.074601447319349390e+01,1.702001488056119616e+00,0.000000000000000000e+00
-1.089740169398906744e+01,1.531529930160481223e+00,0.000000000000000000e+00
-1.105070477292333742e+01,1.356855933211024823e+00,0.000000000000000000e+00
-1.120507611918569957e+01,1.177700956600709725e+00,0.000000000000000000e+00
-1.135974818348677751e+01,9.938491865643063194e-01,0.000000000000000000e+00
-1.151440769857804902e+01,8.051658217793783434e-01,0.000000000000000000e+00
-1.166888015661520583e+01,6.115400957281487138e-01,0.000000000000000000e+00
-1.182298624468353054e+01,4.128677773546944874e-01,0.000000000000000000e+00
-1.197654202385776046e+01,2.090513186419627745e-01,0.000000000000000000e+00
-1.212935915879441673e+01,1.485418086952621581e-15,0.000000000000000000e+00
-1.213355125018185809e+01,-2.117919248817761169e-01,0.000000000000000000e+00
-1.228466722141991596e+01,-4.289900323220330880e-01,0.000000000000000000e+00
-1.244105887085448892e+01,-6.520082673510605442e-01,0.000000000000000000e+00
-1.260262868786545454e+01,-8.812616462502510517e-01,0.000000000000000000e+00
-1.276926328102886821e+01,-1.117165778667868148e+00,0.000000000000000000e+00
-1.294083821742753315e+01,-1.360136904539555269e+00,0.000000000000000000e+00
-1.311747740825546771e+01,-1.610623703726422162e+00,0.000000000000000000e+00
-1.329967778617872476e+01,-1.869147817342412754e+00,0.000000000000000000e+00
-1.348794441377056330e+01,-2.136280527103504578e+00,0.000000000000000000e+00
-1.368276247018467373e+01,-2.412640194118763404e+00,0.000000000000000000e+00
-1.388459891849474559e+01,-2.698892630030238937e+00,0.000000000000000000e+00
-1.409389916067226523e+01,-2.995750746116503382e+00,0.000000000000000000e+00
-1.431121802817055411e+01,-3.304005018967283824e+00,0.000000000000000000e+00
-1.453719471041766553e+01,-3.624529724090884031e+00,0.000000000000000000e+00
-1.477248060201344870e+01,-3.958274247513922095e+00,0.000000000000000000e+00
-1.501784978480733912e+01,-4.306299129812408921e+00,0.000000000000000000e+00
-1.527408644685183603e+01,-4.669756858054494586e+00,0.000000000000000000e+00
-1.554212660892453712e+01,-5.049943056585136425e+00,0.000000000000000000e+00
-1.582296021670247299e+01,-5.448282126594488517e+00,0.000000000000000000e+00
-1.611772093034243980e+01,-5.866370662854009765e+00,0.000000000000000000e+00
-1.642763317281872304e+01,-6.305977555799848311e+00,0.000000000000000000e+00
-1.675417892073282289e+01,-6.769127676310621844e+00,0.000000000000000000e+00
-1.709890355844082066e+01,-7.258053945354919989e+00,0.000000000000000000e+00
-1.746338042711351690e+01,-7.775197908606564567e+00,0.000000000000000000e+00
-1.785020286837604075e+01,-8.323686297144066160e+00,0.000000000000000000e+00
-1.826041572456878015e+01,-8.906199829632679865e+00,0.000000000000000000e+00
-1.868775961488321258e+01,-9.521889117817188719e+00,0.000000000000000000e+00
-1.912399008025431257e+01,-1.016840589667178207e+01,0.000000000000000000e+00
-1.956588389445101583e+01,-1.084554654236814741e+01,0.000000000000000000e+00
-2.001241250938010552e+01,-1.155417174942443914e+01,0.000000000000000000e+00
-2.045875464915830122e+01,-1.229285998302623639e+01,0.000000000000000000e+00
-2.090665370190114558e+01,-1.306392714929970644e+01,0.000000000000000000e+00
-2.135586540867964800e+01,-1.386866115570061986e+01,0.000000000000000000e+00
-2.180501365826966520e+01,-1.470766742236832059e+01,0.000000000000000000e+00
-2.225297439580607062e+01,-1.558170041953106200e+01,0.000000000000000000e+00
-2.269711040389802292e+01,-1.649041597126484504e+01,0.000000000000000000e+00
-2.313316492528975488e+01,-1.743209012114798639e+01,0.000000000000000000e+00
-2.356336024620921421e+01,-1.840971467256302674e+01,0.000000000000000000e+00
-2.398821302956331536e+01,-1.942527189622080996e+01,0.000000000000000000e+00
-2.440487314837270461e+01,-2.047812005772783905e+01,0.000000000000000000e+00
-2.480946701484272410e+01,-2.156654064829191597e+01,0.000000000000000000e+00
-2.519991938645743446e+01,-2.269010933154581622e+01,0.000000000000000000e+00
-2.558019077351216808e+01,-2.385391380257950900e+01,0.000000000000000000e+00
-2.594752984101151938e+01,-2.505723830143640996e+01,0.000000000000000000e+00
-2.629287981113287387e+01,-2.629287981113286321e+01,0.000000000000000000e+00
-2.661990063812580587e+01,-2.756571406087218534e+01,0.000000000000000000e+00
-2.693199580564343165e+01,-2.888102960048797385e+01,0.000000000000000000e+00
-2.722730336557386721e+01,-3.023898386285732087e+01,0.000000000000000000e+00
-2.749066785579010030e+01,-3.162439579470703421e+01,0.000000000000000000e+00
-2.770400065142187529e+01,-3.301634230556434346e+01,0.000000000000000000e+00
-2.785908429277311527e+01,-3.440310397681586352e+01,0.000000000000000000e+00
-2.795103809301448550e+01,-3.577569731826390154e+01,0.000000000000000000e+00
-2.797553327627027642e+01,-3.712478656634393559e+01,0.000000000000000000e+00
-2.793070917306273060e+01,-3.844332313174189864e+01,0.000000000000000000e+00
-2.782150859372280394e+01,-3.973323204268380238e+01,0.000000000000000000e+00
-2.765048335548685898e+01,-4.099352738335595348e+01,0.000000000000000000e+00
-2.741919698846728437e+01,-4.222186077847110397e+01,0.000000000000000000e+00
-2.712955738342232692e+01,-4.341636743829131717e+01,0.000000000000000000e+00
-2.678410709086132258e+01,-4.457623988439949159e+01,0.000000000000000000e+00
-2.638458570699081207e+01,-4.569944298116363512e+01,0.000000000000000000e+00
-2.593250763524768132e+01,-4.678348218792766744e+01,0.000000000000000000e+00
-2.542982519271449604e+01,-4.782654524906904925e+01,0.000000000000000000e+00
-2.488154485579622488e+01,-4.883278132718327669e+01,0.000000000000000000e+00
-2.427817393404464497e+01,-4.977763328350201988e+01,0.000000000000000000e+00
-2.363833717312772364e+01,-5.069257765711068231e+01,0.000000000000000000e+00
-2.294927956322272067e+01,-5.154492583360674018e+01,0.000000000000000000e+00
-2.222333335746726846e+01,-5.235489246667918195e+01,0.000000000000000000e+00
-2.146007400499448892e+01,-5.311554704310260888e+01,0.000000000000000000e+00
-2.066041453093102831e+01,-5.382221996656925000e+01,0.000000000000000000e+00
-1.982670079713857803e+01,-5.447341274242108966e+01,0.000000000000000000e+00
-1.896155856816352525e+01,-5.506836465134772141e+01,0.000000000000000000e+00
-1.806771941149447613e+01,-5.560672258705827886e+01,0.000000000000000000e+00
-1.714816394681803757e+01,-5.608911694764503153e+01,0.000000000000000000e+00
-1.620573661050580228e+01,-5.651611992855940514e+01,0.000000000000000000e+00
-1.524130145233349864e+01,-5.688131139358196720e+01,0.000000000000000000e+00
-1.425786444612208470e+01,-5.718517087344504546e+01,0.000000000000000000e+00
-1.325972114309952410e+01,-5.743416223107104202e+01,0.000000000000000000e+00
-1.224626228792832983e+01,-5.761413428835800232e+01,0.000000000000000000e+00
-1.122343802276770397e+01,-5.773958315302326127e+01,0.000000000000000000e+00
-1.019103166184342335e+01,-5.779621258696106878e+01,0.000000000000000000e+00
-9.154226037567367413e+00,-5.779750851036861548e+01,0.000000000000000000e+00
-8.113158776180393161e+00,-5.772812430892990676e+01,0.000000000000000000e+00
-7.072702493305908611e+00,-5.760253928748312546e+01,0.000000000000000000e+00
-6.033846101429921838e+00,-5.740821086969443598e+01,0.000000000000000000e+00
-5.000433100422680077e+00,-5.715521187429024508e+01,0.000000000000000000e+00
-3.974344364258773687e+00,-5.683577234250843446e+01,0.000000000000000000e+00
-2.958753217262526380e+00,-5.645637456384135788e+01,0.000000000000000000e+00
-1.955949785170293609e+00,-5.601107345679979943e+01,0.000000000000000000e+00
-9.689040755510255343e-01,-5.550847731220473236e+01,0.000000000000000000e+00
-1.009170007163565207e-14,-5.493665645018023014e+01,0.000000000000000000e+00
9.479751873723731848e-01,-5.430946211147642799e+01,0.000000000000000000e+00
1.872491995607728388e+00,-5.362115505645453339e+01,0.000000000000000000e+00
2.770654856451129966e+00,-5.286724403046188314e+01,0.000000000000000000e+00
3.640100581614810871e+00,-5.205586355853645131e+01,0.000000000000000000e+00
4.478285072688107604e+00,-5.118703260750061901e+01,0.000000000000000000e+00
5.282584385549290218e+00,-5.026043310430165434e+01,0.000000000000000000e+00
6.050462626938419852e+00,-4.927706368329961606e+01,0.000000000000000000e+00
6.779797183389360882e+00,-4.824076360259439866e+01,0.000000000000000000e+00
7.468850894360782533e+00,-4.715646864715250786e+01,0.000000000000000000e+00
8.118758005545272383e+00,-4.604376467472474843e+01,0.000000000000000000e+00
8.736813519526496208e+00,-4.494700907866386785e+01,0.000000000000000000e+00
9.322286697536949163e+00,-4.385791068642296153e+01,0.000000000000000000e+00
9.877539849732583477e+00,-4.278432555639704304e+01,0.000000000000000000e+00
1.040127214693151103e+01,-4.171722401143040315e+01,0.000000000000000000e+00
1.089655816000368382e+01,-4.066650868076293079e+01,0.000000000000000000e+00
1.136374245396973670e+01,-3.963007957006215776e+01,0.000000000000000000e+00
1.180353680359695012e+01,-3.860762926141900664e+01,0.000000000000000000e+00
1.221654278524685999e+01,-3.759865261135140457e+01,0.000000000000000000e+00
1.260394611050432268e+01,-3.660451739576657815e+01,0.000000000000000000e+00
1.296670853111427668e+01,-3.562573889388615811e+01,0.000000000000000000e+00
1.331011826539382348e+01,-3.467404354295876345e+01,0.000000000000000000e+00
1.363992540641147677e+01,-3.376000005498797663e+01,0.000000000000000000e+00
1.395712358956021859e+01,-3.288092262855997916e+01,0.000000000000000000e+00
1.426260146999183753e+01,-3.203432739314196454e+01,0.000000000000000000e+00
1.455717291005110958e+01,-3.121795804865885415e+01,0.000000000000000000e+00
1.484158197006645175e+01,-3.042975252834126820e+01,0.000000000000000000e+00
1.511651025806214932e+01,-2.966782183904916081e+01,0.000000000000000000e+00
1.538258349242188672e+01,-2.893043187959747797e+01,0.000000000000000000e+00
1.564037725422319802e+01,-2.821598747707963639e+01,0.000000000000000000e+00
1.589042205106104610e+01,-2.752301834615057174e+01,0.000000000000000000e+00
1.613320781712982921e+01,-2.685016675454616220e+01,0.000000000000000000e+00
1.636918784752131018e+01,-2.619617652474752134e+01,0.000000000000000000e+00
1.659878224840164762e+01,-2.555988322630117793e+01,0.000000000000000000e+00
1.682238115833432346e+01,-2.494020570279064231e+01,0.000000000000000000e+00
1.704034748375899255e+01,-2.433613829312341537e+01,0.000000000000000000e+00
1.725301930465499112e+01,-2.374674384446727871e+01,0.000000000000000000e+00
1.746071227592673480e+01,-2.317114780757252390e+01,0.000000000000000000e+00
1.766372139430333021e+01,-2.260853239202839760e+01,0.000000000000000000e+00
1.786232301276356083e+01,-2.205813189757233062e+01,0.000000000000000000e+00
1.805677630024251101e+01,-2.151922802648400435e+01,0.000000000000000000e+00
1.824732473148875300e+01,-2.099114588740726361e+01,0.000000000000000000e+00
1.843419752084935581e+01,-2.047325046748859734e+01,0.000000000000000000e+00
1.861761063480979317e+01,-1.996494310019281926e+01,0.000000000000000000e+00
1.879776798955641937e+01,-1.946565858478771460e+01,0.000000000000000000e+00
1.897486248441244783e+01,-1.897486248441245493e+01,0.000000000000000000e+00
1.914907679961731546e+01,-1.849204851330902599e+01,0.000000000000000000e+00
1.932058423890357091e+01,-1.801673627577110537e+01,0.000000000000000000e+00
1.948954953479865893e+01,-1.754846922267579146e+01,0.000000000000000000e+00
1.965612954290171288e+01,-1.708681272844219379e+01,0.000000000000000000e+00
1.982047383720306399e+01,-1.663135228655603370e+01,0.000000000000000000e+00
1.998272530356859278e+01,-1.618169189055171842e+01,0.000000000000000000e+00
2.014302068799202061e+01,-1.573745253795564025e+01,0.000000000000000000e+00
2.030149110203761609e+01,-1.529827084306628393e+01,0.000000000000000000e+00
2.045826249568679955e+01,-1.486379775221355715e+01,0.000000000000000000e+00
2.061345608862693979e+01,-1.443369734181143649e+01,0.000000000000000000e+00
2.076718876478381759e+01,-1.400764569272105931e+01,0.000000000000000000e+00
2.091957345076952635e+01,-1.358532984538277688e+01,0.000000000000000000e+00
2.107071947085964325e+01,-1.316644682001934363e+01,0.000000000000000000e+00
2.122073288045030282e+01,-1.275070269476588258e+01,0.000000000000000000e+00
2.136971678040814382e+01,-1.233781173567471967e+01,0.000000000000000000e+00
2.151777161448654496e+01,-1.192749557300335006e+01,0.000000000000000000e+00
2.166499545177621755e+01,-1.151948241861245315e+01,0.000000000000000000e+00
2.181148425598719598e+01,-1.111350631967253832e+01,0.000000000000000000e+00
2.195733214321325377e+01,-1.070930644420978339e+01,0.000000000000000000e+00
2.210263162970815642e+01,-1.030662639431182903e+01,0.000000000000000000e+00
2.224747387110125985e+01,-9.905213543066423654e+00,0.000000000000000000e+00
2.239194889439524516e+01,-9.504818391523311760e+00,0.000000000000000000e+00
2.253614582401995037e+01,-9.105193942149519160e+00,0.000000000000000000e+00
2.268015310316005895e+01,-8.706095085400042066e+00,0.000000000000000000e+00
2.282405871153142485e+01,-8.307277996141646526e+00,0.000000000000000000e+00
2.296795038074797546e+01,-7.908499536758432313e+00,0.000000000000000000e+00
2.311191580839994231e+01,-7.509516663825820615e+00,0.000000000000000000e+00
2.325604287195433528e+01,-7.110085835274408517e+00,0.000000000000000000e+00
2.340041984364485472e+01,-6.709962414984023127e+00,0.000000000000000000e+00
2.354513560739016498e+01,-6.308900071681464716e+00,0.000000000000000000e+00
2.369027987884651054e+01,-5.906650168988792693e+00,0.000000000000000000e+00
2.383594342986275905e+01,-5.502961143423674706e+00,0.000000000000000000e+00
2.398221831850309727e+01,-5.097577867000850915e+00,0.000000000000000000e+00
2.412919812589812452e+01,-4.690240990957331491e+00,0.000000000000000000e+00
2.427697820121292693e+01,-4.280686266945120444e+00,0.000000000000000000e+00
2.442565591625711363e+01,-3.868643841856087562e+00,0.000000000000000000e+00
2.457533093058050611e+01,-3.453837522071293797e+00,0.000000000000000000e+00
2.472610547139390036e+01,-3.035984003144022836e+00,0.000000000000000000e+00
2.487808461801338566e+01,-2.614792058651084439e+00,0.000000000000000000e+00
2.503137664206298396e+01,-2.189961688628125458e+00,0.000000000000000000e+00
2.518609321140332824e+01,-1.761183203585511059e+00,0.000000000000000000e+00
2.534235015916965850e+01,-1.328136293655321376e+00,0.000000000000000000e+00
2.550026666122711561e+01,-8.904889340548076682e-01,0.000000000000000000e+00
2.565996712550715486e+01,-4.478963922316800961e-01,0.000000000000000000e+00
2.582159391491443756e+01,-6.324466467356547461e-15,0.000000000000000000e+00
