3.216720613138502927e+01,0.000000000000000000e+00,0.000000000000000000e+00
3.215428626819917213e+01,5.612551545319117707e-01,0.000000000000000000e+00
3.212604467078158876e+01,1.121866200629954236e+00,0.000000000000000000e+00
3.208260722741631099e+01,1.681378198398936652e+00,0.000000000000000000e+00
3.202418752652613421e+01,2.239349338811104762e+00,0.000000000000000000e+00
3.195101105740938507e+01,2.795351255714766392e+00,0.000000000000000000e+00
3.186331464155860971e+01,3.348969318430648823e+00,0.000000000000000000e+00
3.176130902731490835e+01,3.899798382620320858e+00,0.000000000000000000e+00
3.164483853230853327e+01,4.447392021353041791e+00,0.000000000000000000e+00
3.151354072866544698e+01,4.991254510954156842e+00,0.000000000000000000e+00
3.136721875875660714e+01,5.530886976953476974e+00,0.000000000000000000e+00
3.120628277003396178e+01,6.065886891878259135e+00,0.000000000000000000e+00
3.103118761591558084e+01,6.595882544176385309e+00,0.000000000000000000e+00
3.084186451426011999e+01,7.120405471346928472e+00,0.000000000000000000e+00
3.063846787712508402e+01,7.639028005978543590e+00,0.000000000000000000e+00
3.042198817569713398e+01,8.151547163827210341e+00,0.000000000000000000e+00
3.019242844022454619e+01,8.657539540087389796e+00,0.000000000000000000e+00
2.994907426301899633e+01,9.156350883488824977e+00,0.000000000000000000e+00
2.969173539643047377e+01,9.647429645636021789e+00,0.000000000000000000e+00
2.942170306357769860e+01,1.013070479479893926e+01,0.000000000000000000e+00
2.913940829530825738e+01,1.060587726362186523e+01,0.000000000000000000e+00
2.884468136546814776e+01,1.107243577825947156e+01,0.000000000000000000e+00
2.853770485058206319e+01,1.152998118477831824e+01,0.000000000000000000e+00
2.821865821097258831e+01,1.197810975778424059e+01,0.000000000000000000e+00
2.788781565443941446e+01,1.241645549995287467e+01,0.000000000000000000e+00
2.754551574056199570e+01,1.284468493765311692e+01,0.000000000000000000e+00
2.719215218345473772e+01,1.326249877311322223e+01,0.000000000000000000e+00
2.682819845208851106e+01,1.366964987542613663e+01,0.000000000000000000e+00
2.645407908459305801e+01,1.406588335519678701e+01,0.000000000000000000e+00
2.607020832648604625e+01,1.445095244863056116e+01,0.000000000000000000e+00
2.567426202882122865e+01,1.482304209358492209e+01,0.000000000000000000e+00
2.526967741665389156e+01,1.518355401519741932e+01,0.000000000000000000e+00
2.485701763135094566e+01,1.553238849770099073e+01,0.000000000000000000e+00
2.443514018492614426e+01,1.586836557693666094e+01,0.000000000000000000e+00
2.400340732725935311e+01,1.619050267547434174e+01,0.000000000000000000e+00
2.356569926532491621e+01,1.650088026876352387e+01,0.000000000000000000e+00
2.311888136224645152e+01,1.679685050958255843e+01,0.000000000000000000e+00
2.266484157568966040e+01,1.707918316429913830e+01,0.000000000000000000e+00
2.220525392399816056e+01,1.734864572375164471e+01,0.000000000000000000e+00
2.173688745803190514e+01,1.760218439487104192e+01,0.000000000000000000e+00
2.126524800312472863e+01,1.784366175631535256e+01,0.000000000000000000e+00
2.078482431853805323e+01,1.806797212794531760e+01,0.000000000000000000e+00
2.030223974838904155e+01,1.828021877775385207e+01,0.000000000000000000e+00
1.981192025479572294e+01,1.847491452295331626e+01,0.000000000000000000e+00
1.931972408556353926e+01,1.865684068179857036e+01,0.000000000000000000e+00
1.882170269062589085e+01,1.882170269062588730e+01,0.000000000000000000e+00
1.832130193348729108e+01,1.897226354023586126e+01,0.000000000000000000e+00
1.781779617472945887e+01,1.910724709937735355e+01,0.000000000000000000e+00
1.731075707400947650e+01,1.922554344756290590e+01,0.000000000000000000e+00
1.680376038591507282e+01,1.933051507046861772e+01,0.000000000000000000e+00
1.629223758479365713e+01,1.941633267307625133e+01,0.000000000000000000e+00
1.578174014660488034e+01,1.948882603221742826e+01,0.000000000000000000e+00
1.526961550071588469e+01,1.954421658694702657e+01,0.000000000000000000e+00
1.475689824634278935e+01,1.958306540098850945e+01,0.000000000000000000e+00
1.424623013701667951e+01,1.960825359546132418e+01,0.000000000000000000e+00
1.373363964904440060e+01,1.961367009009723361e+01,0.000000000000000000e+00
1.322435248525816043e+01,1.960590882849820105e+01,0.000000000000000000e+00
1.271577452254815732e+01,1.958057567503801266e+01,0.000000000000000000e+00
1.220927351326291799e+01,1.953892197778098350e+01,0.000000000000000000e+00
1.170666069801678155e+01,1.948315520654852051e+01,0.000000000000000000e+00
1.120517328292564940e+01,1.940792943364057166e+01,0.000000000000000000e+00
1.070971085560857361e+01,1.932082982866664622e+01,0.000000000000000000e+00
1.021588638072814703e+01,1.921328788320657566e+01,0.000000000000000000e+00
9.728838444823582066e+00,1.909392053817315116e+01,0.000000000000000000e+00
9.245035573332623713e+00,1.895513195154112296e+01,0.000000000000000000e+00
8.768551674858457545e+00,1.880421974957964082e+01,0.000000000000000000e+00
8.296604887693252550e+00,1.863447967631250535e+01,0.000000000000000000e+00
7.834387543795385156e+00,1.845666042983048527e+01,0.000000000000000000e+00
7.381372480555694615e+00,1.826953798679223695e+01,0.000000000000000000e+00
6.940000172022927849e+00,1.807931855711002456e+01,0.000000000000000000e+00
6.509046189579858144e+00,1.788345742805780247e+01,0.000000000000000000e+00
6.088484694563930155e+00,1.768224347851531775e+01,0.000000000000000000e+00
5.678904369379280226e+00,1.747787048683122535e+01,0.000000000000000000e+00
5.280022914840888149e+00,1.727017677666358253e+01,0.000000000000000000e+00
4.891003522041834195e+00,1.705695632764545167e+01,0.000000000000000000e+00
4.512566455290723866e+00,1.684112728367597356e+01,0.000000000000000000e+00
4.144482795148877408e+00,1.662261257415045179e+01,0.000000000000000000e+00
3.786620020646841667e+00,1.640165326451317185e+01,0.000000000000000000e+00
3.438826648890750182e+00,1.617840739364830327e+01,0.000000000000000000e+00
3.100968274836699123e+00,1.595309879170765655e+01,0.000000000000000000e+00
2.772913468597600684e+00,1.572597374183064645e+01,0.000000000000000000e+00
2.454532027247242620e+00,1.549730530485067703e+01,0.000000000000000000e+00
2.145691273694365186e+00,1.526738672242886707e+01,0.000000000000000000e+00
1.846253491302545902e+00,1.503652802702551128e+01,0.000000000000000000e+00
1.556073130851839403e+00,1.480504688434759153e+01,0.000000000000000000e+00
1.274996909349017438e+00,1.457328135971833483e+01,0.000000000000000000e+00
1.002856780054392605e+00,1.434152011483859468e+01,0.000000000000000000e+00
7.394840336391499402e-01,1.411019592426118940e+01,0.000000000000000000e+00
4.846813986005668040e-01,1.387945929184356508e+01,0.000000000000000000e+00
2.382396266228123949e-01,1.364873906814748139e+01,0.000000000000000000e+00
8.216479311478809969e-16,1.341852902763383426e+01,0.000000000000000000e+00
-2.302435606093136133e-01,1.319064475303703610e+01,0.000000000000000000e+00
-4.529030020647555888e-01,1.296944507971927685e+01,0.000000000000000000e+00
-6.684980095727711680e-01,1.275570189613234007e+01,0.000000000000000000e+00
-8.774666078505367617e-01,1.254835711027964251e+01,0.000000000000000000e+00
-1.080240346023844111e+00,1.234720365460553992e+01,0.000000000000000000e+00
-1.277206671057494969e+00,1.215180975180540379e+01,0.000000000000000000e+00
-1.468725968488898248e+00,1.196181309513609570e+01,0.000000000000000000e+00
-1.655134096667981058e+00,1.177689103791709968e+01,0.000000000000000000e+00
-1.836741586623470424e+00,1.159672997461056632e+01,0.000000000000000000e+00
-2.013838163018441207e+00,1.142104376157881340e+01,0.000000000000000000e+00
-2.186693980776280632e+00,1.124956530050071990e+01,0.000000000000000000e+00
-2.355560974160215704e+00,1.108204308374656222e+01,0.000000000000000000e+00
-2.520675264418502426e+00,1.091824409473358592e+01,0.000000000000000000e+00
-2.682257882953336114e+00,1.075794877577545705e+01,0.000000000000000000e+00
-2.840516186771010254e+00,1.060095072875121147e+01,0.000000000000000000e+00
-2.995645540083513580e+00,1.044705752511485031e+01,0.000000000000000000e+00
-3.147829269035965272e+00,1.029608560716730992e+01,0.000000000000000000e+00
-3.297240995992569257e+00,1.014786433146566935e+01,0.000000000000000000e+00
-3.444044119575689678e+00,1.000223039526717805e+01,0.000000000000000000e+00
-3.588393713254494077e+00,9.859030699279649923e+00,0.000000000000000000e+00
-3.730436518304298232e+00,9.718119380368944960e+00,0.000000000000000000e+00
-3.870311897378840182e+00,9.579358095823046426e+00,0.000000000000000000e+00
-4.008152523208131868e+00,9.442615604382329053e+00,0.000000000000000000e+00
-4.144084516732700507e+00,9.307766218748732001e+00,0.000000000000000000e+00
-4.278228605674957663e+00,9.174690852391909957e+00,0.000000000000000000e+00
-4.410699785667606676e+00,9.043274714607269615e+00,0.000000000000000000e+00
-4.541608621621445963e+00,8.913408792687018689e+00,0.000000000000000000e+00
-4.671060803436501985e+00,8.784987674264934654e+00,0.000000000000000000e+00
-4.799158242728878143e+00,8.657910654987384547e+00,0.000000000000000000e+00
-4.925998905990295995e+00,8.532080383203901164e+00,0.000000000000000000e+00
-5.051677341009552791e+00,8.407402950097219829e+00,0.000000000000000000e+00
-5.176285173794628491e+00,8.283787895786801414e+00,0.000000000000000000e+00
-5.299910719919139090e+00,8.161146828948803389e+00,0.000000000000000000e+00
-5.422640453073036326e+00,8.039395082004325843e+00,0.000000000000000000e+00
-5.544557511311193565e+00,7.918448758046106484e+00,0.000000000000000000e+00
-5.665744182420951347e+00,7.798227858698928650e+00,0.000000000000000000e+00
-5.786279501951639759e+00,7.678652249513246097e+00,0.000000000000000000e+00
-5.906242286366084393e+00,7.559645392139188402e+00,0.000000000000000000e+00
-6.025708610907095419e+00,7.441130429717949468e+00,0.000000000000000000e+00
-6.144754353714090733e+00,7.323033076647678996e+00,0.000000000000000000e+00
-6.263453706234410667e+00,7.205279263743404883e+00,0.000000000000000000e+00
-6.381880165881505640e+00,7.087795980368205129e+00,0.000000000000000000e+00
-6.500106924005163656e+00,6.970511277117926952e+00,0.000000000000000000e+00
-6.618205811603764310e+00,6.853352740820621847e+00,0.000000000000000000e+00
-6.736249634041907797e+00,6.736249634041908685e+00,0.000000000000000000e+00
-6.854309520404435752e+00,6.619129762907820513e+00,0.000000000000000000e+00
-6.972458227089314065e+00,6.501922484225440613e+00,0.000000000000000000e+00
-7.090767334612027462e+00,6.384555585259688471e+00,0.000000000000000000e+00
-7.209309814324793564e+00,6.266957410400906703e+00,0.000000000000000000e+00
-7.328158739881071249e+00,6.149055295842770441e+00,0.000000000000000000e+00
-7.447387803459561084e+00,6.030775732252792842e+00,0.000000000000000000e+00
-7.567072372631282740e+00,5.912044879472905912e+00,0.000000000000000000e+00
-7.687287669152626179e+00,5.792786757395227859e+00,0.000000000000000000e+00
-7.808111926075611997e+00,5.672925377719784557e+00,0.000000000000000000e+00
-7.929622993356034044e+00,5.552381795108941809e+00,0.000000000000000000e+00
-8.051902412667093500e+00,5.431076754128037365e+00,0.000000000000000000e+00
-8.175031896047041613e+00,5.308927787924788255e+00,0.000000000000000000e+00
-8.299096846837072050e+00,5.185851268115825086e+00,0.000000000000000000e+00
-8.424184002023952900e+00,5.061760414258186458e+00,0.000000000000000000e+00
-8.550383473201353723e+00,4.936566199927327148e+00,0.000000000000000000e+00
-8.677788108428552860e+00,4.810176495091151416e+00,0.000000000000000000e+00
-8.806493846457138730e+00,4.682495838030039437e+00,0.000000000000000000e+00
-8.936600743794297586e+00,4.553425510934038023e+00,0.000000000000000000e+00
-9.068211921317812951e+00,4.422862474048138814e+00,0.000000000000000000e+00
-9.201435845605189456e+00,4.290700000827615490e+00,0.000000000000000000e+00
-9.336384397996070561e+00,4.156826151054922036e+00,0.000000000000000000e+00
-9.473175832906530758e+00,4.021124570594274417e+00,0.000000000000000000e+00
-9.611932627092281578e+00,3.883472862305900719e+00,0.000000000000000000e+00
-9.752784416510845489e+00,3.743743178952375850e+00,0.000000000000000000e+00
-9.895866445827412150e+00,3.601800828554856171e+00,0.000000000000000000e+00
-1.004132157296796457e+01,3.457504291494090776e+00,0.000000000000000000e+00
-1.018930040029316864e+01,3.310704390889087634e+00,0.000000000000000000e+00
-1.033996121078195074e+01,3.161243387228483748e+00,0.000000000000000000e+00
-1.049347290768998064e+01,3.008954936865169127e+00,0.000000000000000000e+00
-1.065001216609029555e+01,2.853662159285529576e+00,0.000000000000000000e+00
-1.080976908793893010e+01,2.695178137891764525e+00,0.000000000000000000e+00
-1.097294331125314670e+01,2.533303573592358138e+00,0.000000000000000000e+00
-1.113974873383308584e+01,2.367826688731542895e+00,0.000000000000000000e+00
-1.131041359167645588e+01,2.198521690425524255e+00,0.000000000000000000e+00
-1.148518001255980536e+01,2.025147114507879653e+00,0.000000000000000000e+00
-1.166430877412306444e+01,1.847445016962060871e+00,0.000000000000000000e+00
-1.184807919177400315e+01,1.665138939231957549e+00,0.000000000000000000e+00
-1.203678983627304255e+01,1.477931954727331298e+00,0.000000000000000000e+00
-1.223075910071638006e+01,1.285504581999511009e+00,0.000000000000000000e+00
-1.243034516285027102e+01,1.087514285463710095e+00,0.000000000000000000e+00
-1.263590755538506016e+01,8.835887313609964711e-01,0.000000000000000000e+00
-1.284782593310236187e+01,6.733260257689610562e-01,0.000000000000000000e+00
-1.306673398816748310e+01,4.563004056107786144e-01,0.000000000000000000e+00
-1.329228351707812905e+01,2.320176718348741229e-01,0.000000000000000000e+00
-1.352376178303734200e+01,1.656183158002798294e-15,0.000000000000000000e+00
-1.352225880486590093e+01,-2.360319054150918638e-01,0.000000000000000000e+00
-1.373984830329985130e+01,-4.798060754511142556e-01,0.000000000000000000e+00
-1.396529075577563184e+01,-7.318898755521812127e-01,0.000000000000000000e+00
-1.419868377739854992e+01,-9.928686903475137937e-01,0.000000000000000000e+00
-1.444059993394432695e+01,-1.263388788733332380e+00,0.000000000000000000e+00
-1.469168692141743016e+01,-1.544158518638313327e+00,0.000000000000000000e+00
-1.495263079007430385e+01,-1.835952205902529055e+00,0.000000000000000000e+00
-1.522419482454215434e+01,-2.139621048312983831e+00,0.000000000000000000e+00
-1.550721604639273288e+01,-2.456101734499579248e+00,0.000000000000000000e+00
-1.580261937845139641e+01,-2.786428162287415855e+00,0.000000000000000000e+00
-1.611142768456154784e+01,-3.131744293975067706e+00,0.000000000000000000e+00
-1.643477037413860131e+01,-3.493318282563239396e+00,0.000000000000000000e+00
-1.677395423972071242e+01,-3.872572473347290600e+00,0.000000000000000000e+00
-1.713026711447514217e+01,-4.271055287822298929e+00,0.000000000000000000e+00
-1.750429287775891396e+01,-4.690261140673345430e+00,0.000000000000000000e+00
-1.788886208298145419e+01,-5.129548658770626268e+00,0.000000000000000000e+00
-1.827073284133715347e+01,-5.585923602331127391e+00,0.000000000000000000e+00
-1.865097111679666853e+01,-6.060067869718290368e+00,0.000000000000000000e+00
-1.902865149419686830e+01,-6.552090153117631210e+00,0.000000000000000000e+00
-1.940030111602285956e+01,-7.061132142033704540e+00,0.000000000000000000e+00
-1.977226736574537824e+01,-7.589862332814096391e+00,0.000000000000000000e+00
-2.013351055745860663e+01,-8.134466283342282722e+00,0.000000000000000000e+00
-2.049318938233792764e+01,-8.698842796616508721e+00,0.000000000000000000e+00
-2.084691347009997742e+01,-9.281643877033417311e+00,0.000000000000000000e+00
-2.119113480202697986e+01,-9.881588443180087111e+00,0.000000000000000000e+00
-2.153079120490637877e+01,-1.050126852824006107e+01,0.000000000000000000e+00
-2.186403961550479025e+01,-1.114028461285406202e+01,0.000000000000000000e+00
-2.218459150690877735e+01,-1.179575654178053767e+01,0.000000000000000000e+00
-2.249775729610210107e+01,-1.247071050661696567e+01,0.000000000000000000e+00
-2.280203628774847147e+01,-1.316476178880319914e+01,0.000000000000000000e+00
-2.309655879985130156e+01,-1.387781261788510001e+01,0.000000000000000000e+00
-2.338023795964703311e+01,-1.460959414133049350e+01,0.000000000000000000e+00
-2.365211058991128823e+01,-1.535986021223564002e+01,0.000000000000000000e+00
-2.391130837523630959e+01,-1.612838114794253030e+01,0.000000000000000000e+00
-2.415710833398792801e+01,-1.691498935680693805e+01,0.000000000000000000e+00
-2.438895091572988605e+01,-1.771961005371305120e+01,0.000000000000000000e+00
-2.460653973386377658e+01,-1.854235767546836300e+01,0.000000000000000000e+00
-2.480944709306632845e+01,-1.938326441539156164e+01,0.000000000000000000e+00
-2.499866236961482358e+01,-2.024351763814695460e+01,0.000000000000000000e+00
-2.517266005559720199e+01,-2.112236976840265967e+01,0.000000000000000000e+00
-2.532682514821665976e+01,-2.201627321233523915e+01,0.000000000000000000e+00
-2.546245617961249508e+01,-2.292649852187961912e+01,0.000000000000000000e+00
-2.558158423921943836e+01,-2.385521323037355756e+01,0.000000000000000000e+00
-2.568502295883086717e+01,-2.480373835200495591e+01,0.000000000000000000e+00
-2.577033736458485080e+01,-2.577033736458484015e+01,0.000000000000000000e+00
-2.583047551369523731e+01,-2.674824041405643271e+01,0.000000000000000000e+00
-2.585843980910132345e+01,-2.772978174133685414e+01,0.000000000000000000e+00
-2.584774398763079972e+01,-2.870682795276377064e+01,0.000000000000000000e+00
-2.579398425327607569e+01,-2.967258458132497623e+01,0.000000000000000000e+00
-2.569875042467328896e+01,-3.062657814378636090e+01,0.000000000000000000e+00
-2.556309349124134656e+01,-3.156779146457364860e+01,0.000000000000000000e+00
-2.538758870506508813e+01,-3.249463172460760063e+01,0.000000000000000000e+00
-2.517286663254571266e+01,-3.340552231006099504e+01,0.000000000000000000e+00
-2.491975298971627240e+01,-3.429909747765293559e+01,0.000000000000000000e+00
-2.462999709797554360e+01,-3.517528126153781187e+01,0.000000000000000000e+00
-2.430546332272024301e+01,-3.603433124388296704e+01,0.000000000000000000e+00
-2.394554609982345639e+01,-3.687290747852508588e+01,0.000000000000000000e+00
-2.354908777471837311e+01,-3.768641829330027804e+01,0.000000000000000000e+00
-2.312071785186466855e+01,-3.847933633807369347e+01,0.000000000000000000e+00
-2.266156117100541323e+01,-3.925097532701138903e+01,0.000000000000000000e+00
-2.216805802013860216e+01,-3.999223530995775633e+01,0.000000000000000000e+00
-2.164467970622505533e+01,-4.070772195744213207e+01,0.000000000000000000e+00
-2.109296442868118504e+01,-4.139727357997612955e+01,0.000000000000000000e+00
-2.051349153052551699e+01,-4.205889048924078821e+01,0.000000000000000000e+00
-1.990742611832262199e+01,-4.269161308027553758e+01,0.000000000000000000e+00
-1.927595524330243038e+01,-4.329450432858906339e+01,0.000000000000000000e+00
-1.862043146232668533e+01,-4.386698751318134981e+01,0.000000000000000000e+00
-1.794221392466531029e+01,-4.440853780612188473e+01,0.000000000000000000e+00
-1.724248087081252478e+01,-4.491819836474569883e+01,0.000000000000000000e+00
-1.652051306005849085e+01,-4.538973659031579189e+01,0.000000000000000000e+00
-1.578029058638849946e+01,-4.582929157387486896e+01,0.000000000000000000e+00
-1.502314281933599638e+01,-4.623647933170299495e+01,0.000000000000000000e+00
-1.425030523085828804e+01,-4.661064817855100983e+01,0.000000000000000000e+00
-1.346046411984146651e+01,-4.694221699233749234e+01,0.000000000000000000e+00
-1.265853071914943406e+01,-4.724227979303711322e+01,0.000000000000000000e+00
-1.184495972935414621e+01,-4.750753864099349499e+01,0.000000000000000000e+00
-1.101919986503726712e+01,-4.772939836932409463e+01,0.000000000000000000e+00
-1.018592393833042209e+01,-4.792100445312655665e+01,0.000000000000000000e+00
-9.343701254585200289e+00,-4.806917581330294809e+01,0.000000000000000000e+00
-8.495800881635299007e+00,-4.818208108311038984e+01,0.000000000000000000e+00
-7.643222238060204177e+00,-4.825740598255053726e+01,0.000000000000000000e+00
-6.786844260945711582e+00,-4.829090616487032861e+01,0.000000000000000000e+00
-5.929479510976817913e+00,-4.829173527497271579e+01,0.000000000000000000e+00
-5.070856849126936794e+00,-4.824598015778451554e+01,0.000000000000000000e+00
-4.214404401987310145e+00,-4.817086273970255661e+01,0.000000000000000000e+00
-3.359769625193537390e+00,-4.804694410933070259e+01,0.000000000000000000e+00
-2.509957485101856456e+00,-4.789284185361463386e+01,0.000000000000000000e+00
-1.665519281629018522e+00,-4.769423199630728760e+01,0.000000000000000000e+00
-8.284196464387298953e-01,-4.746012975864216799e+01,0.000000000000000000e+00
-8.668484375834985602e-15,-4.718903105706517209e+01,0.000000000000000000e+00
8.182054856667875242e-01,-4.687496087992816740e+01,0.000000000000000000e+00
1.624888882087951458e+00,-4.653072958406375648e+01,0.000000000000000000e+00
2.418206943051138591e+00,-4.614213721957206360e+01,0.000000000000000000e+00
3.196928275958180965e+00,-4.571820432112345856e+01,0.000000000000000000e+00
3.959974034232397244e+00,-4.526271032885328083e+01,0.000000000000000000e+00
4.705102933952122868e+00,-4.476606410825268512e+01,0.000000000000000000e+00
5.432400852244934519e+00,-4.424335447630709695e+01,0.000000000000000000e+00
6.143592282077172229e+00,-4.371393051056520562e+01,0.000000000000000000e+00
6.839153479082240139e+00,-4.318071563765063559e+01,0.000000000000000000e+00
7.519291089018379282e+00,-4.264401884956347999e+01,0.000000000000000000e+00
8.183841094020589679e+00,-4.210221256630660491e+01,0.000000000000000000e+00
8.833388155224879412e+00,-4.155782388378146663e+01,0.000000000000000000e+00
9.468116016934665424e+00,-4.101091610227591389e+01,0.000000000000000000e+00
1.008825460554433029e+01,-4.046177922457242460e+01,0.000000000000000000e+00
1.069402117549902620e+01,-3.991063036417975241e+01,0.000000000000000000e+00
1.128564868773609220e+01,-3.935773424172501223e+01,0.000000000000000000e+00
1.186337768326079001e+01,-3.880335995935987370e+01,0.000000000000000000e+00
1.242745958317671295e+01,-3.824778776805383274e+01,0.000000000000000000e+00
1.297815579436491262e+01,-3.769130123016613254e+01,0.000000000000000000e+00
1.351573880631747215e+01,-3.713418717760389853e+01,0.000000000000000000e+00
1.404048840730778913e+01,-3.657672281283770133e+01,0.000000000000000000e+00
1.455270012248701406e+01,-3.601919675487732775e+01,0.000000000000000000e+00
1.505255504046839299e+01,-3.546159740377974856e+01,0.000000000000000000e+00
1.553999412297831562e+01,-3.490339826646466292e+01,0.000000000000000000e+00
1.601567945580195484e+01,-3.434573542963002524e+01,0.000000000000000000e+00
1.647998823950284475e+01,-3.378898319663430527e+01,0.000000000000000000e+00
1.693328780373920495e+01,-3.323344853636081808e+01,0.000000000000000000e+00
1.737572089550787524e+01,-3.267897814265296574e+01,0.000000000000000000e+00
1.780689563795122865e+01,-3.212449010399847538e+01,0.000000000000000000e+00
1.822782860069613164e+01,-3.157152524806280880e+01,0.000000000000000000e+00
1.863895676993287864e+01,-3.102043332461757785e+01,0.000000000000000000e+00
1.904014573780818509e+01,-3.047060266218824864e+01,0.000000000000000000e+00
1.943166159676478699e+01,-2.992213488155946521e+01,0.000000000000000000e+00
1.981394868843956303e+01,-2.937538695759474194e+01,0.000000000000000000e+00
2.018737872389878873e+01,-2.883056468588422661e+01,0.000000000000000000e+00
2.055210002198343133e+01,-2.828753889797321719e+01,0.000000000000000000e+00
2.090829469508722838e+01,-2.774624420402902203e+01,0.000000000000000000e+00
2.125624684285242694e+01,-2.720675527833949658e+01,0.000000000000000000e+00
2.159641889667724612e+01,-2.666935628684657900e+01,0.000000000000000000e+00
2.192914075916586469e+01,-2.613413228224004925e+01,0.000000000000000000e+00
2.225457589389075608e+01,-2.560096102443419852e+01,0.000000000000000000e+00
2.257285495298404143e+01,-2.506969520620823388e+01,0.000000000000000000e+00
2.288414760311907870e+01,-2.454024384517126833e+01,0.000000000000000000e+00
2.318884214866949378e+01,-2.401274898665174717e+01,0.000000000000000000e+00
2.348732016491994301e+01,-2.348732016491995367e+01,0.000000000000000000e+00
2.377979434467993869e+01,-2.296388046587818010e+01,0.000000000000000000e+00
2.406646660793881765e+01,-2.244234318193121780e+01,0.000000000000000000e+00
2.434758136844786947e+01,-2.192266073302119267e+01,0.000000000000000000e+00
2.462338335192619709e+01,-2.140478058799431693e+01,0.000000000000000000e+00
2.489411003820367085e+01,-2.088863855154334104e+01,0.000000000000000000e+00
2.515997382806954263e+01,-2.037414508157499782e+01,0.000000000000000000e+00
2.542112733367587296e+01,-1.986116139539802461e+01,0.000000000000000000e+00
2.567772800960775470e+01,-1.934955593907788440e+01,0.000000000000000000e+00
2.593002979184634782e+01,-1.883926939622238095e+01,0.000000000000000000e+00
2.617830827807065219e+01,-1.833024879388273476e+01,0.000000000000000000e+00
2.642279800425698966e+01,-1.782240229267843290e+01,0.000000000000000000e+00
2.666370515457015244e+01,-1.731561259015745691e+01,0.000000000000000000e+00
2.690116642386106705e+01,-1.680971442888306555e+01,0.000000000000000000e+00
2.713522437035487300e+01,-1.630448771262318530e+01,0.000000000000000000e+00
2.736594826553055526e+01,-1.579973759773345776e+01,0.000000000000000000e+00
2.759359268207883886e+01,-1.529537818577717978e+01,0.000000000000000000e+00
2.781845537099565036e+01,-1.479133509501230748e+01,0.000000000000000000e+00
2.804069506949802104e+01,-1.428744775942219825e+01,0.000000000000000000e+00
2.826032123146157815e+01,-1.378347962792351389e+01,0.000000000000000000e+00
2.847734785547418923e+01,-1.327920538895146230e+01,0.000000000000000000e+00
2.869189862622311438e+01,-1.277445630435911106e+01,0.000000000000000000e+00
2.890412725750442391e+01,-1.226907410532825260e+01,0.000000000000000000e+00
2.911417635733910103e+01,-1.176289079195488085e+01,0.000000000000000000e+00
2.932217416577503499e+01,-1.125572809128565055e+01,0.000000000000000000e+00
2.952823140765523391e+01,-1.074739730291090467e+01,0.000000000000000000e+00
2.973230581313011811e+01,-1.023765389823356387e+01,0.000000000000000000e+00
2.993422187895838604e+01,-9.726218279879587314e+00,0.000000000000000000e+00
3.013387108247329138e+01,-9.212848941031960948e+00,0.000000000000000000e+00
3.033179593609041547e+01,-8.697502526451708960e+00,0.000000000000000000e+00
3.052884973948061997e+01,-8.180180633544919644e+00,0.000000000000000000e+00
3.072513671905161559e+01,-7.660636975244822011e+00,0.000000000000000000e+00
3.091703872709414469e+01,-7.137760805883219817e+00,0.000000000000000000e+00
3.109973120724160367e+01,-6.610451934273178232e+00,0.000000000000000000e+00
3.126904858761535166e+01,-6.078087330903007235e+00,0.000000000000000000e+00
3.142403095986418649e+01,-5.540904500842208869e+00,0.000000000000000000e+00
3.156462252311646211e+01,-4.999345072379060895e+00,0.000000000000000000e+00
3.169078028393893121e+01,-4.453848713474881649e+00,0.000000000000000000e+00
3.180244232289721751e+01,-3.904848916256904445e+00,0.000000000000000000e+00
3.189949614558867097e+01,-3.352772147742490105e+00,0.000000000000000000e+00
3.198183380118450714e+01,-2.798047896373859533e+00,0.000000000000000000e+00
3.204935937393030088e+01,-2.241109525850789819e+00,0.000000000000000000e+00
3.210198911147880807e+01,-1.682393959900990943e+00,0.000000000000000000e+00
3.213965154542920288e+01,-1.122341363163021910e+00,0.000000000000000000e+00
3.216228760396328568e+01,-5.613948183672168302e-01,0.000000000000000000e+00
3.216985071647413008e+01,-7.879340941795646792e-15,0.000000000000000000e+00
