3.805242180864322421e+01,0.000000000000000000e+00,0.000000000000000000e+00
3.813582438123514606e+01,6.656632906655626236e-01,0.000000000000000000e+00
3.820296302398492116e+01,1.334076865662339406e+00,0.000000000000000000e+00
3.825374852120038582e+01,2.004794009248033415e+00,0.000000000000000000e+00
3.828810375711433522e+01,2.677365031097348247e+00,0.000000000000000000e+00
3.830596381121964100e+01,3.351337578916016025e+00,0.000000000000000000e+00
3.830727604589981894e+01,4.026256953915467562e+00,0.000000000000000000e+00
3.829200634100061507e+01,4.701667184670998978e+00,0.000000000000000000e+00
3.826015940315718922e+01,5.377114738366262969e+00,0.000000000000000000e+00
3.821176573661685438e+01,6.052149130006352351e+00,0.000000000000000000e+00
3.814686966721380657e+01,6.726322351899136187e+00,0.000000000000000000e+00
3.806552735051397462e+01,7.399188973883183529e+00,0.000000000000000000e+00
3.796780666710831298e+01,8.070306439312682656e+00,0.000000000000000000e+00
3.785378711087623316e+01,8.739235357540149352e+00,0.000000000000000000e+00
3.772355967032324742e+01,9.405539792737249272e+00,0.000000000000000000e+00
3.757722670309993873e+01,1.006878754889684480e+01,0.000000000000000000e+00
3.741489494286111750e+01,1.072854848351598278e+01,0.000000000000000000e+00
3.723663135477130481e+01,1.138438067931915221e+01,0.000000000000000000e+00
3.704249218147504052e+01,1.203583530731467732e+01,0.000000000000000000e+00
3.683254634632179148e+01,1.268246277480996120e+01,0.000000000000000000e+00
3.660688839066040146e+01,1.332381774330538882e+01,0.000000000000000000e+00
3.636570614471560958e+01,1.395948669762274896e+01,0.000000000000000000e+00
3.610922933466238050e+01,1.458907564589976857e+01,0.000000000000000000e+00
3.583769108371539147e+01,1.521219733613668090e+01,0.000000000000000000e+00
3.555128777841007093e+01,1.582845311860694615e+01,0.000000000000000000e+00
3.525020474896374623e+01,1.643744042597349519e+01,0.000000000000000000e+00
3.493459529711822142e+01,1.703874059476424208e+01,0.000000000000000000e+00
3.460452534177246520e+01,1.763188632930797439e+01,0.000000000000000000e+00
3.426010494372800963e+01,1.821642092829223714e+01,0.000000000000000000e+00
3.390171136234453542e+01,1.879202546788675932e+01,0.000000000000000000e+00
3.352981469253501956e+01,1.935844753861335832e+01,0.000000000000000000e+00
3.314484392751276687e+01,1.991543143985719766e+01,0.000000000000000000e+00
3.274712861146567633e+01,2.046267703233795032e+01,0.000000000000000000e+00
3.233641661988222182e+01,2.099951448974969281e+01,0.000000000000000000e+00
3.191242025206320676e+01,2.152519925307137427e+01,0.000000000000000000e+00
3.147574327222393720e+01,2.203955270996475591e+01,0.000000000000000000e+00
3.102739831549214600e+01,2.254272440956694012e+01,0.000000000000000000e+00
3.056861660229467148e+01,2.303510484669866543e+01,0.000000000000000000e+00
3.009856991330661913e+01,2.351558005167399301e+01,0.000000000000000000e+00
2.961576315187203434e+01,2.398237213127100986e+01,0.000000000000000000e+00
2.912310008205901468e+01,2.443718253759472958e+01,0.000000000000000000e+00
2.862120350577664851e+01,2.488003262791092851e+01,0.000000000000000000e+00
2.810768715770844395e+01,2.530827519265913850e+01,0.000000000000000000e+00
2.758503326562570379e+01,2.572345967180521242e+01,0.000000000000000000e+00
2.705603894246364760e+01,2.612771309748019632e+01,0.000000000000000000e+00
2.652241773319525464e+01,2.652241773319525109e+01,0.000000000000000000e+00
2.598607539100534325e+01,2.690936880383315000e+01,0.000000000000000000e+00
2.544754386519840850e+01,2.728914978801934410e+01,0.000000000000000000e+00
2.490634683968112029e+01,2.766130049882635689e+01,0.000000000000000000e+00
2.436203472921334878e+01,2.802531508810807637e+01,0.000000000000000000e+00
2.381540554700074708e+01,2.838209511972621613e+01,0.000000000000000000e+00
2.326659364923758488e+01,2.873185033969997093e+01,0.000000000000000000e+00
2.271505214708034970e+01,2.907394092048491885e+01,0.000000000000000000e+00
2.216086799204093793e+01,2.940846511145141307e+01,0.000000000000000000e+00
2.160453123364849404e+01,2.973608619024855315e+01,0.000000000000000000e+00
2.104600341740360392e+01,3.005680783045268711e+01,0.000000000000000000e+00
2.048482779484885441e+01,3.037000613534781834e+01,0.000000000000000000e+00
1.992118876114172465e+01,3.067594061081896939e+01,0.000000000000000000e+00
1.935543446891362507e+01,3.097517010519379710e+01,0.000000000000000000e+00
1.878753422092096770e+01,3.126770772783697794e+01,0.000000000000000000e+00
1.821716938385097961e+01,3.155306294291811042e+01,0.000000000000000000e+00
1.764432193722240427e+01,3.183119938413241101e+01,0.000000000000000000e+00
1.706927591764764074e+01,3.210263896261871253e+01,0.000000000000000000e+00
1.649219777771024198e+01,3.236776061740281563e+01,0.000000000000000000e+00
1.591284631116327297e+01,3.262616992223898649e+01,0.000000000000000000e+00
1.533080172591983015e+01,3.287701039819495463e+01,0.000000000000000000e+00
1.474652857085227176e+01,3.312124545756338989e+01,0.000000000000000000e+00
1.416017556444389314e+01,3.335928310397482477e+01,0.000000000000000000e+00
1.357155701013762084e+01,3.359078233618140530e+01,0.000000000000000000e+00
1.298050385395578665e+01,3.381536864415595289e+01,0.000000000000000000e+00
1.238697324423072921e+01,3.403292928391248040e+01,0.000000000000000000e+00
1.179114794499122176e+01,3.424398012212841991e+01,0.000000000000000000e+00
1.119309095589171399e+01,3.444879176505314433e+01,0.000000000000000000e+00
1.059268653816628358e+01,3.464711650014289290e+01,0.000000000000000000e+00
9.989787205712628904e+00,3.483852819209933926e+01,0.000000000000000000e+00
9.384360687084129182e+00,3.502291088074994718e+01,0.000000000000000000e+00
8.776542569543678951e+00,3.520078960029145065e+01,0.000000000000000000e+00
8.166329891314077827e+00,3.537226090567249059e+01,0.000000000000000000e+00
7.553698164374299751e+00,3.553735582202743615e+01,0.000000000000000000e+00
6.938573141417827550e+00,3.569586431978479624e+01,0.000000000000000000e+00
6.320744369070466995e+00,3.584672262676032517e+01,0.000000000000000000e+00
5.700402482343250199e+00,3.599092480715205511e+01,0.000000000000000000e+00
5.077549941098828512e+00,3.612864511478826302e+01,0.000000000000000000e+00
4.452126006285452853e+00,3.625965653618372642e+01,0.000000000000000000e+00
3.824119948315879203e+00,3.638407090494011698e+01,0.000000000000000000e+00
3.193480770208858566e+00,3.650165223134985126e+01,0.000000000000000000e+00
2.560125942217309269e+00,3.661150667479981990e+01,0.000000000000000000e+00
1.924117388192557510e+00,3.671434688733669560e+01,0.000000000000000000e+00
1.285444151451167194e+00,3.681030430199803050e+01,0.000000000000000000e+00
6.440791411318926851e-01,3.689926928261890282e+01,0.000000000000000000e+00
2.264443093472208752e-15,3.698116216118479116e+01,0.000000000000000000e+00
-6.468142540729264756e-01,3.705596379806631546e+01,0.000000000000000000e+00
-1.296380639615648978e+00,3.712348434710210654e+01,0.000000000000000000e+00
-1.948678771487248440e+00,3.718300599922262961e+01,0.000000000000000000e+00
-2.603718200620821044e+00,3.723490501360484473e+01,0.000000000000000000e+00
-3.261518561083970091e+00,3.727932773961667579e+01,0.000000000000000000e+00
-3.922089429115934056e+00,3.731618825066284728e+01,0.000000000000000000e+00
-4.585436154748485649e+00,3.734538056763142322e+01,0.000000000000000000e+00
-5.251562403485381836e+00,3.736680812097115023e+01,0.000000000000000000e+00
-5.920465663809808099e+00,3.738034905246071560e+01,0.000000000000000000e+00
-6.592147680068418225e+00,3.738592729020708560e+01,0.000000000000000000e+00
-7.266591331760216654e+00,3.738337161822207122e+01,0.000000000000000000e+00
-7.943682649985674971e+00,3.737208857526424310e+01,0.000000000000000000e+00
-8.623447956332086051e+00,3.735225677599746774e+01,0.000000000000000000e+00
-9.305913028516778596e+00,3.732397854391789593e+01,0.000000000000000000e+00
-9.991059890093069384e+00,3.728714313129083990e+01,0.000000000000000000e+00
-1.067886157939653735e+01,3.724161611576523967e+01,0.000000000000000000e+00
-1.136928931901502970e+01,3.718726973940409408e+01,0.000000000000000000e+00
-1.206230915773913814e+01,3.712397031509205192e+01,0.000000000000000000e+00
-1.275788311492393845e+01,3.705158291847884300e+01,0.000000000000000000e+00
-1.345596862597505350e+01,3.696996995675630160e+01,0.000000000000000000e+00
-1.415651869009682606e+01,3.687899203370466239e+01,0.000000000000000000e+00
-1.485948141064070249e+01,3.677850708806063551e+01,0.000000000000000000e+00
-1.556480089629696195e+01,3.666837301511688452e+01,0.000000000000000000e+00
-1.627241450877378171e+01,3.654844138691844080e+01,0.000000000000000000e+00
-1.698225920500848574e+01,3.641857239102786536e+01,0.000000000000000000e+00
-1.769424639447990799e+01,3.627858135645275439e+01,0.000000000000000000e+00
-1.840813123830283260e+01,3.612799175501068305e+01,0.000000000000000000e+00
-1.912400961442378033e+01,3.596703100538452702e+01,0.000000000000000000e+00
-1.984178814046162387e+01,3.579553335537095649e+01,0.000000000000000000e+00
-2.056110017855274208e+01,3.561287016876688938e+01,0.000000000000000000e+00
-2.127829749699438011e+01,3.541303394359813694e+01,0.000000000000000000e+00
-2.198775326581971967e+01,3.518776076732643077e+01,0.000000000000000000e+00
-2.268774777219948291e+01,3.493606790227234171e+01,0.000000000000000000e+00
-2.337766088655830643e+01,3.465880756553830366e+01,0.000000000000000000e+00
-2.405655878360380839e+01,3.435632647587831201e+01,0.000000000000000000e+00
-2.472369101494588506e+01,3.402924132028712023e+01,0.000000000000000000e+00
-2.537821036659659413e+01,3.367802264898541864e+01,0.000000000000000000e+00
-2.601958429324563582e+01,3.330354918928221508e+01,0.000000000000000000e+00
-2.664667009543385845e+01,3.290589713197888244e+01,0.000000000000000000e+00
-2.725639880531905135e+01,3.248291119741951150e+01,0.000000000000000000e+00
-2.785017448372706994e+01,3.203796086167230328e+01,0.000000000000000000e+00
-2.842843090546778129e+01,3.157297114056952125e+01,0.000000000000000000e+00
-2.898944883455074617e+01,3.108737785103372886e+01,0.000000000000000000e+00
-2.953123199972135637e+01,3.058048593929358816e+01,0.000000000000000000e+00
-3.005358132902899371e+01,3.005358132902900081e+01,0.000000000000000000e+00
-3.055656581101538549e+01,2.950813260035116059e+01,0.000000000000000000e+00
-3.103972552320716360e+01,2.894501231996290258e+01,0.000000000000000000e+00
-3.150179121190938147e+01,2.836434020982936843e+01,0.000000000000000000e+00
-3.194166734344364755e+01,2.776646780539322990e+01,0.000000000000000000e+00
-3.235865189564380984e+01,2.715213287102872286e+01,0.000000000000000000e+00
-3.275279595202415805e+01,2.652269120444324102e+01,0.000000000000000000e+00
-3.312399583043257678e+01,2.587930183478541579e+01,0.000000000000000000e+00
-3.347165441288424859e+01,2.522270074646997884e+01,0.000000000000000000e+00
-3.379505884277524785e+01,2.455354748571986079e+01,0.000000000000000000e+00
-3.409335634532270376e+01,2.387242511586481442e+01,0.000000000000000000e+00
-3.436577009257889870e+01,2.318000461529322109e+01,0.000000000000000000e+00
-3.461198553537098377e+01,2.247728622231230489e+01,0.000000000000000000e+00
-3.483187189888248980e+01,2.176536921924341428e+01,0.000000000000000000e+00
-3.502530731003908926e+01,2.104532783194063228e+01,0.000000000000000000e+00
-3.519199612852681724e+01,2.031810843812522194e+01,0.000000000000000000e+00
-3.533158450323840327e+01,1.958461709231343661e+01,0.000000000000000000e+00
-3.544374479074260620e+01,1.884577339864026513e+01,0.000000000000000000e+00
-3.552817625768439314e+01,1.810250997741393775e+01,0.000000000000000000e+00
-3.558460550879095052e+01,1.735577175789761384e+01,0.000000000000000000e+00
-3.561278689763837235e+01,1.660651525861077005e+01,0.000000000000000000e+00
-3.561205100152120195e+01,1.585550664854783243e+01,0.000000000000000000e+00
-3.558097195217755626e+01,1.510322652995968795e+01,0.000000000000000000e+00
-3.552184823733184516e+01,1.435175827801841031e+01,0.000000000000000000e+00
-3.543379312912233559e+01,1.360175880715508967e+01,0.000000000000000000e+00
-3.532247343248494786e+01,1.285632893008326150e+01,0.000000000000000000e+00
-3.517807360620017221e+01,1.211278212495108342e+01,0.000000000000000000e+00
-3.500294054621609519e+01,1.137314480953501850e+01,0.000000000000000000e+00
-3.480189411903275953e+01,1.064000680506404173e+01,0.000000000000000000e+00
-3.457066785506591344e+01,9.912979490040514818e+00,0.000000000000000000e+00
-3.431284158598288769e+01,9.194098192981170925e+00,0.000000000000000000e+00
-3.402505529828218300e+01,8.483399084149480629e+00,0.000000000000000000e+00
-3.370827659274462462e+01,7.782168842927102759e+00,0.000000000000000000e+00
-3.336517143311879607e+01,7.091986119354572793e+00,0.000000000000000000e+00
-3.299271997641761800e+01,6.413135108310242138e+00,0.000000000000000000e+00
-3.259294332067317157e+01,5.747015288136427813e+00,0.000000000000000000e+00
-3.216596725128237466e+01,5.094588720591725739e+00,0.000000000000000000e+00
-3.171281785763408578e+01,4.456945892476809945e+00,0.000000000000000000e+00
-3.123172167167679802e+01,3.834773231698567209e+00,0.000000000000000000e+00
-3.072506672386401405e+01,3.229334641498618375e+00,0.000000000000000000e+00
-3.019320496186234593e+01,2.641563149677647715e+00,0.000000000000000000e+00
-2.963473390136446284e+01,2.072262464516692049e+00,0.000000000000000000e+00
-2.905200031650510439e+01,1.522550820318242071e+00,0.000000000000000000e+00
-2.844575441285222794e+01,9.933476328700706626e-01,0.000000000000000000e+00
-2.781468979138228192e+01,4.855072162668064295e-01,0.000000000000000000e+00
-2.711727187615348100e+01,3.320908020473989954e-15,0.000000000000000000e+00
-2.715614126335299972e+01,-4.740122089516666248e-01,0.000000000000000000e+00
-2.646743354608094023e+01,-9.242631459008415762e-01,0.000000000000000000e+00
-2.581196763282144602e+01,-1.352747902561902915e+00,0.000000000000000000e+00
-2.518708560707254662e+01,-1.761252598650847823e+00,0.000000000000000000e+00
-2.459030156492874042e+01,-2.151372619615047554e+00,0.000000000000000000e+00
-2.401945834241634969e+01,-2.524546800575433014e+00,0.000000000000000000e+00
-2.347255151632458237e+01,-2.882066931202727389e+00,0.000000000000000000e+00
-2.294780538734984532e+01,-3.225103723726184590e+00,0.000000000000000000e+00
-2.244359348176531199e+01,-3.554715992480807607e+00,0.000000000000000000e+00
-2.195844332140549682e+01,-3.871866011921391681e+00,0.000000000000000000e+00
-2.149101701176121537e+01,-4.177430530430110700e+00,0.000000000000000000e+00
-2.104009128917379812e+01,-4.472209461650159312e+00,0.000000000000000000e+00
-2.060454323161474122e+01,-4.756933624851359177e+00,0.000000000000000000e+00
-2.018335067055259913e+01,-5.032274513372446911e+00,0.000000000000000000e+00
-1.977557057377117999e+01,-5.298848165106652353e+00,0.000000000000000000e+00
-1.938033227387333213e+01,-5.557220854005679556e+00,0.000000000000000000e+00
-1.899684104282232155e+01,-5.807917157583908363e+00,0.000000000000000000e+00
-1.862435134475000353e+01,-6.051418581471097013e+00,0.000000000000000000e+00
-1.826218451414960242e+01,-6.288174407212619776e+00,0.000000000000000000e+00
-1.790970081494037913e+01,-6.518598001251443286e+00,0.000000000000000000e+00
-1.756631453576866164e+01,-6.743076378401439364e+00,0.000000000000000000e+00
-1.723147309868372190e+01,-6.961967041641218046e+00,0.000000000000000000e+00
-1.690466829638288715e+01,-7.175605968191455020e+00,0.000000000000000000e+00
-1.658541823665448689e+01,-7.384303956797887203e+00,0.000000000000000000e+00
-1.627328048289734852e+01,-7.588355312479304615e+00,0.000000000000000000e+00
-1.596783059248283543e+01,-7.788031348652798336e+00,0.000000000000000000e+00
-1.566868167971606063e+01,-7.983592075842437907e+00,0.000000000000000000e+00
-1.537545759753607477e+01,-8.175275820721074282e+00,0.000000000000000000e+00
-1.508781628897959770e+01,-8.363313135637914897e+00,0.000000000000000000e+00
-1.480542542914125370e+01,-8.547916356981636099e+00,0.000000000000000000e+00
-1.452797652034629294e+01,-8.729288965233136466e+00,0.000000000000000000e+00
-1.425517779256463946e+01,-8.907623708592099732e+00,0.000000000000000000e+00
-1.398674691921605628e+01,-9.083099653470796397e+00,0.000000000000000000e+00
-1.372242531931965281e+01,-9.255892749615258097e+00,0.000000000000000000e+00
-1.346195774862841610e+01,-9.426164294650224207e+00,0.000000000000000000e+00
-1.320510660780350065e+01,-9.594071537413848105e+00,0.000000000000000000e+00
-1.295164573902947858e+01,-9.759765102142255344e+00,0.000000000000000000e+00
-1.270135262839261792e+01,-9.923384245756459165e+00,0.000000000000000000e+00
-1.245402257520282951e+01,-1.008506863044942037e+01,0.000000000000000000e+00
-1.220945399607880866e+01,-1.024494834498569418e+01,0.000000000000000000e+00
-1.196745209736083204e+01,-1.040314739368676200e+01,0.000000000000000000e+00
-1.172783520986712880e+01,-1.055979025382297110e+01,0.000000000000000000e+00
-1.149042181647373795e+01,-1.071499168994707141e+01,0.000000000000000000e+00
-1.125503852932498461e+01,-1.086886436779025900e+01,0.000000000000000000e+00
-1.102152055169197098e+01,-1.102152055169196565e+01,0.000000000000000000e+00
-1.078970232613952085e+01,-1.117306383549408721e+01,0.000000000000000000e+00
-1.055942613736807623e+01,-1.132359818553030451e+01,0.000000000000000000e+00
-1.033053972785594254e+01,-1.147322670669696620e+01,0.000000000000000000e+00
-1.010288959616613624e+01,-1.162204501307133242e+01,0.000000000000000000e+00
-9.876328994694668850e+00,-1.177015056106972679e+01,0.000000000000000000e+00
-9.650714642700950918e+00,-1.191764007080259802e+01,0.000000000000000000e+00
-9.425901494352425303e+00,-1.206460374357263099e+01,0.000000000000000000e+00
-9.201749880713142815e+00,-1.221113452904660335e+01,0.000000000000000000e+00
-8.978122300187811433e+00,-1.235732521375756576e+01,0.000000000000000000e+00
-8.754878857638596301e+00,-1.250326278980523043e+01,0.000000000000000000e+00
-8.531883599626977954e+00,-1.264903761270092097e+01,0.000000000000000000e+00
-8.309001786419859314e+00,-1.279474073518072430e+01,0.000000000000000000e+00
-8.086095570921242981e+00,-1.294045794727116672e+01,0.000000000000000000e+00
-7.863029645580100535e+00,-1.308627890825281703e+01,0.000000000000000000e+00
-7.639669067809739644e+00,-1.323229497845881575e+01,0.000000000000000000e+00
-7.415875004379663515e+00,-1.337859265502460104e+01,0.000000000000000000e+00
-7.191509843439788163e+00,-1.352526288835586854e+01,0.000000000000000000e+00
-6.966435419801925377e+00,-1.367239934082643593e+01,0.000000000000000000e+00
-6.740508815317765468e+00,-1.382009111824511294e+01,0.000000000000000000e+00
-6.513587106496205870e+00,-1.396843262722292422e+01,0.000000000000000000e+00
-6.285525668024589230e+00,-1.411752179370209603e+01,0.000000000000000000e+00
-6.056174171491724323e+00,-1.426745224974948201e+01,0.000000000000000000e+00
-5.825381212525596375e+00,-1.441832445526037176e+01,0.000000000000000000e+00
-5.592992204584110283e+00,-1.457024283107972451e+01,0.000000000000000000e+00
-5.358845796613010748e+00,-1.472330782053353637e+01,0.000000000000000000e+00
-5.122778355503131209e+00,-1.487762862397445751e+01,0.000000000000000000e+00
-4.884620998165893013e+00,-1.503331763139571464e+01,0.000000000000000000e+00
-4.644197135607858407e+00,-1.519048436175948957e+01,0.000000000000000000e+00
-4.401327142435939699e+00,-1.534925184860014724e+01,0.000000000000000000e+00
-4.155823662250256234e+00,-1.550974505481492471e+01,0.000000000000000000e+00
-3.907490210588377977e+00,-1.567208723460582220e+01,0.000000000000000000e+00
-3.656123622996375833e+00,-1.583641126640915964e+01,0.000000000000000000e+00
-3.401510136333488976e+00,-1.600284700509065772e+01,0.000000000000000000e+00
-3.143429621786644645e+00,-1.617154348468245928e+01,0.000000000000000000e+00
-2.881655617721319285e+00,-1.634268111518215605e+01,0.000000000000000000e+00
-2.615945456981883854e+00,-1.651642959132664146e+01,0.000000000000000000e+00
-2.346033956630579453e+00,-1.669289898269451200e+01,0.000000000000000000e+00
-2.071641380274268140e+00,-1.687216507548113853e+01,0.000000000000000000e+00
-1.792496812621898084e+00,-1.705446795831709039e+01,0.000000000000000000e+00
-1.508337510943584592e+00,-1.724037664030201711e+01,0.000000000000000000e+00
-1.218844560352572826e+00,-1.743028927641085346e+01,0.000000000000000000e+00
-9.235994832403890964e-01,-1.762332798442484361e+01,0.000000000000000000e+00
-6.222209790188810707e-01,-1.781807755312805241e+01,0.000000000000000000e+00
-3.144106840711095585e-01,-1.801257602673470259e+01,0.000000000000000000e+00
-3.344096049702316601e-15,-1.820441100258788580e+01,0.000000000000000000e+00
3.210382827946873241e-01,-1.839227090331293368e+01,0.000000000000000000e+00
6.487040903821277293e-01,-1.857645463784582418e+01,0.000000000000000000e+00
9.830194232769179363e-01,-1.875712798223858613e+01,0.000000000000000000e+00
1.323992917604774888e+00,-1.893398084091620603e+01,0.000000000000000000e+00
1.671622603593112766e+00,-1.910673378954743029e+01,0.000000000000000000e+00
2.025911801258475808e+00,-1.927526322928378022e+01,0.000000000000000000e+00
2.386861192452444325e+00,-1.943942442682121197e+01,0.000000000000000000e+00
2.754462345094750297e+00,-1.959901797173458959e+01,0.000000000000000000e+00
3.128719340151899342e+00,-1.975395647287718504e+01,0.000000000000000000e+00
3.509654050504908085e+00,-1.990423720977618416e+01,0.000000000000000000e+00
3.897204950266082601e+00,-2.004938137795081232e+01,0.000000000000000000e+00
4.291246374126424179e+00,-2.018872689890550021e+01,0.000000000000000000e+00
4.691755353576917642e+00,-2.032222512206195475e+01,0.000000000000000000e+00
5.098794653852748660e+00,-2.045014838168712856e+01,0.000000000000000000e+00
5.512503124620614869e+00,-2.057294173796629266e+01,0.000000000000000000e+00
5.932660215354083277e+00,-2.068964492542612987e+01,0.000000000000000000e+00
6.358843926742134833e+00,-2.079884130831648648e+01,0.000000000000000000e+00
6.791447695998235723e+00,-2.090192676756058887e+01,0.000000000000000000e+00
7.230550196861266876e+00,-2.099904253330558035e+01,0.000000000000000000e+00
7.675533066321608366e+00,-2.108835378199595567e+01,0.000000000000000000e+00
8.126739741858123978e+00,-2.117088083312717828e+01,0.000000000000000000e+00
8.584221423574291521e+00,-2.124669359230325583e+01,0.000000000000000000e+00
9.047200004871516654e+00,-2.131386753555724312e+01,0.000000000000000000e+00
9.516272314747714844e+00,-2.137389756940994090e+01,0.000000000000000000e+00
9.991414693116041690e+00,-2.142665795506822946e+01,0.000000000000000000e+00
1.047166940461737283e+01,-2.147010400803537777e+01,0.000000000000000000e+00
1.095752511539232543e+01,-2.150535390580552075e+01,0.000000000000000000e+00
1.144926841440850396e+01,-2.153294211583192919e+01,0.000000000000000000e+00
1.194642667236406020e+01,-2.155192422179307954e+01,0.000000000000000000e+00
1.244815677117408903e+01,-2.156083998825606685e+01,0.000000000000000000e+00
1.295503117577172070e+01,-2.156079257904819002e+01,0.000000000000000000e+00
1.346744312036123681e+01,-2.155241424341044976e+01,0.000000000000000000e+00
1.398476812218833487e+01,-2.153465445842889991e+01,0.000000000000000000e+00
1.450596813726634871e+01,-2.150598217080058205e+01,0.000000000000000000e+00
1.503176195875694532e+01,-2.146758087922067659e+01,0.000000000000000000e+00
1.556223022159048419e+01,-2.141957231920725491e+01,0.000000000000000000e+00
1.609723754512674532e+01,-2.136175572665410982e+01,0.000000000000000000e+00
1.663640639267563159e+01,-2.129362915206860407e+01,0.000000000000000000e+00
1.717849357202962679e+01,-2.121367286565504529e+01,0.000000000000000000e+00
1.772436297757649015e+01,-2.112307325497059196e+01,0.000000000000000000e+00
1.827407994947050440e+01,-2.102192424490178269e+01,0.000000000000000000e+00
1.882729646192876061e+01,-2.090983107101748573e+01,0.000000000000000000e+00
1.938386339999221875e+01,-2.078664858954434180e+01,0.000000000000000000e+00
1.994323004872883942e+01,-2.065181927035773057e+01,0.000000000000000000e+00
2.050456801355736403e+01,-2.050456801355737468e+01,0.000000000000000000e+00
2.106855720236460527e+01,-2.034566919170424626e+01,0.000000000000000000e+00
2.163453515677645100e+01,-2.017453041526964697e+01,0.000000000000000000e+00
2.219985483177653407e+01,-1.998883907335652665e+01,0.000000000000000000e+00
2.276245166389684371e+01,-1.978709735160843053e+01,0.000000000000000000e+00
2.332132338234478297e+01,-1.956891384869159722e+01,0.000000000000000000e+00
2.387467702601210462e+01,-1.933333225335228178e+01,0.000000000000000000e+00
2.442293194117043242e+01,-1.908128568278828752e+01,0.000000000000000000e+00
2.496629841136776662e+01,-1.881345528396113664e+01,0.000000000000000000e+00
2.550453331158618298e+01,-1.853012810779677011e+01,0.000000000000000000e+00
2.603712891137022822e+01,-1.823139393707942446e+01,0.000000000000000000e+00
2.656296282197087422e+01,-1.791694465598811803e+01,0.000000000000000000e+00
2.708046169335147368e+01,-1.758625745095675796e+01,0.000000000000000000e+00
2.759071496285138991e+01,-1.724059217755197082e+01,0.000000000000000000e+00
2.809468802238712470e+01,-1.688099163651772727e+01,0.000000000000000000e+00
2.859074847082499105e+01,-1.650687632596370591e+01,0.000000000000000000e+00
2.907590028489753209e+01,-1.611703470705683827e+01,0.000000000000000000e+00
2.955260687714542556e+01,-1.571339980676210146e+01,0.000000000000000000e+00
3.002111594370093073e+01,-1.529652259553858684e+01,0.000000000000000000e+00
3.047960012396590557e+01,-1.486589426691422489e+01,0.000000000000000000e+00
3.092717311949245129e+01,-1.442157767070477092e+01,0.000000000000000000e+00
3.136452845360381048e+01,-1.396438776872019716e+01,0.000000000000000000e+00
3.179179863821235941e+01,-1.349481788392799153e+01,0.000000000000000000e+00
3.220749037468993237e+01,-1.301267077970812558e+01,0.000000000000000000e+00
3.261118112977572991e+01,-1.251825957574654247e+01,0.000000000000000000e+00
3.300300602110139181e+01,-1.201211183298915230e+01,0.000000000000000000e+00
3.338314013195665808e+01,-1.149473696575110893e+01,0.000000000000000000e+00
3.375127725288415093e+01,-1.096645475247972890e+01,0.000000000000000000e+00
3.410670775617780492e+01,-1.042746700460759968e+01,0.000000000000000000e+00
3.444896561067550778e+01,-9.878081933025079309e+00,0.000000000000000000e+00
3.477770941812010363e+01,-9.318659153189530642e+00,0.000000000000000000e+00
3.509260185175023139e+01,-8.749568334267795677e+00,0.000000000000000000e+00
3.539337622113804116e+01,-8.171204746000670482e+00,0.000000000000000000e+00
3.568012328269517042e+01,-7.584044324932209591e+00,0.000000000000000000e+00
3.595302526031287726e+01,-6.988560164535813080e+00,0.000000000000000000e+00
3.621179201840546824e+01,-6.385115952648362736e+00,0.000000000000000000e+00
3.645583468382002224e+01,-5.774036972960661984e+00,0.000000000000000000e+00
3.668470700425395137e+01,-5.155699343190532247e+00,0.000000000000000000e+00
3.689830080022772307e+01,-4.530541661819277977e+00,0.000000000000000000e+00
3.709656692405664558e+01,-3.899006297534960197e+00,0.000000000000000000e+00
3.727943510274640460e+01,-3.261527954140705621e+00,0.000000000000000000e+00
3.744678199080997416e+01,-2.618534082160980603e+00,0.000000000000000000e+00
3.759848848790085185e+01,-1.970453286049893782e+00,0.000000000000000000e+00
3.773444640542638950e+01,-1.317715904822598150e+00,0.000000000000000000e+00
3.785453877812683743e+01,-6.607534321999697369e-01,0.000000000000000000e+00
3.795863780326544656e+01,-9.297184857152549026e-15,0.000000000000000000e+00
