2.152711615114521848e+01,0.000000000000000000e+00,0.000000000000000000e+00
2.135826798106514701e+01,3.728099543637627966e-01,0.000000000000000000e+00
2.117403116022347120e+01,7.394134613572475034e-01,0.000000000000000000e+00
2.097572063392739139e+01,1.099290937285599679e+00,0.000000000000000000e+00
2.076215694048248750e+01,1.451831443918768505e+00,0.000000000000000000e+00
2.053418798513959942e+01,1.796508663409949857e+00,0.000000000000000000e+00
2.029223176568013542e+01,2.132799501565678213e+00,0.000000000000000000e+00
2.003639028806801647e+01,2.460159383599653360e+00,0.000000000000000000e+00
1.976733148888388669e+01,2.778117267286607461e+00,0.000000000000000000e+00
1.948416242102097584e+01,3.085988160245769496e+00,0.000000000000000000e+00
1.918826310415668246e+01,3.383408498195585423e+00,0.000000000000000000e+00
1.887918168210931569e+01,3.669741171635560573e+00,0.000000000000000000e+00
1.855827552816318970e+01,3.944683236791281189e+00,0.000000000000000000e+00
1.822487534880938753e+01,4.207544005268490039e+00,0.000000000000000000e+00
1.787970211728763914e+01,4.457910420334316726e+00,0.000000000000000000e+00
1.752739927647107265e+01,4.696452481548268665e+00,0.000000000000000000e+00
1.718081347023671768e+01,4.926518986173150871e+00,0.000000000000000000e+00
1.684568756141221257e+01,5.150243537790236026e+00,0.000000000000000000e+00
1.652146314669871430e+01,5.368148786948503393e+00,0.000000000000000000e+00
1.620583432583846673e+01,5.580116254783689556e+00,0.000000000000000000e+00
1.589795897881678854e+01,5.786383853874421668e+00,0.000000000000000000e+00
1.559777576166137969e+01,5.987425141448943222e+00,0.000000000000000000e+00
1.530503094781312079e+01,6.183633890135206812e+00,0.000000000000000000e+00
1.501921041032015935e+01,6.375276578534031735e+00,0.000000000000000000e+00
1.473980476435581188e+01,6.562583896938634531e+00,0.000000000000000000e+00
1.446643895678767855e+01,6.745811271781903429e+00,0.000000000000000000e+00
1.419878089583179559e+01,6.925208160803542512e+00,0.000000000000000000e+00
1.393650460990910389e+01,7.101003775745115654e+00,0.000000000000000000e+00
1.367929976079414622e+01,7.273412701338856756e+00,0.000000000000000000e+00
1.342685658282652028e+01,7.442628136418935725e+00,0.000000000000000000e+00
1.317889053904663577e+01,7.608836000339185723e+00,0.000000000000000000e+00
1.293514465812940806e+01,7.772219026494676442e+00,0.000000000000000000e+00
1.269536232678129295e+01,7.932942829389918238e+00,0.000000000000000000e+00
1.245930545130582878e+01,8.091167566045141868e+00,0.000000000000000000e+00
1.222675294876938779e+01,8.247048997273205728e+00,0.000000000000000000e+00
1.199748320705674054e+01,8.400728181125534988e+00,0.000000000000000000e+00
1.177128891769721086e+01,8.552342008145219054e+00,0.000000000000000000e+00
1.154797941477264445e+01,8.702026658505621626e+00,0.000000000000000000e+00
1.132736342262451501e+01,8.849906228314466716e+00,0.000000000000000000e+00
1.110925680444695374e+01,8.996098780904128844e+00,0.000000000000000000e+00
1.089349183102580731e+01,9.140724977646467408e+00,0.000000000000000000e+00
1.067990129639949259e+01,9.283896558146402356e+00,0.000000000000000000e+00
1.046831918046979304e+01,9.425716927095653119e+00,0.000000000000000000e+00
1.025859352103606881e+01,9.566293220920206508e+00,0.000000000000000000e+00
1.005057614528297982e+01,9.705728563843525336e+00,0.000000000000000000e+00
9.844117382433893226e+00,9.844117382433891450e+00,0.000000000000000000e+00
9.639074428171989339e+00,9.981553767255592291e+00,0.000000000000000000e+00
9.435313017417296777e+00,1.011813444916688098e+01,0.000000000000000000e+00
9.232697394612364050e+00,1.025394927208736995e+01,0.000000000000000000e+00
9.031091744791876152e+00,1.038908262592303622e+01,0.000000000000000000e+00
8.830369160662566941e+00,1.052362417115273274e+01,0.000000000000000000e+00
8.630404192786455653e+00,1.065766159742017827e+01,0.000000000000000000e+00
8.431068967321417418e+00,1.079127617516578930e+01,0.000000000000000000e+00
8.232238010229211866e+00,1.092454882182138043e+01,0.000000000000000000e+00
8.033791888558376115e+00,1.105756590823970953e+01,0.000000000000000000e+00
7.835609018349090071e+00,1.119040940116578753e+01,0.000000000000000000e+00
7.637565374696204223e+00,1.132315631898897301e+01,0.000000000000000000e+00
7.439541055148001902e+00,1.145588861768257871e+01,0.000000000000000000e+00
7.241417677361526195e+00,1.158869074828989554e+01,0.000000000000000000e+00
7.043073199820306662e+00,1.172164221915374149e+01,0.000000000000000000e+00
6.844383768410659208e+00,1.185482043338699398e+01,0.000000000000000000e+00
6.645229416169796899e+00,1.198831121150475454e+01,0.000000000000000000e+00
6.445487678689528543e+00,1.212219925937508869e+01,0.000000000000000000e+00
6.245031578625705571e+00,1.225656458342222521e+01,0.000000000000000000e+00
6.043733798547608060e+00,1.239149062464479201e+01,0.000000000000000000e+00
5.841468006958197456e+00,1.252706856685703229e+01,0.000000000000000000e+00
5.638102673721569147e+00,1.266338594022632869e+01,0.000000000000000000e+00
5.433501485207415271e+00,1.280052732863275899e+01,0.000000000000000000e+00
5.227528791803295327e+00,1.293858778844751178e+01,0.000000000000000000e+00
5.020045260569948375e+00,1.307766501257871461e+01,0.000000000000000000e+00
4.810904662623385342e+00,1.321785192770670392e+01,0.000000000000000000e+00
4.599957226349965289e+00,1.335924581360907482e+01,0.000000000000000000e+00
4.387051400575899152e+00,1.350195587229408112e+01,0.000000000000000000e+00
4.172027751534786333e+00,1.364608789549605739e+01,0.000000000000000000e+00
3.954719517620606695e+00,1.379174596708965517e+01,0.000000000000000000e+00
3.734957237346749892e+00,1.393905017387516310e+01,0.000000000000000000e+00
3.512563455300348636e+00,1.408812253435341333e+01,0.000000000000000000e+00
3.287350738411407569e+00,1.423908041373922195e+01,0.000000000000000000e+00
3.059125917506609227e+00,1.439205590018748637e+01,0.000000000000000000e+00
2.827687398306768518e+00,1.454719056086771545e+01,0.000000000000000000e+00
2.592821265338680625e+00,1.470462010363343985e+01,0.000000000000000000e+00
2.354304521849770016e+00,1.486449374083528241e+01,0.000000000000000000e+00
2.111903779636409961e+00,1.502697621021365570e+01,0.000000000000000000e+00
1.865370801517322263e+00,1.519222602418570922e+01,0.000000000000000000e+00
1.614444939080829311e+00,1.536041754169019313e+01,0.000000000000000000e+00
1.358851475655168173e+00,1.553174343842301219e+01,0.000000000000000000e+00
1.098297786570445744e+00,1.570639009622933813e+01,0.000000000000000000e+00
8.324749356066299955e-01,1.588456803541780538e+01,0.000000000000000000e+00
5.610546467903931855e-01,1.606650297104640401e+01,0.000000000000000000e+00
2.836870107214266024e-01,1.625241795937549227e+01,0.000000000000000000e+00
1.006817204620352968e-15,1.644257275357006165e+01,0.000000000000000000e+00
-2.904039314221991686e-01,1.663723008859952301e+01,0.000000000000000000e+00
-5.879494979232789964e-01,1.683667074009419551e+01,0.000000000000000000e+00
-8.930919375132702065e-01,1.704120933439879693e+01,0.000000000000000000e+00
-1.206318648738505805e+00,1.725116039485707020e+01,0.000000000000000000e+00
-1.528154650681079918e+00,1.746688758399271890e+01,0.000000000000000000e+00
-1.859163534874392232e+00,1.768875945079575374e+01,0.000000000000000000e+00
-2.199954381478954168e+00,1.791719060850519796e+01,0.000000000000000000e+00
-2.551184001013649283e+00,1.815261739704353516e+01,0.000000000000000000e+00
-2.913564002741045655e+00,1.839551913540893580e+01,0.000000000000000000e+00
-3.287865310585719847e+00,1.864641076127653108e+01,0.000000000000000000e+00
-3.674926231448337521e+00,1.890585650239218651e+01,0.000000000000000000e+00
-4.075658027710747255e+00,1.917446347310557186e+01,0.000000000000000000e+00
-4.491057031748717954e+00,1.945290518305379734e+01,0.000000000000000000e+00
-4.922208961041591557e+00,1.974190185182489188e+01,0.000000000000000000e+00
-5.370307770109731926e+00,2.004226145033143425e+01,0.000000000000000000e+00
-5.836660822144476235e+00,2.035485525494700809e+01,0.000000000000000000e+00
-6.322709087628893165e+00,2.068064957518444302e+01,0.000000000000000000e+00
-6.830044218825417346e+00,2.102071465045801091e+01,0.000000000000000000e+00
-7.360425040171597821e+00,2.137622646598387988e+01,0.000000000000000000e+00
-7.915804092670220449e+00,2.174849300143791808e+01,0.000000000000000000e+00
-8.498355853279061733e+00,2.213897390125384490e+01,0.000000000000000000e+00
-9.110506793829076244e+00,2.254929559336618894e+01,0.000000000000000000e+00
-9.754974123297595057e+00,2.298127886692013888e+01,0.000000000000000000e+00
-1.043481146591282283e+01,2.343697028119756709e+01,0.000000000000000000e+00
-1.115346289558787873e+01,2.391867836723479712e+01,0.000000000000000000e+00
-1.191482757359290723e+01,2.442901674589245431e+01,0.000000000000000000e+00
-1.272333779220234362e+01,2.497095641606702898e+01,0.000000000000000000e+00
-1.358405380171269172e+01,2.554788949156953137e+01,0.000000000000000000e+00
-1.450277934348861919e+01,2.616370651981742412e+01,0.000000000000000000e+00
-1.548620257899210095e+01,2.682288968311851818e+01,0.000000000000000000e+00
-1.654207401604404026e+01,2.753063438042573452e+01,0.000000000000000000e+00
-1.767942618068885352e+01,2.829299617058872940e+01,0.000000000000000000e+00
-1.890884051609288719e+01,2.911706101708908889e+01,0.000000000000000000e+00
-2.024226548991800811e+01,3.001039272962487203e+01,0.000000000000000000e+00
-2.168174107971003295e+01,3.096473530568653132e+01,0.000000000000000000e+00
-2.316321108594281242e+01,3.188142495874915383e+01,0.000000000000000000e+00
-2.464852922194460305e+01,3.270970306454093190e+01,0.000000000000000000e+00
-2.613092681493170133e+01,3.344606111822157857e+01,0.000000000000000000e+00
-2.760648488571930415e+01,3.409116968730265995e+01,0.000000000000000000e+00
-2.907153071700982494e+01,3.464610117420939162e+01,0.000000000000000000e+00
-3.052249016796213610e+01,3.511210839893750801e+01,0.000000000000000000e+00
-3.195583338185435807e+01,3.549054847568393711e+01,0.000000000000000000e+00
-3.336804950286863658e+01,3.578285220143099821e+01,0.000000000000000000e+00
-3.475574796825788582e+01,3.599063059959605937e+01,0.000000000000000000e+00
-3.611597238113964892e+01,3.611597238113965602e+01,0.000000000000000000e+00
-3.744666141719577013e+01,3.616182058458709747e+01,0.000000000000000000e+00
-3.874683344367328175e+01,3.613200672628862264e+01,0.000000000000000000e+00
-4.001524559544032655e+01,3.602988896770580851e+01,0.000000000000000000e+00
-4.123589186771474147e+01,3.584581392262841604e+01,0.000000000000000000e+00
-4.241332241022684002e+01,3.558900319142441759e+01,0.000000000000000000e+00
-4.355882812664317782e+01,3.527324352164125543e+01,0.000000000000000000e+00
-4.463746799819865885e+01,3.487461215064619324e+01,0.000000000000000000e+00
-4.568397055602950019e+01,3.442534103727281547e+01,0.000000000000000000e+00
-4.666284144624522412e+01,3.390253878826834466e+01,0.000000000000000000e+00
-4.759149230105835926e+01,3.332392166385044874e+01,0.000000000000000000e+00
-4.846580577423192437e+01,3.269059877035029160e+01,0.000000000000000000e+00
-4.928031508311381259e+01,3.200301081013990512e+01,0.000000000000000000e+00
-5.003039710377574067e+01,3.126246181400264135e+01,0.000000000000000000e+00
-5.071319539529999787e+01,3.047156197808559241e+01,0.000000000000000000e+00
-5.132736758841436853e+01,2.963386949396590353e+01,0.000000000000000000e+00
-5.187589768570078519e+01,2.875527963942170473e+01,0.000000000000000000e+00
-5.235562439860819950e+01,2.783797929326583898e+01,0.000000000000000000e+00
-5.276163379478403215e+01,2.688339517534778622e+01,0.000000000000000000e+00
-5.309480341353395971e+01,2.589606590827844457e+01,0.000000000000000000e+00
-5.335494815688024772e+01,2.487982092601619399e+01,0.000000000000000000e+00
-5.353988762389734291e+01,2.383749377835459882e+01,0.000000000000000000e+00
-5.364740669879643775e+01,2.277197309859356622e+01,0.000000000000000000e+00
-5.367537175014287243e+01,2.168625786850923376e+01,0.000000000000000000e+00
-5.362137159224229777e+01,2.058331606353154086e+01,0.000000000000000000e+00
-5.348280771858699012e+01,1.946615005454837188e+01,0.000000000000000000e+00
-5.326160144754999237e+01,1.833944010642028388e+01,0.000000000000000000e+00
-5.296107228213869433e+01,1.720809551808150317e+01,0.000000000000000000e+00
-5.258377360044810445e+01,1.607647293653292664e+01,0.000000000000000000e+00
-5.212211194595598585e+01,1.494577509650694758e+01,0.000000000000000000e+00
-5.156687006858888367e+01,1.381730119107904109e+01,0.000000000000000000e+00
-5.093044207404452806e+01,1.269838540624182421e+01,0.000000000000000000e+00
-5.021422481944063776e+01,1.159286725283660324e+01,0.000000000000000000e+00
-4.941300770245839402e+01,1.050305901900887307e+01,0.000000000000000000e+00
-4.852845582709250749e+01,9.432976245646365498e+00,0.000000000000000000e+00
-4.756989261704134009e+01,8.387855537788794891e+00,0.000000000000000000e+00
-4.651208446206437941e+01,7.366790465851633662e+00,0.000000000000000000e+00
-4.537833368617955898e+01,6.377508893659336486e+00,0.000000000000000000e+00
-4.415918809894470343e+01,5.422066520557698333e+00,0.000000000000000000e+00
-4.287881456824831616e+01,4.506745014294498475e+00,0.000000000000000000e+00
-4.149114975790649851e+01,3.630005240473224148e+00,0.000000000000000000e+00
-4.003012977510530135e+01,2.799179356858114254e+00,0.000000000000000000e+00
-3.849517698057177029e+01,2.017446738659412819e+00,0.000000000000000000e+00
-3.688707941824063852e+01,1.288125197588163351e+00,0.000000000000000000e+00
-3.520906393176927907e+01,6.145764969907939745e-01,0.000000000000000000e+00
-3.351208551643757261e+01,4.104046826045764384e-15,0.000000000000000000e+00
-3.350151235178292808e+01,-5.847710732938435907e-01,0.000000000000000000e+00
-3.194897774386009459e+01,-1.115682887290314174e+00,0.000000000000000000e+00
-3.053106907429831196e+01,-1.600065529321102797e+00,0.000000000000000000e+00
-2.923136830078014370e+01,-2.044056394020130618e+00,0.000000000000000000e+00
-2.803500622673043097e+01,-2.452745226717596427e+00,0.000000000000000000e+00
-2.692948309122512285e+01,-2.830402726403169922e+00,0.000000000000000000e+00
-2.590423023521844215e+01,-3.180639534959048387e+00,0.000000000000000000e+00
-2.495024831165193291e+01,-3.506528723751497267e+00,0.000000000000000000e+00
-2.405983273824811164e+01,-3.810703142549379585e+00,0.000000000000000000e+00
-2.322634373831821009e+01,-4.095431064274614563e+00,0.000000000000000000e+00
-2.244402916061108755e+01,-4.362677326535550293e+00,0.000000000000000000e+00
-2.170788123981623485e+01,-4.614152597476509854e+00,0.000000000000000000e+00
-2.101351984190035793e+01,-4.851353315080663364e+00,0.000000000000000000e+00
-2.035709681733415977e+01,-5.075594293151191927e+00,0.000000000000000000e+00
-1.973521652988861774e+01,-5.288035331636990577e+00,0.000000000000000000e+00
-1.914486957467854822e+01,-5.489703011493262785e+00,0.000000000000000000e+00
-1.858338453730465645e+01,-5.681510818398477269e+00,0.000000000000000000e+00
-1.804838052706400120e+01,-5.864274318349543158e+00,0.000000000000000000e+00
-1.753772020956115441e+01,-6.038721342300122252e+00,0.000000000000000000e+00
-1.704948576019970119e+01,-6.205505326258165866e+00,0.000000000000000000e+00
-1.658196054392443486e+01,-6.365218283188895931e+00,0.000000000000000000e+00
-1.613357821575961637e+01,-6.518388715729660277e+00,0.000000000000000000e+00
-1.570293573325390035e+01,-6.665500759324180180e+00,0.000000000000000000e+00
-1.528875102191156721e+01,-6.806990517495217219e+00,0.000000000000000000e+00
-1.488985890101694309e+01,-6.943255234391568109e+00,0.000000000000000000e+00
-1.450520062080651229e+01,-7.074659046453093403e+00,0.000000000000000000e+00
-1.413380186454102905e+01,-7.201531748095454155e+00,0.000000000000000000e+00
-1.377477636459852661e+01,-7.324178512084655424e+00,0.000000000000000000e+00
-1.342730725373799316e+01,-7.442877947384388904e+00,0.000000000000000000e+00
-1.309064059322579965e+01,-7.557884870363559493e+00,0.000000000000000000e+00
-1.276409172276882309e+01,-7.669440053867434770e+00,0.000000000000000000e+00
-1.244700970207886925e+01,-7.777754885747130587e+00,0.000000000000000000e+00
-1.213881638920140205e+01,-7.883039535577777812e+00,0.000000000000000000e+00
-1.183895288505637211e+01,-7.985474551466738014e+00,0.000000000000000000e+00
-1.154691432676556850e+01,-8.085236454662940275e+00,0.000000000000000000e+00
-1.126223176817072158e+01,-8.182490339829039172e+00,0.000000000000000000e+00
-1.098445278228352606e+01,-8.277378882252651948e+00,0.000000000000000000e+00
-1.071317583580864863e+01,-8.370050294756376630e+00,0.000000000000000000e+00
-1.044801406245614572e+01,-8.460634966373891785e+00,0.000000000000000000e+00
-1.018859923482122021e+01,-8.549249860151602931e+00,0.000000000000000000e+00
-9.934602807880732911e+00,-8.636018466362571644e+00,0.000000000000000000e+00
-9.685704483296275313e+00,-8.721047488633686839e+00,0.000000000000000000e+00
-9.441598346054568935e+00,-8.804432894948277522e+00,0.000000000000000000e+00
-9.202010710517351200e+00,-8.886278448801075314e+00,0.000000000000000000e+00
-8.966675041273187929e+00,-8.966675041273182600e+00,0.000000000000000000e+00
-8.735332227349795531e+00,-9.045701322452401882e+00,0.000000000000000000e+00
-8.507749321614733518e+00,-9.123444165233349779e+00,0.000000000000000000e+00
-8.283702765430279058e+00,-9.199983960412055239e+00,0.000000000000000000e+00
-8.062971798851499727e+00,-9.275388025712706153e+00,0.000000000000000000e+00
-7.845351565376204483e+00,-9.349725913201694993e+00,0.000000000000000000e+00
-7.630651973221830531e+00,-9.423070424240224341e+00,0.000000000000000000e+00
-7.418684941205953898e+00,-9.495483712373367524e+00,0.000000000000000000e+00
-7.209267086876246289e+00,-9.567020555317581554e+00,0.000000000000000000e+00
-7.002230920458659469e+00,-9.637744041883520296e+00,0.000000000000000000e+00
-6.797414323742624553e+00,-9.707713717453319902e+00,0.000000000000000000e+00
-6.594656262569363214e+00,-9.776979975643429910e+00,0.000000000000000000e+00
-6.393801526709920857e+00,-9.845590956564798546e+00,0.000000000000000000e+00
-6.194706421000351959e+00,-9.913602582799164509e+00,0.000000000000000000e+00
-5.997229146103665975e+00,-9.981065418814841550e+00,0.000000000000000000e+00
-5.801228514264821001e+00,-1.004802253302396942e+01,0.000000000000000000e+00
-5.606568521705240116e+00,-1.011451735635776927e+01,0.000000000000000000e+00
-5.413121054680451572e+00,-1.018060002766097583e+01,0.000000000000000000e+00
-5.220758543998781143e+00,-1.024631556515777753e+01,0.000000000000000000e+00
-5.029353428305419094e+00,-1.031170265471459579e+01,0.000000000000000000e+00
-4.838781764810414998e+00,-1.037680098147137464e+01,0.000000000000000000e+00
-4.648925184137499222e+00,-1.044165692270225776e+01,0.000000000000000000e+00
-4.459665055220722429e+00,-1.050631247112325539e+01,0.000000000000000000e+00
-4.270882062800721357e+00,-1.057080404612952940e+01,0.000000000000000000e+00
-4.082458740681816245e+00,-1.063516862241381133e+01,0.000000000000000000e+00
-3.894281553432229259e+00,-1.069945063305369715e+01,0.000000000000000000e+00
-3.706236037216043666e+00,-1.076369101451697041e+01,0.000000000000000000e+00
-3.518206296183791437e+00,-1.082792559815117350e+01,0.000000000000000000e+00
-3.330076651830813805e+00,-1.089218993639370403e+01,0.000000000000000000e+00
-3.141733891823121017e+00,-1.095652815304847572e+01,0.000000000000000000e+00
-2.953063196791463341e+00,-1.102098188838751724e+01,0.000000000000000000e+00
-2.763947488877977587e+00,-1.108558788968606557e+01,0.000000000000000000e+00
-2.574268485987206478e+00,-1.115038184098356844e+01,0.000000000000000000e+00
-2.383908770720275960e+00,-1.121540898098035299e+01,0.000000000000000000e+00
-2.192748490699714559e+00,-1.128071305384201217e+01,0.000000000000000000e+00
-2.000664612853465307e+00,-1.134633284602836234e+01,0.000000000000000000e+00
-1.807531684635449665e+00,-1.141230591169018815e+01,0.000000000000000000e+00
-1.613223427938309085e+00,-1.147868113459315254e+01,0.000000000000000000e+00
-1.417609963848604160e+00,-1.154550664533160464e+01,0.000000000000000000e+00
-1.220557118184971923e+00,-1.161282525960746703e+01,0.000000000000000000e+00
-1.021926969828356180e+00,-1.168067871474051422e+01,0.000000000000000000e+00
-8.215784948902395968e-01,-1.174911985911697343e+01,0.000000000000000000e+00
-6.193656022139583106e-01,-1.181819971552152815e+01,0.000000000000000000e+00
-4.151368266616858316e-01,-1.188796331534963890e+01,0.000000000000000000e+00
-2.087357048486906397e-01,-1.195846052175102159e+01,0.000000000000000000e+00
-2.209831237589817367e-15,-1.202976095708241644e+01,0.000000000000000000e+00
2.112399953111508411e-01,-1.210193122625789819e+01,0.000000000000000000e+00
4.251614436332982194e-01,-1.217503078601306754e+01,0.000000000000000000e+00
6.419487647070181158e-01,-1.224911212589286080e+01,0.000000000000000000e+00
8.617934445961176193e-01,-1.232422043339125572e+01,0.000000000000000000e+00
1.084893784234434388e+00,-1.240039269674030642e+01,0.000000000000000000e+00
1.311457663346567104e+00,-1.247768617536244484e+01,0.000000000000000000e+00
1.541716918104033551e+00,-1.255627667490856503e+01,0.000000000000000000e+00
1.775925229043281872e+00,-1.263636460395280814e+01,0.000000000000000000e+00
2.014349077620054107e+00,-1.271809953990790731e+01,0.000000000000000000e+00
2.257177609377852612e+00,-1.280109033971280752e+01,0.000000000000000000e+00
2.504504670632861973e+00,-1.288455956132073155e+01,0.000000000000000000e+00
2.756376474185266101e+00,-1.296773175351011531e+01,0.000000000000000000e+00
3.012854475547049660e+00,-1.305010647356109565e+01,0.000000000000000000e+00
3.274044687555716759e+00,-1.313147600839280749e+01,0.000000000000000000e+00
3.540049549139557605e+00,-1.321164477870010501e+01,0.000000000000000000e+00
3.810980309802892929e+00,-1.329046777759989872e+01,0.000000000000000000e+00
4.086962149043980475e+00,-1.336785084684607483e+01,0.000000000000000000e+00
4.368117284722599081e+00,-1.344368265564142106e+01,0.000000000000000000e+00
4.654515545284535705e+00,-1.351769467692658111e+01,0.000000000000000000e+00
4.946180163232306803e+00,-1.358951831103516383e+01,0.000000000000000000e+00
5.243144545625633590e+00,-1.365885852041832393e+01,0.000000000000000000e+00
5.545557157463989917e+00,-1.372573561530776765e+01,0.000000000000000000e+00
5.853607455198947207e+00,-1.379023497193400871e+01,0.000000000000000000e+00
6.167376832773205031e+00,-1.385215516493351551e+01,0.000000000000000000e+00
6.486786160044319516e+00,-1.391095781208066207e+01,0.000000000000000000e+00
6.811765822791500113e+00,-1.396618963440796612e+01,0.000000000000000000e+00
7.142434292206134572e+00,-1.401781657676400883e+01,0.000000000000000000e+00
7.478964728398094230e+00,-1.406588689809004933e+01,0.000000000000000000e+00
7.821423649527585731e+00,-1.411022177795708821e+01,0.000000000000000000e+00
8.169790209373967826e+00,-1.415049172981448677e+01,0.000000000000000000e+00
8.524055051188604182e+00,-1.418640992811949353e+01,0.000000000000000000e+00
8.884234711506397986e+00,-1.421774757292875435e+01,0.000000000000000000e+00
9.250334893516765078e+00,-1.424426660607798212e+01,0.000000000000000000e+00
9.622339952221150128e+00,-1.426570563892384413e+01,0.000000000000000000e+00
1.000023216251658020e+01,-1.428181162985644193e+01,0.000000000000000000e+00
1.038400869436520679e+01,-1.429236182893975382e+01,0.000000000000000000e+00
1.077364230626450059e+01,-1.429710623251888890e+01,0.000000000000000000e+00
1.116903443390408412e+01,-1.429571216335188488e+01,0.000000000000000000e+00
1.157016893399186763e+01,-1.428796871721674044e+01,0.000000000000000000e+00
1.197729439796772333e+01,-1.427398362833654488e+01,0.000000000000000000e+00
1.239019488286932003e+01,-1.425328875256429129e+01,0.000000000000000000e+00
1.280757783147501172e+01,-1.422425622428509762e+01,0.000000000000000000e+00
1.322679513239632421e+01,-1.418400123388861900e+01,0.000000000000000000e+00
1.364365368492044972e+01,-1.412841698159556003e+01,0.000000000000000000e+00
1.405607994484434009e+01,-1.405607994484434720e+01,0.000000000000000000e+00
1.446396741754004012e+01,-1.396769097429369211e+01,0.000000000000000000e+00
1.486684762620331846e+01,-1.386355969474447036e+01,0.000000000000000000e+00
1.526401868958861918e+01,-1.374378416034340411e+01,0.000000000000000000e+00
1.565491581991656744e+01,-1.360861070388291516e+01,0.000000000000000000e+00
1.603903961566620140e+01,-1.345835222594329927e+01,0.000000000000000000e+00
1.641589034568212924e+01,-1.329332589261346698e+01,0.000000000000000000e+00
1.678497536466319318e+01,-1.311385999368071964e+01,0.000000000000000000e+00
1.714581437847946432e+01,-1.292029786721392526e+01,0.000000000000000000e+00
1.749795661086701060e+01,-1.271300963098743786e+01,0.000000000000000000e+00
1.784110076416019197e+01,-1.249247324502398904e+01,0.000000000000000000e+00
1.817501235439212337e+01,-1.225920062675382738e+01,0.000000000000000000e+00
1.849919221931367019e+01,-1.201351589524260177e+01,0.000000000000000000e+00
1.881291751754761066e+01,-1.175561557671363744e+01,0.000000000000000000e+00
1.911564480194385851e+01,-1.148583816880696240e+01,0.000000000000000000e+00
1.940721731723223797e+01,-1.120476214232561318e+01,0.000000000000000000e+00
1.968751738104547044e+01,-1.091296908494721229e+01,0.000000000000000000e+00
1.995612459392616245e+01,-1.061085966600213659e+01,0.000000000000000000e+00
2.021243161619291229e+01,-1.029874830461610280e+01,0.000000000000000000e+00
2.045588231981171035e+01,-9.977000435240391596e+00,0.000000000000000000e+00
2.068622939120830040e+01,-9.646147183471459385e+00,0.000000000000000000e+00
2.090335852072512068e+01,-9.306774832715431600e+00,0.000000000000000000e+00
2.110717012081330068e+01,-8.959462157737110743e+00,0.000000000000000000e+00
2.129745301926109846e+01,-8.604729563273632920e+00,0.000000000000000000e+00
2.147389735318666482e+01,-8.243056885930583277e+00,0.000000000000000000e+00
2.163620365124970846e+01,-7.874934111576614271e+00,0.000000000000000000e+00
2.178408746151342612e+01,-7.500862843316261852e+00,0.000000000000000000e+00
2.191730877031135449e+01,-7.121365307892383534e+00,0.000000000000000000e+00
2.203568980818044665e+01,-6.736986461466652365e+00,0.000000000000000000e+00
2.213907403088946779e+01,-6.348277323330221655e+00,0.000000000000000000e+00
2.222732227877611422e+01,-5.955793054504359141e+00,0.000000000000000000e+00
2.230031287118083227e+01,-5.560092470949596688e+00,0.000000000000000000e+00
2.235794168833184514e+01,-5.161737554876000722e+00,0.000000000000000000e+00
2.240012224064795632e+01,-4.761292964460333899e+00,0.000000000000000000e+00
2.242678572543259108e+01,-4.359325542274955723e+00,0.000000000000000000e+00
2.243788107093998008e+01,-3.956403822734486209e+00,0.000000000000000000e+00
2.243337496780116425e+01,-3.553097538865655380e+00,0.000000000000000000e+00
2.241278419714280190e+01,-3.149911399071028129e+00,0.000000000000000000e+00
2.237505720740748671e+01,-2.747311574388913158e+00,0.000000000000000000e+00
2.232323770798961249e+01,-2.346266827952159684e+00,0.000000000000000000e+00
2.225515037751831571e+01,-1.947073363097543863e+00,0.000000000000000000e+00
2.217291849382647584e+01,-1.550481501756576286e+00,0.000000000000000000e+00
2.207336176977538145e+01,-1.156815871665120010e+00,0.000000000000000000e+00
2.195940936160220858e+01,-7.668394724914344707e-01,0.000000000000000000e+00
2.182940875544602122e+01,-3.810337471709321355e-01,0.000000000000000000e+00
2.168425458391056182e+01,-5.311110593616478711e-15,0.000000000000000000e+00
