3.930145267902739192e+01,0.000000000000000000e+00,0.000000000000000000e+00
3.944819089950456004e+01,6.885707334515741573e-01,0.000000000000000000e+00
3.957576415724071950e+01,1.382016137594774818e+00,0.000000000000000000e+00
3.968402856429953829e+01,2.079751810059712991e+00,0.000000000000000000e+00
3.977285701518329830e+01,2.781189092956851905e+00,0.000000000000000000e+00
3.984213931096866190e+01,3.485735520330326409e+00,0.000000000000000000e+00
3.989178227222332396e+01,4.192795269106900591e+00,0.000000000000000000e+00
3.992170984060955874e+01,4.901769613272409565e+00,0.000000000000000000e+00
3.993186316908611388e+01,5.612057381005043588e+00,0.000000000000000000e+00
3.992219766575562545e+01,6.323054933816213641e+00,0.000000000000000000e+00
3.989268755492042118e+01,7.034157148905273438e+00,0.000000000000000000e+00
3.984337541961611606e+01,7.744767631155153431e+00,0.000000000000000000e+00
3.977433404472238720e+01,8.454295687261094372e+00,0.000000000000000000e+00
3.968565265552369681e+01,9.162154842218157569e+00,0.000000000000000000e+00
3.957743674862522454e+01,9.867763262187034812e+00,0.000000000000000000e+00
3.944980791267811782e+01,1.057054417176501460e+01,0.000000000000000000e+00
3.930290363907852225e+01,1.126992626542882370e+01,0.000000000000000000e+00
3.913687712281015507e+01,1.196534411292060618e+01,0.000000000000000000e+00
3.895189205625601403e+01,1.265623693461566290e+01,0.000000000000000000e+00
3.874807791292255388e+01,1.334203318731861643e+01,0.000000000000000000e+00
3.852555222326110851e+01,1.402215426793515718e+01,0.000000000000000000e+00
3.828444925018743561e+01,1.469602316828554756e+01,0.000000000000000000e+00
3.802491158401706173e+01,1.536306151500594552e+01,0.000000000000000000e+00
3.774704517542281224e+01,1.602267006329324417e+01,0.000000000000000000e+00
3.745095441118512980e+01,1.667423919604187432e+01,0.000000000000000000e+00
3.713683068449824987e+01,1.731718854778707595e+01,0.000000000000000000e+00
3.680527974732668639e+01,1.795113436405431884e+01,0.000000000000000000e+00
3.645704997047077001e+01,1.857579477344497576e+01,0.000000000000000000e+00
3.609251820067158434e+01,1.919073233971066728e+01,0.000000000000000000e+00
3.571149908318504629e+01,1.979520718275673374e+01,0.000000000000000000e+00
3.531390142634329976e+01,2.038849049463521013e+01,0.000000000000000000e+00
3.490002837719701745e+01,2.097005265480202141e+01,0.000000000000000000e+00
3.447028316061619790e+01,2.153942349870525064e+01,0.000000000000000000e+00
3.402512045357148196e+01,2.209617158200924791e+01,0.000000000000000000e+00
3.356500239646592121e+01,2.263987998425272252e+01,0.000000000000000000e+00
3.309036617956894588e+01,2.317012384105380818e+01,0.000000000000000000e+00
3.260196945687869885e+01,2.368671730715421120e+01,0.000000000000000000e+00
3.210101535050554133e+01,2.418985012978541960e+01,0.000000000000000000e+00
3.158695733465822286e+01,2.467843575064939898e+01,0.000000000000000000e+00
3.105923273861214184e+01,2.515127075501574438e+01,0.000000000000000000e+00
3.052391989254980942e+01,2.561260992392337954e+01,0.000000000000000000e+00
2.998536263540060176e+01,2.606587806756395764e+01,0.000000000000000000e+00
2.944285977944808863e+01,2.651047002110926343e+01,0.000000000000000000e+00
2.889653219197260370e+01,2.694645220607704417e+01,0.000000000000000000e+00
2.834678640670873051e+01,2.737417343481237353e+01,0.000000000000000000e+00
2.779359775856708126e+01,2.779359775856707770e+01,0.000000000000000000e+00
2.723696441312687710e+01,2.820470230542784051e+01,0.000000000000000000e+00
2.667695315290927027e+01,2.860752983997420529e+01,0.000000000000000000e+00
2.611369326710057237e+01,2.900219455085271747e+01,0.000000000000000000e+00
2.554730197283068449e+01,2.938880907927938679e+01,0.000000000000000000e+00
2.497777755918284726e+01,2.976735614117519191e+01,0.000000000000000000e+00
2.440499546327979274e+01,3.013765950285503337e+01,0.000000000000000000e+00
2.382937361012537636e+01,3.050020735268254768e+01,0.000000000000000000e+00
2.325094762775047741e+01,3.085504964717362242e+01,0.000000000000000000e+00
2.266909896135242164e+01,3.120133796377731983e+01,0.000000000000000000e+00
2.208473225290833852e+01,3.154026634642433180e+01,0.000000000000000000e+00
2.149783570350622242e+01,3.187185212151794644e+01,0.000000000000000000e+00
2.090738740688257025e+01,3.219455335275667807e+01,0.000000000000000000e+00
2.031440790095878413e+01,3.250984840092867501e+01,0.000000000000000000e+00
1.971905442916830253e+01,3.281801769781790057e+01,0.000000000000000000e+00
1.912077420602942368e+01,3.311815240489541168e+01,0.000000000000000000e+00
1.851966245849933657e+01,3.341035548664017796e+01,0.000000000000000000e+00
1.791623202391969016e+01,3.369553172667123420e+01,0.000000000000000000e+00
1.731034110183416530e+01,3.397345730033733702e+01,0.000000000000000000e+00
1.670129818499635022e+01,3.424273582805934524e+01,0.000000000000000000e+00
1.608979431821674311e+01,3.450467526499117810e+01,0.000000000000000000e+00
1.547605961698099719e+01,3.475979901487331603e+01,0.000000000000000000e+00
1.485975789620772503e+01,3.500739579534915435e+01,0.000000000000000000e+00
1.424060988587333831e+01,3.524674631315524920e+01,0.000000000000000000e+00
1.361905949367664448e+01,3.547886295839131066e+01,0.000000000000000000e+00
1.299521976380141908e+01,3.570407286189481511e+01,0.000000000000000000e+00
1.236881851431996893e+01,3.592165727328615077e+01,0.000000000000000000e+00
1.173973354365713995e+01,3.613118465813767699e+01,0.000000000000000000e+00
1.110825560733351836e+01,3.633346694003796529e+01,0.000000000000000000e+00
1.047447385586361435e+01,3.652883141657274280e+01,0.000000000000000000e+00
9.838194684044713867e+00,3.671664241560891639e+01,0.000000000000000000e+00
9.199265616012427316e+00,3.689623913523448806e+01,0.000000000000000000e+00
8.557922998791783087e+00,3.706843700324813540e+01,0.000000000000000000e+00
7.914304466243597957e+00,3.723387508746941421e+01,0.000000000000000000e+00
7.268249282961215307e+00,3.739190103773142937e+01,0.000000000000000000e+00
6.619534102968316347e+00,3.754124341250361852e+01,0.000000000000000000e+00
5.968420312395545935e+00,3.768312278760465261e+01,0.000000000000000000e+00
5.314969240108984749e+00,3.781797120647480881e+01,0.000000000000000000e+00
4.659103540247130582e+00,3.794535327557550630e+01,0.000000000000000000e+00
4.000769395057299782e+00,3.806477812187477383e+01,0.000000000000000000e+00
3.339962673622013600e+00,3.817594804877025183e+01,0.000000000000000000e+00
2.676761837470450267e+00,3.827947768636780523e+01,0.000000000000000000e+00
2.011186011667181806e+00,3.837571519306833778e+01,0.000000000000000000e+00
1.343200004818507542e+00,3.846421554759612604e+01,0.000000000000000000e+00
6.727929861089346764e-01,3.854428435962523025e+01,0.000000000000000000e+00
2.364550510864976557e-15,3.861604035565632387e+01,0.000000000000000000e+00
-6.751607756445380248e-01,3.867993493126944315e+01,0.000000000000000000e+00
-1.352694890191707078e+00,3.873611349003569160e+01,0.000000000000000000e+00
-2.032599878405383809e+00,3.878431611131303214e+01,0.000000000000000000e+00
-2.714840811266772125e+00,3.882403238202714135e+01,0.000000000000000000e+00
-3.399354243330863223e+00,3.885479679688545218e+01,0.000000000000000000e+00
-4.086169211142690827e+00,3.887730309643480808e+01,0.000000000000000000e+00
-4.775294462628687953e+00,3.889165239923685391e+01,0.000000000000000000e+00
-5.466722963197181429e+00,3.889775505299573410e+01,0.000000000000000000e+00
-6.160416368808554033e+00,3.889533817959389239e+01,0.000000000000000000e+00
-6.856206760333646955e+00,3.888348075142025095e+01,0.000000000000000000e+00
-7.554126435190054778e+00,3.886261148930448428e+01,0.000000000000000000e+00
-8.254215547985387147e+00,3.883303099717729623e+01,0.000000000000000000e+00
-8.956453769660200237e+00,3.879466342242456989e+01,0.000000000000000000e+00
-9.660823900434872158e+00,3.874744830211157165e+01,0.000000000000000000e+00
-1.036726195082247948e+01,3.869114833584512070e+01,0.000000000000000000e+00
-1.107556577752317928e+01,3.862508806624441604e+01,0.000000000000000000e+00
-1.178566842335530396e+01,3.854918442311755911e+01,0.000000000000000000e+00
-1.249766974736532532e+01,3.846387243451948734e+01,0.000000000000000000e+00
-1.321156468965298103e+01,3.836916988280802343e+01,0.000000000000000000e+00
-1.392727100909057292e+01,3.826486261210134643e+01,0.000000000000000000e+00
-1.464477265870908518e+01,3.815093710812980987e+01,0.000000000000000000e+00
-1.536395204375429735e+01,3.802711572001468454e+01,0.000000000000000000e+00
-1.608443698303932123e+01,3.789255891943626864e+01,0.000000000000000000e+00
-1.680629705614704861e+01,3.774756122126445490e+01,0.000000000000000000e+00
-1.752960706364163102e+01,3.759236366179273858e+01,0.000000000000000000e+00
-1.825431940657337293e+01,3.742690120471287685e+01,0.000000000000000000e+00
-1.898031947031366329e+01,3.725097439028154866e+01,0.000000000000000000e+00
-1.970759656368868917e+01,3.706459842569778118e+01,0.000000000000000000e+00
-2.043590333073958121e+01,3.686734553076456677e+01,0.000000000000000000e+00
-2.116326908986978239e+01,3.665585731790644530e+01,0.000000000000000000e+00
-2.188584499738423617e+01,3.642416278305031341e+01,0.000000000000000000e+00
-2.260372309721683237e+01,3.617351855735882538e+01,0.000000000000000000e+00
-2.331665980595312604e+01,3.590450750837095484e+01,0.000000000000000000e+00
-2.402397957154856556e+01,3.561701442112534011e+01,0.000000000000000000e+00
-2.472543035936751465e+01,3.531157408357171335e+01,0.000000000000000000e+00
-2.542025379129812990e+01,3.498797773213156148e+01,0.000000000000000000e+00
-2.610687540716923749e+01,3.464499381777316955e+01,0.000000000000000000e+00
-2.678537871236153123e+01,3.428372134800977733e+01,0.000000000000000000e+00
-2.745582768698272957e+01,3.390512354097133141e+01,0.000000000000000000e+00
-2.811825604302575599e+01,3.351003265675980458e+01,0.000000000000000000e+00
-2.877166706192628354e+01,3.309801681112131178e+01,0.000000000000000000e+00
-2.941411462396595766e+01,3.266768381399697319e+01,0.000000000000000000e+00
-3.004609798900504103e+01,3.222049534174455943e+01,0.000000000000000000e+00
-3.066853343337842830e+01,3.175819604976296162e+01,0.000000000000000000e+00
-3.128021734275982624e+01,3.128021734275983334e+01,0.000000000000000000e+00
-3.187876859437968591e+01,3.078496898626473666e+01,0.000000000000000000e+00
-3.246582218210323134e+01,3.027486896867400645e+01,0.000000000000000000e+00
-3.304102362814128213e+01,2.975027130251891094e+01,0.000000000000000000e+00
-3.360299198216051764e+01,2.921063528103713836e+01,0.000000000000000000e+00
-3.415195559723773044e+01,2.865689334562503632e+01,0.000000000000000000e+00
-3.468713063024195975e+01,2.808908454171942282e+01,0.000000000000000000e+00
-3.520780657159477300e+01,2.750735321521575116e+01,0.000000000000000000e+00
-3.571486188455900646e+01,2.691307882197133949e+01,0.000000000000000000e+00
-3.620777547298531829e+01,2.630648872559326179e+01,0.000000000000000000e+00
-3.668493978976568570e+01,2.568707137956327458e+01,0.000000000000000000e+00
-3.714616174823790118e+01,2.505540246719283104e+01,0.000000000000000000e+00
-3.759163711201625802e+01,2.441229458126868224e+01,0.000000000000000000e+00
-3.802121169866425987e+01,2.375828991295167469e+01,0.000000000000000000e+00
-3.843465087636162281e+01,2.309386811767882008e+01,0.000000000000000000e+00
-3.883166679052535386e+01,2.241947327459165962e+01,0.000000000000000000e+00
-3.921187467181211872e+01,2.173549705501703855e+01,0.000000000000000000e+00
-3.957465223137648991e+01,2.104221584614588281e+01,0.000000000000000000e+00
-3.991945156215540891e+01,2.033997650077831665e+01,0.000000000000000000e+00
-4.024629908747198925e+01,1.962943163412857217e+01,0.000000000000000000e+00
-4.055542098165282994e+01,1.891130338344462913e+01,0.000000000000000000e+00
-4.084681880989501934e+01,1.818617543776555934e+01,0.000000000000000000e+00
-4.112016590695611740e+01,1.745447486586367347e+01,0.000000000000000000e+00
-4.137512037664406961e+01,1.671663372925080893e+01,0.000000000000000000e+00
-4.161138456301694077e+01,1.597311398177009245e+01,0.000000000000000000e+00
-4.182871805917268659e+01,1.522440831105202186e+01,0.000000000000000000e+00
-4.202689582690653225e+01,1.447102073405213218e+01,0.000000000000000000e+00
-4.220571129759696305e+01,1.371346689410895081e+01,0.000000000000000000e+00
-4.236509017345162675e+01,1.295230788878697403e+01,0.000000000000000000e+00
-4.250508537630511796e+01,1.218813710293970054e+01,0.000000000000000000e+00
-4.262577209230965281e+01,1.142154120888747215e+01,0.000000000000000000e+00
-4.272724321122289837e+01,1.065309821684905600e+01,0.000000000000000000e+00
-4.280960890795164886e+01,9.883376971371578890e+00,0.000000000000000000e+00
-4.287299621064876476e+01,9.112936663027387141e+00,0.000000000000000000e+00
-4.291754855584164829e+01,8.342326355717549546e+00,0.000000000000000000e+00
-4.294342533107911208e+01,7.572084529908588379e+00,0.000000000000000000e+00
-4.295080140559056048e+01,6.802738642114772638e+00,0.000000000000000000e+00
-4.293579989389478868e+01,6.034233155702836804e+00,0.000000000000000000e+00
-4.290087225822428962e+01,5.267564762577673143e+00,0.000000000000000000e+00
-4.284709872369636230e+01,4.503411544707059733e+00,0.000000000000000000e+00
-4.277401816791942935e+01,3.742241683144883257e+00,0.000000000000000000e+00
-4.268161480825667553e+01,2.984589252142323623e+00,0.000000000000000000e+00
-4.256992827446568839e+01,2.230995405103092022e+00,0.000000000000000000e+00
-4.243914951564583760e+01,1.482007757661674141e+00,0.000000000000000000e+00
-4.228948065855562533e+01,7.381656306756868569e-01,0.000000000000000000e+00
-4.212097591392500817e+01,5.158331832995102131e-15,0.000000000000000000e+00
-4.210259885574804883e+01,-7.349035966737680337e-01,0.000000000000000000e+00
-4.005833001811973304e+01,-1.398867708787114861e+00,0.000000000000000000e+00
-3.819168401014994174e+01,-2.001541346051581183e+00,0.000000000000000000e+00
-3.648815186799512134e+01,-2.551500133839525564e+00,0.000000000000000000e+00
-3.492645011907051611e+01,-3.055668442622320402e+00,0.000000000000000000e+00
-3.348873935391333845e+01,-3.519808339804611830e+00,0.000000000000000000e+00
-3.216003927660764816e+01,-3.948756301198443897e+00,0.000000000000000000e+00
-3.092767925306847232e+01,-4.346601857634080801e+00,0.000000000000000000e+00
-2.978087633220597041e+01,-4.716827430250668307e+00,0.000000000000000000e+00
-2.871038819594734903e+01,-5.062416065559352418e+00,0.000000000000000000e+00
-2.770825067270422082e+01,-5.385938331425641046e+00,0.000000000000000000e+00
-2.676756589766280925e+01,-5.689621771482937795e+00,0.000000000000000000e+00
-2.588232627011103659e+01,-5.975405848102176343e+00,0.000000000000000000e+00
-2.504727582921913864e+01,-6.244987259161474569e+00,0.000000000000000000e+00
-2.425779631576126860e+01,-6.499856932966885381e+00,0.000000000000000000e+00
-2.350981309743214354e+01,-6.741330425740649446e+00,0.000000000000000000e+00
-2.279971703338501854e+01,-6.970573025681418677e+00,0.000000000000000000e+00
-2.212429873671480607e+01,-7.188620424899455408e+00,0.000000000000000000e+00
-2.148069419744998143e+01,-7.396396164813117124e+00,0.000000000000000000e+00
-2.086634342958955557e+01,-7.594727906346739665e+00,0.000000000000000000e+00
-2.027894853371590500e+01,-7.784359010427720271e+00,0.000000000000000000e+00
-1.971643517593109962e+01,-7.965956891054966960e+00,0.000000000000000000e+00
-1.917693195397438899e+01,-8.140124666627372108e+00,0.000000000000000000e+00
-1.865875177725045475e+01,-8.307411523283523280e+00,0.000000000000000000e+00
-1.816035092281899921e+01,-8.468310710092692872e+00,0.000000000000000000e+00
-1.768033457308657219e+01,-8.623275348042001909e+00,0.000000000000000000e+00
-1.721742796619677307e+01,-8.772717723614348984e+00,0.000000000000000000e+00
-1.677046017069262973e+01,-8.917011846060447056e+00,0.000000000000000000e+00
-1.633837021265394895e+01,-9.056506494860382617e+00,0.000000000000000000e+00
-1.592016836932308088e+01,-9.191513493572847082e+00,0.000000000000000000e+00
-1.551496171618585151e+01,-9.322329500976330507e+00,0.000000000000000000e+00
-1.512190917718633543e+01,-9.449217587180132938e+00,0.000000000000000000e+00
-1.474025087295319913e+01,-9.572430842532043016e+00,0.000000000000000000e+00
-1.436926958725234726e+01,-9.692194717406565019e+00,0.000000000000000000e+00
-1.400830979400975806e+01,-9.808724115342531746e+00,0.000000000000000000e+00
-1.365676031094030485e+01,-9.922217160673843850e+00,0.000000000000000000e+00
-1.331404669679933583e+01,-1.003285381163086143e+01,0.000000000000000000e+00
-1.297964723404467335e+01,-1.014081182108676238e+01,0.000000000000000000e+00
-1.265305684779199424e+01,-1.024624340645070930e+01,0.000000000000000000e+00
-1.233382002451760329e+01,-1.034930383357967187e+01,0.000000000000000000e+00
-1.202150186801209664e+01,-1.045013214249591549e+01,0.000000000000000000e+00
-1.171569043775230767e+01,-1.054885505189370676e+01,0.000000000000000000e+00
-1.141601178507273495e+01,-1.064560321310566060e+01,0.000000000000000000e+00
-1.112210041206388844e+01,-1.074048752020723185e+01,0.000000000000000000e+00
-1.083361697628357234e+01,-1.083361697628356701e+01,0.000000000000000000e+00
-1.055024706454850936e+01,-1.092510065331994440e+01,0.000000000000000000e+00
-1.027168178443828417e+01,-1.101503014496210042e+01,0.000000000000000000e+00
-9.997635431168605535e+00,-1.110349902855559989e+01,0.000000000000000000e+00
-9.727840340818501019e+00,-1.119060019856765109e+01,0.000000000000000000e+00
-9.462032762592677670e+00,-1.127641153806393426e+01,0.000000000000000000e+00
-9.199966568682979684e+00,-1.136101255588415349e+01,0.000000000000000000e+00
-8.941411263624877037e+00,-1.144448452687361062e+01,0.000000000000000000e+00
-8.686139111972966731e+00,-1.152689592841823085e+01,0.000000000000000000e+00
-8.433933353122350596e+00,-1.160831338569641957e+01,0.000000000000000000e+00
-8.184592448590601421e+00,-1.168880939145122255e+01,0.000000000000000000e+00
-7.937917486290337443e+00,-1.176844663644880384e+01,0.000000000000000000e+00
-7.693714335162677109e+00,-1.184728114631501761e+01,0.000000000000000000e+00
-7.451802650023063634e+00,-1.192537708443150812e+01,0.000000000000000000e+00
-7.212006066636331703e+00,-1.200279372329030103e+01,0.000000000000000000e+00
-6.974149622891268052e+00,-1.207958148643498753e+01,0.000000000000000000e+00
-6.738066835854268355e+00,-1.215579435009172471e+01,0.000000000000000000e+00
-6.503598271486489502e+00,-1.223148938916530248e+01,0.000000000000000000e+00
-6.270584958768573358e+00,-1.230671591574177803e+01,0.000000000000000000e+00
-6.038870291961684345e+00,-1.238151895840811356e+01,0.000000000000000000e+00
-5.808305612411154506e+00,-1.245595158225021137e+01,0.000000000000000000e+00
-5.578743787458702030e+00,-1.253006369882193560e+01,0.000000000000000000e+00
-5.350037402525823715e+00,-1.260389827198602219e+01,0.000000000000000000e+00
-5.122042511581301305e+00,-1.267750008305425347e+01,0.000000000000000000e+00
-4.894619505974204365e+00,-1.275091975085036111e+01,0.000000000000000000e+00
-4.667627950453777430e+00,-1.282420239628698511e+01,0.000000000000000000e+00
-4.440926823886434782e+00,-1.289738798889333005e+01,0.000000000000000000e+00
-4.214378479357088203e+00,-1.297052326534298317e+01,0.000000000000000000e+00
-3.987846003426906982e+00,-1.304365654242039874e+01,0.000000000000000000e+00
-3.761190539786233078e+00,-1.311683021448830999e+01,0.000000000000000000e+00
-3.534272535728512299e+00,-1.319008467113410354e+01,0.000000000000000000e+00
-3.306954329937647152e+00,-1.326346937458771436e+01,0.000000000000000000e+00
-3.079096322413584552e+00,-1.333703143513149136e+01,0.000000000000000000e+00
-2.850556138859132727e+00,-1.341081223963528934e+01,0.000000000000000000e+00
-2.621190573763819476e+00,-1.348485649288013200e+01,0.000000000000000000e+00
-2.390855677401593660e+00,-1.355921633657744252e+01,0.000000000000000000e+00
-2.159403794910550012e+00,-1.363393898091150191e+01,0.000000000000000000e+00
-1.926683761307572906e+00,-1.370906729981727956e+01,0.000000000000000000e+00
-1.692542671270082399e+00,-1.378465385895311002e+01,0.000000000000000000e+00
-1.456823875963763948e+00,-1.386075330153242646e+01,0.000000000000000000e+00
-1.219365717119893056e+00,-1.393741392287445890e+01,0.000000000000000000e+00
-9.800022828833157007e-01,-1.401468557833003281e+01,0.000000000000000000e+00
-7.385634345549242363e-01,-1.409262984730039037e+01,0.000000000000000000e+00
-4.948728332964117405e-01,-1.417130379710984300e+01,0.000000000000000000e+00
-2.487479317690670655e-01,-1.425075946678062877e+01,0.000000000000000000e+00
-2.632573330591132418e-15,-1.433106172557416969e+01,0.000000000000000000e+00
2.515672509683023472e-01,-1.441227815552998592e+01,0.000000000000000000e+00
5.061579956775869027e-01,-1.449446856539615425e+01,0.000000000000000000e+00
7.639849167072388925e-01,-1.457770062305344538e+01,0.000000000000000000e+00
1.025270673227385299e+00,-1.466205372061920720e+01,0.000000000000000000e+00
1.290247724900931203e+00,-1.474759897913651940e+01,0.000000000000000000e+00
1.559159329386207382e+00,-1.483441010198172272e+01,0.000000000000000000e+00
1.832262159809266766e+00,-1.492257777635559002e+01,0.000000000000000000e+00
2.109824996563820942e+00,-1.501218490007958017e+01,0.000000000000000000e+00
2.392130374218342403e+00,-1.510331677352125368e+01,0.000000000000000000e+00
2.679479463872126210e+00,-1.519608316949703131e+01,0.000000000000000000e+00
2.972188832386934987e+00,-1.529058599387836281e+01,0.000000000000000000e+00
3.270592011413863798e+00,-1.538692565271742296e+01,0.000000000000000000e+00
3.575043186066332090e+00,-1.548521330997028578e+01,0.000000000000000000e+00
3.885913876834610647e+00,-1.558554928657063421e+01,0.000000000000000000e+00
4.203609898738908335e+00,-1.568808571729304191e+01,0.000000000000000000e+00
4.528577808226901702e+00,-1.579302765846788859e+01,0.000000000000000000e+00
4.861281726087137045e+00,-1.590053606296121202e+01,0.000000000000000000e+00
5.202160155696968324e+00,-1.601060266893762218e+01,0.000000000000000000e+00
5.551650262972177785e+00,-1.612316308277566179e+01,0.000000000000000000e+00
5.910406330654965679e+00,-1.623870793327619566e+01,0.000000000000000000e+00
6.279397953947088773e+00,-1.635839094268823146e+01,0.000000000000000000e+00
6.659219431925246013e+00,-1.648214646997251265e+01,0.000000000000000000e+00
7.049030350694876823e+00,-1.660647482844797906e+01,0.000000000000000000e+00
7.447701424706619555e+00,-1.672781128094987224e+01,0.000000000000000000e+00
7.854867197239149945e+00,-1.684481706416287139e+01,0.000000000000000000e+00
8.270420076521659780e+00,-1.695687405436689232e+01,0.000000000000000000e+00
8.694426475472212701e+00,-1.706377274010389300e+01,0.000000000000000000e+00
9.126981081280595376e+00,-1.716535486827971724e+01,0.000000000000000000e+00
9.567934512800899682e+00,-1.726101078040247216e+01,0.000000000000000000e+00
1.001710437863245673e+01,-1.735013372851208047e+01,0.000000000000000000e+00
1.047461438317222537e+01,-1.743268580344716767e+01,0.000000000000000000e+00
1.094059975966004927e+01,-1.750861956380220619e+01,0.000000000000000000e+00
1.141499311641241476e+01,-1.757754796214813453e+01,0.000000000000000000e+00
1.189787632534355488e+01,-1.763932704814617125e+01,0.000000000000000000e+00
1.238953094483250794e+01,-1.769408392333229685e+01,0.000000000000000000e+00
1.288935983580172184e+01,-1.774068184444479357e+01,0.000000000000000000e+00
1.339652215761342724e+01,-1.777778535698399764e+01,0.000000000000000000e+00
1.391187606004352517e+01,-1.780638935115991472e+01,0.000000000000000000e+00
1.443586158559872601e+01,-1.782680442418944011e+01,0.000000000000000000e+00
1.496764901694041683e+01,-1.783774948862794218e+01,0.000000000000000000e+00
1.550706053133593798e+01,-1.783883252411271769e+01,0.000000000000000000e+00
1.605421217134491840e+01,-1.783000895321883661e+01,0.000000000000000000e+00
1.660903232657978279e+01,-1.781100657081264416e+01,0.000000000000000000e+00
1.717141007896791649e+01,-1.778151566730022992e+01,0.000000000000000000e+00
1.774104126208139931e+01,-1.774104126208140642e+01,0.000000000000000000e+00
1.831741467318172312e+01,-1.768892173337799534e+01,0.000000000000000000e+00
1.890137717904050518e+01,-1.762581936823337969e+01,0.000000000000000000e+00
1.949264936607714205e+01,-1.755126032329557972e+01,0.000000000000000000e+00
2.008905769201030367e+01,-1.746315142688961686e+01,0.000000000000000000e+00
2.069227535654529149e+01,-1.736288061989588627e+01,0.000000000000000000e+00
2.130270638604969591e+01,-1.725059149526437707e+01,0.000000000000000000e+00
2.191879031081865392e+01,-1.712483582025734208e+01,0.000000000000000000e+00
2.253973504983381915e+01,-1.698490863504617820e+01,0.000000000000000000e+00
2.316680033333880218e+01,-1.683166567997941598e+01,0.000000000000000000e+00
2.379744409957532270e+01,-1.666314974864683052e+01,0.000000000000000000e+00
2.442515176896123208e+01,-1.647497289333323423e+01,0.000000000000000000e+00
2.504522413854474294e+01,-1.626455872890453236e+01,0.000000000000000000e+00
2.565987612946751995e+01,-1.603407016709402555e+01,0.000000000000000000e+00
2.626966368271332186e+01,-1.578440638204096302e+01,0.000000000000000000e+00
2.687182657602255986e+01,-1.551445630728358260e+01,0.000000000000000000e+00
2.746424431365503693e+01,-1.522367921436921812e+01,0.000000000000000000e+00
2.804992460168075397e+01,-1.491440946810700474e+01,0.000000000000000000e+00
2.862786820767943752e+01,-1.458662741658514150e+01,0.000000000000000000e+00
2.919348300756150039e+01,-1.423861303653144184e+01,0.000000000000000000e+00
2.975057850277720561e+01,-1.387292259038650499e+01,0.000000000000000000e+00
3.029809038723972492e+01,-1.348957895046993727e+01,0.000000000000000000e+00
3.083252922633918303e+01,-1.308763217662762735e+01,0.000000000000000000e+00
3.135728241400641281e+01,-1.266916446617815772e+01,0.000000000000000000e+00
3.187105677796389713e+01,-1.223415245563207954e+01,0.000000000000000000e+00
3.236954540173522332e+01,-1.178155102296003598e+01,0.000000000000000000e+00
3.285483602395902381e+01,-1.131282727315315739e+01,0.000000000000000000e+00
3.332841463718220609e+01,-1.082905835983759779e+01,0.000000000000000000e+00
3.378866412495604976e+01,-1.033023130850058280e+01,0.000000000000000000e+00
3.423459747621794236e+01,-9.816612859615650777e+00,0.000000000000000000e+00
3.466582037096272018e+01,-9.288678573361819346e+00,0.000000000000000000e+00
3.508184920567109089e+01,-8.746887398495603705e+00,0.000000000000000000e+00
3.548218128180130293e+01,-8.191707009718793842e+00,0.000000000000000000e+00
3.586640192590582643e+01,-7.623639072845621811e+00,0.000000000000000000e+00
3.623420589179346507e+01,-7.043216142606548047e+00,0.000000000000000000e+00
3.658575866538813415e+01,-6.451056362396484722e+00,0.000000000000000000e+00
3.692138188795304643e+01,-5.847772406331924522e+00,0.000000000000000000e+00
3.724066148786228325e+01,-5.233833650373385993e+00,0.000000000000000000e+00
3.754257198962299213e+01,-4.609648216911568674e+00,0.000000000000000000e+00
3.782626835516743569e+01,-3.975701008424128435e+00,0.000000000000000000e+00
3.809160257615890544e+01,-3.332583400948792463e+00,0.000000000000000000e+00
3.833859822673578321e+01,-2.680895948378734239e+00,0.000000000000000000e+00
3.856725182907587879e+01,-2.021224021411696992e+00,0.000000000000000000e+00
3.877741991755009110e+01,-1.354137342425468127e+00,0.000000000000000000e+00
3.896894138657616935e+01,-6.802054020866288297e-01,0.000000000000000000e+00
3.914167149708564608e+01,-9.586944542436625191e-15,0.000000000000000000e+00
