3.753990412088289474e+01,0.000000000000000000e+00,0.000000000000000000e+00
3.768334027097660766e+01,6.577651511420131714e-01,0.000000000000000000e+00
3.780969568735758202e+01,1.320343667651342479e+00,0.000000000000000000e+00
3.791885047293538946e+01,1.987242746252240400e+00,0.000000000000000000e+00
3.801069842121704312e+01,2.657966960341932694e+00,0.000000000000000000e+00
3.808514706936575323e+01,3.332018617287070938e+00,0.000000000000000000e+00
3.814211774244267872e+01,4.008898116732828143e+00,0.000000000000000000e+00
3.818154558881374783e+01,4.688104309716728757e+00,0.000000000000000000e+00
3.820337960670731547e+01,5.369134858378964203e+00,0.000000000000000000e+00
3.820758266191434416e+01,6.051486596060759560e+00,0.000000000000000000e+00
3.819411235648743741e+01,6.734652512659303980e+00,0.000000000000000000e+00
3.816288879229543340e+01,7.418114121034759201e+00,0.000000000000000000e+00
3.811392637315957188e+01,8.101365141623174893e+00,0.000000000000000000e+00
3.804727788484936468e+01,8.783906222526814744e+00,0.000000000000000000e+00
3.796300952347554158e+01,9.465241346404805967e+00,0.000000000000000000e+00
3.786120075768066329e+01,1.014487816749314497e+01,0.000000000000000000e+00
3.774194418284442776e+01,1.082232834399712118e+01,0.000000000000000000e+00
3.760534536744031442e+01,1.149710786567580456e+01,0.000000000000000000e+00
3.745152269168525550e+01,1.216873737644217179e+01,0.000000000000000000e+00
3.728060380226113324e+01,1.283674132923019329e+01,0.000000000000000000e+00
3.709267584410289231e+01,1.350062991653843270e+01,0.000000000000000000e+00
3.688779765074271211e+01,1.415989884978402813e+01,0.000000000000000000e+00
3.666604178116107704e+01,1.481404247715667744e+01,0.000000000000000000e+00
3.642750497439263313e+01,1.546255847897977453e+01,0.000000000000000000e+00
3.617243712972213388e+01,1.610500662767185887e+01,0.000000000000000000e+00
3.590120547556243480e+01,1.674100705025093561e+01,0.000000000000000000e+00
3.561417295338859645e+01,1.737019276418850922e+01,0.000000000000000000e+00
3.531140096869165745e+01,1.799205745085062702e+01,0.000000000000000000e+00
3.499266467771623468e+01,1.860592984810920569e+01,0.000000000000000000e+00
3.465786399462515988e+01,1.921116771623974628e+01,0.000000000000000000e+00
3.430757156230048111e+01,1.980748567673652616e+01,0.000000000000000000e+00
3.394257513868418386e+01,2.039475670921925854e+01,0.000000000000000000e+00
3.356321541769963801e+01,2.097262466605112152e+01,0.000000000000000000e+00
3.316944515728334153e+01,2.154048954728819609e+01,0.000000000000000000e+00
3.276139871574964957e+01,2.209784245744367581e+01,0.000000000000000000e+00
3.233945168808242698e+01,2.264432785356403954e+01,0.000000000000000000e+00
3.190400028168408042e+01,2.317961301813849673e+01,0.000000000000000000e+00
3.145544804164263653e+01,2.370338026957781352e+01,0.000000000000000000e+00
3.099426449388160876e+01,2.421537335321719553e+01,0.000000000000000000e+00
3.052083851502939993e+01,2.471528770919401552e+01,0.000000000000000000e+00
3.003453295580738569e+01,2.520196552579983873e+01,0.000000000000000000e+00
2.953546410806600875e+01,2.567478724438894488e+01,0.000000000000000000e+00
2.902716886245542938e+01,2.613618023827120140e+01,0.000000000000000000e+00
2.851225386742451207e+01,2.658810687116024241e+01,0.000000000000000000e+00
2.799175111821216433e+01,2.703131984205084848e+01,0.000000000000000000e+00
2.746663098198811781e+01,2.746663098198811426e+01,0.000000000000000000e+00
2.693718176707727707e+01,2.789426828789513024e+01,0.000000000000000000e+00
2.640285475150419359e+01,2.831359529083961135e+01,0.000000000000000000e+00
2.586401807981924605e+01,2.872490216321575573e+01,0.000000000000000000e+00
2.532094872603774149e+01,2.912841945529688203e+01,0.000000000000000000e+00
2.477324703576994835e+01,2.952360615510269426e+01,0.000000000000000000e+00
2.422140828283604108e+01,2.991094821574876050e+01,0.000000000000000000e+00
2.366557828311210088e+01,3.029055889447957739e+01,0.000000000000000000e+00
2.310508261956746523e+01,3.066148024340873945e+01,0.000000000000000000e+00
2.254090454246574993e+01,3.102489348331639718e+01,0.000000000000000000e+00
2.197306820552103446e+01,3.138079355972339712e+01,0.000000000000000000e+00
2.140042621900681041e+01,3.172743662183616919e+01,0.000000000000000000e+00
2.082417674906553273e+01,3.206642017616825768e+01,0.000000000000000000e+00
2.024453252874276998e+01,3.239802443004178656e+01,0.000000000000000000e+00
1.966084493242647824e+01,3.272114082671252788e+01,0.000000000000000000e+00
1.907330280567641623e+01,3.303592952757755796e+01,0.000000000000000000e+00
1.848247573528993826e+01,3.334326886210835994e+01,0.000000000000000000e+00
1.788824148836163985e+01,3.364288918566798969e+01,0.000000000000000000e+00
1.728994022880264936e+01,3.393341833260420515e+01,0.000000000000000000e+00
1.668822576280795289e+01,3.421593339062772543e+01,0.000000000000000000e+00
1.608352590805593962e+01,3.449123261602075274e+01,0.000000000000000000e+00
1.547553705812937075e+01,3.475862532847603603e+01,0.000000000000000000e+00
1.486370543917790243e+01,3.501669562379462519e+01,0.000000000000000000e+00
1.424870397208447592e+01,3.526677987952685100e+01,0.000000000000000000e+00
1.363085224530986217e+01,3.550958412671365494e+01,0.000000000000000000e+00
1.300987839375194888e+01,3.574434711668403963e+01,0.000000000000000000e+00
1.238547506529086917e+01,3.597003140980040570e+01,0.000000000000000000e+00
1.175803863703496788e+01,3.618752194267307232e+01,0.000000000000000000e+00
1.112776093727757321e+01,3.639726599955988462e+01,0.000000000000000000e+00
1.049461707233426289e+01,3.659907916063790623e+01,0.000000000000000000e+00
9.858506626341041468e+00,3.679244761625921001e+01,0.000000000000000000e+00
9.219359985384443235e+00,3.697683324878320121e+01,0.000000000000000000e+00
8.577452521438001298e+00,3.715302865942651067e+01,0.000000000000000000e+00
7.932916138675085271e+00,3.732143612197834415e+01,0.000000000000000000e+00
7.285687486628294351e+00,3.748161281843820092e+01,0.000000000000000000e+00
6.635702261985301220e+00,3.763293759879333322e+01,0.000000000000000000e+00
5.983028206164669349e+00,3.777535339901567113e+01,0.000000000000000000e+00
5.327825205020081611e+00,3.790944614995525797e+01,0.000000000000000000e+00
4.670159643000787675e+00,3.803539800654456826e+01,0.000000000000000000e+00
4.010043937470286757e+00,3.815301949853807173e+01,0.000000000000000000e+00
3.347482115064247754e+00,3.826189565774253509e+01,0.000000000000000000e+00
2.682481453013574324e+00,3.836127199936671417e+01,0.000000000000000000e+00
2.015186802210059192e+00,3.845205482427595456e+01,0.000000000000000000e+00
1.345651781052704221e+00,3.853442523283160881e+01,0.000000000000000000e+00
6.739096123283008222e-01,3.860825583288861651e+01,0.000000000000000000e+00
2.368061060286213600e-15,3.867337197851576747e+01,0.000000000000000000e+00
-6.760186311837812490e-01,3.872908144219742610e+01,0.000000000000000000e+00
-1.354065808866781628e+00,3.877537146444541349e+01,0.000000000000000000e+00
-2.034090792988305196e+00,3.881276445625947957e+01,0.000000000000000000e+00
-2.716051055086220689e+00,3.884133967497832174e+01,0.000000000000000000e+00
-3.399893582657385060e+00,3.886096147359653230e+01,0.000000000000000000e+00
-4.085566866937632824e+00,3.887157217414099364e+01,0.000000000000000000e+00
-4.772974693712730421e+00,3.887275939755244281e+01,0.000000000000000000e+00
-5.461949838093075549e+00,3.886379250314882938e+01,0.000000000000000000e+00
-6.152523092614657685e+00,3.884550199506893620e+01,0.000000000000000000e+00
-6.844661995317736114e+00,3.881800713547376347e+01,0.000000000000000000e+00
-7.538284153305315982e+00,3.878111001441221362e+01,0.000000000000000000e+00
-8.233338441419846276e+00,3.873481193303025805e+01,0.000000000000000000e+00
-8.929739862853597998e+00,3.867895277958390210e+01,0.000000000000000000e+00
-9.627310910416095879e+00,3.861303504071847925e+01,0.000000000000000000e+00
-1.032587118496325118e+01,3.853667589469429089e+01,0.000000000000000000e+00
-1.102550207418235040e+01,3.845049518410144174e+01,0.000000000000000000e+00
-1.172616248264548844e+01,3.835454926113150265e+01,0.000000000000000000e+00
-1.242775542444915615e+01,3.824869827386763887e+01,0.000000000000000000e+00
-1.313019127379691575e+01,3.813284432332520169e+01,0.000000000000000000e+00
-1.383341869926270817e+01,3.800700551008562655e+01,0.000000000000000000e+00
-1.453729569013669121e+01,3.787095003259542381e+01,0.000000000000000000e+00
-1.524127786118979166e+01,3.772348646349569634e+01,0.000000000000000000e+00
-1.594567217232744838e+01,3.756564951182761547e+01,0.000000000000000000e+00
-1.665044367462320452e+01,3.739750879502457792e+01,0.000000000000000000e+00
-1.735545142315507761e+01,3.721888568552353860e+01,0.000000000000000000e+00
-1.806060720199532454e+01,3.702973232750571242e+01,0.000000000000000000e+00
-1.876581271508182880e+01,3.682998117896173795e+01,0.000000000000000000e+00
-1.947093338792859285e+01,3.661949972767284578e+01,0.000000000000000000e+00
-2.017562963809331578e+01,3.639779935978986458e+01,0.000000000000000000e+00
-2.087958243655788237e+01,3.616449762094105580e+01,0.000000000000000000e+00
-2.158307393436448152e+01,3.592026711501707581e+01,0.000000000000000000e+00
-2.228525911707670559e+01,3.566386965368474193e+01,0.000000000000000000e+00
-2.298372295260660536e+01,3.539182971273996969e+01,0.000000000000000000e+00
-2.367663252928407047e+01,3.510205125373565238e+01,0.000000000000000000e+00
-2.436343778787874825e+01,3.479459511414457040e+01,0.000000000000000000e+00
-2.504318884393740063e+01,3.446899235574083775e+01,0.000000000000000000e+00
-2.571468061244783598e+01,3.412453374637165382e+01,0.000000000000000000e+00
-2.637850626318319414e+01,3.376294836131405930e+01,0.000000000000000000e+00
-2.703446082393506344e+01,3.338477879993566688e+01,0.000000000000000000e+00
-2.768228556029960430e+01,3.299046326770587712e+01,0.000000000000000000e+00
-2.832114079767787373e+01,3.257974563010663616e+01,0.000000000000000000e+00
-2.894853025970244786e+01,3.215059999233712063e+01,0.000000000000000000e+00
-2.956588949274170020e+01,3.170553477606374315e+01,0.000000000000000000e+00
-3.017419679960804757e+01,3.124629548027654380e+01,0.000000000000000000e+00
-3.077173741513415450e+01,3.077173741513416161e+01,0.000000000000000000e+00
-3.135575672145957782e+01,3.027990229149495960e+01,0.000000000000000000e+00
-3.192870058262977651e+01,2.977399497407461126e+01,0.000000000000000000e+00
-3.249022293107817916e+01,2.925432812728121945e+01,0.000000000000000000e+00
-3.303823288340866071e+01,2.871969768643110044e+01,0.000000000000000000e+00
-3.357370124430210723e+01,2.817168033135009608e+01,0.000000000000000000e+00
-3.409579557350944157e+01,2.761023085450896630e+01,0.000000000000000000e+00
-3.460330336245384331e+01,2.703506354673676171e+01,0.000000000000000000e+00
-3.509736634759083529e+01,2.644776255916858076e+01,0.000000000000000000e+00
-3.557768190556151211e+01,2.584869895223725678e+01,0.000000000000000000e+00
-3.604260417181083653e+01,2.523730313781069867e+01,0.000000000000000000e+00
-3.649185906902965115e+01,2.461406973747405047e+01,0.000000000000000000e+00
-3.692559699158370989e+01,2.397976306968560323e+01,0.000000000000000000e+00
-3.734369606852617096e+01,2.333493116023884895e+01,0.000000000000000000e+00
-3.774597977418522987e+01,2.268007277291872015e+01,0.000000000000000000e+00
-3.813224532805540434e+01,2.201566210495763087e+01,0.000000000000000000e+00
-3.850213727362406502e+01,2.134208319104686424e+01,0.000000000000000000e+00
-3.885492596267726384e+01,2.065953060086397741e+01,0.000000000000000000e+00
-3.918997547746790389e+01,1.996828987083247853e+01,0.000000000000000000e+00
-3.950738486528111082e+01,1.926903908781128294e+01,0.000000000000000000e+00
-3.980748865529881186e+01,1.856253681188406546e+01,0.000000000000000000e+00
-4.009032956714398210e+01,1.784936472676546160e+01,0.000000000000000000e+00
-4.035556285149820610e+01,1.712992012442487422e+01,0.000000000000000000e+00
-4.060282710648298377e+01,1.640460699406973077e+01,0.000000000000000000e+00
-4.083181892615903053e+01,1.567386677083086255e+01,0.000000000000000000e+00
-4.104230398908762112e+01,1.493817699773292063e+01,0.000000000000000000e+00
-4.123406305513167780e+01,1.419802651800906723e+01,0.000000000000000000e+00
-4.140689705187708114e+01,1.345391641204312982e+01,0.000000000000000000e+00
-4.156074689969453573e+01,1.270639547157452753e+01,0.000000000000000000e+00
-4.169567104021619741e+01,1.195604127689917107e+01,0.000000000000000000e+00
-4.181174828208830263e+01,1.120342418631895320e+01,0.000000000000000000e+00
-4.190907462096814129e+01,1.044910587625181719e+01,0.000000000000000000e+00
-4.198776282302904406e+01,9.693638852361871727e+00,0.000000000000000000e+00
-4.204794199540484101e+01,8.937565975843778432e+00,0.000000000000000000e+00
-4.208975714404788704e+01,8.181420005191530009e+00,0.000000000000000000e+00
-4.211336871948271465e+01,7.425723153768696960e+00,0.000000000000000000e+00
-4.211895215094529732e+01,6.670986663483400747e+00,0.000000000000000000e+00
-4.210269542258971853e+01,5.917147957911327971e+00,0.000000000000000000e+00
-4.206698063783413488e+01,5.165175746127457224e+00,0.000000000000000000e+00
-4.201312923792198006e+01,4.415757819669833495e+00,0.000000000000000000e+00
-4.194018451128919622e+01,3.669290690923369791e+00,0.000000000000000000e+00
-4.184828130727228057e+01,2.926316897132760442e+00,0.000000000000000000e+00
-4.173779140149877520e+01,2.187384959531362139e+00,0.000000000000000000e+00
-4.160876644767730426e+01,1.453010141955294765e+00,0.000000000000000000e+00
-4.146135526370242985e+01,7.237106481398186686e-01,0.000000000000000000e+00
-4.129552368497525805e+01,5.057243089991866399e-15,0.000000000000000000e+00
-4.127780634647986346e+01,-7.205067898721847497e-01,0.000000000000000000e+00
-3.928523196917592486e+01,-1.371870530025427914e+00,0.000000000000000000e+00
-3.746493480348891580e+01,-1.963454034034765261e+00,0.000000000000000000e+00
-3.580282835816715448e+01,-2.503577645647319549e+00,0.000000000000000000e+00
-3.427836872657650957e+01,-2.998968667737000882e+00,0.000000000000000000e+00
-3.287432085977943075e+01,-3.455230353845578417e+00,0.000000000000000000e+00
-3.157620079869882801e+01,-3.877069950050188840e+00,0.000000000000000000e+00
-3.037174738188893031e+01,-4.268470728420845184e+00,0.000000000000000000e+00
-2.925051959318621897e+01,-4.632827174968679351e+00,0.000000000000000000e+00
-2.820356036366992925e+01,-4.973048644154858700e+00,0.000000000000000000e+00
-2.722314956291075561e+01,-5.291644227740936124e+00,0.000000000000000000e+00
-2.630259488489756947e+01,-5.590789131733330919e+00,0.000000000000000000e+00
-2.543606469278811488e+01,-5.872378244976792949e+00,0.000000000000000000e+00
-2.461845465162044988e+01,-6.138070131373932981e+00,0.000000000000000000e+00
-2.384527765275515065e+01,-6.389322890351628814e+00,0.000000000000000000e+00
-2.311257302871353758e+01,-6.627423668997078465e+00,0.000000000000000000e+00
-2.241683136200213156e+01,-6.853513128448772918e+00,0.000000000000000000e+00
-2.175493151998629315e+01,-7.068605741041632307e+00,0.000000000000000000e+00
-2.112408696283890919e+01,-7.273606446837659334e+00,0.000000000000000000e+00
-2.052180195640366023e+01,-7.469325065636848393e+00,0.000000000000000000e+00
-1.994583936604994179e+01,-7.656490381220174335e+00,0.000000000000000000e+00
-1.939418327725911340e+01,-7.835758672666311320e+00,0.000000000000000000e+00
-1.886500648149525716e+01,-8.007720159025696560e+00,0.000000000000000000e+00
-1.835666128862044744e+01,-8.172912172186570956e+00,0.000000000000000000e+00
-1.786765213106155770e+01,-8.331823021963481679e+00,0.000000000000000000e+00
-1.739660770510815269e+01,-8.484892508277201983e+00,0.000000000000000000e+00
-1.694229223370349757e+01,-8.632529065843735694e+00,0.000000000000000000e+00
-1.650356062172187777e+01,-8.775098838566503190e+00,0.000000000000000000e+00
-1.607937557058997768e+01,-8.912943420486552526e+00,0.000000000000000000e+00
-1.566877586759536989e+01,-9.046371965028102480e+00,0.000000000000000000e+00
-1.527088325521711809e+01,-9.175672365827361787e+00,0.000000000000000000e+00
-1.488488257497841261e+01,-9.301106927873197705e+00,0.000000000000000000e+00
-1.451002717558557009e+01,-9.422921825327497558e+00,0.000000000000000000e+00
-1.414561717903271543e+01,-9.541339263250105063e+00,0.000000000000000000e+00
-1.379101614426040001e+01,-9.656573463782931910e+00,0.000000000000000000e+00
-1.344561664527428313e+01,-9.768812308048534732e+00,0.000000000000000000e+00
-1.310887212248583467e+01,-9.878243680178805164e+00,0.000000000000000000e+00
-1.278025558632775294e+01,-9.985029992680043875e+00,0.000000000000000000e+00
-1.245928745995328413e+01,-1.008933205005694944e+01,0.000000000000000000e+00
-1.214551582695830589e+01,-1.019129785085853079e+01,0.000000000000000000e+00
-1.183851034651772416e+01,-1.029106003972804295e+01,0.000000000000000000e+00
-1.153788127733964508e+01,-1.038875496474494575e+01,0.000000000000000000e+00
-1.124324878123381311e+01,-1.048449910569940791e+01,0.000000000000000000e+00
-1.095426116072183476e+01,-1.057840703921418779e+01,0.000000000000000000e+00
-1.067059152993229532e+01,-1.067059152993228999e+01,0.000000000000000000e+00
-1.039191971478523513e+01,-1.076114788313795145e+01,0.000000000000000000e+00
-1.011795228790978740e+01,-1.085017544307709159e+01,0.000000000000000000e+00
-9.848411219562983376e+00,-1.093776875163087681e+01,0.000000000000000000e+00
-9.583023947393286335e+00,-1.102400799472359516e+01,0.000000000000000000e+00
-9.321540053023220196e+00,-1.110897884670124114e+01,0.000000000000000000e+00
-9.063720680004960784e+00,-1.119276289536607649e+01,0.000000000000000000e+00
-8.809330680574529282e+00,-1.127542908982313463e+01,0.000000000000000000e+00
-8.558151602854440654e+00,-1.135705076721039575e+01,0.000000000000000000e+00
-8.309975826436460267e+00,-1.143770048705963838e+01,0.000000000000000000e+00
-8.064597915527095040e+00,-1.151743943823662342e+01,0.000000000000000000e+00
-7.821823041143507460e+00,-1.159632954341297228e+01,0.000000000000000000e+00
-7.581467866632908503e+00,-1.167443674211410887e+01,0.000000000000000000e+00
-7.343350724772225391e+00,-1.175181772371161060e+01,0.000000000000000000e+00
-7.107294649583702828e+00,-1.182852466032176331e+01,0.000000000000000000e+00
-6.873134003573371231e+00,-1.190461730141835339e+01,0.000000000000000000e+00
-6.640705584353242763e+00,-1.198015000287088228e+01,0.000000000000000000e+00
-6.409847358424317854e+00,-1.205516956581889154e+01,0.000000000000000000e+00
-6.180404907311634055e+00,-1.212972759936539546e+01,0.000000000000000000e+00
-5.952228681322331738e+00,-1.220387733127363283e+01,0.000000000000000000e+00
-5.725169093487681771e+00,-1.227766474207175129e+01,0.000000000000000000e+00
-5.499078852165517617e+00,-1.235113332456274549e+01,0.000000000000000000e+00
-5.273816948066351706e+00,-1.242433413402351405e+01,0.000000000000000000e+00
-5.049242719166310067e+00,-1.249731427391647287e+01,0.000000000000000000e+00
-4.825214951963049614e+00,-1.257011470615595172e+01,0.000000000000000000e+00
-4.601595712093198287e+00,-1.264278031243525469e+01,0.000000000000000000e+00
-4.378249533250333059e+00,-1.271535991964471179e+01,0.000000000000000000e+00
-4.155039507114840269e+00,-1.278789668736011542e+01,0.000000000000000000e+00
-3.931828104589526252e+00,-1.286043025132617323e+01,0.000000000000000000e+00
-3.708480482492672703e+00,-1.293300839934706303e+01,0.000000000000000000e+00
-3.484860897667837687e+00,-1.300567792740646489e+01,0.000000000000000000e+00
-3.260831268327977650e+00,-1.307847987848735194e+01,0.000000000000000000e+00
-3.036253074650792527e+00,-1.315145694107097896e+01,0.000000000000000000e+00
-2.810988133739505734e+00,-1.322465941137749468e+01,0.000000000000000000e+00
-2.584895240184808429e+00,-1.329813318875524786e+01,0.000000000000000000e+00
-2.357830215723975886e+00,-1.337191963618068691e+01,0.000000000000000000e+00
-2.129648009618876348e+00,-1.344606834645585636e+01,0.000000000000000000e+00
-1.900200819661793661e+00,-1.352063137867123288e+01,0.000000000000000000e+00
-1.669336508281469067e+00,-1.359565482830979732e+01,0.000000000000000000e+00
-1.436899502469120460e+00,-1.367118555058233476e+01,0.000000000000000000e+00
-1.202731251479225438e+00,-1.374728111057314273e+01,0.000000000000000000e+00
-9.666679049761263132e-01,-1.382399509013844607e+01,0.000000000000000000e+00
-7.285402554510738149e-01,-1.390137619677423864e+01,0.000000000000000000e+00
-4.881743475155788103e-01,-1.397948426167790714e+01,0.000000000000000000e+00
-2.453899694318125990e-01,-1.405838193332178498e+01,0.000000000000000000e+00
-2.597131381357820727e-15,-1.413812474021649734e+01,0.000000000000000000e+00
2.481896282878639504e-01,-1.421877428176448177e+01,0.000000000000000000e+00
4.993810803310559376e-01,-1.430040310105601442e+01,0.000000000000000000e+00
7.537850998811853609e-01,-1.438307652400572856e+01,0.000000000000000000e+00
1.011621463914067709e+00,-1.446686093356144731e+01,0.000000000000000000e+00
1.273120937928186924e+00,-1.455183890825980164e+01,0.000000000000000000e+00
1.538524934117650345e+00,-1.463808694510418285e+01,0.000000000000000000e+00
1.808086215056067925e+00,-1.472568050706196452e+01,0.000000000000000000e+00
2.082072527463519673e+00,-1.481471582172189194e+01,0.000000000000000000e+00
2.360765016537426764e+00,-1.490528369895505101e+01,0.000000000000000000e+00
2.644459180659849640e+00,-1.499747327399738062e+01,0.000000000000000000e+00
2.933469469434343058e+00,-1.509139213970479254e+01,0.000000000000000000e+00
3.228126136849099659e+00,-1.518713942061470057e+01,0.000000000000000000e+00
3.528780874727967642e+00,-1.528482922451953741e+01,0.000000000000000000e+00
3.835814025249730808e+00,-1.538460975706102296e+01,0.000000000000000000e+00
4.149625942739430862e+00,-1.548661485070942945e+01,0.000000000000000000e+00
4.470632556911132482e+00,-1.559094855207728259e+01,0.000000000000000000e+00
4.799264848339666045e+00,-1.569768799599068387e+01,0.000000000000000000e+00
5.136005936704121311e+00,-1.580700091822865083e+01,0.000000000000000000e+00
5.481463463978430539e+00,-1.591932581766877064e+01,0.000000000000000000e+00
5.836265905904201468e+00,-1.603500879040469584e+01,0.000000000000000000e+00
6.200746632504959166e+00,-1.615349724527562358e+01,0.000000000000000000e+00
6.575024078711795283e+00,-1.627375565811516012e+01,0.000000000000000000e+00
6.958717005421285684e+00,-1.639370992031972918e+01,0.000000000000000000e+00
7.350929339928817363e+00,-1.651045761985155025e+01,0.000000000000000000e+00
7.751216096529455868e+00,-1.662253656137249536e+01,0.000000000000000000e+00
8.159826763362708846e+00,-1.673012415954411480e+01,0.000000000000000000e+00
8.576924885681329158e+00,-1.683316288556674323e+01,0.000000000000000000e+00
9.002491049961173886e+00,-1.693122317170548286e+01,0.000000000000000000e+00
9.436550169898897167e+00,-1.702398715151230491e+01,0.000000000000000000e+00
9.879188627875091555e+00,-1.711125664103632005e+01,0.000000000000000000e+00
1.033041943009911989e+01,-1.719270510158910170e+01,0.000000000000000000e+00
1.079017421333451487e+01,-1.726788836796758986e+01,0.000000000000000000e+00
1.125825260147745155e+01,-1.733618873478953049e+01,0.000000000000000000e+00
1.173456122641112565e+01,-1.739720245690015332e+01,0.000000000000000000e+00
1.221952427065555646e+01,-1.745128923047362335e+01,0.000000000000000000e+00
1.271324038551417601e+01,-1.749827421722569198e+01,0.000000000000000000e+00
1.321526949549350327e+01,-1.753725495031283899e+01,0.000000000000000000e+00
1.372539018229753260e+01,-1.756769831241675206e+01,0.000000000000000000e+00
1.424368332291115813e+01,-1.758948403404871641e+01,0.000000000000000000e+00
1.477057228565564628e+01,-1.760288258610259504e+01,0.000000000000000000e+00
1.530558099165449271e+01,-1.760705682696174890e+01,0.000000000000000000e+00
1.584806213566386823e+01,-1.760105614365897608e+01,0.000000000000000000e+00
1.639868191012286047e+01,-1.758543336606357599e+01,0.000000000000000000e+00
1.695744632367481941e+01,-1.755994971264176385e+01,0.000000000000000000e+00
1.752365827079085037e+01,-1.752365827079085747e+01,0.000000000000000000e+00
1.809673196368066428e+01,-1.747581091801880859e+01,0.000000000000000000e+00
1.867837614727743656e+01,-1.741786754189005393e+01,0.000000000000000000e+00
1.926700115927068069e+01,-1.734808576529848523e+01,0.000000000000000000e+00
1.985654238787979153e+01,-1.726102895666965509e+01,0.000000000000000000e+00
2.044535156232909756e+01,-1.715568695524018139e+01,0.000000000000000000e+00
2.103364076826272822e+01,-1.703270645409873651e+01,0.000000000000000000e+00
2.161988865779742497e+01,-1.689130825501275979e+01,0.000000000000000000e+00
2.220046892464821298e+01,-1.672925327234988657e+01,0.000000000000000000e+00
2.277826953206219329e+01,-1.654938152941195639e+01,0.000000000000000000e+00
2.335341980921015903e+01,-1.635224059338492708e+01,0.000000000000000000e+00
2.392307151821566080e+01,-1.613631548806696614e+01,0.000000000000000000e+00
2.448677267982051831e+01,-1.590189611117679647e+01,0.000000000000000000e+00
2.504610127927386642e+01,-1.565054107423527441e+01,0.000000000000000000e+00
2.560011631630628415e+01,-1.538210173699335570e+01,0.000000000000000000e+00
2.614486999383908028e+01,-1.509474772887078231e+01,0.000000000000000000e+00
2.668400142285438292e+01,-1.479118351766674166e+01,0.000000000000000000e+00
2.721714507711810782e+01,-1.447161274040248458e+01,0.000000000000000000e+00
2.773909994452458605e+01,-1.413377736780478244e+01,0.000000000000000000e+00
2.825332195289304593e+01,-1.378006585166918718e+01,0.000000000000000000e+00
2.876059302175084653e+01,-1.341128477912165096e+01,0.000000000000000000e+00
2.925685385665633476e+01,-1.302599057886307321e+01,0.000000000000000000e+00
2.974254413800919750e+01,-1.262496095658754669e+01,0.000000000000000000e+00
3.021884255537659314e+01,-1.220920490675564096e+01,0.000000000000000000e+00
3.068530723540622773e+01,-1.177898585168449230e+01,0.000000000000000000e+00
3.114086918742609811e+01,-1.133434945340063393e+01,0.000000000000000000e+00
3.158430915704721897e+01,-1.087534978944902164e+01,0.000000000000000000e+00
3.201541644396441910e+01,-1.040243938574291960e+01,0.000000000000000000e+00
3.243423363080490418e+01,-9.916140350535364689e+00,0.000000000000000000e+00
3.284052830744727203e+01,-9.416869958042040523e+00,0.000000000000000000e+00
3.323408718136981577e+01,-8.905046821433566961e+00,0.000000000000000000e+00
3.361483955161241965e+01,-8.381120811297490647e+00,0.000000000000000000e+00
3.398239428176680832e+01,-7.845453897947196609e+00,0.000000000000000000e+00
3.433556280896520718e+01,-7.298249173678750701e+00,0.000000000000000000e+00
3.467345119728017977e+01,-6.739836162598910718e+00,0.000000000000000000e+00
3.499666734126017076e+01,-6.170856687142981301e+00,0.000000000000000000e+00
3.530608292442047258e+01,-5.591934184036014166e+00,0.000000000000000000e+00
3.560133172452722761e+01,-5.003440877081802185e+00,0.000000000000000000e+00
3.588121522973854383e+01,-4.405659256646083044e+00,0.000000000000000000e+00
3.614475782217230204e+01,-3.798967129762495176e+00,0.000000000000000000e+00
3.639192754111319772e+01,-3.183881103704264692e+00,0.000000000000000000e+00
3.662294100111199668e+01,-2.560925508203016232e+00,0.000000000000000000e+00
3.683797213389721747e+01,-1.930596312828127603e+00,0.000000000000000000e+00
3.703686807358585042e+01,-1.293355932693956767e+00,0.000000000000000000e+00
3.721936575099441313e+01,-6.496664457707201912e-01,0.000000000000000000e+00
3.738521475935732497e+01,-9.156736718096667535e-15,0.000000000000000000e+00
