4.054893487444289946e+01,0.000000000000000000e+00,0.000000000000000000e+00
4.072771637637832498e+01,7.109049337277141278e-01,0.000000000000000000e+00
4.088609468134107772e+01,1.427773887784884455e+00,0.000000000000000000e+00
4.102392062864678479e+01,2.149972577631121151e+00,0.000000000000000000e+00
4.114107682072949501e+01,2.876864341996666852e+00,0.000000000000000000e+00
4.123746420277805669e+01,3.607810630299185028e+00,0.000000000000000000e+00
4.131300207872594399e+01,4.342171490013791768e+00,0.000000000000000000e+00
4.136762811511120219e+01,5.079306053708579682e+00,0.000000000000000000e+00
4.140129833282956184e+01,5.818573025458593229e+00,0.000000000000000000e+00
4.141398708681089857e+01,6.559331166352117215e+00,0.000000000000000000e+00
4.140567047410142720e+01,7.300936858907940419e+00,0.000000000000000000e+00
4.137629648751333633e+01,8.042737302216737660e+00,0.000000000000000000e+00
4.132589331740779670e+01,8.784089791490343302e+00,0.000000000000000000e+00
4.125452676443897815e+01,9.524357969847155658e+00,0.000000000000000000e+00
4.116228053606442217e+01,1.026290919852767303e+01,0.000000000000000000e+00
4.104925610051292040e+01,1.099911502203077518e+01,0.000000000000000000e+00
4.091557252943175627e+01,1.173235162849439206e+01,0.000000000000000000e+00
4.076136632935114079e+01,1.246200030505861989e+01,0.000000000000000000e+00
4.058679126211004728e+01,1.318744788795317291e+01,0.000000000000000000e+00
4.039200685888565090e+01,1.390808331769988193e+01,0.000000000000000000e+00
4.017712140527406461e+01,1.462327629001925366e+01,0.000000000000000000e+00
3.994223634675446277e+01,1.533238801240341331e+01,0.000000000000000000e+00
3.968747258637444730e+01,1.603477976200911925e+01,0.000000000000000000e+00
3.941301224244900681e+01,1.672983112788044124e+01,0.000000000000000000e+00
3.911917535869591944e+01,1.741697901530626424e+01,0.000000000000000000e+00
3.880631748222533872e+01,1.809568302675587503e+01,0.000000000000000000e+00
3.847474692471482172e+01,1.876538791200757927e+01,0.000000000000000000e+00
3.812465434779819162e+01,1.942548164338160177e+01,0.000000000000000000e+00
3.775625025300431048e+01,2.007535436369348503e+01,0.000000000000000000e+00
3.736993081057494948e+01,2.071449090046541031e+01,0.000000000000000000e+00
3.696618556714992110e+01,2.134243718810765955e+01,0.000000000000000000e+00
3.654533302103895664e+01,2.195865142158980632e+01,0.000000000000000000e+00
3.610755917239166735e+01,2.256250709908007224e+01,0.000000000000000000e+00
3.565342184960668703e+01,2.315360287260861583e+01,0.000000000000000000e+00
3.518373953222315009e+01,2.373173196885009162e+01,0.000000000000000000e+00
3.469838703750965436e+01,2.429607216738233433e+01,0.000000000000000000e+00
3.419689048628386274e+01,2.484549526382715001e+01,0.000000000000000000e+00
3.368010349899950029e+01,2.537977839955235737e+01,0.000000000000000000e+00
3.314927202550643415e+01,2.589904976268938341e+01,0.000000000000000000e+00
3.260543501630507279e+01,2.640336067158122901e+01,0.000000000000000000e+00
3.204812089862914348e+01,2.689156642596459079e+01,0.000000000000000000e+00
3.147845054624471572e+01,2.736379958685448344e+01,0.000000000000000000e+00
3.090407626257496077e+01,2.782615525211136998e+01,0.000000000000000000e+00
3.032769988378533910e+01,2.828103766948523656e+01,0.000000000000000000e+00
2.974849679793877755e+01,2.872778942515365941e+01,0.000000000000000000e+00
2.916696728681442963e+01,2.916696728681442252e+01,0.000000000000000000e+00
2.858328219422834238e+01,2.959885517975366298e+01,0.000000000000000000e+00
2.799721949471334170e+01,3.002334215382364135e+01,0.000000000000000000e+00
2.740851873862726862e+01,3.044024392404988077e+01,0.000000000000000000e+00
2.681777717250361803e+01,3.085032361114092936e+01,0.000000000000000000e+00
2.622492775246751506e+01,3.125365186452675559e+01,0.000000000000000000e+00
2.562904412346775374e+01,3.164923371278168673e+01,0.000000000000000000e+00
2.503103776122348378e+01,3.203826732758696494e+01,0.000000000000000000e+00
2.443096167143699304e+01,3.242098117328717422e+01,0.000000000000000000e+00
2.382809877090390316e+01,3.279656434747351312e+01,0.000000000000000000e+00
2.322273942430568994e+01,3.316550901991368505e+01,0.000000000000000000e+00
2.261519643627078580e+01,3.352840753166348975e+01,0.000000000000000000e+00
2.200521921139607784e+01,3.388506608468837555e+01,0.000000000000000000e+00
2.139216415436145624e+01,3.423461894713888398e+01,0.000000000000000000e+00
2.077663226296279930e+01,3.457812278759078595e+01,0.000000000000000000e+00
2.015870163048055019e+01,3.491589543861388023e+01,0.000000000000000000e+00
1.953790538556447487e+01,3.524731435353303510e+01,0.000000000000000000e+00
1.891411036402320889e+01,3.557226793009979104e+01,0.000000000000000000e+00
1.828761600496876483e+01,3.589146729199582353e+01,0.000000000000000000e+00
1.765834740895333255e+01,3.620497752851882467e+01,0.000000000000000000e+00
1.702590306839030632e+01,3.651216695808793844e+01,0.000000000000000000e+00
1.639028335695269334e+01,3.681317915442600253e+01,0.000000000000000000e+00
1.575165362079303222e+01,3.710857044818153128e+01,0.000000000000000000e+00
1.510991845985934035e+01,3.739836053619006151e+01,0.000000000000000000e+00
1.446477171466105816e+01,3.768201861715571965e+01,0.000000000000000000e+00
1.381610720476577647e+01,3.795944256985828247e+01,0.000000000000000000e+00
1.316402732625324212e+01,3.823111135492642632e+01,0.000000000000000000e+00
1.250857200967811877e+01,3.849742614775751548e+01,0.000000000000000000e+00
1.184949002095434167e+01,3.875793546274019974e+01,0.000000000000000000e+00
1.118639619017234565e+01,3.901159964813395220e+01,0.000000000000000000e+00
1.051953765742278790e+01,3.925944900963593653e+01,0.000000000000000000e+00
9.848891806322583875e+00,3.950174747325599611e+01,0.000000000000000000e+00
9.174299983470543651e+00,3.973825904184820246e+01,0.000000000000000000e+00
8.495607094100682488e+00,3.996868893320480254e+01,0.000000000000000000e+00
7.812586159027287813e+00,4.019227149953787404e+01,0.000000000000000000e+00
7.125336191789672924e+00,4.040978960316084567e+01,0.000000000000000000e+00
6.433794701723509313e+00,4.062138104311506481e+01,0.000000000000000000e+00
5.737849058302626482e+00,4.082691746105717812e+01,0.000000000000000000e+00
5.037381311227676406e+00,4.102617848844310089e+01,0.000000000000000000e+00
4.332227939599782474e+00,4.121839551611812880e+01,0.000000000000000000e+00
3.622366612941194663e+00,4.140383984569432840e+01,0.000000000000000000e+00
2.907749715561668946e+00,4.158275824029636425e+01,0.000000000000000000e+00
2.188292217261206485e+00,4.175510291025281617e+01,0.000000000000000000e+00
1.463902657156869624e+00,4.192068727187715638e+01,0.000000000000000000e+00
7.344998407141042351e-01,4.207946769231026707e+01,0.000000000000000000e+00
2.585913799762840755e-15,4.223117721065787578e+01,0.000000000000000000e+00
-7.396566294638715622e-01,4.237489992192213606e+01,0.000000000000000000e+00
-1.484522640920146408e+00,4.251116634961237395e+01,0.000000000000000000e+00
-2.234668446221494964e+00,4.264001407410573563e+01,0.000000000000000000e+00
-2.990158462851579824e+00,4.276125823192316489e+01,0.000000000000000000e+00
-3.751053557993219378e+00,4.287473835832149405e+01,0.000000000000000000e+00
-4.517408999164986838e+00,4.298027560684062820e+01,0.000000000000000000e+00
-5.289275011158852458e+00,4.307768804370691385e+01,0.000000000000000000e+00
-6.066696916451405741e+00,4.316679155420000313e+01,0.000000000000000000e+00
-6.849712819220392213e+00,4.324738468744176600e+01,0.000000000000000000e+00
-7.638359250615389229e+00,4.331928794972381525e+01,0.000000000000000000e+00
-8.432659592977282514e+00,4.338227277436183726e+01,0.000000000000000000e+00
-9.232533496954193453e+00,4.343565507653915603e+01,0.000000000000000000e+00
-1.003808850086558735e+01,4.347973816542853598e+01,0.000000000000000000e+00
-1.084934480735180173e+01,4.351434529468271961e+01,0.000000000000000000e+00
-1.166630607939572428e+01,4.353924702495449850e+01,0.000000000000000000e+00
-1.248897361882167090e+01,4.355422698702678019e+01,0.000000000000000000e+00
-1.331734067590014803e+01,4.355905862101337789e+01,0.000000000000000000e+00
-1.415139467522314831e+01,4.355351442000383599e+01,0.000000000000000000e+00
-1.499111634861693432e+01,4.353736316815719931e+01,0.000000000000000000e+00
-1.583647996693940740e+01,4.351037111281151226e+01,0.000000000000000000e+00
-1.668745322730752889e+01,4.347230192004813176e+01,0.000000000000000000e+00
-1.754399727114580188e+01,4.342291700218434158e+01,0.000000000000000000e+00
-1.840606663231339368e+01,4.336197562124516480e+01,0.000000000000000000e+00
-1.927360937071185987e+01,4.328923541248374818e+01,0.000000000000000000e+00
-2.014656661377920344e+01,4.320445152775633346e+01,0.000000000000000000e+00
-2.102487406160731354e+01,4.310738005723436572e+01,0.000000000000000000e+00
-2.190845775480018887e+01,4.299776934898664393e+01,0.000000000000000000e+00
-2.279719672500494809e+01,4.287529121642356245e+01,0.000000000000000000e+00
-2.369072041047405364e+01,4.273919097727863203e+01,0.000000000000000000e+00
-2.458917576739030864e+01,4.258970174536148079e+01,0.000000000000000000e+00
-2.549261304217501944e+01,4.242683283759311053e+01,0.000000000000000000e+00
-2.639986336990721583e+01,4.224861291282855547e+01,0.000000000000000000e+00
-2.730239518497109685e+01,4.204200177355696155e+01,0.000000000000000000e+00
-2.819237256218010756e+01,4.179691117045776139e+01,0.000000000000000000e+00
-2.906703937450493314e+01,4.151203434459380759e+01,0.000000000000000000e+00
-2.992497540249817334e+01,4.118819511454307047e+01,0.000000000000000000e+00
-3.076467090214973510e+01,4.082609720955390742e+01,0.000000000000000000e+00
-3.158470780057938398e+01,4.042658245461505828e+01,0.000000000000000000e+00
-3.238377055400454907e+01,3.999062617502377037e+01,0.000000000000000000e+00
-3.316050953758811204e+01,3.951915637367520162e+01,0.000000000000000000e+00
-3.391405708229302007e+01,3.901365982815979550e+01,0.000000000000000000e+00
-3.464287906773712677e+01,3.847481504234313832e+01,0.000000000000000000e+00
-3.534271122547962563e+01,3.790041764564246307e+01,0.000000000000000000e+00
-3.601440350754809572e+01,3.729400656515149137e+01,0.000000000000000000e+00
-3.665904866905530923e+01,3.665904866905531634e+01,0.000000000000000000e+00
-3.727434513379061798e+01,3.599541668398626371e+01,0.000000000000000000e+00
-3.785719662836104504e+01,3.530240697482649637e+01,0.000000000000000000e+00
-3.840840663033321079e+01,3.458308466498800016e+01,0.000000000000000000e+00
-3.892626325468631165e+01,3.383808440004191453e+01,0.000000000000000000e+00
-3.940850848048579991e+01,3.306766493122235318e+01,0.000000000000000000e+00
-3.985562684033039460e+01,3.227445024827795095e+01,0.000000000000000000e+00
-4.026742479432561339e+01,3.146036020824682211e+01,0.000000000000000000e+00
-4.064214379606520566e+01,3.062605206238507805e+01,0.000000000000000000e+00
-4.097840755488446263e+01,2.977255581855974498e+01,0.000000000000000000e+00
-4.127569254504010843e+01,2.890155106486342618e+01,0.000000000000000000e+00
-4.153359574131001608e+01,2.801476406260394469e+01,0.000000000000000000e+00
-4.175153288907036142e+01,2.711376248579787074e+01,0.000000000000000000e+00
-4.192879912672176346e+01,2.620002153665100053e+01,0.000000000000000000e+00
-4.206473102559702681e+01,2.527504032326806893e+01,0.000000000000000000e+00
-4.215871081868107950e+01,2.434034303985309933e+01,0.000000000000000000e+00
-4.221016719040949994e+01,2.339747773697868638e+01,0.000000000000000000e+00
-4.221857603595530151e+01,2.244801506963474225e+01,0.000000000000000000e+00
-4.218236936169186180e+01,2.149299070975607506e+01,0.000000000000000000e+00
-4.209825847719687886e+01,2.053269258119794571e+01,0.000000000000000000e+00
-4.197263523107470462e+01,1.957216124119643652e+01,0.000000000000000000e+00
-4.180730956052708081e+01,1.861381347192047997e+01,0.000000000000000000e+00
-4.159389458356044145e+01,1.765556075879851505e+01,0.000000000000000000e+00
-4.133699911204683985e+01,1.670123173859152388e+01,0.000000000000000000e+00
-4.103062780391118736e+01,1.575018234884566581e+01,0.000000000000000000e+00
-4.068271496993820335e+01,1.480729729819355001e+01,0.000000000000000000e+00
-4.028955014139503277e+01,1.387280464070086161e+01,0.000000000000000000e+00
-3.985208666765463192e+01,1.294872789430180227e+01,0.000000000000000000e+00
-3.936912517201979966e+01,1.203634946727292565e+01,0.000000000000000000e+00
-3.884054117530435235e+01,1.113734596239353181e+01,0.000000000000000000e+00
-3.826866329406890799e+01,1.025405742506432283e+01,0.000000000000000000e+00
-3.765188228251527391e+01,9.387668612786074007e+00,0.000000000000000000e+00
-3.699257041181170536e+01,8.540407816059987667e+00,0.000000000000000000e+00
-3.628778219096310664e+01,7.713206213141776679e+00,0.000000000000000000e+00
-3.554156409050736443e+01,6.908580215150860404e+00,0.000000000000000000e+00
-3.475131527760583339e+01,6.127594498548184276e+00,0.000000000000000000e+00
-3.392037019208321880e+01,5.372458848474187754e+00,0.000000000000000000e+00
-3.304645959821761636e+01,4.644377015892369620e+00,0.000000000000000000e+00
-3.213424717075892545e+01,3.945589428807041443e+00,0.000000000000000000e+00
-3.117953746308817387e+01,3.277101440995400683e+00,0.000000000000000000e+00
-3.018743330465500563e+01,2.641058195102248263e+00,0.000000000000000000e+00
-2.915560650386793284e+01,2.038758613094968641e+00,0.000000000000000000e+00
-2.807135743324604249e+01,1.471157504536916072e+00,0.000000000000000000e+00
-2.697942528068232448e+01,9.421422912465313715e-01,0.000000000000000000e+00
-2.594851157425220123e+01,4.529329543191756846e-01,0.000000000000000000e+00
-2.499456597110681599e+01,3.060951521259331922e-15,0.000000000000000000e+00
-2.498941146259588564e+01,-4.361917995975479467e-01,0.000000000000000000e+00
-2.409546464126704279e+01,-8.414321665342423540e-01,0.000000000000000000e+00
-2.326205099812386123e+01,-1.219112434380517307e+00,0.000000000000000000e+00
-2.248289789454773313e+01,-1.572157373017174731e+00,0.000000000000000000e+00
-2.175256410573631172e+01,-1.903102761872851101e+00,0.000000000000000000e+00
-2.106614645251248064e+01,-2.214141212886057808e+00,0.000000000000000000e+00
-2.041943223195268686e+01,-2.507191020486933208e+00,0.000000000000000000e+00
-1.980870754091890618e+01,-2.783932292176300116e+00,0.000000000000000000e+00
-1.923070641427812788e+01,-3.045844672470909398e+00,0.000000000000000000e+00
-1.868254207057511351e+01,-3.294236235263386270e+00,0.000000000000000000e+00
-1.816165575274799338e+01,-3.530268259671977216e+00,0.000000000000000000e+00
-1.766576649545714517e+01,-3.754974585539841758e+00,0.000000000000000000e+00
-1.719282963041517220e+01,-3.969277477103933638e+00,0.000000000000000000e+00
-1.674102453491756037e+01,-4.174006212839679542e+00,0.000000000000000000e+00
-1.630870852181651642e+01,-4.369905278015297156e+00,0.000000000000000000e+00
-1.589439318449226235e+01,-4.557643905089398650e+00,0.000000000000000000e+00
-1.549675073837897621e+01,-4.737832163639597027e+00,0.000000000000000000e+00
-1.511455413304192774e+01,-4.911016337603806292e+00,0.000000000000000000e+00
-1.474671303620582385e+01,-5.077700503624346773e+00,0.000000000000000000e+00
-1.439220957667052225e+01,-5.238335891229048968e+00,0.000000000000000000e+00
-1.405013888567637892e+01,-5.393343005463737683e+00,0.000000000000000000e+00
-1.371964711484147870e+01,-5.543097243599600432e+00,0.000000000000000000e+00
-1.339997885078199680e+01,-5.687953559898275557e+00,0.000000000000000000e+00
-1.309041091467921092e+01,-5.828226441691130688e+00,0.000000000000000000e+00
-1.279030472854554468e+01,-5.964217045056875222e+00,0.000000000000000000e+00
-1.249905053921509257e+01,-6.096194274106896849e+00,0.000000000000000000e+00
-1.221609312143284320e+01,-6.224410338763860295e+00,0.000000000000000000e+00
-1.194092501021629360e+01,-6.349102450694442901e+00,0.000000000000000000e+00
-1.167305509091555749e+01,-6.470480095001316379e+00,0.000000000000000000e+00
-1.141205140408390761e+01,-6.588750950153692720e+00,0.000000000000000000e+00
-1.115749738055230011e+01,-6.704100782877037368e+00,0.000000000000000000e+00
-1.090899997086266460e+01,-6.816699741771822474e+00,0.000000000000000000e+00
-1.066621055860682965e+01,-6.926718127402735625e+00,0.000000000000000000e+00
-1.042878645605752297e+01,-7.034305284941743786e+00,0.000000000000000000e+00
-1.019640664598802537e+01,-7.139600796172392627e+00,0.000000000000000000e+00
-9.968784558397581819e+00,-7.242745934198982383e+00,0.000000000000000000e+00
-9.745637500078313309e+00,-7.343864609017678013e+00,0.000000000000000000e+00
-9.526696138758422805e+00,-7.443070761308992367e+00,0.000000000000000000e+00
-9.311721371472250652e+00,-7.540483288178945642e+00,0.000000000000000000e+00
-9.100479030674360814e+00,-7.636208598175425522e+00,0.000000000000000000e+00
-8.892739467306585155e+00,-7.730340481784554463e+00,0.000000000000000000e+00
-8.688297218630578911e+00,-7.822977953716645949e+00,0.000000000000000000e+00
-8.486956806796877473e+00,-7.914215257736801235e+00,0.000000000000000000e+00
-8.288523578055402297e+00,-8.004134179051870746e+00,0.000000000000000000e+00
-8.092813599689620219e+00,-8.092813599689616666e+00,0.000000000000000000e+00
-7.899660282429702640e+00,-8.180337691103321873e+00,0.000000000000000000e+00
-7.708898927987280381e+00,-8.266781999116368240e+00,0.000000000000000000e+00
-7.520366081877801534e+00,-8.352212686630464233e+00,0.000000000000000000e+00
-7.333910495680565411e+00,-8.436698935617487294e+00,0.000000000000000000e+00
-7.149390584540853411e+00,-8.520311913985777252e+00,0.000000000000000000e+00
-6.966665011288753817e+00,-8.603114812972719960e+00,0.000000000000000000e+00
-6.785593607148267203e+00,-8.685163756932277934e+00,0.000000000000000000e+00
-6.606046526019439646e+00,-8.766519833737596912e+00,0.000000000000000000e+00
-6.427899786406114480e+00,-8.847245052609892468e+00,0.000000000000000000e+00
-6.251029074701043520e+00,-8.927394713121294956e+00,0.000000000000000000e+00
-6.075310536256306904e+00,-9.007018272647794532e+00,0.000000000000000000e+00
-5.900627901144464893e+00,-9.086170169479141023e+00,0.000000000000000000e+00
-5.726869267437525224e+00,-9.164906631984294449e+00,0.000000000000000000e+00
-5.553921916423028016e+00,-9.243278292079706304e+00,0.000000000000000000e+00
-5.381672677697438623e+00,-9.321330507477197713e+00,0.000000000000000000e+00
-5.210013136088019969e+00,-9.399112503094226412e+00,0.000000000000000000e+00
-5.038838723029299693e+00,-9.476677341013122202e+00,0.000000000000000000e+00
-4.868043579107466101e+00,-9.554073469613202363e+00,0.000000000000000000e+00
-4.697520561927088778e+00,-9.631344454016835144e+00,0.000000000000000000e+00
-4.527164595870608821e+00,-9.708535806130365486e+00,0.000000000000000000e+00
-4.356874074974797395e+00,-9.785699391663310820e+00,0.000000000000000000e+00
-4.186545694919551863e+00,-9.862883580005471273e+00,0.000000000000000000e+00
-4.016074101394945473e+00,-9.940132210708284788e+00,0.000000000000000000e+00
-3.845353730482998333e+00,-1.001748895316076116e+01,0.000000000000000000e+00
-3.674281688439809734e+00,-1.009500597170396041e+01,0.000000000000000000e+00
-3.502753057104934786e+00,-1.017273353025639615e+01,0.000000000000000000e+00
-3.330660034789132862e+00,-1.025071755699806708e+01,0.000000000000000000e+00
-3.157892891938402169e+00,-1.032900223448916677e+01,0.000000000000000000e+00
-2.984343152547619837e+00,-1.040764141557229472e+01,0.000000000000000000e+00
-2.809899916443991064e+00,-1.048668925235252303e+01,0.000000000000000000e+00
-2.634448422251229882e+00,-1.056619550234881544e+01,0.000000000000000000e+00
-2.457870626349903720e+00,-1.064620732014627968e+01,0.000000000000000000e+00
-2.280047972016829849e+00,-1.072678234020563970e+01,0.000000000000000000e+00
-2.100858620831909551e+00,-1.080798065478660774e+01,0.000000000000000000e+00
-1.920175720326500635e+00,-1.088985765315902299e+01,0.000000000000000000e+00
-1.737867868957431172e+00,-1.097246588993505512e+01,0.000000000000000000e+00
-1.553801228552501801e+00,-1.105587021624589816e+01,0.000000000000000000e+00
-1.367837052787794994e+00,-1.114013881492360269e+01,0.000000000000000000e+00
-1.179830198625593907e+00,-1.122533450382173648e+01,0.000000000000000000e+00
-9.896296229677803424e-01,-1.131151835088370916e+01,0.000000000000000000e+00
-7.970794636836169289e-01,-1.139876739021829444e+01,0.000000000000000000e+00
-6.020165469174906248e-01,-1.148716002000667658e+01,0.000000000000000000e+00
-4.042696525971623545e-01,-1.157676816636841899e+01,0.000000000000000000e+00
-2.036598985264840012e-01,-1.166766777230663621e+01,0.000000000000000000e+00
-2.160268312991529571e-15,-1.175995296219608122e+01,0.000000000000000000e+00
2.069073440432589728e-01,-1.185371380136090735e+01,0.000000000000000000e+00
4.172694811498453560e-01,-1.194903454943764309e+01,0.000000000000000000e+00
6.313050836364000329e-01,-1.204601859252381324e+01,0.000000000000000000e+00
8.492456224109234952e-01,-1.214477821607222729e+01,0.000000000000000000e+00
1.071335123743148543e+00,-1.224541649816952571e+01,0.000000000000000000e+00
1.297832052373598444e+00,-1.234804714665416547e+01,0.000000000000000000e+00
1.529012202820104305e+00,-1.245280507236745926e+01,0.000000000000000000e+00
1.765167007746485828e+00,-1.255981588187087894e+01,0.000000000000000000e+00
2.006606355909409167e+00,-1.266921391897961868e+01,0.000000000000000000e+00
2.253664475121585742e+00,-1.278116636527536443e+01,0.000000000000000000e+00
2.506695697856157423e+00,-1.289583141922143739e+01,0.000000000000000000e+00
2.766077550495211756e+00,-1.301337172921223484e+01,0.000000000000000000e+00
3.032215604099497863e+00,-1.313396873478493632e+01,0.000000000000000000e+00
3.305539266496344109e+00,-1.325779386511761615e+01,0.000000000000000000e+00
3.586525190008823305e+00,-1.338509423173852753e+01,0.000000000000000000e+00
3.875701055777069914e+00,-1.351617584192640109e+01,0.000000000000000000e+00
4.173614297906143911e+00,-1.365127725484915722e+01,0.000000000000000000e+00
4.480786964896444680e+00,-1.379044427545126617e+01,0.000000000000000000e+00
4.797713960603402050e+00,-1.393357307236157183e+01,0.000000000000000000e+00
5.124517460934148616e+00,-1.407949600951753233e+01,0.000000000000000000e+00
5.460997899484382856e+00,-1.422638591026262134e+01,0.000000000000000000e+00
5.807152508490255549e+00,-1.437320682954769957e+01,0.000000000000000000e+00
6.163291510011069896e+00,-1.451980488512104195e+01,0.000000000000000000e+00
6.529691817096156647e+00,-1.466592794345939410e+01,0.000000000000000000e+00
6.906547032007631870e+00,-1.481113790696510968e+01,0.000000000000000000e+00
7.294070221300755996e+00,-1.495506019548208698e+01,0.000000000000000000e+00
7.692512515972341092e+00,-1.509740587757717911e+01,0.000000000000000000e+00
8.102081458871492003e+00,-1.523779902409144782e+01,0.000000000000000000e+00
8.522910804242473048e+00,-1.537573810477222302e+01,0.000000000000000000e+00
8.954912744404611047e+00,-1.551036385065483714e+01,0.000000000000000000e+00
9.398200490883874991e+00,-1.564123224799460488e+01,0.000000000000000000e+00
9.853723792557358863e+00,-1.576925442486288453e+01,0.000000000000000000e+00
1.032122016076934656e+01,-1.589328530938545114e+01,0.000000000000000000e+00
1.079964690833245911e+01,-1.601113498001301494e+01,0.000000000000000000e+00
1.129055841238017166e+01,-1.612458849164615415e+01,0.000000000000000000e+00
1.179411214218383286e+01,-1.623320272051137891e+01,0.000000000000000000e+00
1.230888758177848530e+01,-1.633444552530692562e+01,0.000000000000000000e+00
1.283586874646152154e+01,-1.642916279396207813e+01,0.000000000000000000e+00
1.337587159389176605e+01,-1.651782579747490587e+01,0.000000000000000000e+00
1.392834200834859537e+01,-1.659915162733029703e+01,0.000000000000000000e+00
1.449199758892810763e+01,-1.667113618382594709e+01,0.000000000000000000e+00
1.506791338246538636e+01,-1.673461317492835221e+01,0.000000000000000000e+00
1.565646818943943686e+01,-1.678950659585167315e+01,0.000000000000000000e+00
1.625746661794865844e+01,-1.683509950832411661e+01,0.000000000000000000e+00
1.687091416647044539e+01,-1.687091416647045605e+01,0.000000000000000000e+00
1.749653172120586930e+01,-1.689620428122441709e+01,0.000000000000000000e+00
1.813332293877375179e+01,-1.690959720221263396e+01,0.000000000000000000e+00
1.878180290235402694e+01,-1.691121129248447019e+01,0.000000000000000000e+00
1.944215182035696898e+01,-1.690080473204592693e+01,0.000000000000000000e+00
2.011415754255709842e+01,-1.687778217540137504e+01,0.000000000000000000e+00
2.079497682632306876e+01,-1.683944020461662205e+01,0.000000000000000000e+00
2.147741145866028134e+01,-1.677999286722197425e+01,0.000000000000000000e+00
2.215765731340679423e+01,-1.669699240930748374e+01,0.000000000000000000e+00
2.283520970400530814e+01,-1.659075098588056818e+01,0.000000000000000000e+00
2.350932654303983327e+01,-1.646140766367011921e+01,0.000000000000000000e+00
2.417936940641797960e+01,-1.630919059650815583e+01,0.000000000000000000e+00
2.484468316738394122e+01,-1.613432589948550344e+01,0.000000000000000000e+00
2.550465593800718977e+01,-1.593707782665296868e+01,0.000000000000000000e+00
2.615863439268081692e+01,-1.571769325410183882e+01,0.000000000000000000e+00
2.680613801564389220e+01,-1.547653099926628073e+01,0.000000000000000000e+00
2.744640365712226782e+01,-1.521378997696924529e+01,0.000000000000000000e+00
2.807708169503338169e+01,-1.492884915077910968e+01,0.000000000000000000e+00
2.869863797002350125e+01,-1.462268641155411331e+01,0.000000000000000000e+00
2.931121429708132808e+01,-1.429603442312414430e+01,0.000000000000000000e+00
2.991444283469075671e+01,-1.394933378325624673e+01,0.000000000000000000e+00
3.050765167919051990e+01,-1.358288164897674832e+01,0.000000000000000000e+00
3.109098641146983510e+01,-1.319734074278401259e+01,0.000000000000000000e+00
3.166324745477336222e+01,-1.279278236683672709e+01,0.000000000000000000e+00
3.222002628047371786e+01,-1.236810929696980210e+01,0.000000000000000000e+00
3.276446656463571117e+01,-1.192529057113760871e+01,0.000000000000000000e+00
3.329818627112968699e+01,-1.146548500561281791e+01,0.000000000000000000e+00
3.381860615676712456e+01,-1.098833123947707513e+01,0.000000000000000000e+00
3.432254326385844223e+01,-1.049345454145377587e+01,0.000000000000000000e+00
3.481265820144174228e+01,-9.982369105261964748e+00,0.000000000000000000e+00
3.528848481834619122e+01,-9.455521009193793347e+00,0.000000000000000000e+00
3.574834788090829107e+01,-8.913064182090119303e+00,0.000000000000000000e+00
3.619304408047424459e+01,-8.355822618186872219e+00,0.000000000000000000e+00
3.662130275984842598e+01,-7.784098198510294608e+00,0.000000000000000000e+00
3.703153555446495204e+01,-7.198201328921304487e+00,0.000000000000000000e+00
3.742485088614212430e+01,-6.599010960217997379e+00,0.000000000000000000e+00
3.780158767580845591e+01,-5.987183307411821254e+00,0.000000000000000000e+00
3.816057446490098926e+01,-5.363118988019967226e+00,0.000000000000000000e+00
3.850126854001087651e+01,-4.727361351890074559e+00,0.000000000000000000e+00
3.882371063337414796e+01,-4.080536416296699720e+00,0.000000000000000000e+00
3.912760908733995535e+01,-3.423222226016177760e+00,0.000000000000000000e+00
3.941237335780992623e+01,-2.755981620038973734e+00,0.000000000000000000e+00
3.967762102242006250e+01,-2.079416005019167457e+00,0.000000000000000000e+00
3.992334440083779867e+01,-1.394153907161308048e+00,0.000000000000000000e+00
4.014957587203894462e+01,-7.008134536868756426e-01,0.000000000000000000e+00
4.035615049377528862e+01,-9.884406105622157959e-15,0.000000000000000000e+00
