3.701924311111742583e+01,0.000000000000000000e+00,0.000000000000000000e+00
3.716353826482784939e+01,6.486919733748688355e-01,0.000000000000000000e+00
3.728966702631488062e+01,1.302183866649967658e+00,0.000000000000000000e+00
3.739750430948289051e+01,1.959920151587961401e+00,0.000000000000000000e+00
3.748694097319940255e+01,2.621342271770389587e+00,0.000000000000000000e+00
3.755788389276222716e+01,3.285889066639595235e+00,0.000000000000000000e+00
3.761025602077614138e+01,3.952997197209978886e+00,0.000000000000000000e+00
3.764399643739991319e+01,4.622101573196652602e+00,0.000000000000000000e+00
3.765906038993119864e+01,5.292635781308696608e+00,0.000000000000000000e+00
3.765540482028865910e+01,5.964030217655265531e+00,0.000000000000000000e+00
3.763296704493578915e+01,6.635707454134689876e+00,0.000000000000000000e+00
3.759177389653842027e+01,7.307100631044354699e+00,0.000000000000000000e+00
3.753188990805391256e+01,7.977649471833742290e+00,0.000000000000000000e+00
3.745339521536556759e+01,8.646797604882268118e+00,0.000000000000000000e+00
3.735638539874933883e+01,9.313992964910328354e+00,0.000000000000000000e+00
3.724097131466648847e+01,9.978688189115489493e+00,0.000000000000000000e+00
3.710727891803743717e+01,1.064034100781232439e+01,0.000000000000000000e+00
3.695544907515757416e+01,1.129841462935874929e+01,0.000000000000000000e+00
3.678563522657170637e+01,1.195237742355217847e+01,0.000000000000000000e+00
3.659796690720509815e+01,1.260169059641208023e+01,0.000000000000000000e+00
3.639255574913571678e+01,1.324580704155875566e+01,0.000000000000000000e+00
3.616952835162608437e+01,1.388418109838305980e+01,0.000000000000000000e+00
3.592902489334822036e+01,1.451626832559687763e+01,0.000000000000000000e+00
3.567117923365790233e+01,1.514151724918680486e+01,0.000000000000000000e+00
3.539613020122759224e+01,1.575937251450232957e+01,0.000000000000000000e+00
3.510406726728227511e+01,1.636929539912193832e+01,0.000000000000000000e+00
3.479545355213948454e+01,1.697087663130819024e+01,0.000000000000000000e+00
3.447087569897576032e+01,1.756378843498720599e+01,0.000000000000000000e+00
3.413066226226980859e+01,1.814759503370136073e+01,0.000000000000000000e+00
3.377468295849683955e+01,1.872161247384238436e+01,0.000000000000000000e+00
3.340288311824144074e+01,1.928516356002629806e+01,0.000000000000000000e+00
3.301557669378021842e+01,1.983775984977667406e+01,0.000000000000000000e+00
3.261317245443480317e+01,2.037897193530980289e+01,0.000000000000000000e+00
3.219610986386706486e+01,2.090839821701653989e+01,0.000000000000000000e+00
3.176483243460383221e+01,2.142565001321283802e+01,0.000000000000000000e+00
3.131976941189291352e+01,2.193033863719730547e+01,0.000000000000000000e+00
3.086171875245529961e+01,2.242235116099932668e+01,0.000000000000000000e+00
3.039184887459193973e+01,2.290190080956080365e+01,0.000000000000000000e+00
2.990900994451818562e+01,2.336747957269852805e+01,0.000000000000000000e+00
2.941194901497898684e+01,2.381732669747559683e+01,0.000000000000000000e+00
2.890444977034026763e+01,2.425371314167473002e+01,0.000000000000000000e+00
2.838676764704073818e+01,2.467624064504324011e+01,0.000000000000000000e+00
2.785667896353769990e+01,2.508226639947590542e+01,0.000000000000000000e+00
2.732118049202548349e+01,2.547741297990374321e+01,0.000000000000000000e+00
2.678355711355373359e+01,2.586458045396299710e+01,0.000000000000000000e+00
2.624235464388231520e+01,2.624235464388231165e+01,0.000000000000000000e+00
2.569870018938219758e+01,2.661178307112070485e+01,0.000000000000000000e+00
2.515288918040309696e+01,2.697317132378266180e+01,0.000000000000000000e+00
2.460445070633175391e+01,2.732601087495001124e+01,0.000000000000000000e+00
2.405329056016286771e+01,2.767014555011870058e+01,0.000000000000000000e+00
2.350023862059782331e+01,2.800649380291865143e+01,0.000000000000000000e+00
2.294521491262376500e+01,2.833498065168473445e+01,0.000000000000000000e+00
2.238724294060426345e+01,2.865436426970000028e+01,0.000000000000000000e+00
2.182734207792475800e+01,2.896586127424732027e+01,0.000000000000000000e+00
2.126583959428250736e+01,2.926991714121046684e+01,0.000000000000000000e+00
2.070228731555706503e+01,2.956593036471538127e+01,0.000000000000000000e+00
2.013641107800422603e+01,2.985345711017661330e+01,0.000000000000000000e+00
1.956888316631631497e+01,3.013343756879146085e+01,0.000000000000000000e+00
1.899979753823095763e+01,3.040603204522015446e+01,0.000000000000000000e+00
1.842869348122911077e+01,3.067049644733633684e+01,0.000000000000000000e+00
1.785571283105240425e+01,3.092700182874227011e+01,0.000000000000000000e+00
1.728129296224804889e+01,3.117627777673143541e+01,0.000000000000000000e+00
1.670537544513724626e+01,3.141824171321638204e+01,0.000000000000000000e+00
1.612755343450977463e+01,3.165210579866455731e+01,0.000000000000000000e+00
1.554809685319002455e+01,3.187832270734247686e+01,0.000000000000000000e+00
1.496732659935265985e+01,3.209753547383857608e+01,0.000000000000000000e+00
1.438514209799522803e+01,3.230955814993493647e+01,0.000000000000000000e+00
1.380122718449854524e+01,3.251365371387198167e+01,0.000000000000000000e+00
1.321579611539836208e+01,3.271024322265264317e+01,0.000000000000000000e+00
1.262909212918857804e+01,3.289990980275970855e+01,0.000000000000000000e+00
1.204106428179521870e+01,3.308255222043393928e+01,0.000000000000000000e+00
1.145150185897982098e+01,3.325757626457409089e+01,0.000000000000000000e+00
1.086045663781031223e+01,3.342504860039449710e+01,0.000000000000000000e+00
1.026812938561199218e+01,3.358553788786293381e+01,0.000000000000000000e+00
9.674578951856783959e+00,3.373926637478459156e+01,0.000000000000000000e+00
9.079662448285057863e+00,3.388576157257506338e+01,0.000000000000000000e+00
8.483234747114838825e+00,3.402439617843693753e+01,0.000000000000000000e+00
7.885528208444076981e+00,3.415597519086269074e+01,0.000000000000000000e+00
7.286663821505881877e+00,3.428105801230388749e+01,0.000000000000000000e+00
6.686508227807932414e+00,3.439910275618780133e+01,0.000000000000000000e+00
6.084903401720072047e+00,3.450920203630498406e+01,0.000000000000000000e+00
5.482030655657177398e+00,3.461217935565051818e+01,0.000000000000000000e+00
4.877947542322093710e+00,3.470840025001702855e+01,0.000000000000000000e+00
4.272628589997963466e+00,3.479776739501203764e+01,0.000000000000000000e+00
3.666025647630582807e+00,3.487990411008475888e+01,0.000000000000000000e+00
3.058095511476353501e+00,3.495419164301443971e+01,0.000000000000000000e+00
2.448935349091251990e+00,3.502140711161823106e+01,0.000000000000000000e+00
1.838567037233287405e+00,3.508194894699975208e+01,0.000000000000000000e+00
1.226955119728973864e+00,3.513539757532883101e+01,0.000000000000000000e+00
6.140900715369271845e-01,3.518119663618114856e+01,0.000000000000000000e+00
2.156566511225542445e-15,3.521940387590982624e+01,0.000000000000000000e+00
-6.152990515687014605e-01,3.525045905581364991e+01,0.000000000000000000e+00
-1.231817523868723452e+00,3.527463861183894522e+01,0.000000000000000000e+00
-1.849552637765389473e+00,3.529156669234980370e+01,0.000000000000000000e+00
-2.468454310532281148e+00,3.530054126486407284e+01,0.000000000000000000e+00
-3.088511277700353386e+00,3.530184544178327855e+01,0.000000000000000000e+00
-3.709741702412583830e+00,3.529583458778151339e+01,0.000000000000000000e+00
-4.332167300826053058e+00,3.528267128187103197e+01,0.000000000000000000e+00
-4.955758184708975556e+00,3.526205173893600175e+01,0.000000000000000000e+00
-5.580415877330649366e+00,3.523335919801299809e+01,0.000000000000000000e+00
-6.206112796823686217e+00,3.519661467512300135e+01,0.000000000000000000e+00
-6.832908635184576696e+00,3.515226755989702667e+01,0.000000000000000000e+00
-7.460825014103212638e+00,3.510042200290002512e+01,0.000000000000000000e+00
-8.089832831664422130e+00,3.504091573734634579e+01,0.000000000000000000e+00
-8.719838988266259250e+00,3.497336395764079242e+01,0.000000000000000000e+00
-9.350636095849381491e+00,3.489704899279736594e+01,0.000000000000000000e+00
-9.982397503498365410e+00,3.481275723786163923e+01,0.000000000000000000e+00
-1.061515475572956468e+01,3.472060672839243267e+01,0.000000000000000000e+00
-1.124888572049388635e+01,3.462051039352983395e+01,0.000000000000000000e+00
-1.188350536093665966e+01,3.451220553415122794e+01,0.000000000000000000e+00
-1.251868111541180006e+01,3.439479368594692943e+01,0.000000000000000000e+00
-1.315454655598935574e+01,3.426876538401337768e+01,0.000000000000000000e+00
-1.379118944701543192e+01,3.413439169328144374e+01,0.000000000000000000e+00
-1.442856681970504518e+01,3.399157327764824998e+01,0.000000000000000000e+00
-1.506667569646062610e+01,3.384030767473949197e+01,0.000000000000000000e+00
-1.570536067108317724e+01,3.368025464823653436e+01,0.000000000000000000e+00
-1.634407766747737867e+01,3.351032522869923724e+01,0.000000000000000000e+00
-1.698323705446832221e+01,3.333147946058387845e+01,0.000000000000000000e+00
-1.762290297409990103e+01,3.314386001962029127e+01,0.000000000000000000e+00
-1.826292575383888206e+01,3.294719021090172362e+01,0.000000000000000000e+00
-1.890331337332670714e+01,3.274149919399810216e+01,0.000000000000000000e+00
-1.954365201080506509e+01,3.252609905178132266e+01,0.000000000000000000e+00
-2.018214391013223263e+01,3.229818176946018582e+01,0.000000000000000000e+00
-2.081673689780087599e+01,3.205496380986984661e+01,0.000000000000000000e+00
-2.144655731905284313e+01,3.179582879019899622e+01,0.000000000000000000e+00
-2.207159948815386485e+01,3.152151081461723692e+01,0.000000000000000000e+00
-2.269105777060983442e+01,3.123156167183431364e+01,0.000000000000000000e+00
-2.330305214008243553e+01,3.092419467044680559e+01,0.000000000000000000e+00
-2.390847086534003907e+01,3.060144722262400663e+01,0.000000000000000000e+00
-2.450756481060985337e+01,3.026432209822061026e+01,0.000000000000000000e+00
-2.509952701178900369e+01,2.991245148871496440e+01,0.000000000000000000e+00
-2.568323903795391772e+01,2.954518678436748758e+01,0.000000000000000000e+00
-2.625800161495622476e+01,2.916246520797553998e+01,0.000000000000000000e+00
-2.682483452240017030e+01,2.876611319341184725e+01,0.000000000000000000e+00
-2.738313452283630767e+01,2.835606588500208147e+01,0.000000000000000000e+00
-2.793094202586410546e+01,2.793094202586410901e+01,0.000000000000000000e+00
-2.846923963639627786e+01,2.749242514416049943e+01,0.000000000000000000e+00
-2.899776510523723161e+01,2.704085342490997590e+01,0.000000000000000000e+00
-2.951560980926395317e+01,2.657597444217826776e+01,0.000000000000000000e+00
-3.002269625819388921e+01,2.609833169073279890e+01,0.000000000000000000e+00
-3.051837073044801230e+01,2.560795362405043463e+01,0.000000000000000000e+00
-3.100222725745743801e+01,2.510510862657208619e+01,0.000000000000000000e+00
-3.147506622386844199e+01,2.459101683405548044e+01,0.000000000000000000e+00
-3.193610357050389581e+01,2.406558019005550619e+01,0.000000000000000000e+00
-3.238362300117204029e+01,2.352807932124409618e+01,0.000000000000000000e+00
-3.281791447060157907e+01,2.297935110063675879e+01,0.000000000000000000e+00
-3.323948954718069615e+01,2.242031879506819791e+01,0.000000000000000000e+00
-3.364793137007843882e+01,2.185122212711764433e+01,0.000000000000000000e+00
-3.404279990837813585e+01,2.127230231592715981e+01,0.000000000000000000e+00
-3.442381882759838874e+01,2.068391709004336576e+01,0.000000000000000000e+00
-3.479080208437774502e+01,2.008647894873847761e+01,0.000000000000000000e+00
-3.514366719615144774e+01,1.948045282807050782e+01,0.000000000000000000e+00
-3.548214618134421272e+01,1.886619178021205556e+01,0.000000000000000000e+00
-3.580558635426384484e+01,1.824385748156787557e+01,0.000000000000000000e+00
-3.611341695798164153e+01,1.761369033487465785e+01,0.000000000000000000e+00
-3.640570320731753640e+01,1.697625820609016500e+01,0.000000000000000000e+00
-3.668272179926554344e+01,1.633220000022578944e+01,0.000000000000000000e+00
-3.694454321171494371e+01,1.568202818974051915e+01,0.000000000000000000e+00
-3.719086787504482317e+01,1.502608598308834864e+01,0.000000000000000000e+00
-3.742136624119113719e+01,1.436471664188171715e+01,0.000000000000000000e+00
-3.763575118082660254e+01,1.369829317406996871e+01,0.000000000000000000e+00
-3.783382065643769465e+01,1.302722916826044042e+01,0.000000000000000000e+00
-3.801539264261079865e+01,1.235194982961176713e+01,0.000000000000000000e+00
-3.818029606542932441e+01,1.167288793437712791e+01,0.000000000000000000e+00
-3.832843146399270040e+01,1.099050086567263840e+01,0.000000000000000000e+00
-3.845984158559100052e+01,1.030528349388803022e+01,0.000000000000000000e+00
-3.857460063000990402e+01,9.617728135553669233e+00,0.000000000000000000e+00
-3.867279747706417936e+01,8.928318799295039909e+00,0.000000000000000000e+00
-3.875453528830720273e+01,8.237530770002116753e+00,0.000000000000000000e+00
-3.881993109765052452e+01,7.545830207466245554e+00,0.000000000000000000e+00
-3.886911539134581517e+01,6.853673759764927986e+00,0.000000000000000000e+00
-3.890223167778778190e+01,6.161508191661869027e+00,0.000000000000000000e+00
-3.891943604760309228e+01,5.469770028276492724e+00,0.000000000000000000e+00
-3.891742441025115795e+01,4.778458867684671318e+00,0.000000000000000000e+00
-3.889838769631484183e+01,4.088385291888980255e+00,0.000000000000000000e+00
-3.886297025315420228e+01,3.400069328096219312e+00,0.000000000000000000e+00
-3.881074535581765872e+01,2.713911691883740041e+00,0.000000000000000000e+00
-3.874184985249826951e+01,2.030374316086450914e+00,0.000000000000000000e+00
-3.865634493438858499e+01,1.349909310847263066e+00,0.000000000000000000e+00
-3.855445363849745632e+01,6.729704915319247860e-01,0.000000000000000000e+00
-3.843610507857670200e+01,4.707065305617027517e-15,0.000000000000000000e+00
-3.841671180497485949e+01,-6.705661988844466848e-01,0.000000000000000000e+00
-3.653920891125861203e+01,-1.275977291800873825e+00,0.000000000000000000e+00
-3.482390786355130530e+01,-1.825043677085950389e+00,0.000000000000000000e+00
-3.325955360309757936e+01,-2.325734550128892408e+00,0.000000000000000000e+00
-3.182635201022993598e+01,-2.784445002280615089e+00,0.000000000000000000e+00
-3.050770987851393912e+01,-3.206489516488318259e+00,0.000000000000000000e+00
-2.928970599923415463e+01,-3.596323690091143721e+00,0.000000000000000000e+00
-2.816057995861082475e+01,-3.957711413086604235e+00,0.000000000000000000e+00
-2.711032927688948391e+01,-4.293854329534028125e+00,0.000000000000000000e+00
-2.613039227138301257e+01,-4.607493173940778064e+00,0.000000000000000000e+00
-2.521339429055227654e+01,-4.900987376608735957e+00,0.000000000000000000e+00
-2.435295276288331578e+01,-5.176379905790936320e+00,0.000000000000000000e+00
-2.354351417732153706e+01,-5.435448530857272864e+00,0.000000000000000000e+00
-2.278022274646873413e+01,-5.679747441699841026e+00,0.000000000000000000e+00
-2.205881426900444353e+01,-5.910641469367857503e+00,0.000000000000000000e+00
-2.137552834449246930e+01,-6.129334120939821773e+00,0.000000000000000000e+00
-2.072703524162483291e+01,-6.336890609039620870e+00,0.000000000000000000e+00
-2.011037668906289966e+01,-6.534257484939645089e+00,0.000000000000000000e+00
-1.952291682462480793e+01,-6.722279354675713137e+00,0.000000000000000000e+00
-1.896229757446658581e+01,-6.901711890404042649e+00,0.000000000000000000e+00
-1.842639875611280331e+01,-7.073231777693030686e+00,0.000000000000000000e+00
-1.791331343754178818e+01,-7.237448420372206037e+00,0.000000000000000000e+00
-1.742132702896775953e+01,-7.394914588748505047e+00,0.000000000000000000e+00
-1.694887745694370906e+01,-7.546126427610525766e+00,0.000000000000000000e+00
-1.649455323409093310e+01,-7.691536490901897061e+00,0.000000000000000000e+00
-1.605707323433480482e+01,-7.831557893373714663e+00,0.000000000000000000e+00
-1.563525805964432358e+01,-7.966561890801655110e+00,0.000000000000000000e+00
-1.522804674867416885e+01,-8.096896082051973309e+00,0.000000000000000000e+00
-1.483444801727379314e+01,-8.222868809280441837e+00,0.000000000000000000e+00
-1.445357272615634336e+01,-8.344774104198199538e+00,0.000000000000000000e+00
-1.408458193794733049e+01,-8.462870621979426744e+00,0.000000000000000000e+00
-1.372672396142183437e+01,-8.577409105611895512e+00,0.000000000000000000e+00
-1.337928356938602725e+01,-8.688608341501979027e+00,0.000000000000000000e+00
-1.304161881495907949e+01,-8.796682964102330970e+00,0.000000000000000000e+00
-1.271311892467297788e+01,-8.901821705212531910e+00,0.000000000000000000e+00
-1.239322621191260509e+01,-9.004205902145285378e+00,0.000000000000000000e+00
-1.208142156486103680e+01,-9.104004151200266293e+00,0.000000000000000000e+00
-1.177721205398886717e+01,-9.201366498103146441e+00,0.000000000000000000e+00
-1.148015381327959261e+01,-9.296445256616593156e+00,0.000000000000000000e+00
-1.118981549621739191e+01,-9.389370055817824579e+00,0.000000000000000000e+00
-1.090580272124801198e+01,-9.480269670821014572e+00,0.000000000000000000e+00
-1.062774763043617554e+01,-9.569266948221518021e+00,0.000000000000000000e+00
-1.035529252588231763e+01,-9.656466501753829590e+00,0.000000000000000000e+00
-1.008811462167358997e+01,-9.741979049117299283e+00,0.000000000000000000e+00
-9.825904736389295735e+00,-9.825904736389290406e+00,0.000000000000000000e+00
-9.568363654312657118e+00,-9.908330617412659080e+00,0.000000000000000000e+00
-9.315220763313268648e+00,-9.989351273549377908e+00,0.000000000000000000e+00
-9.066214326096877940e+00,-1.006905109268690346e+01,0.000000000000000000e+00
-8.821089955062051402e+00,-1.014750320155796892e+01,0.000000000000000000e+00
-8.579616188285518419e+00,-1.022478841546870321e+01,0.000000000000000000e+00
-8.341569506885015528e+00,-1.030098046509180243e+01,0.000000000000000000e+00
-8.106730432883194837e+00,-1.037614178201382309e+01,0.000000000000000000e+00
-7.874896503759853950e+00,-1.045034062611118664e+01,0.000000000000000000e+00
-7.645874570659051628e+00,-1.052364352524541147e+01,0.000000000000000000e+00
-7.419473459265636173e+00,-1.059610623192623180e+01,0.000000000000000000e+00
-7.195511686911281402e+00,-1.066778477549191706e+01,0.000000000000000000e+00
-6.973819374479445443e+00,-1.073874011873223111e+01,0.000000000000000000e+00
-6.754228381166969442e+00,-1.080902489541053590e+01,0.000000000000000000e+00
-6.536573762299461521e+00,-1.087868559746571684e+01,0.000000000000000000e+00
-6.320701522222958779e+00,-1.094777617596809449e+01,0.000000000000000000e+00
-6.106461329507586910e+00,-1.101634785414992201e+01,0.000000000000000000e+00
-5.893703477711147443e+00,-1.108444410943507208e+01,0.000000000000000000e+00
-5.682283255218867346e+00,-1.115210881194854942e+01,0.000000000000000000e+00
-5.472062983668739555e+00,-1.121939175677987244e+01,0.000000000000000000e+00
-5.262905419001906004e+00,-1.128633709303682942e+01,0.000000000000000000e+00
-5.054673748105453335e+00,-1.135298311833310869e+01,0.000000000000000000e+00
-4.847236427303173834e+00,-1.141937340496925657e+01,0.000000000000000000e+00
-4.640464854945582474e+00,-1.148555355621616059e+01,0.000000000000000000e+00
-4.434229697354950872e+00,-1.155156329491987144e+01,0.000000000000000000e+00
-4.228401944642881105e+00,-1.161743886328430797e+01,0.000000000000000000e+00
-4.022856697237569890e+00,-1.168322417944838776e+01,0.000000000000000000e+00
-3.817469181362679542e+00,-1.174896205315380548e+01,0.000000000000000000e+00
-3.612113145970696326e+00,-1.181468974175922426e+01,0.000000000000000000e+00
-3.406662512569710088e+00,-1.188044405162698247e+01,0.000000000000000000e+00
-3.200993331886056392e+00,-1.194626974928795349e+01,0.000000000000000000e+00
-2.994979942131956729e+00,-1.201220844822513634e+01,0.000000000000000000e+00
-2.788494487133569955e+00,-1.207829659659341104e+01,0.000000000000000000e+00
-2.581408900418614039e+00,-1.214457403778505373e+01,0.000000000000000000e+00
-2.373594883572558878e+00,-1.221108709056974462e+01,0.000000000000000000e+00
-2.164921078085153994e+00,-1.227787755105150858e+01,0.000000000000000000e+00
-1.955253209715638985e+00,-1.234498291441533979e+01,0.000000000000000000e+00
-1.744455894378806216e+00,-1.241244865289766786e+01,0.000000000000000000e+00
-1.532391021817326671e+00,-1.248032334479831640e+01,0.000000000000000000e+00
-1.318916263047738457e+00,-1.254865001123750190e+01,0.000000000000000000e+00
-1.103885623041684916e+00,-1.261747040763273908e+01,0.000000000000000000e+00
-8.871501210536497650e-01,-1.268683780078977996e+01,0.000000000000000000e+00
-6.685557400279530382e-01,-1.275680345883854194e+01,0.000000000000000000e+00
-4.479431234854749366e-01,-1.282741274047015523e+01,0.000000000000000000e+00
-2.251479602657794621e-01,-1.289871800487026476e+01,0.000000000000000000e+00
-2.382693610951957316e-15,-1.297077988859526165e+01,0.000000000000000000e+00
2.276778037874693517e-01,-1.304365264315997841e+01,0.000000000000000000e+00
4.580693229587595172e-01,-1.311738915338058931e+01,0.000000000000000000e+00
6.913664461714126297e-01,-1.319205766070558461e+01,0.000000000000000000e+00
9.277696144383050791e-01,-1.326772361920052035e+01,0.000000000000000000e+00
1.167487767699609158e+00,-1.334444624764066134e+01,0.000000000000000000e+00
1.410740573057206682e+00,-1.342229996242514822e+01,0.000000000000000000e+00
1.657758969038843455e+00,-1.350136333793432719e+01,0.000000000000000000e+00
1.908784317343539261e+00,-1.358170613818803041e+01,0.000000000000000000e+00
2.164071777683095110e+00,-1.366341146421217445e+01,0.000000000000000000e+00
2.423891504899756466e+00,-1.374657182446382997e+01,0.000000000000000000e+00
2.688526460512262961e+00,-1.383126959947085055e+01,0.000000000000000000e+00
2.958277949084497038e+00,-1.391760351146914942e+01,0.000000000000000000e+00
3.233466917997193324e+00,-1.400568394560079355e+01,0.000000000000000000e+00
3.514430369818148492e+00,-1.409561031950597609e+01,0.000000000000000000e+00
3.801529243820981563e+00,-1.418750028439877475e+01,0.000000000000000000e+00
4.095146741460243156e+00,-1.428147389581646998e+01,0.000000000000000000e+00
4.395689240149520671e+00,-1.437765166118562021e+01,0.000000000000000000e+00
4.703604017557179162e+00,-1.447620465022712111e+01,0.000000000000000000e+00
5.019365944956757808e+00,-1.457729717637901778e+01,0.000000000000000000e+00
5.343466595976113176e+00,-1.468105381405445087e+01,0.000000000000000000e+00
5.676411987475537657e+00,-1.478755879526936923e+01,0.000000000000000000e+00
6.018782616314632072e+00,-1.489700972721088768e+01,0.000000000000000000e+00
6.371349385912998819e+00,-1.500995852429286614e+01,0.000000000000000000e+00
6.734854097553304442e+00,-1.512672996998419706e+01,0.000000000000000000e+00
7.109447715360250442e+00,-1.524625982659091861e+01,0.000000000000000000e+00
7.494901937229529132e+00,-1.536682623416181137e+01,0.000000000000000000e+00
7.890141225754074839e+00,-1.548527405958424019e+01,0.000000000000000000e+00
8.293765325373936292e+00,-1.559830394480250604e+01,0.000000000000000000e+00
8.705578220898042119e+00,-1.570527884775093241e+01,0.000000000000000000e+00
9.125869920983243233e+00,-1.580647036640755054e+01,0.000000000000000000e+00
9.554641273232171272e+00,-1.590159343225973743e+01,0.000000000000000000e+00
9.991837689260172795e+00,-1.599028286269680699e+01,0.000000000000000000e+00
1.043752728996236989e+01,-1.607238258267164355e+01,0.000000000000000000e+00
1.089187399927648237e+01,-1.614786726528609861e+01,0.000000000000000000e+00
1.135507803127915594e+01,-1.621673205677249996e+01,0.000000000000000000e+00
1.182648888250146868e+01,-1.627776548052836247e+01,0.000000000000000000e+00
1.230536931786873822e+01,-1.632977663140440328e+01,0.000000000000000000e+00
1.279287574876609312e+01,-1.637413426631891866e+01,0.000000000000000000e+00
1.328912599165803599e+01,-1.641070389993454981e+01,0.000000000000000000e+00
1.379269871323190166e+01,-1.643749824306365781e+01,0.000000000000000000e+00
1.430444120368303551e+01,-1.645537724366744570e+01,0.000000000000000000e+00
1.482457792152568743e+01,-1.646436176670698970e+01,0.000000000000000000e+00
1.535151736806567691e+01,-1.646248687691412727e+01,0.000000000000000000e+00
1.588672212743822243e+01,-1.645118234972972004e+01,0.000000000000000000e+00
1.643009866064678448e+01,-1.643009866064679514e+01,0.000000000000000000e+00
1.697914055299023062e+01,-1.639656543789425314e+01,0.000000000000000000e+00
1.753566673266073295e+01,-1.635227377368844159e+01,0.000000000000000000e+00
1.810021570421508841e+01,-1.629750742273853348e+01,0.000000000000000000e+00
1.867142168770228849e+01,-1.623081924929386943e+01,0.000000000000000000e+00
1.924827206625770870e+01,-1.615121799159679483e+01,0.000000000000000000e+00
1.983171980036590298e+01,-1.605941004513359616e+01,0.000000000000000000e+00
2.042255205074140179e+01,-1.595584637382956394e+01,0.000000000000000000e+00
2.101948718559889073e+01,-1.583931969979182597e+01,0.000000000000000000e+00
2.161869233685536429e+01,-1.570689938258902352e+01,0.000000000000000000e+00
2.221634417395707928e+01,-1.555605166206612822e+01,0.000000000000000000e+00
2.281104116843108187e+01,-1.538624154615000172e+01,0.000000000000000000e+00
2.340135512743587043e+01,-1.519701771086834796e+01,0.000000000000000000e+00
2.398484213970016654e+01,-1.498739276348200633e+01,0.000000000000000000e+00
2.456139915968434551e+01,-1.475797750327094882e+01,0.000000000000000000e+00
2.513254678450003610e+01,-1.451028265145197693e+01,0.000000000000000000e+00
2.569740874238840433e+01,-1.424430626478740258e+01,0.000000000000000000e+00
2.625317334867246188e+01,-1.395905988053291757e+01,0.000000000000000000e+00
2.680008199947855374e+01,-1.365532382727186800e+01,0.000000000000000000e+00
2.733980151448355755e+01,-1.333451216353590674e+01,0.000000000000000000e+00
2.787105457623199456e+01,-1.299648618975291825e+01,0.000000000000000000e+00
2.838958374522040629e+01,-1.263985704734106541e+01,0.000000000000000000e+00
2.889928495929861896e+01,-1.226701867168731042e+01,0.000000000000000000e+00
2.940014861063882634e+01,-1.187843108214914345e+01,0.000000000000000000e+00
2.988690944924430681e+01,-1.147250965592503569e+01,0.000000000000000000e+00
3.036188072507339797e+01,-1.105082084026745193e+01,0.000000000000000000e+00
3.082672579619930886e+01,-1.061449291894029479e+01,0.000000000000000000e+00
3.127938359275744062e+01,-1.016328781531131042e+01,0.000000000000000000e+00
3.171838681276069494e+01,-9.697284015034696836e+00,0.000000000000000000e+00
3.214307158701574707e+01,-9.216877461691829865e+00,0.000000000000000000e+00
3.255401151867204845e+01,-8.722821096821640197e+00,0.000000000000000000e+00
3.295144954295957973e+01,-8.215719105333956662e+00,0.000000000000000000e+00
3.333458391170302804e+01,-7.695895089618188578e+00,0.000000000000000000e+00
3.370291826416834624e+01,-7.163776424477432236e+00,0.000000000000000000e+00
3.405652100355960954e+01,-6.619917080827114830e+00,0.000000000000000000e+00
3.439505199445139283e+01,-6.064775669492314059e+00,0.000000000000000000e+00
3.471745947414156319e+01,-5.498705388301691421e+00,0.000000000000000000e+00
3.502296488049680789e+01,-4.922156718057578928e+00,0.000000000000000000e+00
3.531178849716480528e+01,-4.335742445320640570e+00,0.000000000000000000e+00
3.558432623386498506e+01,-3.740063396254726058e+00,0.000000000000000000e+00
3.584050917161552263e+01,-3.135638247513269139e+00,0.000000000000000000e+00
3.607988395932773784e+01,-2.522951260567568799e+00,0.000000000000000000e+00
3.630200890452081097e+01,-1.902507670199142575e+00,0.000000000000000000e+00
3.650659918553457572e+01,-1.274838535085672575e+00,0.000000000000000000e+00
3.669349052352228568e+01,-6.404872595310523442e-01,0.000000000000000000e+00
3.686253681528211956e+01,-9.028717543857343024e-15,0.000000000000000000e+00
