2.956788824508154789e+01,0.000000000000000000e+00,0.000000000000000000e+00
2.967580285764352510e+01,5.179930656771527531e-01,0.000000000000000000e+00
2.977333979900978989e+01,1.039707936120699561e+00,0.000000000000000000e+00
2.986041949654387651e+01,1.564918274273891852e+00,0.000000000000000000e+00
2.993696747376298717e+01,2.093396694696812332e+00,0.000000000000000000e+00
3.000291434724287853e+01,2.624914878123049800e+00,0.000000000000000000e+00
3.005819582099230303e+01,3.159243685231347243e+00,0.000000000000000000e+00
3.010275267833085167e+01,3.696153269577589384e+00,0.000000000000000000e+00
3.013653077130593161e+01,4.235413189633639774e+00,0.000000000000000000e+00
3.015948100768499884e+01,4.776792519880670440e+00,0.000000000000000000e+00
3.017155933556104586e+01,5.320059960905778595e+00,0.000000000000000000e+00
3.017272672560952529e+01,5.864983948451879314e+00,0.000000000000000000e+00
3.016294434493360654e+01,6.411331739803324936e+00,0.000000000000000000e+00
3.014215911462102682e+01,6.958865751411461353e+00,0.000000000000000000e+00
3.011031795686057322e+01,7.507345441157208477e+00,0.000000000000000000e+00
3.006737315510273589e+01,8.056528355434995348e+00,0.000000000000000000e+00
3.001328256567922637e+01,8.606170287183793732e+00,0.000000000000000000e+00
2.994800967500259148e+01,9.156025406269097999e+00,0.000000000000000000e+00
2.987152365371654383e+01,9.705846391579655119e+00,0.000000000000000000e+00
2.978379940774856394e+01,1.025538456476820670e+01,0.000000000000000000e+00
2.968481762621881970e+01,1.080439002556435568e+01,0.000000000000000000e+00
2.957456482616040105e+01,1.135261178858641173e+01,0.000000000000000000e+00
2.945303339407682230e+01,1.189979792160569794e+01,0.000000000000000000e+00
2.932023500345525591e+01,1.244570136431408969e+01,0.000000000000000000e+00
2.917623725653150757e+01,1.299009775597545513e+01,0.000000000000000000e+00
2.902112354469365485e+01,1.353277215715299064e+01,0.000000000000000000e+00
2.885498063430586768e+01,1.407351439778780389e+01,0.000000000000000000e+00
2.867789692693173009e+01,1.461211832224978835e+01,0.000000000000000000e+00
2.848989940350451633e+01,1.514834821993009051e+01,0.000000000000000000e+00
2.829093431087916954e+01,1.568192096257603119e+01,0.000000000000000000e+00
2.808095053939905128e+01,1.621254435302260433e+01,0.000000000000000000e+00
2.785992495500542887e+01,1.673993175452593718e+01,0.000000000000000000e+00
2.762797614398089507e+01,1.726387554765570442e+01,0.000000000000000000e+00
2.738528292114348517e+01,1.778421067085267993e+01,0.000000000000000000e+00
2.713200009887508912e+01,1.830076514566081158e+01,0.000000000000000000e+00
2.686809804283056025e+01,1.881324478694750724e+01,0.000000000000000000e+00
2.659347188508671067e+01,1.932128829183038832e+01,0.000000000000000000e+00
2.630812047374420359e+01,1.982459073358218404e+01,0.000000000000000000e+00
2.601230764056712630e+01,2.032304207184595057e+01,0.000000000000000000e+00
2.570640162473938162e+01,2.081663358661213792e+01,0.000000000000000000e+00
2.539143960195994865e+01,2.130594760506476959e+01,0.000000000000000000e+00
2.506879838113684045e+01,2.179197396571114709e+01,0.000000000000000000e+00
2.473912777337476498e+01,2.227521069954765665e+01,0.000000000000000000e+00
2.440226867860754467e+01,2.275548367878607436e+01,0.000000000000000000e+00
2.405809302784975046e+01,2.323263038025883276e+01,0.000000000000000000e+00
2.370659450195896056e+01,2.370659450195895701e+01,0.000000000000000000e+00
2.334776550104489345e+01,2.417731893560564060e+01,0.000000000000000000e+00
2.298157569792671850e+01,2.464472268552026790e+01,0.000000000000000000e+00
2.260799969990940994e+01,2.510872740197401853e+01,0.000000000000000000e+00
2.222702492657662177e+01,2.556926726204762446e+01,0.000000000000000000e+00
2.183865342026467715e+01,2.602629367102025526e+01,0.000000000000000000e+00
2.144290093842842992e+01,2.647977739672804276e+01,0.000000000000000000e+00
2.103973922441817379e+01,2.692963816381853448e+01,0.000000000000000000e+00
2.062908257743622187e+01,2.737571720916655238e+01,0.000000000000000000e+00
2.021068450817871920e+01,2.781762075740401130e+01,0.000000000000000000e+00
1.978445338140625864e+01,2.825512766113763163e+01,0.000000000000000000e+00
1.935086511331437364e+01,2.868883732395475405e+01,0.000000000000000000e+00
1.890989386154327079e+01,2.911868302684292331e+01,0.000000000000000000e+00
1.846100995435653047e+01,2.954379167092730540e+01,0.000000000000000000e+00
1.800439161073263605e+01,2.996433954994610716e+01,0.000000000000000000e+00
1.754022008083779482e+01,3.038055235595092896e+01,0.000000000000000000e+00
1.706827182275203825e+01,3.079197746819830073e+01,0.000000000000000000e+00
1.658862874732488635e+01,3.119867310889888756e+01,0.000000000000000000e+00
1.610127798354740492e+01,3.160053732256892900e+01,0.000000000000000000e+00
1.560589820175732712e+01,3.199683303435847748e+01,0.000000000000000000e+00
1.510301814467653081e+01,3.238852693184025355e+01,0.000000000000000000e+00
1.459254400974955601e+01,3.277539047071319089e+01,0.000000000000000000e+00
1.407363615508130650e+01,3.315540903169098641e+01,0.000000000000000000e+00
1.354698694366683220e+01,3.352996928767198881e+01,0.000000000000000000e+00
1.301294031363570092e+01,3.389986851056548289e+01,0.000000000000000000e+00
1.247108292423337694e+01,3.426401873047731073e+01,0.000000000000000000e+00
1.192088766056325611e+01,3.462077161535928838e+01,0.000000000000000000e+00
1.136295158530063709e+01,3.497156902779921239e+01,0.000000000000000000e+00
1.079736577856660951e+01,3.531659212955564442e+01,0.000000000000000000e+00
1.022405943101413150e+01,3.565553253440654657e+01,0.000000000000000000e+00
9.642952501161321521e+00,3.598798866930744111e+01,0.000000000000000000e+00
9.053700475886897081e+00,3.631240924663154601e+01,0.000000000000000000e+00
8.456704181223512862e+00,3.663001013692760210e+01,0.000000000000000000e+00
7.852020817044746970e+00,3.694085355612030952e+01,0.000000000000000000e+00
7.239609286963707646e+00,3.724456103130507501e+01,0.000000000000000000e+00
6.619488888195435017e+00,3.754098698678420476e+01,0.000000000000000000e+00
5.991671686182026946e+00,3.782992618406733243e+01,0.000000000000000000e+00
5.356170344446435472e+00,3.811113229680629644e+01,0.000000000000000000e+00
4.712966951854491882e+00,3.838403555949843593e+01,0.000000000000000000e+00
4.062106505961743608e+00,3.864836174958872306e+01,0.000000000000000000e+00
3.403696335937793638e+00,3.890442714248614919e+01,0.000000000000000000e+00
2.737780042317917051e+00,3.915207866947510240e+01,0.000000000000000000e+00
2.064399575123206709e+00,3.939109047101384675e+01,0.000000000000000000e+00
1.383605318046672528e+00,3.962127233117338676e+01,0.000000000000000000e+00
6.954520801376375960e-01,3.984242298711739494e+01,0.000000000000000000e+00
2.452621392969781016e-15,4.005434701135692421e+01,0.000000000000000000e+00
-7.026859254827464429e-01,4.025684970938130647e+01,0.000000000000000000e+00
-1.412536007877184474e+00,4.044973889280980472e+01,0.000000000000000000e+00
-2.129476101013938916e+00,4.063282455669765625e+01,0.000000000000000000e+00
-2.853427840823993478e+00,4.080591923923402220e+01,0.000000000000000000e+00
-3.584308857506955270e+00,4.096883771055522061e+01,0.000000000000000000e+00
-4.322033135115046498e+00,4.112139843071085465e+01,0.000000000000000000e+00
-5.066510760084815601e+00,4.126341881119164867e+01,0.000000000000000000e+00
-5.817650054182141872e+00,4.139473105095449768e+01,0.000000000000000000e+00
-6.575351486143873103e+00,4.151513540516162237e+01,0.000000000000000000e+00
-7.339523100662455057e+00,4.162450392545118660e+01,0.000000000000000000e+00
-8.109854965926492909e+00,4.172158693389389583e+01,0.000000000000000000e+00
-8.886369634283195040e+00,4.180708214540381107e+01,0.000000000000000000e+00
-9.668963253256356083e+00,4.188088106081998774e+01,0.000000000000000000e+00
-1.045752437668678958e+01,4.194283938200167938e+01,0.000000000000000000e+00
-1.125193429992183702e+01,4.199279049073523140e+01,0.000000000000000000e+00
-1.205207783961499501e+01,4.203059033616828799e+01,0.000000000000000000e+00
-1.285782445635149251e+01,4.205604879106670779e+01,0.000000000000000000e+00
-1.366907961486726819e+01,4.206910129901486073e+01,0.000000000000000000e+00
-1.448527778532580967e+01,4.206830131029919784e+01,0.000000000000000000e+00
-1.530632902869719736e+01,4.205379338108835441e+01,0.000000000000000000e+00
-1.613238471676117314e+01,4.202629901306794835e+01,0.000000000000000000e+00
-1.696329938649209268e+01,4.198563930207129147e+01,0.000000000000000000e+00
-1.779891732575900321e+01,4.193162149099075009e+01,0.000000000000000000e+00
-1.863916677083557261e+01,4.186425400223020432e+01,0.000000000000000000e+00
-1.948288095876803894e+01,4.178117304754197647e+01,0.000000000000000000e+00
-2.033053495184330828e+01,4.168377391312647973e+01,0.000000000000000000e+00
-2.118221332641507360e+01,4.157243440427342307e+01,0.000000000000000000e+00
-2.203771067215269142e+01,4.144690569676290437e+01,0.000000000000000000e+00
-2.289695839188457782e+01,4.130720638942257494e+01,0.000000000000000000e+00
-2.375491509180518435e+01,4.114471986849130047e+01,0.000000000000000000e+00
-2.460403984797307331e+01,4.094799870191614843e+01,0.000000000000000000e+00
-2.544301544194798836e+01,4.071733613467402080e+01,0.000000000000000000e+00
-2.627016908647185289e+01,4.045251296974295485e+01,0.000000000000000000e+00
-2.708410457855205777e+01,4.015383631527849673e+01,0.000000000000000000e+00
-2.788289975062136605e+01,3.982090770104014155e+01,0.000000000000000000e+00
-2.866370454040595206e+01,3.945220470314225025e+01,0.000000000000000000e+00
-2.942754601151667160e+01,3.905167254757954254e+01,0.000000000000000000e+00
-3.017299708812540615e+01,3.861967514113225519e+01,0.000000000000000000e+00
-3.089888141207137195e+01,3.815694079588071475e+01,0.000000000000000000e+00
-3.160400499073462299e+01,3.766418648807333369e+01,0.000000000000000000e+00
-3.228726652097053318e+01,3.714225136124908033e+01,0.000000000000000000e+00
-3.294772881952166443e+01,3.659215996215922928e+01,0.000000000000000000e+00
-3.358438766525476638e+01,3.601484647755813029e+01,0.000000000000000000e+00
-3.419518248780426006e+01,3.541014805172176239e+01,0.000000000000000000e+00
-3.477816060811007759e+01,3.477816060811008469e+01,0.000000000000000000e+00
-3.533402806989111156e+01,3.412167427581189827e+01,0.000000000000000000e+00
-3.586437810222182065e+01,3.344407363526705268e+01,0.000000000000000000e+00
-3.636653589254368768e+01,3.274457599474890657e+01,0.000000000000000000e+00
-3.683465239396454649e+01,3.201987481814410330e+01,0.000000000000000000e+00
-3.727247099893291704e+01,3.127531666827048440e+01,0.000000000000000000e+00
-3.768131130319629563e+01,3.051372424317892751e+01,0.000000000000000000e+00
-3.805734866223316004e+01,2.973365949275743247e+01,0.000000000000000000e+00
-3.839952336270036426e+01,2.893611635197970955e+01,0.000000000000000000e+00
-3.870829338595732594e+01,2.812322133140663283e+01,0.000000000000000000e+00
-3.898317252312293135e+01,2.729631126402032493e+01,0.000000000000000000e+00
-3.922315928572690780e+01,2.645635499568991023e+01,0.000000000000000000e+00
-3.942739499525394820e+01,2.560444968991542325e+01,0.000000000000000000e+00
-3.959538304237016604e+01,2.474194134028742198e+01,0.000000000000000000e+00
-3.972672365654143789e+01,2.387022376820632275e+01,0.000000000000000000e+00
-3.982106253729903500e+01,2.299070117532651736e+01,0.000000000000000000e+00
-3.987809105414982724e+01,2.210478682597294764e+01,0.000000000000000000e+00
-3.989754641134986457e+01,2.121390172706632526e+01,0.000000000000000000e+00
-3.987817957345598074e+01,2.031894737218471292e+01,0.000000000000000000e+00
-3.981685546374169604e+01,1.941997798388349494e+01,0.000000000000000000e+00
-3.971874253162099677e+01,1.852115381478153111e+01,0.000000000000000000e+00
-3.958702657091417620e+01,1.762527979544222134e+01,0.000000000000000000e+00
-3.941326291962814565e+01,1.672993753403000738e+01,0.000000000000000000e+00
-3.919849991613270390e+01,1.583722197951481547e+01,0.000000000000000000e+00
-3.894647643320042363e+01,1.495015159406003846e+01,0.000000000000000000e+00
-3.865511191192585017e+01,1.406931013816992859e+01,0.000000000000000000e+00
-3.832168823503192812e+01,1.319521544719920136e+01,0.000000000000000000e+00
-3.795142360689977323e+01,1.233116502996022668e+01,0.000000000000000000e+00
-3.754263788188182360e+01,1.147793626338345696e+01,0.000000000000000000e+00
-3.709365246432449936e+01,1.063643368508590292e+01,0.000000000000000000e+00
-3.660692881548902733e+01,9.808797013493890660e+00,0.000000000000000000e+00
-3.608166728949910151e+01,8.996170044542932231e+00,0.000000000000000000e+00
-3.551814232680649752e+01,8.200009271130106470e+00,0.000000000000000000e+00
-3.491622797072739104e+01,7.421673363944464974e+00,0.000000000000000000e+00
-3.427741505912449327e+01,6.662854535634512132e+00,0.000000000000000000e+00
-3.360150907105850848e+01,5.924852641747841098e+00,0.000000000000000000e+00
-3.289036388098751473e+01,5.209321875360555687e+00,0.000000000000000000e+00
-3.214241137983928098e+01,4.517321324670267479e+00,0.000000000000000000e+00
-3.135739317713671070e+01,3.850203752314469430e+00,0.000000000000000000e+00
-3.054028991423490424e+01,3.209913816227719430e+00,0.000000000000000000e+00
-2.968766429097735582e+01,2.597334072023921081e+00,0.000000000000000000e+00
-2.879138291244800740e+01,2.013289618512357215e+00,0.000000000000000000e+00
-2.789056682448146063e+01,1.461682670216335245e+00,0.000000000000000000e+00
-2.703692093804837882e+01,9.441500838441878596e-01,0.000000000000000000e+00
-2.623453374174457409e+01,4.579254898236644888e-01,0.000000000000000000e+00
-2.548159547029397842e+01,3.120595432986321603e-15,0.000000000000000000e+00
-2.547533973744625868e+01,-4.446737091855178514e-01,0.000000000000000000e+00
-2.475479842493638571e+01,-8.644566096118813103e-01,0.000000000000000000e+00
-2.407313135977251051e+01,-1.261619354954608641e+00,0.000000000000000000e+00
-2.342677746936411154e+01,-1.638159862542680090e+00,0.000000000000000000e+00
-2.281279334459672370e+01,-1.995860801011856145e+00,0.000000000000000000e+00
-2.222842627849622943e+01,-2.336301745160803023e+00,0.000000000000000000e+00
-2.167126227221848822e+01,-2.660896422306035181e+00,0.000000000000000000e+00
-2.113912544306605668e+01,-2.970910334647065998e+00,0.000000000000000000e+00
-2.063006337115061939e+01,-3.267481040899404388e+00,0.000000000000000000e+00
-2.014231596687669068e+01,-3.551633758915274885e+00,0.000000000000000000e+00
-1.967429357976581272e+01,-3.824295268101107759e+00,0.000000000000000000e+00
-1.922455559951603732e+01,-4.086305437867293833e+00,0.000000000000000000e+00
-1.879179109922160151e+01,-4.338426819086747876e+00,0.000000000000000000e+00
-1.837480666759801196e+01,-4.581353849061768457e+00,0.000000000000000000e+00
-1.797251690900150933e+01,-4.815721391721644373e+00,0.000000000000000000e+00
-1.758392427144721282e+01,-5.042109148369793736e+00,0.000000000000000000e+00
-1.720811431968059324e+01,-5.261048517574473671e+00,0.000000000000000000e+00
-1.684425239114393591e+01,-5.473029370200900523e+00,0.000000000000000000e+00
-1.649156151351493804e+01,-5.678500015368300957e+00,0.000000000000000000e+00
-1.614933340501989889e+01,-5.877876662668098717e+00,0.000000000000000000e+00
-1.581690775295751372e+01,-6.071542031833225828e+00,0.000000000000000000e+00
-1.549367557153454200e+01,-6.259851265481467308e+00,0.000000000000000000e+00
-1.517907252857607503e+01,-6.443134021799585831e+00,0.000000000000000000e+00
-1.487257172263830363e+01,-6.621695555227155694e+00,0.000000000000000000e+00
-1.457368631285293503e+01,-6.795821535232004607e+00,0.000000000000000000e+00
-1.428195865815522581e+01,-6.965776666132657446e+00,0.000000000000000000e+00
-1.399696430771016153e+01,-7.131809530443486977e+00,0.000000000000000000e+00
-1.371830481847548100e+01,-7.294152058390524829e+00,0.000000000000000000e+00
-1.344560583204889070e+01,-7.453021014970836688e+00,0.000000000000000000e+00
-1.317851988436706279e+01,-7.608622002760161429e+00,0.000000000000000000e+00
-1.291671333606818095e+01,-7.761144370911471135e+00,0.000000000000000000e+00
-1.265988140888547342e+01,-7.910771891219206431e+00,0.000000000000000000e+00
-1.240772638574823716e+01,-8.057671729222008139e+00,0.000000000000000000e+00
-1.215997590718549937e+01,-8.202007313995329341e+00,0.000000000000000000e+00
-1.191636719746934503e+01,-8.343930139742942842e+00,0.000000000000000000e+00
-1.167665083567488615e+01,-8.483583416787141118e+00,0.000000000000000000e+00
-1.144059533785579497e+01,-8.621106952428371883e+00,0.000000000000000000e+00
-1.120797252181028369e+01,-8.756627833572611763e+00,0.000000000000000000e+00
-1.097857217451853806e+01,-8.890272454204104946e+00,0.000000000000000000e+00
-1.075219102410855854e+01,-9.022159522677151600e+00,0.000000000000000000e+00
-1.052863156393380173e+01,-9.152399785880977134e+00,0.000000000000000000e+00
-1.030771132407757662e+01,-9.281104963654092543e+00,0.000000000000000000e+00
-1.008924959991533754e+01,-9.408377459729416969e+00,0.000000000000000000e+00
-9.873073700487852378e+00,-9.534316445404062534e+00,0.000000000000000000e+00
-9.659021083915192207e+00,-9.659021083915186878e+00,0.000000000000000000e+00
-9.446929481757033287e+00,-9.782581850601236084e+00,0.000000000000000000e+00
-9.236644890514904560e+00,-9.905088966197533651e+00,0.000000000000000000e+00
-9.028019782648371461e+00,-1.002663175473480273e+01,0.000000000000000000e+00
-8.820906376282957595e+00,-1.014729201833026373e+01,0.000000000000000000e+00
-8.615164252178306725e+00,-1.026715294832270331e+01,0.000000000000000000e+00
-8.410657181173899488e+00,-1.038629663762276678e+01,0.000000000000000000e+00
-8.207248221221330908e+00,-1.050479868408378081e+01,0.000000000000000000e+00
-8.004806442314087889e+00,-1.062273693734660718e+01,0.000000000000000000e+00
-7.803203737040353971e+00,-1.074018854541543710e+01,0.000000000000000000e+00
-7.602310726418327391e+00,-1.085722491056852235e+01,0.000000000000000000e+00
-7.402002574604637175e+00,-1.097392010593963363e+01,0.000000000000000000e+00
-7.202156407199769461e+00,-1.109034831535964116e+01,0.000000000000000000e+00
-7.002647447638422840e+00,-1.120657850515694598e+01,0.000000000000000000e+00
-6.803353993473370664e+00,-1.132268246250518295e+01,0.000000000000000000e+00
-6.604155671748331180e+00,-1.143873316456226519e+01,0.000000000000000000e+00
-6.404929543738777653e+00,-1.155479876605357248e+01,0.000000000000000000e+00
-6.205554324787255105e+00,-1.167095025077178150e+01,0.000000000000000000e+00
-6.005909466556660803e+00,-1.178726101417693251e+01,0.000000000000000000e+00
-5.805871163110683852e+00,-1.190379994944028041e+01,0.000000000000000000e+00
-5.605315926290686868e+00,-1.202063879557280757e+01,0.000000000000000000e+00
-5.404120309942904932e+00,-1.213785294673441939e+01,0.000000000000000000e+00
-5.202156862462776310e+00,-1.225551355181919888e+01,0.000000000000000000e+00
-4.999297223062354689e+00,-1.237369483312222052e+01,0.000000000000000000e+00
-4.795412171037795268e+00,-1.249247580747010566e+01,0.000000000000000000e+00
-4.590367629603238520e+00,-1.261193140933031209e+01,0.000000000000000000e+00
-4.384027498831073899e+00,-1.273214035013513801e+01,0.000000000000000000e+00
-4.176253613267245868e+00,-1.285318699262126252e+01,0.000000000000000000e+00
-3.966901956692881370e+00,-1.297515165231875756e+01,0.000000000000000000e+00
-3.755825467308413934e+00,-1.309811998323690929e+01,0.000000000000000000e+00
-3.542873406939154091e+00,-1.322218355948157509e+01,0.000000000000000000e+00
-3.327888046154479973e+00,-1.334742992445823973e+01,0.000000000000000000e+00
-3.110707548707173142e+00,-1.347395469917870692e+01,0.000000000000000000e+00
-2.891164253359290282e+00,-1.360185839780188033e+01,0.000000000000000000e+00
-2.669082326605320077e+00,-1.373123820229273129e+01,0.000000000000000000e+00
-2.444280508096098981e+00,-1.386220360761134707e+01,0.000000000000000000e+00
-2.216569028864642021e+00,-1.399486606337590544e+01,0.000000000000000000e+00
-1.985748797300453727e+00,-1.412933686857255999e+01,0.000000000000000000e+00
-1.751612798063803433e+00,-1.426574143510555714e+01,0.000000000000000000e+00
-1.513942681157938841e+00,-1.440420243133954692e+01,0.000000000000000000e+00
-1.272509861971486744e+00,-1.454485427811370002e+01,0.000000000000000000e+00
-1.027074170448875945e+00,-1.468784493247857448e+01,0.000000000000000000e+00
-7.773812395838526346e-01,-1.483331769097494934e+01,0.000000000000000000e+00
-5.231627840934156559e-01,-1.498142199349405246e+01,0.000000000000000000e+00
-2.641353635909992614e-01,-1.513230484545504950e+01,0.000000000000000000e+00
-2.808023577975924091e-15,-1.528616838711362647e+01,0.000000000000000000e+00
2.695631716639638187e-01,-1.544326376169464332e+01,0.000000000000000000e+00
5.448950005439495703e-01,-1.560375124817083581e+01,0.000000000000000000e+00
8.263453871116228644e-01,-1.576760928275052365e+01,0.000000000000000000e+00
1.114202100106302717e+00,-1.593383237614778913e+01,0.000000000000000000e+00
1.408380027321116890e+00,-1.609785737444486742e+01,0.000000000000000000e+00
1.708487345514285716e+00,-1.625517127065029754e+01,0.000000000000000000e+00
2.014355919777924164e+00,-1.640561243991278673e+01,0.000000000000000000e+00
2.325968610059984343e+00,-1.655012662323689554e+01,0.000000000000000000e+00
2.643178547936555045e+00,-1.668837256059102359e+01,0.000000000000000000e+00
2.965772260733360088e+00,-1.681973030342365405e+01,0.000000000000000000e+00
3.293607421368840882e+00,-1.694414128663274610e+01,0.000000000000000000e+00
3.626566727994436246e+00,-1.706165502255545263e+01,0.000000000000000000e+00
3.964514518128046117e+00,-1.717219898852091831e+01,0.000000000000000000e+00
4.307314330767048283e+00,-1.727569419258620798e+01,0.000000000000000000e+00
4.654836233837829518e+00,-1.737208532559531449e+01,0.000000000000000000e+00
5.006936958776988966e+00,-1.746126426943972731e+01,0.000000000000000000e+00
5.363440669680525019e+00,-1.754302395850887919e+01,0.000000000000000000e+00
5.724044744788561623e+00,-1.761679827709028956e+01,0.000000000000000000e+00
6.088481210025205037e+00,-1.768223335868007950e+01,0.000000000000000000e+00
6.456855401078231083e+00,-1.774006441514609023e+01,0.000000000000000000e+00
6.829100300944292989e+00,-1.779041451568717136e+01,0.000000000000000000e+00
7.204803549292899234e+00,-1.783251454630192612e+01,0.000000000000000000e+00
7.583667837967880132e+00,-1.786600181769815165e+01,0.000000000000000000e+00
7.965608635214753264e+00,-1.789104992122128834e+01,0.000000000000000000e+00
8.350845317968783377e+00,-1.790844557648889435e+01,0.000000000000000000e+00
8.738864163247196615e+00,-1.791732676494536847e+01,0.000000000000000000e+00
9.128913194053613012e+00,-1.791650093849420955e+01,0.000000000000000000e+00
9.521736055827128453e+00,-1.790778099623649666e+01,0.000000000000000000e+00
9.917086978859309454e+00,-1.789089850304263152e+01,0.000000000000000000e+00
1.031370571189652452e+01,-1.786386230731811509e+01,0.000000000000000000e+00
1.071242045863951731e+01,-1.782846157562567768e+01,0.000000000000000000e+00
1.111320617463465510e+01,-1.778484756962005520e+01,0.000000000000000000e+00
1.151466193250830550e+01,-1.773102448003907483e+01,0.000000000000000000e+00
1.191762981109883768e+01,-1.766861279511902794e+01,0.000000000000000000e+00
1.232207396995811344e+01,-1.759774537912457859e+01,0.000000000000000000e+00
1.272647754247829788e+01,-1.751649360074955197e+01,0.000000000000000000e+00
1.313189027926640584e+01,-1.742660699318789952e+01,0.000000000000000000e+00
1.353820037079609229e+01,-1.732810627955368687e+01,0.000000000000000000e+00
1.394366753589266672e+01,-1.721899539174395599e+01,0.000000000000000000e+00
1.434962619771714287e+01,-1.710121857351340324e+01,0.000000000000000000e+00
1.475590120196513588e+01,-1.697472256281522363e+01,0.000000000000000000e+00
1.516060102627501038e+01,-1.683755323211335053e+01,0.000000000000000000e+00
1.556519553024756952e+01,-1.669162865205356638e+01,0.000000000000000000e+00
1.596945637476336977e+01,-1.653685617082355463e+01,0.000000000000000000e+00
1.637156529246773218e+01,-1.637156529246774284e+01,0.000000000000000000e+00
1.677297381893194128e+01,-1.619747253707552659e+01,0.000000000000000000e+00
1.717333211648415414e+01,-1.601439127787388372e+01,0.000000000000000000e+00
1.757082799477329260e+01,-1.582084458815557326e+01,0.000000000000000000e+00
1.796677306246793293e+01,-1.561827754455720907e+01,0.000000000000000000e+00
1.836059727892935456e+01,-1.540637040494420162e+01,0.000000000000000000e+00
1.875025209592784492e+01,-1.518365476566360073e+01,0.000000000000000000e+00
1.913727487088022272e+01,-1.495167778712693263e+01,0.000000000000000000e+00
1.952174760269612008e+01,-1.471069197109617477e+01,0.000000000000000000e+00
1.990170306845823944e+01,-1.445943365896970256e+01,0.000000000000000000e+00
2.027768183513638078e+01,-1.419858567838060637e+01,0.000000000000000000e+00
2.065026264540660961e+01,-1.392877802935979581e+01,0.000000000000000000e+00
2.101878854223596704e+01,-1.364976087914086733e+01,0.000000000000000000e+00
2.138253768667427579e+01,-1.336129246644895829e+01,0.000000000000000000e+00
2.174109087969107179e+01,-1.306336532430563224e+01,0.000000000000000000e+00
2.209484271461723992e+01,-1.275646338898672205e+01,0.000000000000000000e+00
2.244395824573817677e+01,-1.244088920604067638e+01,0.000000000000000000e+00
2.278810580845519240e+01,-1.211665078805535245e+01,0.000000000000000000e+00
2.312649816494517196e+01,-1.178353937272577667e+01,0.000000000000000000e+00
2.345837975318418600e+01,-1.144141628058150140e+01,0.000000000000000000e+00
2.378407635189247316e+01,-1.109069694503068071e+01,0.000000000000000000e+00
2.410389970896353873e+01,-1.073174757823064063e+01,0.000000000000000000e+00
2.441747804848074566e+01,-1.036460450693095225e+01,0.000000000000000000e+00
2.472446340256430375e+01,-9.989331634337522914e+00,0.000000000000000000e+00
2.502469620733948474e+01,-9.606080861684816341e+00,0.000000000000000000e+00
2.531798722751544872e+01,-9.214993742347511230e+00,0.000000000000000000e+00
2.560408806618194077e+01,-8.816194534286855955e+00,0.000000000000000000e+00
2.588287745281198227e+01,-8.409856679601213969e+00,0.000000000000000000e+00
2.615441455977457252e+01,-7.996206986512174097e+00,0.000000000000000000e+00
2.641849721236712512e+01,-7.575382174328221474e+00,0.000000000000000000e+00
2.667438329998931579e+01,-7.147379463830359825e+00,0.000000000000000000e+00
2.692149126924956448e+01,-6.712281651722124209e+00,0.000000000000000000e+00
2.716014886812468987e+01,-6.270414439884967273e+00,0.000000000000000000e+00
2.739088724193150526e+01,-5.822112813236251405e+00,0.000000000000000000e+00
2.761364006610016375e+01,-5.367547892466235204e+00,0.000000000000000000e+00
2.782783753478403810e+01,-4.906798572154190019e+00,0.000000000000000000e+00
2.803295649674318213e+01,-4.439984125378749980e+00,0.000000000000000000e+00
2.822879382188511599e+01,-3.967298246369458159e+00,0.000000000000000000e+00
2.841525066229146290e+01,-3.488954075515444675e+00,0.000000000000000000e+00
2.859224693822154251e+01,-3.005166248969153298e+00,0.000000000000000000e+00
2.875976994843042078e+01,-2.516153836101214569e+00,0.000000000000000000e+00
2.891783032354495120e+01,-2.022131682848855139e+00,0.000000000000000000e+00
2.906643996364985583e+01,-1.523307570158745738e+00,0.000000000000000000e+00
2.920550703493736933e+01,-1.019878779056659912e+00,0.000000000000000000e+00
2.933482502607692055e+01,-5.120412754881022988e-01,0.000000000000000000e+00
2.945418558396487896e+01,-7.214194819378941353e-15,0.000000000000000000e+00
