2.721753672862177353e+01,0.000000000000000000e+00,0.000000000000000000e+00
2.714950176203972276e+01,4.738963160251610240e-01,0.000000000000000000e+00
2.706940787299881279e+01,9.452845526110926766e-01,0.000000000000000000e+00
2.697744031591334846e+01,1.413827737697804121e+00,0.000000000000000000e+00
2.687377073579146369e+01,1.879197112454703333e+00,0.000000000000000000e+00
2.675857947688244209e+01,2.341072356284663147e+00,0.000000000000000000e+00
2.663204223231854328e+01,2.799140432391038935e+00,0.000000000000000000e+00
2.649422513959851599e+01,3.253081800228299958e+00,0.000000000000000000e+00
2.634514080314105300e+01,3.702568078825474451e+00,0.000000000000000000e+00
2.618482851134040601e+01,4.147269408762611853e+00,0.000000000000000000e+00
2.601349874645587690e+01,4.586881691626002677e+00,0.000000000000000000e+00
2.583145497414800928e+01,5.021126203351945705e+00,0.000000000000000000e+00
2.563885911062557810e+01,5.449707737696693144e+00,0.000000000000000000e+00
2.543560466956695620e+01,5.872272040247850100e+00,0.000000000000000000e+00
2.522165539158721259e+01,6.288464967183380772e+00,0.000000000000000000e+00
2.499724285189466499e+01,6.697991035169829743e+00,0.000000000000000000e+00
2.476269079525888372e+01,7.100587324512591003e+00,0.000000000000000000e+00
2.451842165556558584e+01,7.496033761046843935e+00,0.000000000000000000e+00
2.426482185807243752e+01,7.884118547270481336e+00,0.000000000000000000e+00
2.400213741875930040e+01,8.264598691251956453e+00,0.000000000000000000e+00
2.372990980160879104e+01,8.636980829607400878e+00,0.000000000000000000e+00
2.344794301872693509e+01,9.000822020449030347e+00,0.000000000000000000e+00
2.315768529021076461e+01,9.356312186882183468e+00,0.000000000000000000e+00
2.285935321503661655e+01,9.703219754623104265e+00,0.000000000000000000e+00
2.255235098295158025e+01,1.004095357875620209e+01,0.000000000000000000e+00
2.223674803051696003e+01,1.036916589909314190e+01,0.000000000000000000e+00
2.191371374111917092e+01,1.068803232804734193e+01,0.000000000000000000e+00
2.158388810325634566e+01,1.099754028764914437e+01,0.000000000000000000e+00
2.124665700667419799e+01,1.129704792172511318e+01,0.000000000000000000e+00
2.090130355115035243e+01,1.158578174556454421e+01,0.000000000000000000e+00
2.054943618432033503e+01,1.186422251271237904e+01,0.000000000000000000e+00
2.019162785041994823e+01,1.213235400937745823e+01,0.000000000000000000e+00
1.982787914515631300e+01,1.238983399117029549e+01,0.000000000000000000e+00
1.945851425597309614e+01,1.263650691017093664e+01,0.000000000000000000e+00
1.908372510572672098e+01,1.287213511689231282e+01,0.000000000000000000e+00
1.870345735986401792e+01,1.309630183396065917e+01,0.000000000000000000e+00
1.831772811698228054e+01,1.330860849342718488e+01,0.000000000000000000e+00
1.792752265183211335e+01,1.350935730259767453e+01,0.000000000000000000e+00
1.753320576474832038e+01,1.369844165058257701e+01,0.000000000000000000e+00
1.713504548898861302e+01,1.387568624505311021e+01,0.000000000000000000e+00
1.673337110994558330e+01,1.404096552670788967e+01,0.000000000000000000e+00
1.632850130113816434e+01,1.419414962949440628e+01,0.000000000000000000e+00
1.592076854648114370e+01,1.433512438758146246e+01,0.000000000000000000e+00
1.551051010500907523e+01,1.446378466661160900e+01,0.000000000000000000e+00
1.509806961735450059e+01,1.458003635073497506e+01,0.000000000000000000e+00
1.468379564043561558e+01,1.468379564043561203e+01,0.000000000000000000e+00
1.426804115357072078e+01,1.477498913293384319e+01,0.000000000000000000e+00
1.385116289221351771e+01,1.485355368306476187e+01,0.000000000000000000e+00
1.343352082782314305e+01,1.491943634959899612e+01,0.000000000000000000e+00
1.301547770742161170e+01,1.497259435950715556e+01,0.000000000000000000e+00
1.259739867523663825e+01,1.501299512855480423e+01,0.000000000000000000e+00
1.217965096703427008e+01,1.504061634678000559e+01,0.000000000000000000e+00
1.176260367950406760e+01,1.505544615238474826e+01,0.000000000000000000e+00
1.134662759664121090e+01,1.505748339497795385e+01,0.000000000000000000e+00
1.093209511589358129e+01,1.504673807038713917e+01,0.000000000000000000e+00
1.051938010094977649e+01,1.502323172333408507e+01,0.000000000000000000e+00
1.010885822668802447e+01,1.498699864311657848e+01,0.000000000000000000e+00
9.700905879928546582e+00,1.493808508176484118e+01,0.000000000000000000e+00
9.295903873299433684e+00,1.487655594708752638e+01,0.000000000000000000e+00
8.894226540405595571e+00,1.480247874257445417e+01,0.000000000000000000e+00
8.496271813764478154e+00,1.471597445635545043e+01,0.000000000000000000e+00
8.102393683644109501e+00,1.461710513730351657e+01,0.000000000000000000e+00
7.712604198041198345e+00,1.450529883199730286e+01,0.000000000000000000e+00
7.327335532428739917e+00,1.438070569330582060e+01,0.000000000000000000e+00
6.947237318511457538e+00,1.424394736250708959e+01,0.000000000000000000e+00
6.572723813842779705e+00,1.409525170538381822e+01,0.000000000000000000e+00
6.204193025636185688e+00,1.393484568797893886e+01,0.000000000000000000e+00
5.841994044345986126e+00,1.376287549050075931e+01,0.000000000000000000e+00
5.486666445673668235e+00,1.357997598876721490e+01,0.000000000000000000e+00
5.138360164504724992e+00,1.338588587500949778e+01,0.000000000000000000e+00
4.796576241826200793e+00,1.317848491510999764e+01,0.000000000000000000e+00
4.462379170544679141e+00,1.295969012740986592e+01,0.000000000000000000e+00
4.136540060745756087e+00,1.273096124582313493e+01,0.000000000000000000e+00
3.819352466790187695e+00,1.249253901691454516e+01,0.000000000000000000e+00
3.511423562437440360e+00,1.224578925008762909e+01,0.000000000000000000e+00
3.214136447995535661e+00,1.199532052637830226e+01,0.000000000000000000e+00
2.928029441390179510e+00,1.174368465635933312e+01,0.000000000000000000e+00
2.652972156401300019e+00,1.149128489059984659e+01,0.000000000000000000e+00
2.388533158052040140e+00,1.123716501285928082e+01,0.000000000000000000e+00
2.134524935509795274e+00,1.098117882916567822e+01,0.000000000000000000e+00
1.891047508400264032e+00,1.072466335442378060e+01,0.000000000000000000e+00
1.658486773516568702e+00,1.047127337835875949e+01,0.000000000000000000e+00
1.437051675222286384e+00,1.022515397937814363e+01,0.000000000000000000e+00
1.226673907706571365e+00,9.990457258519651162e+00,0.000000000000000000e+00
1.026665381075084760e+00,9.768068608081675208e+00,0.000000000000000000e+00
8.360633310035517907e-01,9.556247601791470814e+00,0.000000000000000000e+00
6.540801144204648754e-01,9.353781421478997160e+00,0.000000000000000000e+00
4.800609375792990741e-01,9.160108368389542122e+00,0.000000000000000000e+00
3.134022915088285899e-01,8.974667399092938425e+00,0.000000000000000000e+00
1.535496686896375418e-01,8.796854627645226188e+00,0.000000000000000000e+00
5.281931124158486984e-16,8.626048143572452531e+00,0.000000000000000000e+00
-1.476999624589073468e-01,8.461725182135428014e+00,0.000000000000000000e+00
-2.899631060420325701e-01,8.303456947320619008e+00,0.000000000000000000e+00
-4.271658386026575549e-01,8.150809754705390375e+00,0.000000000000000000e+00
-5.596528166689418438e-01,8.003408150811317512e+00,0.000000000000000000e+00
-6.877411690396714183e-01,7.860917532885667747e+00,0.000000000000000000e+00
-8.117195202507485607e-01,7.722995350272341852e+00,0.000000000000000000e+00
-9.318532113084023738e-01,7.589335372916248268e+00,0.000000000000000000e+00
-1.048390574036126122e+00,7.459686547729657669e+00,0.000000000000000000e+00
-1.161559029959210676e+00,7.333795084789431762e+00,0.000000000000000000e+00
-1.271565570678740764e+00,7.211406703442161614e+00,0.000000000000000000e+00
-1.378606062138202581e+00,7.092313353414106736e+00,0.000000000000000000e+00
-1.482864298705295347e+00,6.976328027959592504e+00,0.000000000000000000e+00
-1.584508173603764503e+00,6.863258926570762419e+00,0.000000000000000000e+00
-1.683690575743806983e+00,6.752914059167248517e+00,0.000000000000000000e+00
-1.780558962667022183e+00,6.645136514545460393e+00,0.000000000000000000e+00
-1.875253737077590799e+00,6.539786968551035251e+00,0.000000000000000000e+00
-1.967903642989622837e+00,6.436722783597090825e+00,0.000000000000000000e+00
-2.058625707738373389e+00,6.335798449912148023e+00,0.000000000000000000e+00
-2.147530472956013181e+00,6.236881359699162353e+00,0.000000000000000000e+00
-2.234728214710550276e+00,6.139865308535377153e+00,0.000000000000000000e+00
-2.320321673703065191e+00,6.044644618735874886e+00,0.000000000000000000e+00
-2.404405032857174440e+00,5.951111287112768267e+00,0.000000000000000000e+00
-2.487064004917653559e+00,5.859155619940355386e+00,0.000000000000000000e+00
-2.568381679591773548e+00,5.768679701785001335e+00,0.000000000000000000e+00
-2.648442585252751780e+00,5.679603452646754036e+00,0.000000000000000000e+00
-2.727325715102960846e+00,5.591846390913600473e+00,0.000000000000000000e+00
-2.805103862903285616e+00,5.505326310367068210e+00,0.000000000000000000e+00
-2.881843610441057635e+00,5.419959547145725587e+00,0.000000000000000000e+00
-2.957607744758002255e+00,5.335665612904053390e+00,0.000000000000000000e+00
-3.032462792104408500e+00,5.252379627987017408e+00,0.000000000000000000e+00
-3.106472939117578047e+00,5.170039175050495039e+00,0.000000000000000000e+00
-3.179697896230681220e+00,5.088580335257147702e+00,0.000000000000000000e+00
-3.252192882197571855e+00,5.007937874863208627e+00,0.000000000000000000e+00
-3.324008661347776172e+00,4.928045500312498106e+00,0.000000000000000000e+00
-3.395195841704635509e+00,4.848842173829594593e+00,0.000000000000000000e+00
-3.465808916977869636e+00,4.770276733136118885e+00,0.000000000000000000e+00
-3.535899913449596088e+00,4.692297669911342339e+00,0.000000000000000000e+00
-3.605517600321845872e+00,4.614852082256817312e+00,0.000000000000000000e+00
-3.674707467619864776e+00,4.537885802861893580e+00,0.000000000000000000e+00
-3.743511736583859051e+00,4.461343560992404811e+00,0.000000000000000000e+00
-3.811973113365614285e+00,4.385173438791713174e+00,0.000000000000000000e+00
-3.880138968464310611e+00,4.309330897652897896e+00,0.000000000000000000e+00
-3.948055153052932198e+00,4.233770811585674920e+00,0.000000000000000000e+00
-4.015765106327005007e+00,4.158446500664025436e+00,0.000000000000000000e+00
-4.083309817612387427e+00,4.083309817612388315e+00,0.000000000000000000e+00
-4.150727791099089181e+00,4.008311235144150331e+00,0.000000000000000000e+00
-4.218057158200998025e+00,3.933401934213384354e+00,0.000000000000000000e+00
-4.285342026871711063e+00,3.858539292194791859e+00,0.000000000000000000e+00
-4.352626631581476779e+00,3.783680605499492700e+00,0.000000000000000000e+00
-4.419953350941889347e+00,3.708781226596123748e+00,0.000000000000000000e+00
-4.487362645584100029e+00,3.633794621549713000e+00,0.000000000000000000e+00
-4.554892997574683022e+00,3.558672429281197314e+00,0.000000000000000000e+00
-4.622581764751589439e+00,3.483365210759879815e+00,0.000000000000000000e+00
-4.690472728657969270e+00,3.407827913819365673e+00,0.000000000000000000e+00
-4.758612591979568762e+00,3.332016408323741796e+00,0.000000000000000000e+00
-4.827046559561036787e+00,3.255884015618853322e+00,0.000000000000000000e+00
-4.895818199821253991e+00,3.179381513878487553e+00,0.000000000000000000e+00
-4.964969349246674213e+00,3.102457179513444796e+00,0.000000000000000000e+00
-5.034540503540991807e+00,3.025057123476967202e+00,0.000000000000000000e+00
-5.104579041167775166e+00,2.947130083517936594e+00,0.000000000000000000e+00
-5.175138352290002963e+00,2.868626031194717818e+00,0.000000000000000000e+00
-5.246270606896492161e+00,2.789491562735257446e+00,0.000000000000000000e+00
-5.318026367267772336e+00,2.709669775205337139e+00,0.000000000000000000e+00
-5.390454444625059516e+00,2.629100299823332154e+00,0.000000000000000000e+00
-5.463602603864341489e+00,2.547719735297534260e+00,0.000000000000000000e+00
-5.537528796335390524e+00,2.465466665850568617e+00,0.000000000000000000e+00
-5.612298357165426133e+00,2.382279313671264109e+00,0.000000000000000000e+00
-5.687975146239223179e+00,2.298091130979209140e+00,0.000000000000000000e+00
-5.764621125027048265e+00,2.212830725503279972e+00,0.000000000000000000e+00
-5.842296147866563594e+00,2.126421897591526111e+00,0.000000000000000000e+00
-5.921062870855444693e+00,2.038785446459710826e+00,0.000000000000000000e+00
-6.001001679257716326e+00,1.949843642717578707e+00,0.000000000000000000e+00
-6.082195725987080692e+00,1.859513844070983302e+00,0.000000000000000000e+00
-6.164725802475332195e+00,1.767706678328069270e+00,0.000000000000000000e+00
-6.248670040996938013e+00,1.674326091253681703e+00,0.000000000000000000e+00
-6.334107239997367245e+00,1.579270307943074991e+00,0.000000000000000000e+00
-6.421138936873590275e+00,1.482436731321925327e+00,0.000000000000000000e+00
-6.509874876941789346e+00,1.383716620744804837e+00,0.000000000000000000e+00
-6.600421534095873177e+00,1.282991978236810882e+00,0.000000000000000000e+00
-6.692881650182354036e+00,1.180135613615742596e+00,0.000000000000000000e+00
-6.787364583169741117e+00,1.075012940783919957e+00,0.000000000000000000e+00
-6.884011744647417608e+00,9.674847566938161725e-01,0.000000000000000000e+00
-6.982967715527919061e+00,8.574006247502546918e-01,0.000000000000000000e+00
-7.084372027717857456e+00,7.445975043108370439e-01,0.000000000000000000e+00
-7.188363604157566478e+00,6.289003246661430957e-01,0.000000000000000000e+00
-7.295119587403904760e+00,5.101244554938137998e-01,0.000000000000000000e+00
-7.404833736209696760e+00,3.880708920748949797e-01,0.000000000000000000e+00
-7.517692810980809881e+00,2.625236177620278166e-01,0.000000000000000000e+00
-7.633885749670367815e+00,1.332499714150906511e-01,0.000000000000000000e+00
-7.753654558870102242e+00,9.495488237214554943e-16,0.000000000000000000e+00
-7.877254917843993454e+00,-1.374979960470856521e-01,0.000000000000000000e+00
-8.004933007080577312e+00,-2.795384203371432119e-01,0.000000000000000000e+00
-8.136971262375547909e+00,-4.264405939510246268e-01,0.000000000000000000e+00
-8.273705592549911003e+00,-5.785538550462041574e-01,0.000000000000000000e+00
-8.415462783790349732e+00,-7.362575919059676233e-01,0.000000000000000000e+00
-8.562604263777760849e+00,-8.999659730269786717e-01,0.000000000000000000e+00
-8.715571610694455629e+00,-1.070137633236941888e+00,0.000000000000000000e+00
-8.874800093919215982e+00,-1.247271813016269437e+00,0.000000000000000000e+00
-9.040775965476239406e+00,-1.431918241391472391e+00,0.000000000000000000e+00
-9.214043889623489747e+00,-1.624684539172591702e+00,0.000000000000000000e+00
-9.395174105292557698e+00,-1.826236846989454543e+00,0.000000000000000000e+00
-9.584941564893275867e+00,-2.037342222841792783e+00,0.000000000000000000e+00
-9.784143096654556615e+00,-2.258847418438302501e+00,0.000000000000000000e+00
-9.993394727327890692e+00,-2.491633148988233071e+00,0.000000000000000000e+00
-1.021329782535016051e+01,-2.736644904361112740e+00,0.000000000000000000e+00
-1.044586984921814654e+01,-2.995304979500356346e+00,0.000000000000000000e+00
-1.069290954075962929e+01,-3.269150520672248206e+00,0.000000000000000000e+00
-1.094769036208954560e+01,-3.557120226902054760e+00,0.000000000000000000e+00
-1.120228301933493320e+01,-3.857255375442944167e+00,0.000000000000000000e+00
-1.145577584381547886e+01,-4.169561417574620066e+00,0.000000000000000000e+00
-1.170793447430151346e+01,-4.494254969235631059e+00,0.000000000000000000e+00
-1.195790158811135662e+01,-4.831305847552858523e+00,0.000000000000000000e+00
-1.220455823552410912e+01,-5.180527613943511689e+00,0.000000000000000000e+00
-1.244707608978464819e+01,-5.541795323390127592e+00,0.000000000000000000e+00
-1.268585658849048947e+01,-5.915512077469156971e+00,0.000000000000000000e+00
-1.292117055628972544e+01,-6.302075962720173230e+00,0.000000000000000000e+00
-1.315267358991391689e+01,-6.701621922954381638e+00,0.000000000000000000e+00
-1.337905926121063338e+01,-7.113771995943551474e+00,0.000000000000000000e+00
-1.359797339909090397e+01,-7.537479736530060315e+00,0.000000000000000000e+00
-1.380435583613163963e+01,-7.969948557979986248e+00,0.000000000000000000e+00
-1.399179645832172980e+01,-8.407119481254820670e+00,0.000000000000000000e+00
-1.415761749588807028e+01,-8.846661269235731595e+00,0.000000000000000000e+00
-1.430179837122845576e+01,-9.287696458655547715e+00,0.000000000000000000e+00
-1.442443467944753088e+01,-9.729404041924615498e+00,0.000000000000000000e+00
-1.452576325717465444e+01,-1.017104893092331253e+01,0.000000000000000000e+00
-1.460606888066016040e+01,-1.061193020877526294e+01,0.000000000000000000e+00
-1.466565431013482979e+01,-1.105136320280959339e+01,0.000000000000000000e+00
-1.470483966446746393e+01,-1.148867986993427870e+01,0.000000000000000000e+00
-1.472396178888006979e+01,-1.192322916200848049e+01,0.000000000000000000e+00
-1.472322771891498050e+01,-1.235425494868066387e+01,0.000000000000000000e+00
-1.470246356296488699e+01,-1.278065658851168962e+01,0.000000000000000000e+00
-1.466207196276086933e+01,-1.320178889305585557e+01,0.000000000000000000e+00
-1.460263642514179772e+01,-1.361717876382805592e+01,0.000000000000000000e+00
-1.452474515726307835e+01,-1.402638335530236624e+01,0.000000000000000000e+00
-1.442897941062389222e+01,-1.442897941062388512e+01,0.000000000000000000e+00
-1.431551326614600228e+01,-1.482414794456521889e+01,0.000000000000000000e+00
-1.418402851040412216e+01,-1.521050835665536916e+01,0.000000000000000000e+00
-1.403493373259836297e+01,-1.558737304822212799e+01,0.000000000000000000e+00
-1.386997612434787186e+01,-1.595558234235947381e+01,0.000000000000000000e+00
-1.368904531413568471e+01,-1.631396893230612832e+01,0.000000000000000000e+00
-1.349119044536368328e+01,-1.666023271925247684e+01,0.000000000000000000e+00
-1.327787188403033092e+01,-1.699490101129638120e+01,0.000000000000000000e+00
-1.305004052033404882e+01,-1.731798869444581968e+01,0.000000000000000000e+00
-1.280806894894019976e+01,-1.762879453746951341e+01,0.000000000000000000e+00
-1.255236180030096094e+01,-1.792663048500566347e+01,0.000000000000000000e+00
-1.228348812187238792e+01,-1.821102004667784868e+01,0.000000000000000000e+00
-1.200209600359824158e+01,-1.848160712827996122e+01,0.000000000000000000e+00
-1.170891603388157343e+01,-1.873818262666306467e+01,0.000000000000000000e+00
-1.140418437007091157e+01,-1.897975006005146881e+01,0.000000000000000000e+00
-1.108746246201675767e+01,-1.920404831122571210e+01,0.000000000000000000e+00
-1.076117619829115668e+01,-1.941367576460744360e+01,0.000000000000000000e+00
-1.042625286622459235e+01,-1.960892969990164403e+01,0.000000000000000000e+00
-1.008111132706577706e+01,-1.978529499766625577e+01,0.000000000000000000e+00
-9.728032302695089228e+00,-1.994542200122321063e+01,0.000000000000000000e+00
-9.368284832873735368e+00,-2.009035165740242590e+01,0.000000000000000000e+00
-8.999998009763229945e+00,-2.021432649499297796e+01,0.000000000000000000e+00
-8.627355591646789890e+00,-2.032477608138387026e+01,0.000000000000000000e+00
-8.247266541160170661e+00,-2.041270099264560756e+01,0.000000000000000000e+00
-7.864243435284482331e+00,-2.048705457534959251e+01,0.000000000000000000e+00
-7.475409808291989755e+00,-2.053851964945181052e+01,0.000000000000000000e+00
-7.085055074038689504e+00,-2.057649401495544339e+01,0.000000000000000000e+00
-6.694347757428589674e+00,-2.060308388516403610e+01,0.000000000000000000e+00
-6.305586341287336083e+00,-2.062464359547749027e+01,0.000000000000000000e+00
-5.918171375343324492e+00,-2.063911633549815150e+01,0.000000000000000000e+00
-5.532718885008359955e+00,-2.064838798284703714e+01,0.000000000000000000e+00
-5.148870114962501354e+00,-2.065099008634410183e+01,0.000000000000000000e+00
-4.767046193581808033e+00,-2.064834557909768975e+01,0.000000000000000000e+00
-4.387009464709715978e+00,-2.063925681824023783e+01,0.000000000000000000e+00
-4.009109636128409093e+00,-2.062508107900960042e+01,0.000000000000000000e+00
-3.633125542359746163e+00,-2.060447883677356273e+01,0.000000000000000000e+00
-3.259419346097821801e+00,-2.057916383338623589e+01,0.000000000000000000e+00
-2.887725939479761195e+00,-2.054723771631786278e+01,0.000000000000000000e+00
-2.518453762628358739e+00,-2.051115990568150238e+01,0.000000000000000000e+00
-2.151294293469317775e+00,-2.046819795635639494e+01,0.000000000000000000e+00
-1.786623132764110444e+00,-2.042119585281708893e+01,0.000000000000000000e+00
-1.424270147573754475e+00,-2.036801203985002573e+01,0.000000000000000000e+00
-1.064407266521965267e+00,-2.031010054391658670e+01,0.000000000000000000e+00
-7.070493888194963050e-01,-2.024724538176538147e+01,0.000000000000000000e+00
-3.522195992817472865e-01,-2.017864732845278297e+01,0.000000000000000000e+00
-3.693428151801644793e-15,-2.010608639363422512e+01,0.000000000000000000e+00
3.495840738227137257e-01,-2.002765817602827880e+01,0.000000000000000000e+00
6.964848840921167294e-01,-1.994471754858379242e+01,0.000000000000000000e+00
1.040697063487446172e+00,-1.985768291892128090e+01,0.000000000000000000e+00
1.382084791786116762e+00,-1.976473334581047325e+01,0.000000000000000000e+00
1.720710467921666487e+00,-1.966781064625365616e+01,0.000000000000000000e+00
2.056557053721200123e+00,-1.956683333000580305e+01,0.000000000000000000e+00
2.389414958605745376e+00,-1.946022318306973276e+01,0.000000000000000000e+00
2.719425945537973455e+00,-1.934972103514694908e+01,0.000000000000000000e+00
3.046571393574899034e+00,-1.923529475074919759e+01,0.000000000000000000e+00
3.370663749957778954e+00,-1.911598404518004912e+01,0.000000000000000000e+00
3.691736868957979034e+00,-1.899233973510348861e+01,0.000000000000000000e+00
4.009848889092000768e+00,-1.886485581808102907e+01,0.000000000000000000e+00
4.324987781627115169e+00,-1.873358023269160455e+01,0.000000000000000000e+00
4.636919489810044759e+00,-1.859766828007090922e+01,0.000000000000000000e+00
4.945728364776191377e+00,-1.845770953777925527e+01,0.000000000000000000e+00
5.251470285629165957e+00,-1.831405332550448151e+01,0.000000000000000000e+00
5.554114487837821024e+00,-1.816668991590503524e+01,0.000000000000000000e+00
5.853650503711957498e+00,-1.801568378765193401e+01,0.000000000000000000e+00
6.149861196514263106e+00,-1.786049378311319558e+01,0.000000000000000000e+00
6.442822742261400393e+00,-1.770151000191193447e+01,0.000000000000000000e+00
6.732595647034367303e+00,-1.753901129709435835e+01,0.000000000000000000e+00
7.019154137703232266e+00,-1.737301612833186937e+01,0.000000000000000000e+00
7.302477591617732244e+00,-1.720355911058758736e+01,0.000000000000000000e+00
7.582543770545688844e+00,-1.703067214838393184e+01,0.000000000000000000e+00
7.859331793406695077e+00,-1.685439142154144676e+01,0.000000000000000000e+00
8.132819839657733141e+00,-1.667475176012256810e+01,0.000000000000000000e+00
8.402990178448323633e+00,-1.649179680187928554e+01,0.000000000000000000e+00
8.669767248566310869e+00,-1.630546071277152720e+01,0.000000000000000000e+00
8.933159758842073472e+00,-1.611584681042008071e+01,0.000000000000000000e+00
9.193206301806073455e+00,-1.592310039919050269e+01,0.000000000000000000e+00
9.449892667886794939e+00,-1.572726247757859319e+01,0.000000000000000000e+00
9.703208770410698847e+00,-1.552838003778220788e+01,0.000000000000000000e+00
9.953142794606050003e+00,-1.532649586925743712e+01,0.000000000000000000e+00
1.019969235469866753e+01,-1.512166577591407268e+01,0.000000000000000000e+00
1.044284252240811561e+01,-1.491392473309894662e+01,0.000000000000000000e+00
1.068251760638491454e+01,-1.470322409854320256e+01,0.000000000000000000e+00
1.092031866585901945e+01,-1.449175233597292944e+01,0.000000000000000000e+00
1.115746035671047309e+01,-1.428089802009756504e+01,0.000000000000000000e+00
1.139406767497716721e+01,-1.407050177319724504e+01,0.000000000000000000e+00
1.163029413136271728e+01,-1.386044481397887651e+01,0.000000000000000000e+00
1.186628418779157990e+01,-1.365059844074166051e+01,0.000000000000000000e+00
1.210218162504923534e+01,-1.344083436951559207e+01,0.000000000000000000e+00
1.233813023410733756e+01,-1.323102480326624075e+01,0.000000000000000000e+00
1.257427389049633248e+01,-1.302104178751425856e+01,0.000000000000000000e+00
1.281075696324144708e+01,-1.281075696324145419e+01,0.000000000000000000e+00
1.304772463989223930e+01,-1.260004122151761941e+01,0.000000000000000000e+00
1.328532329450451321e+01,-1.238876439634154991e+01,0.000000000000000000e+00
1.352370086771876068e+01,-1.217679495516817489e+01,0.000000000000000000e+00
1.376300719980008580e+01,-1.196399963125545796e+01,0.000000000000000000e+00
1.400339446822316880e+01,-1.175024313351602956e+01,0.000000000000000000e+00
1.424501752285094369e+01,-1.153538774258779753e+01,0.000000000000000000e+00
1.448803434900516862e+01,-1.131929299321336302e+01,0.000000000000000000e+00
1.473260645259486346e+01,-1.110181526092341819e+01,0.000000000000000000e+00
1.497889933076655211e+01,-1.088280738651294044e+01,0.000000000000000000e+00
1.522708292990659196e+01,-1.066211825246499600e+01,0.000000000000000000e+00
1.547733213473554414e+01,-1.043959234287811455e+01,0.000000000000000000e+00
1.572982730111016281e+01,-1.021506928902644162e+01,0.000000000000000000e+00
1.598475479240635622e+01,-9.988383367560500048e+00,0.000000000000000000e+00
1.624230758018178378e+01,-9.759362987064072570e+00,0.000000000000000000e+00
1.650268586746148003e+01,-9.527830127930728921e+00,0.000000000000000000e+00
1.676609774600935054e+01,-9.293599738154846079e+00,0.000000000000000000e+00
1.703275995259879494e+01,-9.056479114022701893e+00,0.000000000000000000e+00
1.730289858387068591e+01,-8.816267178503231605e+00,0.000000000000000000e+00
1.757675000226281625e+01,-8.572753777178645507e+00,0.000000000000000000e+00
1.785456168286949818e+01,-8.325718845722860806e+00,0.000000000000000000e+00
1.813659320360689264e+01,-8.074931548017627136e+00,0.000000000000000000e+00
1.842311733938545970e+01,-7.820149346643646027e+00,0.000000000000000000e+00
1.871442117746511968e+01,-7.561116957020770357e+00,0.000000000000000000e+00
1.901080738347940269e+01,-7.297565231503490679e+00,0.000000000000000000e+00
1.931259559734837694e+01,-7.029209943855312837e+00,0.000000000000000000e+00
1.962012393090009965e+01,-6.755750445574296492e+00,0.000000000000000000e+00
1.993375061231685663e+01,-6.476868193736508239e+00,0.000000000000000000e+00
2.025385580604960367e+01,-6.192225137748978980e+00,0.000000000000000000e+00
2.058084361457591172e+01,-5.901461941503283626e+00,0.000000000000000000e+00
2.091514428559018057e+01,-5.604196020904296915e+00,0.000000000000000000e+00
2.125721665197938037e+01,-5.300019373842824955e+00,0.000000000000000000e+00
2.160755083558093048e+01,-4.988496176064227683e+00,0.000000000000000000e+00
2.196667124942402438e+01,-4.669160112113311278e+00,0.000000000000000000e+00
2.233513993681868826e+01,-4.341511405553015734e+00,0.000000000000000000e+00
2.271356028916949299e+01,-4.005013506928967182e+00,0.000000000000000000e+00
2.310258120637655210e+01,-3.659089394424106967e+00,0.000000000000000000e+00
2.350290178604007707e+01,-3.303117434938410035e+00,0.000000000000000000e+00
2.391527650547741146e+01,-2.936426724596609805e+00,0.000000000000000000e+00
2.434052114338757988e+01,-2.558291860743779456e+00,0.000000000000000000e+00
2.477951940440649281e+01,-2.167927035506228339e+00,0.000000000000000000e+00
2.523323044456027731e+01,-1.764479360024014287e+00,0.000000000000000000e+00
2.570269735441953074e+01,-1.347021289929239751e+00,0.000000000000000000e+00
2.618905687102753532e+01,-9.145420181994206033e-01,0.000000000000000000e+00
2.669355055578439107e+01,-4.659376581159001551e-01,0.000000000000000000e+00
2.721747993935972687e+01,-6.666359937718837242e-15,0.000000000000000000e+00
