2.612014743159524954e+01,0.000000000000000000e+00,0.000000000000000000e+00
2.611367027097850269e+01,4.558158100939950219e-01,0.000000000000000000e+00
2.609462551088395088e+01,9.112444024390581321e-01,0.000000000000000000e+00
2.606302591918967337e+01,1.365905309821074276e+00,0.000000000000000000e+00
2.601889933717333392e+01,1.819418680927647580e+00,0.000000000000000000e+00
2.596228443940754360e+01,2.271405567683658866e+00,0.000000000000000000e+00
2.589323070703053276e+01,2.721488212020174657e+00,0.000000000000000000e+00
2.581179839388370212e+01,3.169290331907308467e+00,0.000000000000000000e+00
2.571805848553546170e+01,3.614437406482074788e+00,0.000000000000000000e+00
2.561209967653859820e+01,4.056558072804802961e+00,0.000000000000000000e+00
2.549407280282878929e+01,4.495292883284593977e+00,0.000000000000000000e+00
2.536416147894852458e+01,4.930293549297025457e+00,0.000000000000000000e+00
2.522255502250838433e+01,5.361219572117328802e+00,0.000000000000000000e+00
2.506932031710711328e+01,5.787708634357847437e+00,0.000000000000000000e+00
2.490437016599397424e+01,6.209356875554570721e+00,0.000000000000000000e+00
2.472766085842727435e+01,6.625756757726271040e+00,0.000000000000000000e+00
2.453947703067268549e+01,7.036581807479644901e+00,0.000000000000000000e+00
2.434024714303186343e+01,7.441560345911343965e+00,0.000000000000000000e+00
2.413017829849377449e+01,7.840370202792466436e+00,0.000000000000000000e+00
2.390930532966211786e+01,8.232634039576430141e+00,0.000000000000000000e+00
2.367797548300400479e+01,8.618078283498363135e+00,0.000000000000000000e+00
2.343665805860582552e+01,8.996490130121726381e+00,0.000000000000000000e+00
2.318462433003395162e+01,9.367196265469567962e+00,0.000000000000000000e+00
2.292152357461605305e+01,9.729609506579269151e+00,0.000000000000000000e+00
2.264991453531230192e+01,1.008439167090779875e+01,0.000000000000000000e+00
2.236944254192433590e+01,1.043104236595753598e+01,0.000000000000000000e+00
2.207775128000171705e+01,1.076803878150849769e+01,0.000000000000000000e+00
2.177748675626325436e+01,1.109618372834400368e+01,0.000000000000000000e+00
2.146963667518055985e+01,1.141560831453869618e+01,0.000000000000000000e+00
2.115305607991986747e+01,1.172533045098760773e+01,0.000000000000000000e+00
2.082722410735765095e+01,1.202460344485560029e+01,0.000000000000000000e+00
2.049373432433658948e+01,1.231387789230724472e+01,0.000000000000000000e+00
2.015320079129887887e+01,1.259311751735747542e+01,0.000000000000000000e+00
1.980569506713494476e+01,1.286196876515191434e+01,0.000000000000000000e+00
1.945129586643636799e+01,1.312006472553321856e+01,0.000000000000000000e+00
1.908923236712282545e+01,1.336642440209618421e+01,0.000000000000000000e+00
1.872073734347237917e+01,1.360141183565078826e+01,0.000000000000000000e+00
1.834641018199464568e+01,1.382501169748920589e+01,0.000000000000000000e+00
1.796652514191128702e+01,1.403698785164684537e+01,0.000000000000000000e+00
1.758139167229690969e+01,1.423713025757370154e+01,0.000000000000000000e+00
1.719132647988750051e+01,1.442523570872181082e+01,0.000000000000000000e+00
1.679666243277171489e+01,1.460111589238448637e+01,0.000000000000000000e+00
1.639774381903251665e+01,1.476459485201678667e+01,0.000000000000000000e+00
1.599492599155433581e+01,1.491550978877981315e+01,0.000000000000000000e+00
1.558857380304229068e+01,1.505371073684955796e+01,0.000000000000000000e+00
1.517906046474561066e+01,1.517906046474560888e+01,0.000000000000000000e+00
1.476676639599930674e+01,1.529143423972119464e+01,0.000000000000000000e+00
1.435207819131713869e+01,1.539071957619613862e+01,0.000000000000000000e+00
1.393538768038414233e+01,1.547681595683117983e+01,0.000000000000000000e+00
1.351709109282792909e+01,1.554963455071775691e+01,0.000000000000000000e+00
1.309758832773247050e+01,1.560909794389515959e+01,0.000000000000000000e+00
1.267728232881780670e+01,1.565513990044915893e+01,0.000000000000000000e+00
1.225657856418350278e+01,1.568770517254373331e+01,0.000000000000000000e+00
1.183588460857353653e+01,1.570674937910422209e+01,0.000000000000000000e+00
1.141560982501834864e+01,1.571223897430834882e+01,0.000000000000000000e+00
1.099616514211624718e+01,1.570415132952043535e+01,0.000000000000000000e+00
1.057796292118450765e+01,1.568247495332315466e+01,0.000000000000000000e+00
1.016141691059942076e+01,1.564720988334506302e+01,0.000000000000000000e+00
9.746942268061706827e+00,1.559836826414883859e+01,0.000000000000000000e+00
9.334955685760634836e+00,1.553597521646272739e+01,0.000000000000000000e+00
8.925875449193242162e+00,1.546006978003436494e+01,0.000000000000000000e+00
8.520121974804402143e+00,1.537070692328460808e+01,0.000000000000000000e+00
8.118116876871139809e+00,1.526795725910626089e+01,0.000000000000000000e+00
7.720286990239732638e+00,1.515191635255924041e+01,0.000000000000000000e+00
7.327052837055356704e+00,1.502268457926907885e+01,0.000000000000000000e+00
6.938861627506472729e+00,1.488043678064584796e+01,0.000000000000000000e+00
6.556110898042803115e+00,1.472526617079833144e+01,0.000000000000000000e+00
6.178869301948897608e+00,1.455650386311206468e+01,0.000000000000000000e+00
5.807514416250580958e+00,1.437410258268742957e+01,0.000000000000000000e+00
5.442819686473798768e+00,1.417903004633303254e+01,0.000000000000000000e+00
5.085294684104543883e+00,1.397173231584985587e+01,0.000000000000000000e+00
4.735303454219282671e+00,1.375231980083953331e+01,0.000000000000000000e+00
4.393476484239255520e+00,1.352173024650976885e+01,0.000000000000000000e+00
4.059953217728664576e+00,1.327950861313091302e+01,0.000000000000000000e+00
3.734299802045657479e+00,1.302305106728627315e+01,0.000000000000000000e+00
3.417773123086007558e+00,1.275530294410033960e+01,0.000000000000000000e+00
3.112412349869834394e+00,1.248320411015941644e+01,0.000000000000000000e+00
2.818883531017522426e+00,1.220992600701933384e+01,0.000000000000000000e+00
2.536699196579349280e+00,1.193423141891700467e+01,0.000000000000000000e+00
2.266403786754829230e+00,1.165963670295986887e+01,0.000000000000000000e+00
2.007755513811480430e+00,1.138654734371625743e+01,0.000000000000000000e+00
1.760051260538225470e+00,1.111252631212893682e+01,0.000000000000000000e+00
1.523251367797007871e+00,1.083849666200314310e+01,0.000000000000000000e+00
1.297557926938618378e+00,1.056776126735265642e+01,0.000000000000000000e+00
1.083226567209631952e+00,1.030621234692887711e+01,0.000000000000000000e+00
8.798910771711236922e-01,1.005720103279896627e+01,0.000000000000000000e+00
6.867151365802443008e-01,9.820483981666399131e+00,0.000000000000000000e+00
5.028713640366747617e-01,9.595357233528098106e+00,0.000000000000000000e+00
3.275844907416855523e-01,9.380792448433799890e+00,0.000000000000000000e+00
1.601642192584832591e-01,9.175801975939116062e+00,0.000000000000000000e+00
5.498466669401316690e-16,8.979677525355986845e+00,0.000000000000000000e+00
-1.534606562717059364e-01,8.791755109637213295e+00,0.000000000000000000e+00
-3.007178904522013196e-01,8.611433677693362654e+00,0.000000000000000000e+00
-4.422260796058299359e-01,8.438176271837050990e+00,0.000000000000000000e+00
-5.783955713939779031e-01,8.271442030865468809e+00,0.000000000000000000e+00
-7.096010170753156432e-01,8.110776739263497959e+00,0.000000000000000000e+00
-8.361866262086231627e-01,7.955784313495643190e+00,0.000000000000000000e+00
-9.584637883812398007e-01,7.806061131245755291e+00,0.000000000000000000e+00
-1.076718364448894460e+00,7.661249249934714456e+00,0.000000000000000000e+00
-1.191217419245027997e+00,7.521050785065583000e+00,0.000000000000000000e+00
-1.302203767732228012e+00,7.385164553377469687e+00,0.000000000000000000e+00
-1.409897036374312407e+00,7.253291460584108563e+00,0.000000000000000000e+00
-1.514505909935783823e+00,7.125190104866959473e+00,0.000000000000000000e+00
-1.616225526689051284e+00,7.000641876255834894e+00,0.000000000000000000e+00
-1.715232880388315673e+00,6.879423333235223481e+00,0.000000000000000000e+00
-1.811688119877217451e+00,6.761312110850708379e+00,0.000000000000000000e+00
-1.905746488106840220e+00,6.646127828922884007e+00,0.000000000000000000e+00
-1.997555568455844810e+00,6.533709861651377793e+00,0.000000000000000000e+00
-2.087249800634813024e+00,6.423894349386095826e+00,0.000000000000000000e+00
-2.174950428292066640e+00,6.316514692251513630e+00,0.000000000000000000e+00
-2.260771380944367248e+00,6.211418319693893686e+00,0.000000000000000000e+00
-2.344827412107531206e+00,6.108484249875594685e+00,0.000000000000000000e+00
-2.427225202224847500e+00,6.007593188307429166e+00,0.000000000000000000e+00
-2.508061942429233859e+00,5.908623660704430236e+00,0.000000000000000000e+00
-2.587425350654486422e+00,5.811452487301989933e+00,0.000000000000000000e+00
-2.665398890674312238e+00,5.715966366969564838e+00,0.000000000000000000e+00
-2.742069220336850410e+00,5.622075056332989540e+00,0.000000000000000000e+00
-2.817517645516845359e+00,5.529689730537498349e+00,0.000000000000000000e+00
-2.891818705652696497e+00,5.438719972704603833e+00,0.000000000000000000e+00
-2.965040170923997298e+00,5.349074064645037652e+00,0.000000000000000000e+00
-3.037243967818403334e+00,5.260660867243569960e+00,0.000000000000000000e+00
-3.108495171355443620e+00,5.173404734672521599e+00,0.000000000000000000e+00
-3.178859322383658981e+00,5.087238336574606556e+00,0.000000000000000000e+00
-3.248397224389535598e+00,5.002093074389983407e+00,0.000000000000000000e+00
-3.317164864646509059e+00,4.917899154446762289e+00,0.000000000000000000e+00
-3.385213412657554155e+00,4.834585787683560731e+00,0.000000000000000000e+00
-3.452590214322758033e+00,4.752082749789539484e+00,0.000000000000000000e+00
-3.519346918296344828e+00,4.670331103410911844e+00,0.000000000000000000e+00
-3.585536142722031805e+00,4.589276982802914517e+00,0.000000000000000000e+00
-3.651207109474663870e+00,4.508865277410828654e+00,0.000000000000000000e+00
-3.716405587949388245e+00,4.429039710975880340e+00,0.000000000000000000e+00
-3.781173882907109540e+00,4.349742977105529818e+00,0.000000000000000000e+00
-3.845550995590440113e+00,4.270917062116605045e+00,0.000000000000000000e+00
-3.909578288109850419e+00,4.192509425560868586e+00,0.000000000000000000e+00
-3.973301322285936799e+00,4.114473965051244519e+00,0.000000000000000000e+00
-4.036763580666685947e+00,4.036763580666686835e+00,0.000000000000000000e+00
-4.100006019175268079e+00,3.959329789358992269e+00,0.000000000000000000e+00
-4.163067036285944766e+00,3.882122815939048177e+00,0.000000000000000000e+00
-4.225982444961741358e+00,3.805091684575227173e+00,0.000000000000000000e+00
-4.288786922079712127e+00,3.728185592683568306e+00,0.000000000000000000e+00
-4.351521412494433250e+00,3.651360012284117218e+00,0.000000000000000000e+00
-4.414228063769687793e+00,3.574571404922007201e+00,0.000000000000000000e+00
-4.476947103535982464e+00,3.497774422623544766e+00,0.000000000000000000e+00
-4.539716777820279603e+00,3.420921964246077085e+00,0.000000000000000000e+00
-4.602573295559733602e+00,3.343965237485934772e+00,0.000000000000000000e+00
-4.665550813477073788e+00,3.266853849497092455e+00,0.000000000000000000e+00
-4.728686035019922684e+00,3.189539004094783525e+00,0.000000000000000000e+00
-4.792022873256374105e+00,3.111976040668839261e+00,0.000000000000000000e+00
-4.855604678244813677e+00,3.034118548422735540e+00,0.000000000000000000e+00
-4.919473129732318206e+00,2.955917670020411947e+00,0.000000000000000000e+00
-4.983668144899439767e+00,2.877322145009454157e+00,0.000000000000000000e+00
-5.048227787055092897e+00,2.798278356160020408e+00,0.000000000000000000e+00
-5.113189374583207325e+00,2.718731016337151640e+00,0.000000000000000000e+00
-5.178599339854131678e+00,2.638628156390729451e+00,0.000000000000000000e+00
-5.244508442777218171e+00,2.557917678551246521e+00,0.000000000000000000e+00
-5.310965885380102947e+00,2.476544064552685054e+00,0.000000000000000000e+00
-5.378019113041383470e+00,2.394448379263596216e+00,0.000000000000000000e+00
-5.445713672559236329e+00,2.311568310289715988e+00,0.000000000000000000e+00
-5.514093513806126445e+00,2.227838391285208441e+00,0.000000000000000000e+00
-5.583211695887213111e+00,2.143194170040191970e+00,0.000000000000000000e+00
-5.653131217300248146e+00,2.057571493498353998e+00,0.000000000000000000e+00
-5.723913758122883166e+00,1.970901563010332591e+00,0.000000000000000000e+00
-5.795618910510904165e+00,1.883110735884891085e+00,0.000000000000000000e+00
-5.868303967438952995e+00,1.794120570971672990e+00,0.000000000000000000e+00
-5.942024957314452571e+00,1.703848238573599794e+00,0.000000000000000000e+00
-6.016853176403664349e+00,1.612210949593998910e+00,0.000000000000000000e+00
-6.092870849906055319e+00,1.519123320588509740e+00,0.000000000000000000e+00
-6.170157909911051064e+00,1.424493195620247787e+00,0.000000000000000000e+00
-6.248791366938319491e+00,1.328221607549726402e+00,0.000000000000000000e+00
-6.328845065413136517e+00,1.230202860299730583e+00,0.000000000000000000e+00
-6.410402122735834318e+00,1.130326851429143797e+00,0.000000000000000000e+00
-6.493570518556237126e+00,1.028480532289439253e+00,0.000000000000000000e+00
-6.578458363688588051e+00,9.245420294877244594e-01,0.000000000000000000e+00
-6.665169654552696166e+00,8.183799293776174988e-01,0.000000000000000000e+00
-6.753804075452674915e+00,7.098534124846643811e-01,0.000000000000000000e+00
-6.844477087856072117e+00,5.988141529503392402e-01,0.000000000000000000e+00
-6.937335540418785307e+00,4.851057577238971907e-01,0.000000000000000000e+00
-7.032524401341459175e+00,3.685589866281044902e-01,0.000000000000000000e+00
-7.130182426793477468e+00,2.489914569601635042e-01,0.000000000000000000e+00
-7.230450238976198207e+00,1.262079783815753253e-01,0.000000000000000000e+00
-7.333514159672602339e+00,8.980964642144844419e-16,0.000000000000000000e+00
-7.439572516698314431e+00,-1.298582213171498023e-01,0.000000000000000000e+00
-7.548814799705522383e+00,-2.636104215564097353e-01,0.000000000000000000e+00
-7.661433939701292495e+00,-4.015187389034639565e-01,0.000000000000000000e+00
-7.777683036632084601e+00,-5.438685790587991509e-01,0.000000000000000000e+00
-7.897827053880229542e+00,-6.909703337028653136e-01,0.000000000000000000e+00
-8.022119101373915484e+00,-8.431586933600775380e-01,0.000000000000000000e+00
-8.150852454673271907e+00,-1.000798839631421799e+00,0.000000000000000000e+00
-8.284380619866805517e+00,-1.164293767308396621e+00,0.000000000000000000e+00
-8.423045287162050698e+00,-1.334079313635383235e+00,0.000000000000000000e+00
-8.567222584479603498e+00,-1.510632491378661291e+00,0.000000000000000000e+00
-8.717378360171528229e+00,-1.694486700520598355e+00,0.000000000000000000e+00
-8.873970023334130985e+00,-1.886220556522746339e+00,0.000000000000000000e+00
-9.037513600300503214e+00,-2.086474417174051688e+00,0.000000000000000000e+00
-9.208599022871640116e+00,-2.295961603356249103e+00,0.000000000000000000e+00
-9.387834016759192934e+00,-2.515462543468044210e+00,0.000000000000000000e+00
-9.576020759397906090e+00,-2.745879766687903789e+00,0.000000000000000000e+00
-9.773987475671418679e+00,-2.988207851505430224e+00,0.000000000000000000e+00
-9.982488952645493185e+00,-3.243507278141920303e+00,0.000000000000000000e+00
-1.020231129673540771e+01,-3.512937498843094364e+00,0.000000000000000000e+00
-1.043531625040261268e+01,-3.798144500300946191e+00,0.000000000000000000e+00
-1.068332801931722464e+01,-4.100945401102029209e+00,0.000000000000000000e+00
-1.094397565604480249e+01,-4.421653179943614731e+00,0.000000000000000000e+00
-1.121339038115971043e+01,-4.759801821129315158e+00,0.000000000000000000e+00
-1.148798275396148227e+01,-5.114779458393400979e+00,0.000000000000000000e+00
-1.176563516162337208e+01,-5.486405778922700982e+00,0.000000000000000000e+00
-1.204560095842971279e+01,-5.875032136286338691e+00,0.000000000000000000e+00
-1.232817142607730432e+01,-6.281517087316403902e+00,0.000000000000000000e+00
-1.261269276657148097e+01,-6.706287702634568859e+00,0.000000000000000000e+00
-1.289777704590792951e+01,-7.149354560166519157e+00,0.000000000000000000e+00
-1.318089511062641606e+01,-7.609993340280385432e+00,0.000000000000000000e+00
-1.345164829486184388e+01,-8.082565721391713254e+00,0.000000000000000000e+00
-1.370097393526790519e+01,-8.561318703457439838e+00,0.000000000000000000e+00
-1.392882521996465250e+01,-9.045484862166031093e+00,0.000000000000000000e+00
-1.413571874723413657e+01,-9.534662686698579748e+00,0.000000000000000000e+00
-1.432185211597222008e+01,-1.002826881272842385e+01,0.000000000000000000e+00
-1.448700447123284185e+01,-1.052542485175447240e+01,0.000000000000000000e+00
-1.463067261207944902e+01,-1.102500260256048925e+01,0.000000000000000000e+00
-1.475252021319665019e+01,-1.152593199732034357e+01,0.000000000000000000e+00
-1.485270886442056337e+01,-1.202748648810172405e+01,0.000000000000000000e+00
-1.493152310537438865e+01,-1.252903553063468323e+01,0.000000000000000000e+00
-1.498926111701074504e+01,-1.302996589868188693e+01,0.000000000000000000e+00
-1.502623403596487250e+01,-1.352968189654862563e+01,0.000000000000000000e+00
-1.504276526763048771e+01,-1.402760554929306558e+01,0.000000000000000000e+00
-1.503904854926280521e+01,-1.452304036780170549e+01,0.000000000000000000e+00
-1.501489784678935457e+01,-1.501489784678934747e+01,0.000000000000000000e+00
-1.497064868814343619e+01,-1.550256053368153886e+01,0.000000000000000000e+00
-1.490680106277764416e+01,-1.598558702628541361e+01,0.000000000000000000e+00
-1.482385797096841529e+01,-1.646356218060799748e+01,0.000000000000000000e+00
-1.472232271579153462e+01,-1.693609493315877756e+01,0.000000000000000000e+00
-1.460245183584381934e+01,-1.740252443605077914e+01,0.000000000000000000e+00
-1.446402510184013224e+01,-1.786158347031399884e+01,0.000000000000000000e+00
-1.430698733322786076e+01,-1.831210871905738458e+01,0.000000000000000000e+00
-1.413208460413536827e+01,-1.875390969261935936e+01,0.000000000000000000e+00
-1.394010149969022017e+01,-1.918690367370670558e+01,0.000000000000000000e+00
-1.373145268302503652e+01,-1.961054677893584852e+01,0.000000000000000000e+00
-1.350688967808659946e+01,-2.002478744273877709e+01,0.000000000000000000e+00
-1.326671726694342013e+01,-2.042895310420013644e+01,0.000000000000000000e+00
-1.301050964398956111e+01,-2.082116782369807240e+01,0.000000000000000000e+00
-1.273884235361839856e+01,-2.120099395802486697e+01,0.000000000000000000e+00
-1.245284544768924917e+01,-2.156896101420055345e+01,0.000000000000000000e+00
-1.215299624906315934e+01,-2.192458560294443970e+01,0.000000000000000000e+00
-1.183983785278800838e+01,-2.226749639514769896e+01,0.000000000000000000e+00
-1.151315736337740780e+01,-2.259584359289847200e+01,0.000000000000000000e+00
-1.117378395637337363e+01,-2.290965217072941584e+01,0.000000000000000000e+00
-1.082278389875038904e+01,-2.320953497004959587e+01,0.000000000000000000e+00
-1.046079096539546249e+01,-2.349532119240319972e+01,0.000000000000000000e+00
-1.008868793653619989e+01,-2.376745934334635635e+01,0.000000000000000000e+00
-9.705012534320358597e+00,-2.402074893593666260e+01,0.000000000000000000e+00
-9.312329867369422587e+00,-2.425944870430553024e+01,0.000000000000000000e+00
-8.911596914744229991e+00,-2.448441129454120357e+01,0.000000000000000000e+00
-8.500944645987882353e+00,-2.468853591139805914e+01,0.000000000000000000e+00
-8.083832043347578988e+00,-2.487947679710062232e+01,0.000000000000000000e+00
-7.658947661622317327e+00,-2.505128901385031170e+01,0.000000000000000000e+00
-7.228018454744648658e+00,-2.520709595942516401e+01,0.000000000000000000e+00
-6.791099979787598606e+00,-2.534473016384730570e+01,0.000000000000000000e+00
-6.349224811889243369e+00,-2.546534981825807620e+01,0.000000000000000000e+00
-5.902650272987409075e+00,-2.556718725178171070e+01,0.000000000000000000e+00
-5.452639349610440611e+00,-2.565265126030423559e+01,0.000000000000000000e+00
-4.998979920965252788e+00,-2.571752222815664624e+01,0.000000000000000000e+00
-4.543549671630716880e+00,-2.576775064924930092e+01,0.000000000000000000e+00
-4.085563668621634115e+00,-2.579523380106113351e+01,0.000000000000000000e+00
-3.627106468698433339e+00,-2.580820354724083288e+01,0.000000000000000000e+00
-3.167836846680194718e+00,-2.579996070666621222e+01,0.000000000000000000e+00
-2.709016242749854531e+00,-2.577456784593086780e+01,0.000000000000000000e+00
-2.251177930449584252e+00,-2.573108148786076299e+01,0.000000000000000000e+00
-1.794828797023829692e+00,-2.566724761417344070e+01,0.000000000000000000e+00
-1.341026072147519566e+00,-2.558830178445386494e+01,0.000000000000000000e+00
-8.900137584105071165e-01,-2.548665941112244582e+01,0.000000000000000000e+00
-4.428586379160958098e-01,-2.537135437406353233e+01,0.000000000000000000e+00
-4.636598014397164337e-15,-2.524046398589016249e+01,0.000000000000000000e+00
4.382135217125147086e-01,-2.510523584499048155e+01,0.000000000000000000e+00
8.717003037012759359e-01,-2.496223068358397157e+01,0.000000000000000000e+00
1.300508370114991985e+00,-2.481517797369873790e+01,0.000000000000000000e+00
1.724425327749701919e+00,-2.466043109676959943e+01,0.000000000000000000e+00
2.143622611058265903e+00,-2.450171856177789564e+01,0.000000000000000000e+00
2.557841579816125588e+00,-2.433623700653519961e+01,0.000000000000000000e+00
2.967205653591497239e+00,-2.416595076589389279e+01,0.000000000000000000e+00
3.371670976512080475e+00,-2.399068558011566310e+01,0.000000000000000000e+00
3.771012214061330248e+00,-2.380923407838783845e+01,0.000000000000000000e+00
4.165512969827129375e+00,-2.362379797516242874e+01,0.000000000000000000e+00
4.554905231169708024e+00,-2.343295599937837181e+01,0.000000000000000000e+00
4.939147751353877069e+00,-2.323686322618234357e+01,0.000000000000000000e+00
5.318454808290248970e+00,-2.303675869057978787e+01,0.000000000000000000e+00
5.692687609312746311e+00,-2.283212292400734356e+01,0.000000000000000000e+00
6.061561597774820953e+00,-2.262205585610397307e+01,0.000000000000000000e+00
6.425426442058882692e+00,-2.240812498187342783e+01,0.000000000000000000e+00
6.784227565786337344e+00,-2.219020849794452488e+01,0.000000000000000000e+00
7.137926015667127366e+00,-2.196827738799368390e+01,0.000000000000000000e+00
7.486152676061887057e+00,-2.174136603376092935e+01,0.000000000000000000e+00
7.829284131606736530e+00,-2.151078136208393587e+01,0.000000000000000000e+00
8.167274929598512756e+00,-2.127647860744497521e+01,0.000000000000000000e+00
8.500122375580017930e+00,-2.103854114422779986e+01,0.000000000000000000e+00
8.827807340196539343e+00,-2.079701080743832620e+01,0.000000000000000000e+00
9.150313938767629551e+00,-2.055194159924040420e+01,0.000000000000000000e+00
9.467614462534305275e+00,-2.030336473562119082e+01,0.000000000000000000e+00
9.779546397962434412e+00,-2.005104154864534749e+01,0.000000000000000000e+00
1.008631335171044441e+01,-1.979550454588379083e+01,0.000000000000000000e+00
1.038790674245761991e+01,-1.953681113008967074e+01,0.000000000000000000e+00
1.068433402258124509e+01,-1.927504881000782788e+01,0.000000000000000000e+00
1.097559949140380731e+01,-1.901029596263851928e+01,0.000000000000000000e+00
1.126171422605951555e+01,-1.874263992252580024e+01,0.000000000000000000e+00
1.154268978513569799e+01,-1.847216502116209469e+01,0.000000000000000000e+00
1.181854973359578764e+01,-1.819897065786434709e+01,0.000000000000000000e+00
1.208928940428590337e+01,-1.792310860784894544e+01,0.000000000000000000e+00
1.235469608851462020e+01,-1.764433459271675630e+01,0.000000000000000000e+00
1.261498763234988729e+01,-1.736304090413384671e+01,0.000000000000000000e+00
1.287021612464346632e+01,-1.707935366134363164e+01,0.000000000000000000e+00
1.312041474987884904e+01,-1.679336507001006851e+01,0.000000000000000000e+00
1.336560253974253420e+01,-1.650514457170571347e+01,0.000000000000000000e+00
1.360590982535096316e+01,-1.621489191487487247e+01,0.000000000000000000e+00
1.384125971641234010e+01,-1.592254789390159786e+01,0.000000000000000000e+00
1.407135873935785497e+01,-1.562782711658198487e+01,0.000000000000000000e+00
1.429847754319886910e+01,-1.533323991831708710e+01,0.000000000000000000e+00
1.452429491668770822e+01,-1.504034767266442607e+01,0.000000000000000000e+00
1.474895450678134701e+01,-1.474895450678135411e+01,0.000000000000000000e+00
1.497260196170250524e+01,-1.445887364407049702e+01,0.000000000000000000e+00
1.519537969055499538e+01,-1.416992080103235807e+01,0.000000000000000000e+00
1.541742778131588310e+01,-1.388191432696669025e+01,0.000000000000000000e+00
1.563888449845914508e+01,-1.359467488875030661e+01,0.000000000000000000e+00
1.585988665126650332e+01,-1.330802503959119676e+01,0.000000000000000000e+00
1.608056993551033287e+01,-1.302178877845194727e+01,0.000000000000000000e+00
1.630106926670624645e+01,-1.273579111476800385e+01,0.000000000000000000e+00
1.652151911054784250e+01,-1.244985763960404235e+01,0.000000000000000000e+00
1.674205381112486535e+01,-1.216381409993645057e+01,0.000000000000000000e+00
1.696280792021226347e+01,-1.187748597493600577e+01,0.000000000000000000e+00
1.718391652720163876e+01,-1.159069805030685529e+01,0.000000000000000000e+00
1.740551558807797505e+01,-1.130327398641546921e+01,0.000000000000000000e+00
1.762774226122123977e+01,-1.101503588239400599e+01,0.000000000000000000e+00
1.785073524985309135e+01,-1.072580383232383205e+01,0.000000000000000000e+00
1.807463515284013411e+01,-1.043539547099653753e+01,0.000000000000000000e+00
1.829958482695932886e+01,-1.014362550741130420e+01,0.000000000000000000e+00
1.852572975847613534e+01,-9.850305240993488809e+00,0.000000000000000000e+00
1.875321844863460541e+01,-9.555242059507765617e+00,0.000000000000000000e+00
1.898220281680650245e+01,-9.258238916523209738e+00,0.000000000000000000e+00
1.921283862241866558e+01,-8.959093784529970961e+00,0.000000000000000000e+00
1.944528590818739744e+01,-8.657599080350877330e+00,0.000000000000000000e+00
1.967970946741674254e+01,-8.353541059240162880e+00,0.000000000000000000e+00
1.991627933836231890e+01,-8.046699173757248857e+00,0.000000000000000000e+00
2.015517132894435548e+01,-7.736845393158716000e+00,0.000000000000000000e+00
2.039656757542176635e+01,-7.423743478652682803e+00,0.000000000000000000e+00
2.064065713898996890e+01,-7.107148209398727268e+00,0.000000000000000000e+00
2.088763664475791160e+01,-6.786804553638067894e+00,0.000000000000000000e+00
2.113771096789463044e+01,-6.462446778690612348e+00,0.000000000000000000e+00
2.139109397238565791e+01,-6.133797492914651706e+00,0.000000000000000000e+00
2.164800930833533599e+01,-5.800566611909878212e+00,0.000000000000000000e+00
2.190869127434069341e+01,-5.462450240339187246e+00,0.000000000000000000e+00
2.217338575211430651e+01,-5.119129459719971464e+00,0.000000000000000000e+00
2.244235122116485925e+01,-4.770269011361837563e+00,0.000000000000000000e+00
2.271585986199874796e+01,-4.415515862304403960e+00,0.000000000000000000e+00
2.299419876257660889e+01,-4.054497641615477654e+00,0.000000000000000000e+00
2.327767124654715403e+01,-3.686820932442928189e+00,0.000000000000000000e+00
2.356659830423807378e+01,-3.312069396773592356e+00,0.000000000000000000e+00
2.386132017308461428e+01,-2.929801720015829058e+00,0.000000000000000000e+00
2.416219810691693226e+01,-2.539549354365278511e+00,0.000000000000000000e+00
2.446961625727550782e+01,-2.140814023341260253e+00,0.000000000000000000e+00
2.478398383444325859e+01,-1.733064976802102697e+00,0.000000000000000000e+00
2.510573741173811158e+01,-1.315735945012374675e+00,0.000000000000000000e+00
2.543534357120880074e+01,-8.882217697935861356e-01,0.000000000000000000e+00
2.577330159099834361e+01,-4.498746526854337513e-01,0.000000000000000000e+00
2.612011155339076396e+01,-6.397582201446360411e-15,0.000000000000000000e+00
