1.947204216217894412e+01,0.000000000000000000e+00,0.000000000000000000e+00
1.956635844716877415e+01,3.415320571041094988e-01,0.000000000000000000e+00
1.965780887304326541e+01,6.864658123683770041e-01,0.000000000000000000e+00
1.974628216743204945e+01,1.034858797491430948e+00,0.000000000000000000e+00
1.983167137734157848e+01,1.386765554928862887e+00,0.000000000000000000e+00
1.991388730688833064e+01,1.742239386085521868e+00,0.000000000000000000e+00
1.999284049738426461e+01,2.101332211266219385e+00,0.000000000000000000e+00
2.006843770824592355e+01,2.464094312014268429e+00,0.000000000000000000e+00
2.014058193585315948e+01,2.830574196656709951e+00,0.000000000000000000e+00
2.020917243628367643e+01,3.200818465742835794e+00,0.000000000000000000e+00
2.027410302626581995e+01,3.574871373193804658e+00,0.000000000000000000e+00
2.033524766536221762e+01,3.952771727585175920e+00,0.000000000000000000e+00
2.039246806431216896e+01,4.334552895715925835e+00,0.000000000000000000e+00
2.044562268101830682e+01,4.720243924802483448e+00,0.000000000000000000e+00
2.049456693604492585e+01,5.109869443299965397e+00,0.000000000000000000e+00
2.053915333923124109e+01,5.503449550466007700e+00,0.000000000000000000e+00
2.057923161944270873e+01,5.900999709336956833e+00,0.000000000000000000e+00
2.061464885737278152e+01,6.302530643195576765e+00,0.000000000000000000e+00
2.064524962130572661e+01,6.708048235607180665e+00,0.000000000000000000e+00
2.067087610574899870e+01,7.117553434098922160e+00,0.000000000000000000e+00
2.069136827284238578e+01,7.531042157554709959e+00,0.000000000000000000e+00
2.070656399644892787e+01,7.948505207395951011e+00,0.000000000000000000e+00
2.071629920883141551e+01,8.369928182616000356e+00,0.000000000000000000e+00
2.072040804981640605e+01,8.795291398733832366e+00,0.000000000000000000e+00
2.071909611120583250e+01,9.224735922373376695e+00,0.000000000000000000e+00
2.071356222490377519e+01,9.658892693142721697e+00,0.000000000000000000e+00
2.070344435941042605e+01,1.009774450964452974e+01,0.000000000000000000e+00
2.068791527997134949e+01,1.054101933213006603e+01,0.000000000000000000e+00
2.066616605525817718e+01,1.098839540786307012e+01,0.000000000000000000e+00
2.063740811284370480e+01,1.143950211547407392e+01,0.000000000000000000e+00
2.060087526371038535e+01,1.189392087904509054e+01,0.000000000000000000e+00
2.055582569370153934e+01,1.235118615094013705e+01,0.000000000000000000e+00
2.050154391985349278e+01,1.281078646233946472e+01,0.000000000000000000e+00
2.043734270957596522e+01,1.327216554037841689e+01,0.000000000000000000e+00
2.036256496068018862e+01,1.373472349073595922e+01,0.000000000000000000e+00
2.027658554028666060e+01,1.419781804446272133e+01,0.000000000000000000e+00
2.017880852210626230e+01,1.466076255578720478e+01,0.000000000000000000e+00
2.006855252180107030e+01,1.512273903250383889e+01,0.000000000000000000e+00
1.994504988204392859e+01,1.558278079280041695e+01,0.000000000000000000e+00
1.980757960302340237e+01,1.603986169876744583e+01,0.000000000000000000e+00
1.965549942190835253e+01,1.649292231552853849e+01,0.000000000000000000e+00
1.948874940203185702e+01,1.694131139181020629e+01,0.000000000000000000e+00
1.930781781343429060e+01,1.738483724578211209e+01,0.000000000000000000e+00
1.911319223138011125e+01,1.782334010001110869e+01,0.000000000000000000e+00
1.890513461624369640e+01,1.825647628512317411e+01,0.000000000000000000e+00
1.868376594880924557e+01,1.868376594880924202e+01,0.000000000000000000e+00
1.844922097542970008e+01,1.910472758587826902e+01,0.000000000000000000e+00
1.820165144908355259e+01,1.951888148477262064e+01,0.000000000000000000e+00
1.794124313988964303e+01,1.992576916275483612e+01,0.000000000000000000e+00
1.766823949824529905e+01,2.032498452999576699e+01,0.000000000000000000e+00
1.738320616064439150e+01,2.071649839275375271e+01,0.000000000000000000e+00
1.708704940621306889e+01,2.110074872530645251e+01,0.000000000000000000e+00
1.677911332742019823e+01,2.147628569905084461e+01,0.000000000000000000e+00
1.645850195244229752e+01,2.184116978761795380e+01,0.000000000000000000e+00
1.612767753300799356e+01,2.219784377562133315e+01,0.000000000000000000e+00
1.578687507015563440e+01,2.254599416412954582e+01,0.000000000000000000e+00
1.543422651930277389e+01,2.288218181670253770e+01,0.000000000000000000e+00
1.507170437393793883e+01,2.320838951039802822e+01,0.000000000000000000e+00
1.470034814563919845e+01,2.352547472639098558e+01,0.000000000000000000e+00
1.431956539109924442e+01,2.383175887658303438e+01,0.000000000000000000e+00
1.392877248521245725e+01,2.412534163145538813e+01,0.000000000000000000e+00
1.352944815244809718e+01,2.440777056948509482e+01,0.000000000000000000e+00
1.312217597077812847e+01,2.467922363117411777e+01,0.000000000000000000e+00
1.270706695461247548e+01,2.493902309927978678e+01,0.000000000000000000e+00
1.228450845101804489e+01,2.518697486903562677e+01,0.000000000000000000e+00
1.185467193771821570e+01,2.542242601080717179e+01,0.000000000000000000e+00
1.141756611351625850e+01,2.564427335944015596e+01,0.000000000000000000e+00
1.097414101237276007e+01,2.585345606688183295e+01,0.000000000000000000e+00
1.052483865708007649e+01,2.604988979446652309e+01,0.000000000000000000e+00
1.007000598634769695e+01,2.623326247643549181e+01,0.000000000000000000e+00
9.610055315599380421e+00,2.640340997931915368e+01,0.000000000000000000e+00
9.145388852211199904e+00,2.656013778516696533e+01,0.000000000000000000e+00
8.676423469166319791e+00,2.670328567261417518e+01,0.000000000000000000e+00
8.203581480101266976e+00,2.683270596513722950e+01,0.000000000000000000e+00
7.727291855359221806e+00,2.694826922815396486e+01,0.000000000000000000e+00
7.247988639513070375e+00,2.704986185534480825e+01,0.000000000000000000e+00
6.766110253382860762e+00,2.713738599846933752e+01,0.000000000000000000e+00
6.282098686642442864e+00,2.721075890106393302e+01,0.000000000000000000e+00
5.796398844249778470e+00,2.726991252920360154e+01,0.000000000000000000e+00
5.309457910343907905e+00,2.731479301528506909e+01,0.000000000000000000e+00
4.821724936221842839e+00,2.734536096999228505e+01,0.000000000000000000e+00
4.333649982981173210e+00,2.736158914411885235e+01,0.000000000000000000e+00
3.845684907935196684e+00,2.736346995575195251e+01,0.000000000000000000e+00
3.358279098319168821e+00,2.735098837853746190e+01,0.000000000000000000e+00
2.871891014482528259e+00,2.732421778459380945e+01,0.000000000000000000e+00
2.386952142513124819e+00,2.728298783311328179e+01,0.000000000000000000e+00
1.903985927353127661e+00,2.722826730455317801e+01,0.000000000000000000e+00
1.423699982455505442e+00,2.716581396754968836e+01,0.000000000000000000e+00
9.463175787412576589e-01,2.709898987090999967e+01,0.000000000000000000e+00
4.717780478867839022e-01,2.702814626166864542e+01,0.000000000000000000e+00
1.650417944065996656e-15,2.695337047735039704e+01,0.000000000000000000e+00
-4.690982406006507510e-01,2.687462020506809779e+01,0.000000000000000000e+00
-9.355966193704795542e-01,2.679198176293282074e+01,0.000000000000000000e+00
-1.399581394059218775e+00,2.670560388564526377e+01,0.000000000000000000e+00
-1.861140633662410115e+00,2.661555105881146588e+01,0.000000000000000000e+00
-2.320363421082392463e+00,2.652187526438597232e+01,0.000000000000000000e+00
-2.777340140235468269e+00,2.642462630754194564e+01,0.000000000000000000e+00
-3.232161976412071702e+00,2.632384684722698509e+01,0.000000000000000000e+00
-3.684920910878806577e+00,2.621957467864751834e+01,0.000000000000000000e+00
-4.135709284479212933e+00,2.611184075913624270e+01,0.000000000000000000e+00
-4.584620273224561338e+00,2.600067360538923822e+01,0.000000000000000000e+00
-5.031745547347437508e+00,2.588608676294698441e+01,0.000000000000000000e+00
-5.477181249335579594e+00,2.576811182069501172e+01,0.000000000000000000e+00
-5.921013904311348774e+00,2.564672887782566235e+01,0.000000000000000000e+00
-6.363275576631325592e+00,2.552170435758722178e+01,0.000000000000000000e+00
-6.804082907642723832e+00,2.539318311023361119e+01,0.000000000000000000e+00
-7.243548912850341637e+00,2.526125710334240537e+01,0.000000000000000000e+00
-7.681764802072714282e+00,2.512592051743885690e+01,0.000000000000000000e+00
-8.118817385773166251e+00,2.498715060952630651e+01,0.000000000000000000e+00
-8.554795284180093162e+00,2.484492952060567816e+01,0.000000000000000000e+00
-8.989779137224457983e+00,2.469921518540845184e+01,0.000000000000000000e+00
-9.423863474231062298e+00,2.455000368388667553e+01,0.000000000000000000e+00
-9.857112602395119438e+00,2.439720981483225160e+01,0.000000000000000000e+00
-1.028946095874828082e+01,2.424045094271829015e+01,0.000000000000000000e+00
-1.072109991193066492e+01,2.407998465889753348e+01,0.000000000000000000e+00
-1.115213089898378662e+01,2.391582189129922398e+01,0.000000000000000000e+00
-1.158261765212291650e+01,2.374788546769177700e+01,0.000000000000000000e+00
-1.201263500610615687e+01,2.357612366178287289e+01,0.000000000000000000e+00
-1.244224096783789690e+01,2.340045187642910918e+01,0.000000000000000000e+00
-1.287151520966904705e+01,2.322082812094544479e+01,0.000000000000000000e+00
-1.330048381201375030e+01,2.303711372765520693e+01,0.000000000000000000e+00
-1.372897703443718420e+01,2.284885479207526870e+01,0.000000000000000000e+00
-1.415725700362739659e+01,2.265634721941317054e+01,0.000000000000000000e+00
-1.458540398874104405e+01,2.245955258534380050e+01,0.000000000000000000e+00
-1.501344206797404190e+01,2.225834321300552077e+01,0.000000000000000000e+00
-1.544141755669607363e+01,2.205262970486820606e+01,0.000000000000000000e+00
-1.586937579392882647e+01,2.184232193192652005e+01,0.000000000000000000e+00
-1.629732660390514098e+01,2.162728287596885934e+01,0.000000000000000000e+00
-1.672515746353441912e+01,2.140722534256250498e+01,0.000000000000000000e+00
-1.715284293532553050e+01,2.118199696732585124e+01,0.000000000000000000e+00
-1.758053285983583791e+01,2.095166319542992284e+01,0.000000000000000000e+00
-1.800833846229343393e+01,2.071622363356533469e+01,0.000000000000000000e+00
-1.843465454521407665e+01,2.047375804446761904e+01,0.000000000000000000e+00
-1.885680326799739603e+01,2.022144579569159362e+01,0.000000000000000000e+00
-1.927305308271272466e+01,1.995783070644382562e+01,0.000000000000000000e+00
-1.968276226498072035e+01,1.968276226498072390e+01,0.000000000000000000e+00
-2.008515367449921030e+01,1.939600744373893448e+01,0.000000000000000000e+00
-2.048070172761431351e+01,1.909856333568601983e+01,0.000000000000000000e+00
-2.086959312216544404e+01,1.879106605004815478e+01,0.000000000000000000e+00
-2.125117446114512632e+01,1.847336412209235235e+01,0.000000000000000000e+00
-2.162446684595888868e+01,1.814508215484942966e+01,0.000000000000000000e+00
-2.198908531440016390e+01,1.780641019216407983e+01,0.000000000000000000e+00
-2.234610255672856738e+01,1.745868873601704507e+01,0.000000000000000000e+00
-2.269485422596570601e+01,1.710179931846896295e+01,0.000000000000000000e+00
-2.303332664709693134e+01,1.673469137055505485e+01,0.000000000000000000e+00
-2.336338349801191328e+01,1.635921724339229044e+01,0.000000000000000000e+00
-2.368455986794878498e+01,1.597543734859579700e+01,0.000000000000000000e+00
-2.399487602442603063e+01,1.558245468809514911e+01,0.000000000000000000e+00
-2.429544763927615136e+01,1.518148062070148896e+01,0.000000000000000000e+00
-2.458674532533812496e+01,1.477320701605564857e+01,0.000000000000000000e+00
-2.486789300952048620e+01,1.435748472322546476e+01,0.000000000000000000e+00
-2.513822218522848573e+01,1.393434409470295954e+01,0.000000000000000000e+00
-2.539733251557192517e+01,1.350400123757235349e+01,0.000000000000000000e+00
-2.564540030623384581e+01,1.306698411849836639e+01,0.000000000000000000e+00
-2.588257702573634234e+01,1.262377629151767700e+01,0.000000000000000000e+00
-2.610840194889541266e+01,1.217454777095882434e+01,0.000000000000000000e+00
-2.632239268261477605e+01,1.171948428825561805e+01,0.000000000000000000e+00
-2.652460973809937173e+01,1.125902884361123668e+01,0.000000000000000000e+00
-2.671528310082075919e+01,1.079367500334236318e+01,0.000000000000000000e+00
-2.689438979822768161e+01,1.032378898776299891e+01,0.000000000000000000e+00
-2.706166357867499883e+01,9.849640032363501163e+00,0.000000000000000000e+00
-2.721684169208957371e+01,9.371510141119866688e+00,0.000000000000000000e+00
-2.735974965541253923e+01,8.889721547045008165e+00,0.000000000000000000e+00
-2.749026959089736977e+01,8.404618855507349551e+00,0.000000000000000000e+00
-2.760829353584427182e+01,7.916550780078082994e+00,0.000000000000000000e+00
-2.771372803624555914e+01,7.425871046567769085e+00,0.000000000000000000e+00
-2.780650655568792473e+01,6.932940745575481678e+00,0.000000000000000000e+00
-2.788657625340144008e+01,6.438123416307866442e+00,0.000000000000000000e+00
-2.795389440417137905e+01,5.941783679837538301e+00,0.000000000000000000e+00
-2.800842841534583627e+01,5.444286973836586441e+00,0.000000000000000000e+00
-2.805015583725745643e+01,4.945999287185529170e+00,0.000000000000000000e+00
-2.807906436706373654e+01,4.447286894614023822e+00,0.000000000000000000e+00
-2.809515184601375282e+01,3.948516091529215455e+00,0.000000000000000000e+00
-2.809843486545264213e+01,3.450053987013470103e+00,0.000000000000000000e+00
-2.808897473407462542e+01,2.952270208821829112e+00,0.000000000000000000e+00
-2.806685177874675219e+01,2.455531351502769244e+00,0.000000000000000000e+00
-2.803215658446359271e+01,1.960199341852829180e+00,0.000000000000000000e+00
-2.798498980052084306e+01,1.466631168703855126e+00,0.000000000000000000e+00
-2.792546193997104709e+01,9.751786193562956839e-01,0.000000000000000000e+00
-2.785369317256336430e+01,4.861880228177422603e-01,0.000000000000000000e+00
-2.776981311137205921e+01,3.400821273976199432e-15,0.000000000000000000e+00
-2.775832112367806204e+01,-4.845232975121053776e-01,0.000000000000000000e+00
-2.687999854930962229e+01,-9.386702332789524927e-01,0.000000000000000000e+00
-2.605328160373119672e+01,-1.365394631887255183e+00,0.000000000000000000e+00
-2.527438426313065634e+01,-1.767357115355944419e+00,0.000000000000000000e+00
-2.453895559759702394e+01,-2.146880429555749981e+00,0.000000000000000000e+00
-2.384305477393510131e+01,-2.506006038412075476e+00,0.000000000000000000e+00
-2.318318632666770540e+01,-2.846537353450121710e+00,0.000000000000000000e+00
-2.255624896972562610e+01,-3.170074057960198921e+00,0.000000000000000000e+00
-2.195948295838834241e+01,-3.478040418180527560e+00,0.000000000000000000e+00
-2.139042328417419370e+01,-3.771708753774485334e+00,0.000000000000000000e+00
-2.084686058883687565e+01,-4.052219205809030278e+00,0.000000000000000000e+00
-2.032680888844029710e+01,-4.320596607050507743e+00,0.000000000000000000e+00
-1.982847789153140283e+01,-4.577764823591073728e+00,0.000000000000000000e+00
-1.935024927025701658e+01,-4.824559005070892859e+00,0.000000000000000000e+00
-1.889065629059599871e+01,-5.061736097559096592e+00,0.000000000000000000e+00
-1.844836626581111005e+01,-5.289983901509782704e+00,0.000000000000000000e+00
-1.802216534703781292e+01,-5.509928892910518350e+00,0.000000000000000000e+00
-1.761094522708070542e+01,-5.722142973557420298e+00,0.000000000000000000e+00
-1.721369147986533576e+01,-5.927149303166679317e+00,0.000000000000000000e+00
-1.682947434631495298e+01,-6.125427720405295595e+00,0.000000000000000000e+00
-1.645744006638547674e+01,-6.317419350236254338e+00,0.000000000000000000e+00
-1.609680213038412688e+01,-6.503530212754410122e+00,0.000000000000000000e+00
-1.574683384268614184e+01,-6.684134401257380453e+00,0.000000000000000000e+00
-1.540686478604012599e+01,-6.859578153415018420e+00,0.000000000000000000e+00
-1.507627492585657691e+01,-7.030182454377102097e+00,0.000000000000000000e+00
-1.475448683145387285e+01,-7.196244055265905715e+00,0.000000000000000000e+00
-1.444096529103424587e+01,-7.358039331047659282e+00,0.000000000000000000e+00
-1.413521307666313653e+01,-7.515826111406460619e+00,0.000000000000000000e+00
-1.383676346489511921e+01,-7.669843231402340145e+00,0.000000000000000000e+00
-1.354518402675089028e+01,-7.820315644067648009e+00,0.000000000000000000e+00
-1.326006779757811316e+01,-7.967452545200204739e+00,0.000000000000000000e+00
-1.298103385976145141e+01,-8.111450215062170344e+00,0.000000000000000000e+00
-1.270772598533292808e+01,-8.252493747148520242e+00,0.000000000000000000e+00
-1.243980648438001246e+01,-8.390755421585961216e+00,0.000000000000000000e+00
-1.217696100897132716e+01,-8.526399890967431006e+00,0.000000000000000000e+00
-1.191888888145969716e+01,-8.659579658950713466e+00,0.000000000000000000e+00
-1.166531034937879596e+01,-8.790441859480427667e+00,0.000000000000000000e+00
-1.141595630700108543e+01,-8.919122575488646731e+00,0.000000000000000000e+00
-1.117057594496593609e+01,-9.045754041825647462e+00,0.000000000000000000e+00
-1.092892689283314667e+01,-9.170458524939748557e+00,0.000000000000000000e+00
-1.069078275453197513e+01,-9.293355665389077203e+00,0.000000000000000000e+00
-1.045592380748563066e+01,-9.414556083130133146e+00,0.000000000000000000e+00
-1.022414416498622458e+01,-9.534168676695998101e+00,0.000000000000000000e+00
-9.995243480198451991e+00,-9.652294430291238569e+00,0.000000000000000000e+00
-9.769032845100159790e+00,-9.769032845100154461e+00,0.000000000000000000e+00
-9.545328689838447289e+00,-9.884477213422524500e+00,0.000000000000000000e+00
-9.323955941738063302e+00,-9.998718605568608808e+00,0.000000000000000000e+00
-9.104745568484835516e+00,-1.011184437269488612e+01,0.000000000000000000e+00
-8.887533761675403099e+00,-1.022393805754147067e+01,0.000000000000000000e+00
-8.672163765148040326e+00,-1.033508232268050087e+01,0.000000000000000000e+00
-8.458481268695313915e+00,-1.044535446731684658e+01,0.000000000000000000e+00
-8.246339197202033233e+00,-1.055483285168453733e+01,0.000000000000000000e+00
-8.035591860999954150e+00,-1.066359056779510084e+01,0.000000000000000000e+00
-7.826099080214589776e+00,-1.077170128182343944e+01,0.000000000000000000e+00
-7.617722989423115543e+00,-1.087923590325819667e+01,0.000000000000000000e+00
-7.410328226786252692e+00,-1.098626339290150966e+01,0.000000000000000000e+00
-7.203783244569043731e+00,-1.109285342522641216e+01,0.000000000000000000e+00
-6.997956589846800135e+00,-1.119907156346219068e+01,0.000000000000000000e+00
-6.792720722396645705e+00,-1.130498572762191500e+01,0.000000000000000000e+00
-6.587947933509049392e+00,-1.141066053845604955e+01,0.000000000000000000e+00
-6.383512348338350684e+00,-1.151616112276722248e+01,0.000000000000000000e+00
-6.179289254870141690e+00,-1.162155283866449196e+01,0.000000000000000000e+00
-5.975153223396202584e+00,-1.172689848824034620e+01,0.000000000000000000e+00
-5.770980757694456287e+00,-1.183226401718112797e+01,0.000000000000000000e+00
-5.566646638426467675e+00,-1.193771224013681298e+01,0.000000000000000000e+00
-5.362026334932997962e+00,-1.204330833090236119e+01,0.000000000000000000e+00
-5.156994351129789322e+00,-1.214911734264884124e+01,0.000000000000000000e+00
-4.951423592226713133e+00,-1.225520343881561836e+01,0.000000000000000000e+00
-4.745186849099297888e+00,-1.236163437051740210e+01,0.000000000000000000e+00
-4.538153827470470247e+00,-1.246847516698666247e+01,0.000000000000000000e+00
-4.330193527645196383e+00,-1.257579514542862320e+01,0.000000000000000000e+00
-4.121171861486228494e+00,-1.268366279196605362e+01,0.000000000000000000e+00
-3.910952183803984017e+00,-1.279214819116151425e+01,0.000000000000000000e+00
-3.699395308381061565e+00,-1.290132463192542289e+01,0.000000000000000000e+00
-3.486357675829018454e+00,-1.301126397955164826e+01,0.000000000000000000e+00
-3.271693062689003728e+00,-1.312204415621454423e+01,0.000000000000000000e+00
-3.055249896913377672e+00,-1.323374121838942941e+01,0.000000000000000000e+00
-2.836872738264918148e+00,-1.334643690119969328e+01,0.000000000000000000e+00
-2.616400486183771079e+00,-1.346021362858334314e+01,0.000000000000000000e+00
-2.393666484660009530e+00,-1.357515721668054809e+01,0.000000000000000000e+00
-2.168498074654522600e+00,-1.369135800341988940e+01,0.000000000000000000e+00
-1.940715313900374994e+00,-1.380890698429414520e+01,0.000000000000000000e+00
-1.710131370415387320e+00,-1.392790231800989353e+01,0.000000000000000000e+00
-1.476550776881202731e+00,-1.404844222641327534e+01,0.000000000000000000e+00
-1.239770041439910875e+00,-1.417063641705476584e+01,0.000000000000000000e+00
-9.995753337497300661e-01,-1.429459324639626949e+01,0.000000000000000000e+00
-7.557424183532258644e-01,-1.442042438531205129e+01,0.000000000000000000e+00
-5.080358999869972747e-01,-1.454824470884135224e+01,0.000000000000000000e+00
-2.562090890272433197e-01,-1.467820887982261091e+01,0.000000000000000000e+00
-2.720638070041152429e-15,-1.481046383841918868e+01,0.000000000000000000e+00
2.608669558924190945e-01,-1.494505789381002892e+01,0.000000000000000000e+00
5.266786511468651844e-01,-1.508210325294584564e+01,0.000000000000000000e+00
7.977601210219243955e-01,-1.522216991323790580e+01,0.000000000000000000e+00
1.074363890526727427e+00,-1.536411943668533731e+01,0.000000000000000000e+00
1.356211551438173846e+00,-1.550156896654748451e+01,0.000000000000000000e+00
1.642777523311085286e+00,-1.562998407398687561e+01,0.000000000000000000e+00
1.933765311266448794e+00,-1.574925460535405186e+01,0.000000000000000000e+00
2.228820495699916471e+00,-1.585888187173254948e+01,0.000000000000000000e+00
2.527490503308986725e+00,-1.595794699359392332e+01,0.000000000000000000e+00
2.829453702110520386e+00,-1.604662934022945109e+01,0.000000000000000000e+00
3.134489562279207497e+00,-1.612555086564056950e+01,0.000000000000000000e+00
3.442424766404857728e+00,-1.619533520564269224e+01,0.000000000000000000e+00
3.752737329629979079e+00,-1.625489120581780611e+01,0.000000000000000000e+00
4.064748336317896005e+00,-1.630281512692538470e+01,0.000000000000000000e+00
4.378563340615571953e+00,-1.634102085133579862e+01,0.000000000000000000e+00
4.694000622791973498e+00,-1.636992557132293769e+01,0.000000000000000000e+00
5.010240116656632381e+00,-1.638775700480062980e+01,0.000000000000000000e+00
5.327102289602597907e+00,-1.639513501755853042e+01,0.000000000000000000e+00
5.644495240299759686e+00,-1.639280447586799028e+01,0.000000000000000000e+00
5.961932252054702452e+00,-1.638027423883856315e+01,0.000000000000000000e+00
6.278946445955476463e+00,-1.635721472415665900e+01,0.000000000000000000e+00
6.595248930090988004e+00,-1.632381392187609848e+01,0.000000000000000000e+00
6.910850625720414975e+00,-1.628094379645801837e+01,0.000000000000000000e+00
7.225153555098161817e+00,-1.622796058185523549e+01,0.000000000000000000e+00
7.537405451115466448e+00,-1.616401815260358177e+01,0.000000000000000000e+00
7.847989187797266730e+00,-1.609076238041351914e+01,0.000000000000000000e+00
8.156626431699780966e+00,-1.600828072433498406e+01,0.000000000000000000e+00
8.462247130946128237e+00,-1.591517213547146525e+01,0.000000000000000000e+00
8.764800428031149337e+00,-1.581211853759163866e+01,0.000000000000000000e+00
9.064423964113142773e+00,-1.570004284718885046e+01,0.000000000000000000e+00
9.360887399335197756e+00,-1.557913283530707638e+01,0.000000000000000000e+00
9.653482876470580010e+00,-1.544880197272239997e+01,0.000000000000000000e+00
9.941421803020061176e+00,-1.530844712497300719e+01,0.000000000000000000e+00
1.022486112132182079e+01,-1.515898000693516323e+01,0.000000000000000000e+00
1.050390442529005774e+01,-1.500113016798767340e+01,0.000000000000000000e+00
1.077809620020114423e+01,-1.483477674705591554e+01,0.000000000000000000e+00
1.104705186152088281e+01,-1.465993296700341375e+01,0.000000000000000000e+00
1.131050559883848194e+01,-1.447678699710627370e+01,0.000000000000000000e+00
1.156816229138862262e+01,-1.428549071997181130e+01,0.000000000000000000e+00
1.181971477226792544e+01,-1.408618754328915657e+01,0.000000000000000000e+00
1.206489397224253146e+01,-1.387907286213900804e+01,0.000000000000000000e+00
1.230344581570906826e+01,-1.366436089844937207e+01,0.000000000000000000e+00
1.253510057210074002e+01,-1.344224963053335031e+01,0.000000000000000000e+00
1.275960938638832864e+01,-1.321296231173182889e+01,0.000000000000000000e+00
1.297688822058368707e+01,-1.297688822058369240e+01,0.000000000000000000e+00
1.318691072655643381e+01,-1.273445166301855558e+01,0.000000000000000000e+00
1.338930873991574444e+01,-1.248573239292626980e+01,0.000000000000000000e+00
1.358344804078168799e+01,-1.223059155142939858e+01,0.000000000000000000e+00
1.376956108879901564e+01,-1.196969684004334944e+01,0.000000000000000000e+00
1.394979025205438461e+01,-1.170526385549925763e+01,0.000000000000000000e+00
1.412656007661739999e+01,-1.143946279401481902e+01,0.000000000000000000e+00
1.430095967535438461e+01,-1.117313423960656671e+01,0.000000000000000000e+00
1.447297189840806197e+01,-1.090616659106932040e+01,0.000000000000000000e+00
1.464255500391296749e+01,-1.063843892900047727e+01,0.000000000000000000e+00
1.480975284191904962e+01,-1.036990057893439854e+01,0.000000000000000000e+00
1.497464458202753690e+01,-1.010052530726588493e+01,0.000000000000000000e+00
1.513730280104405068e+01,-9.830279379527949501e+00,0.000000000000000000e+00
1.529777564012517921e+01,-9.559111149899342408e+00,0.000000000000000000e+00
1.545610156582583272e+01,-9.286962754594961567e+00,0.000000000000000000e+00
1.561231686027113774e+01,-9.013775341951285824e+00,0.000000000000000000e+00
1.576646066185369222e+01,-8.739491854239510360e+00,0.000000000000000000e+00
1.591857042259851518e+01,-8.464054032263083727e+00,0.000000000000000000e+00
1.606868107532064016e+01,-8.187401947685374992e+00,0.000000000000000000e+00
1.621682983727426475e+01,-7.909476394865865956e+00,0.000000000000000000e+00
1.636305269812252305e+01,-7.630216783928357671e+00,0.000000000000000000e+00
1.650738105834827607e+01,-7.349559566495432961e+00,0.000000000000000000e+00
1.664982717854849881e+01,-7.067432331536075196e+00,0.000000000000000000e+00
1.679038816153208558e+01,-6.783757159211111443e+00,0.000000000000000000e+00
1.692905656057326880e+01,-6.498455960684443866e+00,0.000000000000000000e+00
1.706583163976005579e+01,-6.211454739871033581e+00,0.000000000000000000e+00
1.720072950951432489e+01,-5.922686138852198745e+00,0.000000000000000000e+00
1.733376493738178326e+01,-5.632081638026696702e+00,0.000000000000000000e+00
1.746494614098710585e+01,-5.339569885322778653e+00,0.000000000000000000e+00
1.759425156600240570e+01,-5.045070452430882035e+00,0.000000000000000000e+00
1.772164141617315991e+01,-4.748499506017534344e+00,0.000000000000000000e+00
1.784707111440747695e+01,-4.449774597555437694e+00,0.000000000000000000e+00
1.797050020344849841e+01,-4.148816875591725406e+00,0.000000000000000000e+00
1.809191501454862561e+01,-3.845555249518714191e+00,0.000000000000000000e+00
1.821130492846541316e+01,-3.539919081796360167e+00,0.000000000000000000e+00
1.832865543184513157e+01,-3.231836472743076172e+00,0.000000000000000000e+00
1.844393820475129075e+01,-2.921232829939870879e+00,0.000000000000000000e+00
1.855709313093585422e+01,-2.608029358271747977e+00,0.000000000000000000e+00
1.866805086566474259e+01,-2.292148428453745446e+00,0.000000000000000000e+00
1.877673767282805528e+01,-1.973514653886809356e+00,0.000000000000000000e+00
1.888308091061864147e+01,-1.652055512121915815e+00,0.000000000000000000e+00
1.898703090576760388e+01,-1.327702539513221147e+00,0.000000000000000000e+00
1.908854246998332016e+01,-1.000388120601854336e+00,0.000000000000000000e+00
1.918756640481662856e+01,-6.700445835302011321e-01,0.000000000000000000e+00
1.928404921481100587e+01,-3.366043311234875324e-01,0.000000000000000000e+00
1.937791876465991336e+01,-4.746221237855639218e-15,0.000000000000000000e+00
