1.856022447242670381e+01,0.000000000000000000e+00,0.000000000000000000e+00
1.869444764129318060e+01,3.263127973759365474e-01,0.000000000000000000e+00
1.882068590941085873e+01,6.572328343191210509e-01,0.000000000000000000e+00
1.893365935502810515e+01,9.922710404986012644e-01,0.000000000000000000e+00
1.903752098758923594e+01,1.331233149969785146e+00,0.000000000000000000e+00
1.913056199644690736e+01,1.673707301568972516e+00,0.000000000000000000e+00
1.921222910253875327e+01,2.019286647571309157e+00,0.000000000000000000e+00
1.928234046154531356e+01,2.367573706751151974e+00,0.000000000000000000e+00
1.934215819375713963e+01,2.718363057496328228e+00,0.000000000000000000e+00
1.939160650620170756e+01,3.071328743478394241e+00,0.000000000000000000e+00
1.942936427130658927e+01,3.425921139044415309e+00,0.000000000000000000e+00
1.945538435663050336e+01,3.781743625634968797e+00,0.000000000000000000e+00
1.946994239225990952e+01,4.138464010812171523e+00,0.000000000000000000e+00
1.947332131292701618e+01,4.495770466722335712e+00,0.000000000000000000e+00
1.946568374972899917e+01,4.853340053296888001e+00,0.000000000000000000e+00
1.944678065399612166e+01,5.210749171623439757e+00,0.000000000000000000e+00
1.941659156789471652e+01,5.567618039257187235e+00,0.000000000000000000e+00
1.937519203035879656e+01,5.923590662834001819e+00,0.000000000000000000e+00
1.932266757751664343e+01,6.278315279696134787e+00,0.000000000000000000e+00
1.925911357579274252e+01,6.631444611627303587e+00,0.000000000000000000e+00
1.918463504905099981e+01,6.982636113114688570e+00,0.000000000000000000e+00
1.909934646670423675e+01,7.331552201248499934e+00,0.000000000000000000e+00
1.900337083342949995e+01,7.677860195976419000e+00,0.000000000000000000e+00
1.889683952634932496e+01,8.021232484889521785e+00,0.000000000000000000e+00
1.877989082571574642e+01,8.361346102571259209e+00,0.000000000000000000e+00
1.865255790311542583e+01,8.697830594402265803e+00,0.000000000000000000e+00
1.851471477410331801e+01,9.030229763332009441e+00,0.000000000000000000e+00
1.836633444093866174e+01,9.358114811584281156e+00,0.000000000000000000e+00
1.820793331024820105e+01,9.681329872122176994e+00,0.000000000000000000e+00
1.804008401796396655e+01,9.999781860125862565e+00,0.000000000000000000e+00
1.786247329577391696e+01,1.031290376570757061e+01,0.000000000000000000e+00
1.767468819034446881e+01,1.062002408716948665e+01,0.000000000000000000e+00
1.747750950035083051e+01,1.092116003447333661e+01,0.000000000000000000e+00
1.727158507388147157e+01,1.121629849353541530e+01,0.000000000000000000e+00
1.705677632385781806e+01,1.150494090031835626e+01,0.000000000000000000e+00
1.683332477335534350e+01,1.178682089943566424e+01,0.000000000000000000e+00
1.660138217420732332e+01,1.206161017323172224e+01,0.000000000000000000e+00
1.636062007035189225e+01,1.232861151620673112e+01,0.000000000000000000e+00
1.611196759877997664e+01,1.258804869966874307e+01,0.000000000000000000e+00
1.585621539582017192e+01,1.284011005443602293e+01,0.000000000000000000e+00
1.559298506977052590e+01,1.308406802099728061e+01,0.000000000000000000e+00
1.532147791306145379e+01,1.331875755356855606e+01,0.000000000000000000e+00
1.504303939161579962e+01,1.354481350674258522e+01,0.000000000000000000e+00
1.475810537297794056e+01,1.376215590311121062e+01,0.000000000000000000e+00
1.446681655847190484e+01,1.397044235770942322e+01,0.000000000000000000e+00
1.416944620777537622e+01,1.416944620777537445e+01,0.000000000000000000e+00
1.386624550881125373e+01,1.435891756283638898e+01,0.000000000000000000e+00
1.355749648097374660e+01,1.453863501246599021e+01,0.000000000000000000e+00
1.324349337784382641e+01,1.470838948549088698e+01,0.000000000000000000e+00
1.292454535503548918e+01,1.486798865412787229e+01,0.000000000000000000e+00
1.260097340607393690e+01,1.501725532687271070e+01,0.000000000000000000e+00
1.227310889994717513e+01,1.515602728238979324e+01,0.000000000000000000e+00
1.194129185139853000e+01,1.528415658277294398e+01,0.000000000000000000e+00
1.160586942383954323e+01,1.540150891930891319e+01,0.000000000000000000e+00
1.126719453872530607e+01,1.550796285753305170e+01,0.000000000000000000e+00
1.092562468580901047e+01,1.560340911745057824e+01,0.000000000000000000e+00
1.058152069881642454e+01,1.568774957557488747e+01,0.000000000000000000e+00
1.023524637610436550e+01,1.576089729057328626e+01,0.000000000000000000e+00
9.887165674167901486e+00,1.582277262272032914e+01,0.000000000000000000e+00
9.537648929593911973e+00,1.587331342338552176e+01,0.000000000000000000e+00
9.187051378505035615e+00,1.591243975931641152e+01,0.000000000000000000e+00
8.835763146259232315e+00,1.594013867011893559e+01,0.000000000000000000e+00
8.483725050130122014e+00,1.595556622650135381e+01,0.000000000000000000e+00
8.131576104062595789e+00,1.595911668814789230e+01,0.000000000000000000e+00
7.779855820089565555e+00,1.595106827486267953e+01,0.000000000000000000e+00
7.428931755055259600e+00,1.593139556070922325e+01,0.000000000000000000e+00
7.079177070909890013e+00,1.590009203024314921e+01,0.000000000000000000e+00
6.730961926155473840e+00,1.585715257800297096e+01,0.000000000000000000e+00
6.384656708870291908e+00,1.580257988370101607e+01,0.000000000000000000e+00
6.040631419631089294e+00,1.573638285512673995e+01,0.000000000000000000e+00
5.699256193399841131e+00,1.565857769905296415e+01,0.000000000000000000e+00
5.360901558457324967e+00,1.556918862022103056e+01,0.000000000000000000e+00
5.025938769134465467e+00,1.546824900861599694e+01,0.000000000000000000e+00
4.694740106080081965e+00,1.535580296907454567e+01,0.000000000000000000e+00
4.367679133821216197e+00,1.523190729735066284e+01,0.000000000000000000e+00
4.045130883640283059e+00,1.509663398101152865e+01,0.000000000000000000e+00
3.727471893532686487e+00,1.495007320087164082e+01,0.000000000000000000e+00
3.415080145191867977e+00,1.479233725764541241e+01,0.000000000000000000e+00
3.108334477213639868e+00,1.462356397182925249e+01,0.000000000000000000e+00
2.807614775781037686e+00,1.444392587004191419e+01,0.000000000000000000e+00
2.513297635959454546e+00,1.425361919010501843e+01,0.000000000000000000e+00
2.225766248007064796e+00,1.405293501966718672e+01,0.000000000000000000e+00
1.945371905314590144e+00,1.384204035385229048e+01,0.000000000000000000e+00
1.672528911803947249e+00,1.362165486853471386e+01,0.000000000000000000e+00
1.407514584168473748e+00,1.339160672841241251e+01,0.000000000000000000e+00
1.150425922942562407e+00,1.314942846968599000e+01,0.000000000000000000e+00
9.018850883267164331e-01,1.289755765006550270e+01,0.000000000000000000e+00
6.623574872552568937e-01,1.263853375045771976e+01,0.000000000000000000e+00
4.319898806473245756e-01,1.237057163787322978e+01,0.000000000000000000e+00
2.110538761751775683e-01,1.209126846809906830e+01,0.000000000000000000e+00
7.231726996669569103e-16,1.181030645195754225e+01,0.000000000000000000e+00
-2.013715376802314994e-01,1.153656766722751392e+01,0.000000000000000000e+00
-3.937271922026104320e-01,1.127487160028522517e+01,0.000000000000000000e+00
-5.777831280594700747e-01,1.102475884236596571e+01,0.000000000000000000e+00
-7.541549249863390703e-01,1.078491788808524809e+01,0.000000000000000000e+00
-9.234173681886819196e-01,1.055470881567485542e+01,0.000000000000000000e+00
-1.086094895304974051e+00,1.033350266580226240e+01,0.000000000000000000e+00
-1.242655999538715195e+00,1.012062095104434079e+01,0.000000000000000000e+00
-1.393527265667974468e+00,9.915461713450767434e+00,0.000000000000000000e+00
-1.539101583645416493e+00,9.717504954979993670e+00,0.000000000000000000e+00
-1.679737219498692147e+00,9.526263154678137113e+00,0.000000000000000000e+00
-1.815764163965969402e+00,9.341296821786102100e+00,0.000000000000000000e+00
-1.947481736858217349e+00,9.162181216882574475e+00,0.000000000000000000e+00
-2.075170377398723787e+00,8.988550424731725386e+00,0.000000000000000000e+00
-2.199085110708737911e+00,8.820048633253165349e+00,0.000000000000000000e+00
-2.319463026035777808e+00,8.656353859442971199e+00,0.000000000000000000e+00
-2.436525683191656189e+00,8.497174860351922376e+00,0.000000000000000000e+00
-2.550473635072420198e+00,8.342223367651392607e+00,0.000000000000000000e+00
-2.661498187806104365e+00,8.191249156832622447e+00,0.000000000000000000e+00
-2.769776544328576229e+00,8.044015168770409119e+00,0.000000000000000000e+00
-2.875469689327583733e+00,7.900288041753734447e+00,0.000000000000000000e+00
-2.978733712349035390e+00,7.759866620675243354e+00,0.000000000000000000e+00
-3.079713272089631637e+00,7.622557832040730119e+00,0.000000000000000000e+00
-3.178539468441248683e+00,7.488169726591492825e+00,0.000000000000000000e+00
-3.275340481177790419e+00,7.356535167782450202e+00,0.000000000000000000e+00
-3.370237227479747411e+00,7.227497058089269011e+00,0.000000000000000000e+00
-3.463338837243790103e+00,7.100896922691713797e+00,0.000000000000000000e+00
-3.554750057029873567e+00,6.976589806371864100e+00,0.000000000000000000e+00
-3.644573964908687902e+00,6.854446710715987656e+00,0.000000000000000000e+00
-3.732904508508257280e+00,6.734337999216901238e+00,0.000000000000000000e+00
-3.819827703845311007e+00,6.616135659219245291e+00,0.000000000000000000e+00
-3.905430644824341435e+00,6.499728091924105833e+00,0.000000000000000000e+00
-3.989796368482928735e+00,6.385008892325823027e+00,0.000000000000000000e+00
-4.073000279437280824e+00,6.271870427912474177e+00,0.000000000000000000e+00
-4.155113066835331104e+00,6.160208452647332855e+00,0.000000000000000000e+00
-4.236207900931471038e+00,6.049931869860483147e+00,0.000000000000000000e+00
-4.316353711805247073e+00,5.940951211287385014e+00,0.000000000000000000e+00
-4.395613348067707093e+00,5.833175931398802305e+00,0.000000000000000000e+00
-4.474046299647420177e+00,5.726518123278125039e+00,0.000000000000000000e+00
-4.551715167606822376e+00,5.620900117835133436e+00,0.000000000000000000e+00
-4.628679362727099011e+00,5.516245259496698417e+00,0.000000000000000000e+00
-4.704993429712454045e+00,5.412475797723628190e+00,0.000000000000000000e+00
-4.780708553880515410e+00,5.309514749690672275e+00,0.000000000000000000e+00
-4.855879358412350300e+00,5.207293083616136187e+00,0.000000000000000000e+00
-4.930559112664153254e+00,5.105743425100066624e+00,0.000000000000000000e+00
-5.004797158025855452e+00,5.004797158025855452e+00,0.000000000000000000e+00
-5.078639302753921392e+00,4.904384965963484611e+00,0.000000000000000000e+00
-5.152133729792881311e+00,4.804442428830561163e+00,0.000000000000000000e+00
-5.225330070530924687e+00,4.704908328297163322e+00,0.000000000000000000e+00
-5.298274859759587230e+00,4.605720068894137320e+00,0.000000000000000000e+00
-5.371011394715947240e+00,4.506813680355122642e+00,0.000000000000000000e+00
-5.443582894679731332e+00,4.408126511485107812e+00,0.000000000000000000e+00
-5.516036840639876537e+00,4.309600298873460744e+00,0.000000000000000000e+00
-5.588418995397034905e+00,4.211175767652822977e+00,0.000000000000000000e+00
-5.660772371894066346e+00,4.112791869538819256e+00,0.000000000000000000e+00
-5.733137993402764643e+00,4.014386440577108139e+00,0.000000000000000000e+00
-5.805561382714247820e+00,3.915900597692254959e+00,0.000000000000000000e+00
-5.878089426287401942e+00,3.817275906925035045e+00,0.000000000000000000e+00
-5.950766634445015413e+00,3.718451690229306550e+00,0.000000000000000000e+00
-6.023635088717366415e+00,3.619365108202851733e+00,0.000000000000000000e+00
-6.096738846398100264e+00,3.519953814146790982e+00,0.000000000000000000e+00
-6.170127272096414650e+00,3.420157395538625966e+00,0.000000000000000000e+00
-6.243848244239925016e+00,3.319913001325335067e+00,0.000000000000000000e+00
-6.317947316096914179e+00,3.219154946116400851e+00,0.000000000000000000e+00
-6.392469514913596385e+00,3.117815703837163888e+00,0.000000000000000000e+00
-6.467467270852689687e+00,3.015829517265418147e+00,0.000000000000000000e+00
-6.542993927989333436e+00,2.913128584540428001e+00,0.000000000000000000e+00
-6.619100513995777924e+00,2.809641474151261420e+00,0.000000000000000000e+00
-6.695836365577585880e+00,2.705293495594106812e+00,0.000000000000000000e+00
-6.773258168067749274e+00,2.600010210731074523e+00,0.000000000000000000e+00
-6.851427015962055833e+00,2.493715496057498093e+00,0.000000000000000000e+00
-6.930401651058107682e+00,2.386328659647596329e+00,0.000000000000000000e+00
-7.010238621586850627e+00,2.277764603446188030e+00,0.000000000000000000e+00
-7.091002102619771819e+00,2.167936905058738706e+00,0.000000000000000000e+00
-7.172763514651174788e+00,2.056756840965357824e+00,0.000000000000000000e+00
-7.255591802429908199e+00,1.944129964070970162e+00,0.000000000000000000e+00
-7.339553607484274877e+00,1.829956242714516401e+00,0.000000000000000000e+00
-7.424726045450623424e+00,1.714133071716039236e+00,0.000000000000000000e+00
-7.511194276472238585e+00,1.596553629442488242e+00,0.000000000000000000e+00
-7.599040249670935054e+00,1.477103792881003130e+00,0.000000000000000000e+00
-7.688345153920637998e+00,1.355662687635383667e+00,0.000000000000000000e+00
-7.779206654349836825e+00,1.232105292118108153e+00,0.000000000000000000e+00
-7.871726505735972879e+00,1.106299013665075215e+00,0.000000000000000000e+00
-7.966002085519652276e+00,9.781020682221531759e-01,0.000000000000000000e+00
-8.062140597559817934e+00,8.473651221108906562e-01,0.000000000000000000e+00
-8.160268035835745337e+00,7.139309444685901784e-01,0.000000000000000000e+00
-8.260506919164571471e+00,5.776309138944893951e-01,0.000000000000000000e+00
-8.362981191244999835e+00,4.382852724189926774e-01,0.000000000000000000e+00
-8.467836736509957163e+00,2.957033747694152170e-01,0.000000000000000000e+00
-8.575218946968366396e+00,1.496810034930138034e-01,0.000000000000000000e+00
-8.685277389478493149e+00,1.063639715473171704e-15,0.000000000000000000e+00
-8.798209091274927118e+00,-1.535733109402352692e-01,0.000000000000000000e+00
-8.914218061957484451e+00,-3.112913541407907325e-01,0.000000000000000000e+00
-9.033491252727802845e+00,-4.734252157282395901e-01,0.000000000000000000e+00
-9.156183826139397297e+00,-6.402627445306567910e-01,0.000000000000000000e+00
-9.282443032811192651e+00,-8.121085351961738752e-01,0.000000000000000000e+00
-9.412634115736777218e+00,-9.893077105701268970e-01,0.000000000000000000e+00
-9.547370904351032195e+00,-1.172269744267911307e+00,0.000000000000000000e+00
-9.686943674151164529e+00,-1.361411149680256116e+00,0.000000000000000000e+00
-9.830339091126566231e+00,-1.556972755148491094e+00,0.000000000000000000e+00
-9.976177108221019552e+00,-1.759069188505518966e+00,0.000000000000000000e+00
-1.012271713249431215e+01,-1.967656885527922617e+00,0.000000000000000000e+00
-1.026808480647624755e+01,-2.182548801400782335e+00,0.000000000000000000e+00
-1.041154429470319975e+01,-2.403694398141804189e+00,0.000000000000000000e+00
-1.055341880075612160e+01,-2.631262832760196346e+00,0.000000000000000000e+00
-1.069371398658076977e+01,-2.865372026793714166e+00,0.000000000000000000e+00
-1.083179680490673569e+01,-3.105967753284003319e+00,0.000000000000000000e+00
-1.096713711495283761e+01,-3.352990303805092775e+00,0.000000000000000000e+00
-1.109994955038987641e+01,-3.606592236113267180e+00,0.000000000000000000e+00
-1.123060875915963486e+01,-3.867008709831448066e+00,0.000000000000000000e+00
-1.135880055118210308e+01,-4.134265297596817490e+00,0.000000000000000000e+00
-1.148361554316096722e+01,-4.408146999193188975e+00,0.000000000000000000e+00
-1.160443067166217013e+01,-4.688494327237400228e+00,0.000000000000000000e+00
-1.172174741031219547e+01,-4.975586577647677089e+00,0.000000000000000000e+00
-1.183629542268088741e+01,-5.269858249963649932e+00,0.000000000000000000e+00
-1.194735191556340048e+01,-5.571141692900003051e+00,0.000000000000000000e+00
-1.205168766846099082e+01,-5.878000823125745455e+00,0.000000000000000000e+00
-1.214592046899439559e+01,-6.188655586487944227e+00,0.000000000000000000e+00
-1.222769853710418886e+01,-6.501582639691564580e+00,0.000000000000000000e+00
-1.229670423923826661e+01,-6.816174462847404136e+00,0.000000000000000000e+00
-1.235289407877074730e+01,-7.131946721649226717e+00,0.000000000000000000e+00
-1.239624059524190436e+01,-7.448412797671623231e+00,0.000000000000000000e+00
-1.242673247171618378e+01,-7.765084265951884390e+00,0.000000000000000000e+00
-1.244437462898153512e+01,-8.081471376655063210e+00,0.000000000000000000e+00
-1.244918830645677055e+01,-8.397083540480235087e+00,0.000000000000000000e+00
-1.244124004700997510e+01,-8.711450065592902803e+00,0.000000000000000000e+00
-1.242071026423031199e+01,-9.024174234996021227e+00,0.000000000000000000e+00
-1.238775673620389028e+01,-9.334844260254605786e+00,0.000000000000000000e+00
-1.234253352691827743e+01,-9.643044039258500177e+00,0.000000000000000000e+00
-1.228520652811015523e+01,-9.948364090966675732e+00,0.000000000000000000e+00
-1.221595323698418945e+01,-1.025040185563233130e+01,0.000000000000000000e+00
-1.213496726191076114e+01,-1.054876610461311870e+01,0.000000000000000000e+00
-1.204248469433589008e+01,-1.084310192217487412e+01,0.000000000000000000e+00
-1.193876219521984794e+01,-1.113307585685249279e+01,0.000000000000000000e+00
-1.182393401703809310e+01,-1.141824035431320361e+01,0.000000000000000000e+00
-1.169789523877015469e+01,-1.169789523877014936e+01,0.000000000000000000e+00
-1.156095247875696685e+01,-1.197171674804505415e+01,0.000000000000000000e+00
-1.141421972423658460e+01,-1.224025208161786260e+01,0.000000000000000000e+00
-1.125746814917673255e+01,-1.250268501176670277e+01,0.000000000000000000e+00
-1.108967285059492802e+01,-1.275720929374094581e+01,0.000000000000000000e+00
-1.091238631589484953e+01,-1.300487559574357554e+01,0.000000000000000000e+00
-1.072653113298910554e+01,-1.324616279561296039e+01,0.000000000000000000e+00
-1.053156740363981037e+01,-1.347979157216617097e+01,0.000000000000000000e+00
-1.032693671953357928e+01,-1.370430789685870110e+01,0.000000000000000000e+00
-1.011392525072106707e+01,-1.392062386008935171e+01,0.000000000000000000e+00
-9.892924072346229281e+00,-1.412855979477233781e+01,0.000000000000000000e+00
-9.664139238456547432e+00,-1.432767562920809468e+01,0.000000000000000000e+00
-9.427900933078650070e+00,-1.451769432916263192e+01,0.000000000000000000e+00
-9.184539906999683367e+00,-1.469833634652706778e+01,0.000000000000000000e+00
-8.934417475878143833e+00,-1.486936769185788698e+01,0.000000000000000000e+00
-8.677922013436601745e+00,-1.503060183139258754e+01,0.000000000000000000e+00
-8.415427919678940327e+00,-1.518183384814527059e+01,0.000000000000000000e+00
-8.147345942499377713e+00,-1.532292913639063769e+01,0.000000000000000000e+00
-7.873323532021107241e+00,-1.545226747718553995e+01,0.000000000000000000e+00
-7.594527195726029412e+00,-1.557108828437550407e+01,0.000000000000000000e+00
-7.311360823968819034e+00,-1.567926388534357507e+01,0.000000000000000000e+00
-7.024252978687494320e+00,-1.577673049933834371e+01,0.000000000000000000e+00
-6.733694289259224419e+00,-1.586358962208523415e+01,0.000000000000000000e+00
-6.439276165740477786e+00,-1.593776778334113686e+01,0.000000000000000000e+00
-6.141938158559305805e+00,-1.600029593288840957e+01,0.000000000000000000e+00
-5.842399212006784914e+00,-1.605185991042809235e+01,0.000000000000000000e+00
-5.541133777223752332e+00,-1.609262099047014161e+01,0.000000000000000000e+00
-5.237680331288364854e+00,-1.611992252859282004e+01,0.000000000000000000e+00
-4.933099588500089894e+00,-1.613544170628853536e+01,0.000000000000000000e+00
-4.628043016974657142e+00,-1.613990406411449285e+01,0.000000000000000000e+00
-4.322791532797169545e+00,-1.613287763092759164e+01,0.000000000000000000e+00
-4.017102411877266910e+00,-1.611171776161819125e+01,0.000000000000000000e+00
-3.712257289613402733e+00,-1.607955288909592184e+01,0.000000000000000000e+00
-3.408676870497461486e+00,-1.603656383842510991e+01,0.000000000000000000e+00
-3.107005973593151893e+00,-1.598416005909233562e+01,0.000000000000000000e+00
-2.808559816490727279e+00,-1.592813422657271616e+01,0.000000000000000000e+00
-2.513423925575962503e+00,-1.586913411712570543e+01,0.000000000000000000e+00
-2.221568693751793777e+00,-1.580728261971820992e+01,0.000000000000000000e+00
-1.932919588224100371e+00,-1.574236674391511848e+01,0.000000000000000000e+00
-1.647423991935451637e+00,-1.567419226990415382e+01,0.000000000000000000e+00
-1.365122695392448016e+00,-1.560342380802220852e+01,0.000000000000000000e+00
-1.085968670995863583e+00,-1.553007552915678069e+01,0.000000000000000000e+00
-8.099213635544902923e-01,-1.545422024429430508e+01,0.000000000000000000e+00
-5.369391301212397272e-01,-1.537592492765990215e+01,0.000000000000000000e+00
-2.669765302343856117e-01,-1.529507517344125134e+01,0.000000000000000000e+00
-2.794340839794917277e-15,-1.521168302969991970e+01,0.000000000000000000e+00
2.640270723528784780e-01,-1.512610084457848103e+01,0.000000000000000000e+00
5.251514632116792702e-01,-1.503837031242325040e+01,0.000000000000000000e+00
7.834207522974944160e-01,-1.494855845859132337e+01,0.000000000000000000e+00
1.038883190150302838e+00,-1.485672178204769622e+01,0.000000000000000000e+00
1.291588060087837997e+00,-1.476291908042609613e+01,0.000000000000000000e+00
1.541585604245270913e+00,-1.466720727617251896e+01,0.000000000000000000e+00
1.788927118038956543e+00,-1.456964218370743325e+01,0.000000000000000000e+00
2.033664946869643053e+00,-1.447027798843035207e+01,0.000000000000000000e+00
2.275852484972168632e+00,-1.436916707417001149e+01,0.000000000000000000e+00
2.515544147156407728e+00,-1.426635978821390438e+01,0.000000000000000000e+00
2.752795325327132669e+00,-1.416190424605604115e+01,0.000000000000000000e+00
2.987662329209700651e+00,-1.405584615095454026e+01,0.000000000000000000e+00
3.220202314471472427e+00,-1.394822863544719027e+01,0.000000000000000000e+00
3.450473199324304741e+00,-1.383909211952636475e+01,0.000000000000000000e+00
3.678533574913394943e+00,-1.372847419892474186e+01,0.000000000000000000e+00
3.904442598156692590e+00,-1.361640951195936466e+01,0.000000000000000000e+00
4.128259920902571878e+00,-1.350292977206730605e+01,0.000000000000000000e+00
4.350045458107897112e+00,-1.338806329238266635e+01,0.000000000000000000e+00
4.569859718585608022e+00,-1.327183630416891269e+01,0.000000000000000000e+00
4.787762247039927033e+00,-1.315426866345954515e+01,0.000000000000000000e+00
5.003815742923762855e+00,-1.303538567363341727e+01,0.000000000000000000e+00
5.218075885232141609e+00,-1.291519102366667759e+01,0.000000000000000000e+00
5.430562886069709272e+00,-1.279360442290200339e+01,0.000000000000000000e+00
5.641332430145945764e+00,-1.267064009192621654e+01,0.000000000000000000e+00
5.850477259940335628e+00,-1.254638897222584148e+01,0.000000000000000000e+00
6.058061493247394402e+00,-1.242086675212873992e+01,0.000000000000000000e+00
6.264141606898228964e+00,-1.229407012567038393e+01,0.000000000000000000e+00
6.468771954791441736e+00,-1.216599061366640200e+01,0.000000000000000000e+00
6.672019660701900001e+00,-1.203664209201608770e+01,0.000000000000000000e+00
6.873919653503961946e+00,-1.190597808701511262e+01,0.000000000000000000e+00
7.074403583741327495e+00,-1.177378473428767158e+01,0.000000000000000000e+00
7.273637757048165398e+00,-1.164025365434088677e+01,0.000000000000000000e+00
7.471697839369628724e+00,-1.150540572305442311e+01,0.000000000000000000e+00
7.668618075097612952e+00,-1.136919384057103954e+01,0.000000000000000000e+00
7.864457352780376276e+00,-1.123160909248166206e+01,0.000000000000000000e+00
8.059218917186949938e+00,-1.109256321073539020e+01,0.000000000000000000e+00
8.252837959182555139e+00,-1.095188587740557473e+01,0.000000000000000000e+00
8.445480294791165576e+00,-1.080972183316948332e+01,0.000000000000000000e+00
8.637218569488329223e+00,-1.066607665183287779e+01,0.000000000000000000e+00
8.828092662422081460e+00,-1.052091114619610224e+01,0.000000000000000000e+00
9.018102915033187728e+00,-1.037414068652187815e+01,0.000000000000000000e+00
9.207104421131120375e+00,-1.022552539544742345e+01,0.000000000000000000e+00
9.395282044839598612e+00,-1.007520648674271868e+01,0.000000000000000000e+00
9.582809124823288727e+00,-9.923289340023412564e+00,0.000000000000000000e+00
9.769191583911418064e+00,-9.769191583911423393e+00,0.000000000000000000e+00
9.953378550395036939e+00,-9.611865937522001246e+00,0.000000000000000000e+00
1.013481945536118012e+01,-9.450872037405774861e+00,0.000000000000000000e+00
1.031375168256840347e+01,-9.286543726868240256e+00,0.000000000000000000e+00
1.049021144632550318e+01,-9.119001687178739601e+00,0.000000000000000000e+00
1.066382958641524681e+01,-8.948015472898406486e+00,0.000000000000000000e+00
1.083438345875134523e+01,-8.773510734408944245e+00,0.000000000000000000e+00
1.100243420518451209e+01,-8.596043701096530043e+00,0.000000000000000000e+00
1.116765932180680032e+01,-8.415434912115737021e+00,0.000000000000000000e+00
1.132963176942197947e+01,-8.231459307125696512e+00,0.000000000000000000e+00
1.149191092774524847e+01,-8.046722660041767838e+00,0.000000000000000000e+00
1.165481606534569714e+01,-7.861272698307622875e+00,0.000000000000000000e+00
1.181845122899859923e+01,-7.674991967946138693e+00,0.000000000000000000e+00
1.198292161747798978e+01,-7.487760465093757922e+00,0.000000000000000000e+00
1.214833464487244541e+01,-7.299455874872021077e+00,0.000000000000000000e+00
1.231480013417408337e+01,-7.109953172481854544e+00,0.000000000000000000e+00
1.248243060375625824e+01,-6.919124267793141492e+00,0.000000000000000000e+00
1.265134158319125746e+01,-6.726837642953856111e+00,0.000000000000000000e+00
1.282165194744372982e+01,-6.532957971782387574e+00,0.000000000000000000e+00
1.299348427018878205e+01,-6.337345717588969585e+00,0.000000000000000000e+00
1.316696519848307290e+01,-6.139856706713016976e+00,0.000000000000000000e+00
1.334222585130174821e+01,-5.940341674864640709e+00,0.000000000000000000e+00
1.351940224468065210e+01,-5.738645783074553641e+00,0.000000000000000000e+00
1.369863574644335991e+01,-5.534608099726081143e+00,0.000000000000000000e+00
1.388007356374594536e+01,-5.328061044767930632e+00,0.000000000000000000e+00
1.406386926807845228e+01,-5.118829792191754713e+00,0.000000000000000000e+00
1.425018336431013921e+01,-4.906731626773016330e+00,0.000000000000000000e+00
1.443918390007964092e+01,-4.691575246664950960e+00,0.000000000000000000e+00
1.463104712508773808e+01,-4.473160008006840549e+00,0.000000000000000000e+00
1.482595821496298072e+01,-4.251275107593537328e+00,0.000000000000000000e+00
1.502411205707648278e+01,-4.025698692688336244e+00,0.000000000000000000e+00
1.522571409113958474e+01,-3.796196886205109422e+00,0.000000000000000000e+00
1.543098125826367450e+01,-3.562522730387806202e+00,0.000000000000000000e+00
1.564014300434971005e+01,-3.324415021032033124e+00,0.000000000000000000e+00
1.585344241494067141e+01,-3.081597037513183590e+00,0.000000000000000000e+00
1.607113742808462575e+01,-2.833775139244982810e+00,0.000000000000000000e+00
1.629350220581670783e+01,-2.580637227794881472e+00,0.000000000000000000e+00
1.652082861557417814e+01,-2.321851043607956910e+00,0.000000000000000000e+00
1.675342788456560328e+01,-2.057062286424875985e+00,0.000000000000000000e+00
1.699163243296941772e+01,-1.785892532782715314e+00,0.000000000000000000e+00
1.723579790347966423e+01,-1.507936923378361049e+00,0.000000000000000000e+00
1.748630541988314135e+01,-1.222761590682945876e+00,0.000000000000000000e+00
1.774356410644832138e+01,-9.299007913852453955e-01,0.000000000000000000e+00
1.800801390126979840e+01,-6.288537024504284867e-01,0.000000000000000000e+00
1.828012877606118636e+01,-3.190808346823438280e-01,0.000000000000000000e+00
1.856040462747521858e+01,-4.545988023583450262e-15,0.000000000000000000e+00
