1.359701248692661935e+01,0.000000000000000000e+00,0.000000000000000000e+00
1.371946677379415291e+01,2.394741833171007694e-01,0.000000000000000000e+00
1.384422377899306689e+01,4.834509473783895062e-01,0.000000000000000000e+00
1.397142686479455342e+01,7.322114553993052111e-01,0.000000000000000000e+00
1.410123180667767606e+01,9.860541847173974750e-01,0.000000000000000000e+00
1.423355116561140399e+01,1.245274368707199208e+00,0.000000000000000000e+00
1.436398199148262833e+01,1.509715342584729836e+00,0.000000000000000000e+00
1.448503935520324148e+01,1.778539196889922236e+00,0.000000000000000000e+00
1.459558356633294807e+01,2.051275497380939949e+00,0.000000000000000000e+00
1.469635541639697074e+01,2.327674027436501536e+00,0.000000000000000000e+00
1.478618043393179349e+01,2.607202552125773565e+00,0.000000000000000000e+00
1.486603015317987442e+01,2.889663536825747947e+00,0.000000000000000000e+00
1.493379402068062944e+01,3.174275909724209477e+00,0.000000000000000000e+00
1.499344515167258329e+01,3.461509560906993688e+00,0.000000000000000000e+00
1.504211294132632659e+01,3.750419978202455429e+00,0.000000000000000000e+00
1.507893707172313391e+01,4.040389011087930804e+00,0.000000000000000000e+00
1.510569447423309342e+01,4.331488189168661407e+00,0.000000000000000000e+00
1.512266851523534328e+01,4.623463750636329195e+00,0.000000000000000000e+00
1.512910715834971498e+01,4.915744902166077956e+00,0.000000000000000000e+00
1.512451246987929920e+01,5.207787280923318995e+00,0.000000000000000000e+00
1.510923798299052656e+01,5.499312888252864795e+00,0.000000000000000000e+00
1.508348079223169158e+01,5.790005799285246724e+00,0.000000000000000000e+00
1.504734835214070010e+01,6.079523363542272740e+00,0.000000000000000000e+00
1.500095764594320080e+01,6.367528739729804599e+00,0.000000000000000000e+00
1.494443496032373453e+01,6.653691130063861259e+00,0.000000000000000000e+00
1.487791565494826074e+01,6.937686007286516521e+00,0.000000000000000000e+00
1.480154329832214266e+01,7.219195027660338049e+00,0.000000000000000000e+00
1.471538896908151273e+01,7.497865178956616639e+00,0.000000000000000000e+00
1.461937581922741813e+01,7.773260008086976924e+00,0.000000000000000000e+00
1.451342575664061840e+01,8.044923264493649029e+00,0.000000000000000000e+00
1.439758420917756609e+01,8.312449118848970642e+00,0.000000000000000000e+00
1.427228416968501179e+01,8.575653501134185674e+00,0.000000000000000000e+00
1.413802197425256857e+01,8.834416628331032584e+00,0.000000000000000000e+00
1.399496538462306461e+01,9.088436787310536502e+00,0.000000000000000000e+00
1.384302329224751027e+01,9.337237109469034735e+00,0.000000000000000000e+00
1.368236201398688934e+01,9.580493022707806006e+00,0.000000000000000000e+00
1.351342543694000575e+01,9.818078278966339667e+00,0.000000000000000000e+00
1.333632964163370538e+01,1.004964521495902474e+01,0.000000000000000000e+00
1.315096479540911290e+01,1.027465976934899139e+01,0.000000000000000000e+00
1.295763736393643306e+01,1.049288784524676466e+01,0.000000000000000000e+00
1.275674279783672205e+01,1.070417817668821669e+01,0.000000000000000000e+00
1.254852859683708388e+01,1.090826948833813859e+01,0.000000000000000000e+00
1.233350737727861279e+01,1.110513992287890872e+01,0.000000000000000000e+00
1.211178160602863763e+01,1.129441906762633785e+01,0.000000000000000000e+00
1.188279099377869663e+01,1.147507787607068330e+01,0.000000000000000000e+00
1.164764443015944906e+01,1.164764443015944728e+01,0.000000000000000000e+00
1.140709078613723193e+01,1.181238830120619632e+01,0.000000000000000000e+00
1.116088850161063206e+01,1.196858760520150611e+01,0.000000000000000000e+00
1.090872199729252401e+01,1.211536317098557980e+01,0.000000000000000000e+00
1.065127423771401638e+01,1.225288937971324366e+01,0.000000000000000000e+00
1.038916270641653128e+01,1.238132197941768631e+01,0.000000000000000000e+00
1.012270595934910666e+01,1.250050080564062682e+01,0.000000000000000000e+00
9.852160603212135825e+00,1.261019052310368593e+01,0.000000000000000000e+00
9.577828439461319121e+00,1.271020763295583578e+01,0.000000000000000000e+00
9.300015211678061888e+00,1.280037279746057344e+01,0.000000000000000000e+00
9.019037926741228617e+00,1.288052103780701785e+01,0.000000000000000000e+00
8.735229029050469052e+00,1.295050960948966612e+01,0.000000000000000000e+00
8.448877432767497808e+00,1.301013034228236442e+01,0.000000000000000000e+00
8.160119965281015908e+00,1.305892174155646757e+01,0.000000000000000000e+00
7.869601816003076067e+00,1.309721683664228919e+01,0.000000000000000000e+00
7.577684032841476736e+00,1.312493374858486206e+01,0.000000000000000000e+00
7.284714032991204569e+00,1.314197199901201962e+01,0.000000000000000000e+00
6.991053870650234536e+00,1.314826003519380571e+01,0.000000000000000000e+00
6.697065863589594770e+00,1.314373181994086259e+01,0.000000000000000000e+00
6.403117251280391997e+00,1.312833589838285064e+01,0.000000000000000000e+00
6.109578085946432147e+00,1.310203248670566722e+01,0.000000000000000000e+00
5.816821452799376679e+00,1.306479489022234830e+01,0.000000000000000000e+00
5.525223028623131860e+00,1.301660974368568091e+01,0.000000000000000000e+00
5.235160977359525347e+00,1.295747811058057053e+01,0.000000000000000000e+00
4.947015527458722417e+00,1.288741605345315300e+01,0.000000000000000000e+00
4.661169569358631470e+00,1.280645814006186178e+01,0.000000000000000000e+00
4.378005838928076265e+00,1.271465217994318131e+01,0.000000000000000000e+00
4.097915037299793894e+00,1.261208564704048740e+01,0.000000000000000000e+00
3.821270558055114286e+00,1.249881281075092332e+01,0.000000000000000000e+00
3.548493367879342664e+00,1.237506702501609368e+01,0.000000000000000000e+00
3.279916891543340984e+00,1.224081648384312793e+01,0.000000000000000000e+00
3.015567843286088401e+00,1.209478200963564376e+01,0.000000000000000000e+00
2.756462009444880401e+00,1.193954869229132854e+01,0.000000000000000000e+00
2.504975828970539720e+00,1.178498470849054591e+01,0.000000000000000000e+00
2.261706108003342930e+00,1.163546924087317258e+01,0.000000000000000000e+00
2.026112094501308913e+00,1.149065268605282597e+01,0.000000000000000000e+00
1.797704289168499558e+00,1.135025817867543196e+01,0.000000000000000000e+00
1.576024772176167765e+00,1.121399894566975419e+01,0.000000000000000000e+00
1.360651270822648584e+00,1.108161531724353210e+01,0.000000000000000000e+00
1.151192833413051453e+00,1.095286817418092085e+01,0.000000000000000000e+00
9.472863982788722881e-01,1.082753307802192921e+01,0.000000000000000000e+00
7.485947363459161119e-01,1.070540348601418046e+01,0.000000000000000000e+00
5.548037713520121983e-01,1.058628659603482625e+01,0.000000000000000000e+00
3.656205006141546310e-01,1.047000126101329975e+01,0.000000000000000000e+00
1.807712925911587054e-01,1.035638041649034768e+01,0.000000000000000000e+00
6.273416140073759866e-16,1.024526605457435835e+01,0.000000000000000000e+00
-1.769334471632491301e-01,1.013651039918056718e+01,0.000000000000000000e+00
-3.502544724803340892e-01,1.002997578742090745e+01,0.000000000000000000e+00
-5.201750160200154793e-01,9.925530582219167286e+00,0.000000000000000000e+00
-6.868948168128694576e-01,9.823053528706116921e+00,0.000000000000000000e+00
-8.506021834676311677e-01,9.722427445878016883e+00,0.000000000000000000e+00
-1.011475241969200356e+00,9.623544088517961725e+00,0.000000000000000000e+00
-1.169682428593835866e+00,9.526298909182862928e+00,0.000000000000000000e+00
-1.325383616090159089e+00,9.430594452472019995e+00,0.000000000000000000e+00
-1.478730481931728402e+00,9.336336820092597577e+00,0.000000000000000000e+00
-1.629867479508743555e+00,9.243437804924079515e+00,0.000000000000000000e+00
-1.778932108269343670e+00,9.151812321735583566e+00,0.000000000000000000e+00
-1.926055817207775744e+00,9.061380190171840709e+00,0.000000000000000000e+00
-2.071364084860591426e+00,8.972063560432337326e+00,0.000000000000000000e+00
-2.214977426268279981e+00,8.883789229489112316e+00,0.000000000000000000e+00
-2.357011126844086313e+00,8.796485279387299627e+00,0.000000000000000000e+00
-2.497576542279571044e+00,8.710084508144014137e+00,0.000000000000000000e+00
-2.636780354086487588e+00,8.624519925531330955e+00,0.000000000000000000e+00
-2.774726255033055811e+00,8.539729315283180355e+00,0.000000000000000000e+00
-2.911513773305000718e+00,8.455649970935368742e+00,0.000000000000000000e+00
-3.047240156158112612e+00,8.372223520699792587e+00,0.000000000000000000e+00
-3.181999158405634187e+00,8.289391211427396655e+00,0.000000000000000000e+00
-3.315882569890553189e+00,8.207097356208349126e+00,0.000000000000000000e+00
-3.448979643101539594e+00,8.125286851878728456e+00,0.000000000000000000e+00
-3.581377604696441619e+00,8.043905801385207610e+00,0.000000000000000000e+00
-3.713162287109468274e+00,7.962902221681358306e+00,0.000000000000000000e+00
-3.844417293819574422e+00,7.882223546152153482e+00,0.000000000000000000e+00
-3.975225840251518150e+00,7.801819995833169763e+00,0.000000000000000000e+00
-4.105669026536237887e+00,7.721640396159419772e+00,0.000000000000000000e+00
-4.235827965507400705e+00,7.641635932889551341e+00,0.000000000000000000e+00
-4.365782446734548294e+00,7.561757012536607370e+00,0.000000000000000000e+00
-4.495611961304901705e+00,7.481954747809320239e+00,0.000000000000000000e+00
-4.625395976051860814e+00,7.402180890963326654e+00,0.000000000000000000e+00
-4.755213099109982799e+00,7.322386046791624636e+00,0.000000000000000000e+00
-4.885143109909877879e+00,7.242522500351331161e+00,0.000000000000000000e+00
-5.015264842013653634e+00,7.162540487405610889e+00,0.000000000000000000e+00
-5.145658711931015539e+00,7.082391620016838196e+00,0.000000000000000000e+00
-5.276405032203737022e+00,7.002025974757840387e+00,0.000000000000000000e+00
-5.407585245239648231e+00,6.921393485015247649e+00,0.000000000000000000e+00
-5.539282175900551053e+00,6.840443808264886627e+00,0.000000000000000000e+00
-5.671579066762475030e+00,6.759124728496296974e+00,0.000000000000000000e+00
-5.804561961940786219e+00,6.677384698773478178e+00,0.000000000000000000e+00
-5.938317096863174882e+00,6.595169284800401321e+00,0.000000000000000000e+00
-6.072934211491714862e+00,6.512424626442135711e+00,0.000000000000000000e+00
-6.208503938169250169e+00,6.429094031262395426e+00,0.000000000000000000e+00
-6.345120290025318077e+00,6.345120290025318965e+00,0.000000000000000000e+00
-6.482879602068034153e+00,6.260444060142848599e+00,0.000000000000000000e+00
-6.621881108907027524e+00,6.175004032665791343e+00,0.000000000000000000e+00
-6.762228030393161227e+00,6.088737467030221673e+00,0.000000000000000000e+00
-6.904026108603965817e+00,6.001578333746398819e+00,0.000000000000000000e+00
-7.047386616213447752e+00,5.913459510428405785e+00,0.000000000000000000e+00
-7.192423356932560630e+00,5.824309594422826031e+00,0.000000000000000000e+00
-7.339256990950955739e+00,5.734055996268923927e+00,0.000000000000000000e+00
-7.488011137082977164e+00,5.642621119563704823e+00,0.000000000000000000e+00
-7.638817356249748336e+00,5.549925672980921654e+00,0.000000000000000000e+00
-7.791810997279440265e+00,5.455884796600384057e+00,0.000000000000000000e+00
-7.947136773937704568e+00,5.360411438532628914e+00,0.000000000000000000e+00
-8.104944030394952037e+00,5.263412195779313407e+00,0.000000000000000000e+00
-8.265391740123357422e+00,5.164789979927590480e+00,0.000000000000000000e+00
-8.428645907661744374e+00,5.064441397641751053e+00,0.000000000000000000e+00
-8.594887400315748494e+00,4.962260554226818776e+00,0.000000000000000000e+00
-8.764299743957064237e+00,4.858130677720587265e+00,0.000000000000000000e+00
-8.937068362203197225e+00,4.751923539586848655e+00,0.000000000000000000e+00
-9.113424669811506007e+00,4.643521801319325348e+00,0.000000000000000000e+00
-9.293630593320743927e+00,4.532806506455208329e+00,0.000000000000000000e+00
-9.477775905801047784e+00,4.419559487151957455e+00,0.000000000000000000e+00
-9.666126322206443078e+00,4.303636714462212964e+00,0.000000000000000000e+00
-9.859690750394314307e+00,4.185190419157170716e+00,0.000000000000000000e+00
-1.005714026849929965e+01,4.063348425376550388e+00,0.000000000000000000e+00
-1.025490662083253923e+01,3.936489834384178543e+00,0.000000000000000000e+00
-1.045132750247101505e+01,3.803972119467180946e+00,0.000000000000000000e+00
-1.064551437126774225e+01,3.665544555699456808e+00,0.000000000000000000e+00
-1.083687024096576579e+01,3.521112586810020595e+00,0.000000000000000000e+00
-1.102530104481446926e+01,3.370772801718010747e+00,0.000000000000000000e+00
-1.121095749133496788e+01,3.214690330578449107e+00,0.000000000000000000e+00
-1.139404029169472743e+01,3.053023894687278972e+00,0.000000000000000000e+00
-1.157411427839268292e+01,2.885750797710389115e+00,0.000000000000000000e+00
-1.175042617692551694e+01,2.712799636421257432e+00,0.000000000000000000e+00
-1.192307825440511238e+01,2.534328518278959219e+00,0.000000000000000000e+00
-1.209228343190907751e+01,2.350501791675399854e+00,0.000000000000000000e+00
-1.225788795671034492e+01,2.161396373269388604e+00,0.000000000000000000e+00
-1.241970489879045836e+01,1.967088009390829839e+00,0.000000000000000000e+00
-1.257757096785861961e+01,1.767662322351419624e+00,0.000000000000000000e+00
-1.273132598889674227e+01,1.563210271258425044e+00,0.000000000000000000e+00
-1.288081486015419941e+01,1.353828195475271778e+00,0.000000000000000000e+00
-1.302594756669804887e+01,1.139622743769180158e+00,0.000000000000000000e+00
-1.316668933125044205e+01,9.207046087849776184e-01,0.000000000000000000e+00
-1.330289637723058860e+01,6.971752571630688289e-01,0.000000000000000000e+00
-1.343429810757360343e+01,4.691360274979968770e-01,0.000000000000000000e+00
-1.356071913385211225e+01,2.367032329547101022e-01,0.000000000000000000e+00
-1.368220492227169416e+01,1.675586846333819088e-15,0.000000000000000000e+00
-1.379880529523870258e+01,-2.408590423602197383e-01,0.000000000000000000e+00
-1.391034066843008077e+01,-4.857598000339297672e-01,0.000000000000000000e+00
-1.401651751772782362e+01,-7.345745563859564786e-01,0.000000000000000000e+00
-1.411709818205070377e+01,-9.871636697643256797e-01,0.000000000000000000e+00
-1.421204863565352206e+01,-1.243393141098755095e+00,0.000000000000000000e+00
-1.430138482662009558e+01,-1.503136115442047949e+00,0.000000000000000000e+00
-1.438511421613427288e+01,-1.766269932566181255e+00,0.000000000000000000e+00
-1.446316703630179923e+01,-2.032665567721969158e+00,0.000000000000000000e+00
-1.453544161855441885e+01,-2.302187785624711935e+00,0.000000000000000000e+00
-1.460183948992244041e+01,-2.574698270047658166e+00,0.000000000000000000e+00
-1.466226617120141462e+01,-2.850055831017641594e+00,0.000000000000000000e+00
-1.471663673816299855e+01,-3.128117704410652067e+00,0.000000000000000000e+00
-1.476487346012015500e+01,-3.408739627935773786e+00,0.000000000000000000e+00
-1.480690216621803579e+01,-3.691775345397505959e+00,0.000000000000000000e+00
-1.484265224130959915e+01,-3.977076681594893692e+00,0.000000000000000000e+00
-1.487205667374746909e+01,-4.264493627940568743e+00,0.000000000000000000e+00
-1.489505210115517286e+01,-4.553874429248416789e+00,0.000000000000000000e+00
-1.491157885414948936e+01,-4.845065671643285832e+00,0.000000000000000000e+00
-1.492158099798694337e+01,-5.137912371545268364e+00,0.000000000000000000e+00
-1.492500637210829773e+01,-5.432258065680819037e+00,0.000000000000000000e+00
-1.492179809625041287e+01,-5.727941627210472397e+00,0.000000000000000000e+00
-1.491188486485347120e+01,-6.024792562035144350e+00,0.000000000000000000e+00
-1.489525273175737041e+01,-6.322659665708318499e+00,0.000000000000000000e+00
-1.487190610171008487e+01,-6.621399201696370973e+00,0.000000000000000000e+00
-1.484185204041536110e+01,-6.920869267649071510e+00,0.000000000000000000e+00
-1.480510017724417082e+01,-7.220929833424185595e+00,0.000000000000000000e+00
-1.476166260772819072e+01,-7.521442775487797938e+00,0.000000000000000000e+00
-1.471153187956919517e+01,-7.822260254555466474e+00,0.000000000000000000e+00
-1.465457651776682191e+01,-8.123164409005346087e+00,0.000000000000000000e+00
-1.459062743420825115e+01,-8.423902676785674615e+00,0.000000000000000000e+00
-1.451960874021093417e+01,-8.724261095681118405e+00,0.000000000000000000e+00
-1.444179481307651258e+01,-9.024234965254605001e+00,0.000000000000000000e+00
-1.435747175785559193e+01,-9.323851178670231832e+00,0.000000000000000000e+00
-1.426637243998565907e+01,-9.622789715216393702e+00,0.000000000000000000e+00
-1.416812700523022528e+01,-9.920629331374756887e+00,0.000000000000000000e+00
-1.406310673519006293e+01,-1.021744511899420260e+01,0.000000000000000000e+00
-1.395151617271976185e+01,-1.051322151702760443e+01,0.000000000000000000e+00
-1.383294565947808330e+01,-1.080748161599869839e+01,0.000000000000000000e+00
-1.370779497791475876e+01,-1.110035350342608318e+01,0.000000000000000000e+00
-1.357622297713751713e+01,-1.139180369289660355e+01,0.000000000000000000e+00
-1.343772674110666010e+01,-1.168123764244248797e+01,0.000000000000000000e+00
-1.329227766493730201e+01,-1.196842056743939509e+01,0.000000000000000000e+00
-1.314028920888041618e+01,-1.225351792349290214e+01,0.000000000000000000e+00
-1.298185159994224236e+01,-1.253642836627548007e+01,0.000000000000000000e+00
-1.281660097293772083e+01,-1.281660097293771550e+01,0.000000000000000000e+00
-1.264309392850651470e+01,-1.309230702306998495e+01,0.000000000000000000e+00
-1.246013833564869699e+01,-1.336186247372867264e+01,0.000000000000000000e+00
-1.226803488489384719e+01,-1.362503307552421639e+01,0.000000000000000000e+00
-1.206563974230605574e+01,-1.387993077245911699e+01,0.000000000000000000e+00
-1.185453717235444238e+01,-1.412768726369500527e+01,0.000000000000000000e+00
-1.163547040837021562e+01,-1.436860932224412402e+01,0.000000000000000000e+00
-1.140781693841623046e+01,-1.460133983191632900e+01,0.000000000000000000e+00
-1.117145145913331028e+01,-1.482501680882663209e+01,0.000000000000000000e+00
-1.092857073118865152e+01,-1.504188717099848738e+01,0.000000000000000000e+00
-1.067667704855854005e+01,-1.524787504552815065e+01,0.000000000000000000e+00
-1.041898477363894493e+01,-1.544678015692562845e+01,0.000000000000000000e+00
-1.015351818200083756e+01,-1.563504690791743457e+01,0.000000000000000000e+00
-9.881807306259334567e+00,-1.581419744153693685e+01,0.000000000000000000e+00
-9.604650640730458377e+00,-1.598482299651244531e+01,0.000000000000000000e+00
-9.320572648844700936e+00,-1.614370538343583306e+01,0.000000000000000000e+00
-9.031348753717633571e+00,-1.629298444621767672e+01,0.000000000000000000e+00
-8.737394318743461952e+00,-1.643264873342751287e+01,0.000000000000000000e+00
-8.438803447830361293e+00,-1.656208430060494763e+01,0.000000000000000000e+00
-8.135331857306793424e+00,-1.667990215955853728e+01,0.000000000000000000e+00
-7.827817498734975565e+00,-1.678680879852295504e+01,0.000000000000000000e+00
-7.516785511094048466e+00,-1.688297667946763880e+01,0.000000000000000000e+00
-7.202587309130859872e+00,-1.696823235226806759e+01,0.000000000000000000e+00
-6.885573520163672967e+00,-1.704239249798845890e+01,0.000000000000000000e+00
-6.566107288674590592e+00,-1.710529429533241697e+01,0.000000000000000000e+00
-6.244565988706932913e+00,-1.715680404826659355e+01,0.000000000000000000e+00
-5.921338668966814822e+00,-1.719681617281590391e+01,0.000000000000000000e+00
-5.596822678848496935e+00,-1.722524901918110984e+01,0.000000000000000000e+00
-5.271420837876618748e+00,-1.724204065070058078e+01,0.000000000000000000e+00
-4.945539425078863793e+00,-1.724714562360471604e+01,0.000000000000000000e+00
-4.619586845213324189e+00,-1.724053281631295675e+01,0.000000000000000000e+00
-4.293962284930942452e+00,-1.722214206172303008e+01,0.000000000000000000e+00
-3.969032227631201337e+00,-1.719176733824082604e+01,0.000000000000000000e+00
-3.645260634785987275e+00,-1.714960293931066104e+01,0.000000000000000000e+00
-3.323059282386174651e+00,-1.709565797650714813e+01,0.000000000000000000e+00
-3.002842102846437822e+00,-1.702996382505561712e+01,0.000000000000000000e+00
-2.685025565648526236e+00,-1.695258423205457632e+01,0.000000000000000000e+00
-2.370028226059271326e+00,-1.686362708089815854e+01,0.000000000000000000e+00
-2.058268642650548763e+00,-1.676325286758315869e+01,0.000000000000000000e+00
-1.750160650909045934e+00,-1.665166628618811018e+01,0.000000000000000000e+00
-1.446105460126094533e+00,-1.652906104455000502e+01,0.000000000000000000e+00
-1.146444754310717018e+00,-1.639492381315560365e+01,0.000000000000000000e+00
-8.515341995806668951e-01,-1.624824045647379478e+01,0.000000000000000000e+00
-5.619118953065619371e-01,-1.609105135668155029e+01,0.000000000000000000e+00
-2.779587709100364568e-01,-1.592424732036905333e+01,0.000000000000000000e+00
-2.892467370394491119e-15,-1.574585898240668236e+01,0.000000000000000000e+00
2.715246411549186445e-01,-1.555563627357135204e+01,0.000000000000000000e+00
5.363020313433191077e-01,-1.535768080568929328e+01,0.000000000000000000e+00
7.937908373294774167e-01,-1.514643146854995415e+01,0.000000000000000000e+00
1.043851606278950683e+00,-1.492777344292795050e+01,0.000000000000000000e+00
1.285812374328244134e+00,-1.469690269010962425e+01,0.000000000000000000e+00
1.519702647217475500e+00,-1.445900484767398098e+01,0.000000000000000000e+00
1.745935973757474668e+00,-1.421950741134400786e+01,0.000000000000000000e+00
1.965644421561628441e+00,-1.398628680215303355e+01,0.000000000000000000e+00
2.179289818133572254e+00,-1.375949439015675857e+01,0.000000000000000000e+00
2.387245423832202285e+00,-1.353874157114517196e+01,0.000000000000000000e+00
2.589857388963932472e+00,-1.332366123118482371e+01,0.000000000000000000e+00
2.787447906886662885e+00,-1.311391135134173958e+01,0.000000000000000000e+00
2.980317419357596087e+00,-1.290917299965624743e+01,0.000000000000000000e+00
3.168746557257681395e+00,-1.270914827505647615e+01,0.000000000000000000e+00
3.352997883084988473e+00,-1.251355845734404326e+01,0.000000000000000000e+00
3.533317459298078500e+00,-1.232214234223137161e+01,0.000000000000000000e+00
3.709936262818249730e+00,-1.213465473964833663e+01,0.000000000000000000e+00
3.883071463251372979e+00,-1.195086511612378288e+01,0.000000000000000000e+00
4.052927580011202124e+00,-1.177055636430089436e+01,0.000000000000000000e+00
4.219697532909541415e+00,-1.159352368859736515e+01,0.000000000000000000e+00
4.383563600107953206e+00,-1.141957359903104674e+01,0.000000000000000000e+00
4.544698286028110878e+00,-1.124852298049175303e+01,0.000000000000000000e+00
4.703265112244690016e+00,-1.108019824177798007e+01,0.000000000000000000e+00
4.859419347420840474e+00,-1.091443455412882280e+01,0.000000000000000000e+00
5.013308678724536449e+00,-1.075107515617539455e+01,0.000000000000000000e+00
5.165073810080604844e+00,-1.058997067484887644e+01,0.000000000000000000e+00
5.314849035107513053e+00,-1.043097855147592234e+01,0.000000000000000000e+00
5.462762757745377229e+00,-1.027396249240005410e+01,0.000000000000000000e+00
5.608937957319409584e+00,-1.011879193135878374e+01,0.000000000000000000e+00
5.753492657065968352e+00,-9.965341603012715765e+00,0.000000000000000000e+00
5.896540309393262014e+00,-9.813491053775983630e+00,0.000000000000000000e+00
6.038190207667398113e+00,-9.663124282247693486e+00,0.000000000000000000e+00
6.178547819381860151e+00,-9.514129314319129449e+00,0.000000000000000000e+00
6.317715146770366275e+00,-9.366397886783497384e+00,0.000000000000000000e+00
6.455791017449715063e+00,-9.219825073514458680e+00,0.000000000000000000e+00
6.592871407994580046e+00,-9.074309009955076277e+00,0.000000000000000000e+00
6.729049695587623781e+00,-8.929750552955960430e+00,0.000000000000000000e+00
6.864416955722547620e+00,-8.786053042361357868e+00,0.000000000000000000e+00
6.999062183257584557e+00,-8.643121988516799803e+00,0.000000000000000000e+00
7.133072563973928304e+00,-8.500864854351123157e+00,0.000000000000000000e+00
7.266533683956268419e+00,-8.359190780030592904e+00,0.000000000000000000e+00
7.399529764341944649e+00,-8.218010360129282432e+00,0.000000000000000000e+00
7.532143880465642205e+00,-8.077235416815259583e+00,0.000000000000000000e+00
7.664458154647985744e+00,-7.936778757917335447e+00,0.000000000000000000e+00
7.796553989231751025e+00,-7.796553989231754578e+00,0.000000000000000000e+00
7.928512237576483379e+00,-7.656475268748134333e+00,0.000000000000000000e+00
8.060413425693665701e+00,-7.516457119965887834e+00,0.000000000000000000e+00
8.192337940643543703e+00,-7.376414214010082127e+00,0.000000000000000000e+00
8.324366216813858799e+00,-7.236261153001724011e+00,0.000000000000000000e+00
8.456578957646440742e+00,-7.095912284382679402e+00,0.000000000000000000e+00
8.589057300836875797e+00,-6.955281462414713900e+00,0.000000000000000000e+00
8.721883047172479309e+00,-6.814281860828477200e+00,0.000000000000000000e+00
8.855138847895199561e+00,-6.672825743054017877e+00,0.000000000000000000e+00
8.988908410491607270e+00,-6.530824240567224770e+00,0.000000000000000000e+00
9.123276732483004636e+00,-6.388187141257854584e+00,0.000000000000000000e+00
9.258330287779855894e+00,-6.244822630847715494e+00,0.000000000000000000e+00
9.394157295616922809e+00,-6.100637079465419887e+00,0.000000000000000000e+00
9.530847918181267531e+00,-5.955534761780304720e+00,0.000000000000000000e+00
9.668494542461228747e+00,-5.809417615847847216e+00,0.000000000000000000e+00
9.807192016498754938e+00,-5.662184950719911569e+00,0.000000000000000000e+00
9.947037938907740795e+00,-5.513733164680652443e+00,0.000000000000000000e+00
1.008813294175211794e+01,-5.363955432984460536e+00,0.000000000000000000e+00
1.023058099243637642e+01,-5.212741378760306965e+00,0.000000000000000000e+00
1.037448970267153392e+01,-5.059976717733856155e+00,0.000000000000000000e+00
1.051997108383632273e+01,-4.905543079962026098e+00,0.000000000000000000e+00
1.066714390098400500e+01,-4.749318455032077502e+00,0.000000000000000000e+00
1.081579720781935805e+01,-4.591033531949490154e+00,0.000000000000000000e+00
1.096358603948277910e+01,-4.429576289151246016e+00,0.000000000000000000e+00
1.110827610090977124e+01,-4.264067686382707834e+00,0.000000000000000000e+00
1.124997885775371032e+01,-4.094657440346439969e+00,0.000000000000000000e+00
1.138820944553397219e+01,-3.921274978023546520e+00,0.000000000000000000e+00
1.152311333272270844e+01,-3.744086483725618031e+00,0.000000000000000000e+00
1.165465306825758418e+01,-3.563185024722651750e+00,0.000000000000000000e+00
1.178273469336704338e+01,-3.378644804943230717e+00,0.000000000000000000e+00
1.190729038992379429e+01,-3.190548844022947694e+00,0.000000000000000000e+00
1.202791416576377159e+01,-2.998895817319084944e+00,0.000000000000000000e+00
1.214473614778096078e+01,-2.803833266135434155e+00,0.000000000000000000e+00
1.225805415998394388e+01,-2.605529845011104850e+00,0.000000000000000000e+00
1.236697721676375394e+01,-2.403896854493658086e+00,0.000000000000000000e+00
1.247244075666998775e+01,-2.199227820688833379e+00,0.000000000000000000e+00
1.257830264713546242e+01,-1.992207424999187015e+00,0.000000000000000000e+00
1.268537455068392461e+01,-1.782813127865598313e+00,0.000000000000000000e+00
1.279374872738671698e+01,-1.570874819794280786e+00,0.000000000000000000e+00
1.290351503596025040e+01,-1.356214080093759433e+00,0.000000000000000000e+00
1.301476866004850130e+01,-1.138644716166726134e+00,0.000000000000000000e+00
1.312760924797649587e+01,-9.179718631511334381e-01,0.000000000000000000e+00
1.324214126758111654e+01,-6.939912167862496428e-01,0.000000000000000000e+00
1.335847444302427434e+01,-4.664882067862517467e-01,0.000000000000000000e+00
1.347672417857633320e+01,-2.352370955567422983e-01,0.000000000000000000e+00
1.359700400254463659e+01,-3.330305485942007894e-15,0.000000000000000000e+00
