1.937259416978903204e+01,0.000000000000000000e+00,0.000000000000000000e+00
1.880298232881468934e+01,3.282072773935882926e-01,0.000000000000000000e+00
1.826559215464912356e+01,6.378485332627776838e-01,0.000000000000000000e+00
1.775746391415023950e+01,9.306292494393546555e-01,0.000000000000000000e+00
1.727598574224742833e+01,1.208054606136903075e+00,0.000000000000000000e+00
1.681884346113319850e+01,1.471458136466269329e+00,0.000000000000000000e+00
1.638397780336419629e+01,1.722025457632411438e+00,0.000000000000000000e+00
1.596955201395635093e+01,1.960814431849726480e+00,0.000000000000000000e+00
1.557392538843681251e+01,2.188772473683675557e+00,0.000000000000000000e+00
1.519562186349799759e+01,2.406750064233417863e+00,0.000000000000000000e+00
1.483330746781516751e+01,2.615512319720174172e+00,0.000000000000000000e+00
1.448578756002910239e+01,2.815751864021773354e+00,0.000000000000000000e+00
1.415197275310785585e+01,3.008094669248441821e+00,0.000000000000000000e+00
1.383087389224798613e+01,3.193108837189068794e+00,0.000000000000000000e+00
1.352159886410293588e+01,3.371313240033405823e+00,0.000000000000000000e+00
1.322331994315975301e+01,3.543177900028014804e+00,0.000000000000000000e+00
1.293529769450381650e+01,3.709136927315515031e+00,0.000000000000000000e+00
1.265683562398194795e+01,3.869582980430250174e+00,0.000000000000000000e+00
1.238731389472681954e+01,4.024882267816296988e+00,0.000000000000000000e+00
1.212614224602308433e+01,4.175365617984108546e+00,0.000000000000000000e+00
1.187279598916187595e+01,4.321344337570074856e+00,0.000000000000000000e+00
1.162677296725104270e+01,4.463099985649679802e+00,0.000000000000000000e+00
1.138762189999879837e+01,4.600897897494291122e+00,0.000000000000000000e+00
1.115491781204747390e+01,4.734981688102098296e+00,0.000000000000000000e+00
1.092826369743896286e+01,4.865576478715751385e+00,0.000000000000000000e+00
1.070730126867834819e+01,4.992896579757445608e+00,0.000000000000000000e+00
1.049167999188350464e+01,5.117134240845998328e+00,0.000000000000000000e+00
1.028108832361053437e+01,5.238476149379581059e+00,0.000000000000000000e+00
1.007522806770818846e+01,5.357093789740900114e+00,0.000000000000000000e+00
9.873814183125242394e+00,5.473144574069050527e+00,0.000000000000000000e+00
9.676593133207788355e+00,5.586783650295999770e+00,0.000000000000000000e+00
9.483315112983877526e+00,5.698150589220911222e+00,0.000000000000000000e+00
9.293745643358812814e+00,5.807376816975757805e+00,0.000000000000000000e+00
9.107673373441507181e+00,5.914592245075700916e+00,0.000000000000000000e+00
8.924888364734218982e+00,6.019913213881109115e+00,0.000000000000000000e+00
8.745192965106962646e+00,6.123450037266417567e+00,0.000000000000000000e+00
8.568408633963803922e+00,6.225313269903023361e+00,0.000000000000000000e+00
8.394357913603286647e+00,6.325602403808197494e+00,0.000000000000000000e+00
8.222870067772779734e+00,6.424410192583187573e+00,0.000000000000000000e+00
8.053791819323091516e+00,6.521832021964407033e+00,0.000000000000000000e+00
7.886972057623819587e+00,6.617955344657660000e+00,0.000000000000000000e+00
7.722261331987956723e+00,6.712859361848198425e+00,0.000000000000000000e+00
7.559524072522085802e+00,6.806626047865764306e+00,0.000000000000000000e+00
7.398630143900306599e+00,6.899334225939893983e+00,0.000000000000000000e+00
7.239448974212282728e+00,6.991054610185387652e+00,0.000000000000000000e+00
7.081856263136844909e+00,7.081856263136844021e+00,0.000000000000000000e+00
6.925737465932504833e+00,7.171811091328188503e+00,0.000000000000000000e+00
6.770978098349998753e+00,7.260985048932965924e+00,0.000000000000000000e+00
6.617463936609428110e+00,7.349438264429285717e+00,0.000000000000000000e+00
6.465088905161303856e+00,7.437234026372627760e+00,0.000000000000000000e+00
6.313750873677933306e+00,7.524435286450507299e+00,0.000000000000000000e+00
6.163346728062975899e+00,7.611099349224578425e+00,0.000000000000000000e+00
6.013774476191444229e+00,7.697280318697554691e+00,0.000000000000000000e+00
5.864939184790752158e+00,7.783037174295196259e+00,0.000000000000000000e+00
5.716746566630722448e+00,7.868426618226178171e+00,0.000000000000000000e+00
5.569101007908526135e+00,7.953500503790062126e+00,0.000000000000000000e+00
5.421908530174095020e+00,8.038309961682394089e+00,0.000000000000000000e+00
5.275080099010976298e+00,8.122911025782562078e+00,0.000000000000000000e+00
5.128525722709802004e+00,8.207356797127703274e+00,0.000000000000000000e+00
4.982153721577296857e+00,8.291696216737367564e+00,0.000000000000000000e+00
4.835874093788395278e+00,8.375979629447600772e+00,0.000000000000000000e+00
4.689599745119113372e+00,8.460261893303576031e+00,0.000000000000000000e+00
4.543241617453460002e+00,8.544594748407597251e+00,0.000000000000000000e+00
4.396708533724314805e+00,8.629026357931486757e+00,0.000000000000000000e+00
4.249910759632111734e+00,8.713608356842904357e+00,0.000000000000000000e+00
4.102759585916594176e+00,8.798396325185066758e+00,0.000000000000000000e+00
3.955163467357705631e+00,8.883442594487915400e+00,0.000000000000000000e+00
3.807028278293095092e+00,8.968796576174712598e+00,0.000000000000000000e+00
3.658260944306893414e+00,9.054513569620278091e+00,0.000000000000000000e+00
3.508767473755896038e+00,9.140651776434777886e+00,0.000000000000000000e+00
3.358450140627076586e+00,9.227265925737089702e+00,0.000000000000000000e+00
3.207208256362504617e+00,9.314409105099691999e+00,0.000000000000000000e+00
3.054941451225195337e+00,9.402143011470059264e+00,0.000000000000000000e+00
2.901546262327832082e+00,9.490530189787861559e+00,0.000000000000000000e+00
2.746914526506337939e+00,9.579629395734613695e+00,0.000000000000000000e+00
2.590935073830400448e+00,9.669501334647275570e+00,0.000000000000000000e+00
2.433495365653444154e+00,9.760216814410664909e+00,0.000000000000000000e+00
2.274477548541980809e+00,9.851844628110564273e+00,0.000000000000000000e+00
2.113758132325122663e+00,9.944450153491708022e+00,0.000000000000000000e+00
1.951210478753092614e+00,1.003810770447256751e+01,0.000000000000000000e+00
1.786703210977027334e+00,1.013289743746659433e+01,0.000000000000000000e+00
1.620097808659464622e+00,1.022889499334540986e+01,0.000000000000000000e+00
1.451249865617871837e+00,1.032617935343153803e+01,0.000000000000000000e+00
1.280010120818797947e+00,1.042484585526190699e+01,0.000000000000000000e+00
1.106220785758011749e+00,1.052498772253820825e+01,0.000000000000000000e+00
9.297153242896736280e-01,1.062669478330969852e+01,0.000000000000000000e+00
7.503193269353313211e-01,1.073006628046287325e+01,0.000000000000000000e+00
5.678488123340491578e-01,1.083520080611008929e+01,0.000000000000000000e+00
3.821098911115992092e-01,1.094219562377902299e+01,0.000000000000000000e+00
1.928993429913704594e-01,1.105119595857440196e+01,0.000000000000000000e+00
6.834980320160082188e-16,1.116236995829142131e+01,0.000000000000000000e+00
-1.968209872476387456e-01,1.127586680754544091e+01,0.000000000000000000e+00
-3.978081563987805325e-01,1.139173512464526183e+01,0.000000000000000000e+00
-6.032118211305057542e-01,1.150996721064468886e+01,0.000000000000000000e+00
-8.132958179467313364e-01,1.163067206043573876e+01,0.000000000000000000e+00
-1.028388162032424891e+00,1.175453047957121377e+01,0.000000000000000000e+00
-1.248884653970380398e+00,1.188234375915987684e+01,0.000000000000000000e+00
-1.474996928935364160e+00,1.201288596944823972e+01,0.000000000000000000e+00
-1.706408203709037119e+00,1.214172526669931607e+01,0.000000000000000000e+00
-1.942532441833727752e+00,1.226466714693309434e+01,0.000000000000000000e+00
-2.183044390899223863e+00,1.238065996552518655e+01,0.000000000000000000e+00
-2.427784215923072697e+00,1.248986703793637432e+01,0.000000000000000000e+00
-2.676571022032404379e+00,1.259227662041118379e+01,0.000000000000000000e+00
-2.929186042500281140e+00,1.268769867437986143e+01,0.000000000000000000e+00
-3.185392880446819674e+00,1.277591303071692508e+01,0.000000000000000000e+00
-3.444928486960777914e+00,1.285664814177899906e+01,0.000000000000000000e+00
-3.707532942146685162e+00,1.292970393345833813e+01,0.000000000000000000e+00
-3.973011942668547736e+00,1.299513651594618580e+01,0.000000000000000000e+00
-4.241189002160337118e+00,1.305303756999761511e+01,0.000000000000000000e+00
-4.511853826361436504e+00,1.310337496100217791e+01,0.000000000000000000e+00
-4.784781830941303049e+00,1.314608003752797494e+01,0.000000000000000000e+00
-5.059748313553099841e+00,1.318109500174008453e+01,0.000000000000000000e+00
-5.336528096675960953e+00,1.320837053496935631e+01,0.000000000000000000e+00
-5.614895737693658795e+00,1.322786540749931739e+01,0.000000000000000000e+00
-5.894625508071952069e+00,1.323954565952343287e+01,0.000000000000000000e+00
-6.175491662160164985e+00,1.324338460705155640e+01,0.000000000000000000e+00
-6.457268478605360684e+00,1.323936236779346309e+01,0.000000000000000000e+00
-6.739730337508431646e+00,1.322746556466582390e+01,0.000000000000000000e+00
-7.022651830058066480e+00,1.320768715370306623e+01,0.000000000000000000e+00
-7.305807840916090257e+00,1.318002623584904498e+01,0.000000000000000000e+00
-7.588973694749014065e+00,1.314448801660900479e+01,0.000000000000000000e+00
-7.871925275416814749e+00,1.310108372247265329e+01,0.000000000000000000e+00
-8.154439192108618784e+00,1.304983060409703555e+01,0.000000000000000000e+00
-8.436292979094814015e+00,1.299075198298305622e+01,0.000000000000000000e+00
-8.717265271006924721e+00,1.292387724296650831e+01,0.000000000000000000e+00
-8.997136239958198445e+00,1.284924218748355251e+01,0.000000000000000000e+00
-9.275687679387564444e+00,1.276688882184626195e+01,0.000000000000000000e+00
-9.552703366408207941e+00,1.267686553486787027e+01,0.000000000000000000e+00
-9.827969243949945977e+00,1.257922699524467625e+01,0.000000000000000000e+00
-1.010127517964632204e+01,1.247403599672334096e+01,0.000000000000000000e+00
-1.037241452617572079e+01,1.236136227544628596e+01,0.000000000000000000e+00
-1.064118189688727689e+01,1.224127946967125347e+01,0.000000000000000000e+00
-1.090737395982960578e+01,1.211386602370881072e+01,0.000000000000000000e+00
-1.117080226340547178e+01,1.197921881314893255e+01,0.000000000000000000e+00
-1.143129403307484182e+01,1.183745149710226485e+01,0.000000000000000000e+00
-1.168865420284797629e+01,1.168865420284797807e+01,0.000000000000000000e+00
-1.194264953597612511e+01,1.153288259834705265e+01,0.000000000000000000e+00
-1.219303088984175609e+01,1.137018525051995432e+01,0.000000000000000000e+00
-1.243951549817325919e+01,1.120059006366086507e+01,0.000000000000000000e+00
-1.268185711045076580e+01,1.102417019699526612e+01,0.000000000000000000e+00
-1.292006638233948124e+01,1.084122293620703736e+01,0.000000000000000000e+00
-1.315424635380646734e+01,1.065209866602612543e+01,0.000000000000000000e+00
-1.338418715522323410e+01,1.045687304685174723e+01,0.000000000000000000e+00
-1.360935968767842930e+01,1.025538811195577438e+01,0.000000000000000000e+00
-1.382933806451477388e+01,1.004760223803333119e+01,0.000000000000000000e+00
-1.404414345828129385e+01,9.833815117187151955e+00,0.000000000000000000e+00
-1.425390340706205627e+01,9.614379246312639182e+00,0.000000000000000000e+00
-1.445856518772139943e+01,9.389502019647462561e+00,0.000000000000000000e+00
-1.465785013263659664e+01,9.159241312764679677e+00,0.000000000000000000e+00
-1.485147394835890289e+01,8.923665830082619266e+00,0.000000000000000000e+00
-1.503927210704655870e+01,8.682927799419358550e+00,0.000000000000000000e+00
-1.522116700331462447e+01,8.437230643611517422e+00,0.000000000000000000e+00
-1.539708573492560539e+01,8.186775705360362920e+00,0.000000000000000000e+00
-1.556690247295821727e+01,7.931732979769972047e+00,0.000000000000000000e+00
-1.573045033516044811e+01,7.672253261274525116e+00,0.000000000000000000e+00
-1.588756470687295952e+01,7.408493092247937284e+00,0.000000000000000000e+00
-1.603810483780744178e+01,7.140624331777485345e+00,0.000000000000000000e+00
-1.618197940926656742e+01,6.868842735656042642e+00,0.000000000000000000e+00
-1.631910893041447963e+01,6.593347990148168414e+00,0.000000000000000000e+00
-1.644941980597456777e+01,6.314340660712884024e+00,0.000000000000000000e+00
-1.657283383011786171e+01,6.032018211602844460e+00,0.000000000000000000e+00
-1.668925650969713459e+01,5.746571861563029238e+00,0.000000000000000000e+00
-1.679859578474842152e+01,5.458194639519839519e+00,0.000000000000000000e+00
-1.690076477574455183e+01,5.167082332060910055e+00,0.000000000000000000e+00
-1.699568186520170698e+01,4.873433352671248997e+00,0.000000000000000000e+00
-1.708327279535822640e+01,4.577449149596809264e+00,0.000000000000000000e+00
-1.716347449911264889e+01,4.279334818713618205e+00,0.000000000000000000e+00
-1.723623052659641175e+01,3.979297363498520923e+00,0.000000000000000000e+00
-1.730149009135249472e+01,3.677545245585842171e+00,0.000000000000000000e+00
-1.735920810613152909e+01,3.374288238055837663e+00,0.000000000000000000e+00
-1.740934521508008714e+01,3.069737277886431581e+00,0.000000000000000000e+00
-1.745186782230239686e+01,2.764104317653151011e+00,0.000000000000000000e+00
-1.748674811677862806e+01,2.457602176562545537e+00,0.000000000000000000e+00
-1.751396409362492790e+01,2.150444390904975744e+00,0.000000000000000000e+00
-1.753349957168216022e+01,1.842845064012724299e+00,0.000000000000000000e+00
-1.754534420742245970e+01,1.535018715809711498e+00,0.000000000000000000e+00
-1.754949350516445605e+01,1.227180132039496385e+00,0.000000000000000000e+00
-1.754596563506219908e+01,9.195450943101650676e-01,0.000000000000000000e+00
-1.753485197286237351e+01,6.123305238162400910e-01,0.000000000000000000e+00
-1.751626670564903065e+01,3.057475726470784694e-01,0.000000000000000000e+00
-1.749032974913702176e+01,2.141947634331238098e-15,0.000000000000000000e+00
-1.752536214495604483e+01,-3.059063341307288186e-01,0.000000000000000000e+00
-1.744988030274767965e+01,-6.093632477108393841e-01,0.000000000000000000e+00
-1.736619800403493130e+01,-9.101238719810486044e-01,0.000000000000000000e+00
-1.727433843906133859e+01,-1.207939415476787515e+00,0.000000000000000000e+00
-1.717433203742416126e+01,-1.502559356904695331e+00,0.000000000000000000e+00
-1.706621658083463089e+01,-1.793731642607024668e+00,0.000000000000000000e+00
-1.695003731078480413e+01,-2.081202888492566405e+00,0.000000000000000000e+00
-1.682584703097592183e+01,-2.364718586308112158e+00,0.000000000000000000e+00
-1.669370620436700747e+01,-2.644023314120905521e+00,0.000000000000000000e+00
-1.655368304470491125e+01,-2.918860950877728566e+00,0.000000000000000000e+00
-1.640585360240063295e+01,-3.188974894902786072e+00,0.000000000000000000e+00
-1.625030185888831724e+01,-3.454108289225264805e+00,0.000000000000000000e+00
-1.608715605937175397e+01,-3.714012619781797753e+00,0.000000000000000000e+00
-1.591666609323331016e+01,-3.968470568947628507e+00,0.000000000000000000e+00
-1.573910960646202462e+01,-4.217281708636417825e+00,0.000000000000000000e+00
-1.555476555700347951e+01,-4.460257250030778664e+00,0.000000000000000000e+00
-1.536380923425423894e+01,-4.697187866989401606e+00,0.000000000000000000e+00
-1.516629130292400873e+01,-4.927826763125843001e+00,0.000000000000000000e+00
-1.496226388950682562e+01,-5.151920614484031269e+00,0.000000000000000000e+00
-1.475185544445261066e+01,-5.369236281978568393e+00,0.000000000000000000e+00
-1.453534238746286000e+01,-5.579595179472811139e+00,0.000000000000000000e+00
-1.431302174374909519e+01,-5.782836155423480839e+00,0.000000000000000000e+00
-1.408511931657683824e+01,-5.978778433194302799e+00,0.000000000000000000e+00
-1.385174639707834388e+01,-6.167194837598437118e+00,0.000000000000000000e+00
-1.361304277181624123e+01,-6.347866095289459665e+00,0.000000000000000000e+00
-1.336957278621414780e+01,-6.520776343039916156e+00,0.000000000000000000e+00
-1.312219442987754192e+01,-6.686092015236635433e+00,0.000000000000000000e+00
-1.287242650491010920e+01,-6.844390581029911047e+00,0.000000000000000000e+00
-1.262385162672180883e+01,-6.997515220888658405e+00,0.000000000000000000e+00
-1.238016680696230409e+01,-7.147692638612157978e+00,0.000000000000000000e+00
-1.214231532928248747e+01,-7.295839105180510487e+00,0.000000000000000000e+00
-1.190912739531050057e+01,-7.441648717313286809e+00,0.000000000000000000e+00
-1.167959111794769811e+01,-7.584815157437436284e+00,0.000000000000000000e+00
-1.145350590257911882e+01,-7.725487278994617846e+00,0.000000000000000000e+00
-1.123087908580444250e+01,-7.863946196602038974e+00,0.000000000000000000e+00
-1.101163197961124673e+01,-8.000418935931431719e+00,0.000000000000000000e+00
-1.079552878096379764e+01,-8.135014435896543716e+00,0.000000000000000000e+00
-1.058231724199289481e+01,-8.267812356303249288e+00,0.000000000000000000e+00
-1.037178479343933013e+01,-8.398905721461947138e+00,0.000000000000000000e+00
-1.016377023525449452e+01,-8.528415855772660592e+00,0.000000000000000000e+00
-9.958114352549852555e+00,-8.656456740329010913e+00,0.000000000000000000e+00
-9.754658910691212270e+00,-8.783134333932331117e+00,0.000000000000000000e+00
-9.553247468185981361e+00,-8.908547385689846720e+00,0.000000000000000000e+00
-9.353722895079856769e+00,-9.032785202434546079e+00,0.000000000000000000e+00
-9.155935973344133672e+00,-9.155935973344128342e+00,0.000000000000000000e+00
-8.959749040924990027e+00,-9.278091735833802645e+00,0.000000000000000000e+00
-8.765023981511420814e+00,-9.399337460388798249e+00,0.000000000000000000e+00
-8.571625622270094169e+00,-9.519754688523727637e+00,0.000000000000000000e+00
-8.379426640760380351e+00,-9.639427678156804902e+00,0.000000000000000000e+00
-8.188299231265743217e+00,-9.758435026097352250e+00,0.000000000000000000e+00
-7.998116210782527880e+00,-9.876850966332249016e+00,0.000000000000000000e+00
-7.808757880617696046e+00,-9.994754307118387970e+00,0.000000000000000000e+00
-7.620104859306702672e+00,-1.011222069374748500e+01,0.000000000000000000e+00
-7.432036453189857284e+00,-1.022932060645322139e+01,0.000000000000000000e+00
-7.244436918206454301e+00,-1.034612814470552600e+01,0.000000000000000000e+00
-7.057192041069873412e+00,-1.046271746738893960e+01,0.000000000000000000e+00
-6.870185237856536453e+00,-1.057915754269143882e+01,0.000000000000000000e+00
-6.683301845629507909e+00,-1.069551871156467726e+01,0.000000000000000000e+00
-6.496429943891844694e+00,-1.081187506414671518e+01,0.000000000000000000e+00
-6.309454838153519596e+00,-1.092829634774315117e+01,0.000000000000000000e+00
-6.122260831698740802e+00,-1.104485091061228097e+01,0.000000000000000000e+00
-5.934735159676439942e+00,-1.116161347962487227e+01,0.000000000000000000e+00
-5.746762438240478943e+00,-1.127865633393315470e+01,0.000000000000000000e+00
-5.558224225143971964e+00,-1.139604848117178193e+01,0.000000000000000000e+00
-5.369003684162298562e+00,-1.151386555692734781e+01,0.000000000000000000e+00
-5.178982013267169116e+00,-1.163218405318655790e+01,0.000000000000000000e+00
-4.988035979722352131e+00,-1.175107636364290009e+01,0.000000000000000000e+00
-4.796041750381957236e+00,-1.187061988480605201e+01,0.000000000000000000e+00
-4.602874050354366808e+00,-1.199089685474101152e+01,0.000000000000000000e+00
-4.408402160279094595e+00,-1.211198539124176321e+01,0.000000000000000000e+00
-4.212492498412342634e+00,-1.223396653601693096e+01,0.000000000000000000e+00
-4.015009865150958035e+00,-1.235692976357133155e+01,0.000000000000000000e+00
-3.815812723777014082e+00,-1.248096103921113276e+01,0.000000000000000000e+00
-3.614754686161730568e+00,-1.260614770346204594e+01,0.000000000000000000e+00
-3.411686760886003089e+00,-1.273258833113666277e+01,0.000000000000000000e+00
-3.206452568355078192e+00,-1.286037882544558286e+01,0.000000000000000000e+00
-2.998889149363023421e+00,-1.298961600011845086e+01,0.000000000000000000e+00
-2.788829276266851842e+00,-1.312041018332000775e+01,0.000000000000000000e+00
-2.576096847300741732e+00,-1.325286938130943781e+01,0.000000000000000000e+00
-2.360507586234996236e+00,-1.338710375888421922e+01,0.000000000000000000e+00
-2.141870624750090268e+00,-1.352323890125384587e+01,0.000000000000000000e+00
-1.919984172347222628e+00,-1.366139724737638161e+01,0.000000000000000000e+00
-1.694636627206822954e+00,-1.380170776150683842e+01,0.000000000000000000e+00
-1.465606562141634539e+00,-1.394431497871575054e+01,0.000000000000000000e+00
-1.232659186398267437e+00,-1.408935897201142673e+01,0.000000000000000000e+00
-9.955476944463745870e-01,-1.423699532091656828e+01,0.000000000000000000e+00
-7.540111624041230254e-01,-1.438739005390577574e+01,0.000000000000000000e+00
-5.077727169211367908e-01,-1.454070813190759814e+01,0.000000000000000000e+00
-2.565395247771395937e-01,-1.469713953125559414e+01,0.000000000000000000e+00
-2.729163408066318250e-15,-1.485687361703781839e+01,0.000000000000000000e+00
2.621771203802595873e-01,-1.502011716704839550e+01,0.000000000000000000e+00
5.303449913893785173e-01,-1.518709350075180708e+01,0.000000000000000000e+00
8.048802843287848896e-01,-1.535803072253505697e+01,0.000000000000000000e+00
1.086186307026483666e+00,-1.553318786939619756e+01,0.000000000000000000e+00
1.374694068436204342e+00,-1.571282510252164677e+01,0.000000000000000000e+00
1.670867132500406083e+00,-1.589723885319075514e+01,0.000000000000000000e+00
1.975202244695589027e+00,-1.608673134611388988e+01,0.000000000000000000e+00
2.288235700148828933e+00,-1.628164301851760953e+01,0.000000000000000000e+00
2.610544075437128964e+00,-1.648232661041715730e+01,0.000000000000000000e+00
2.942752290647778324e+00,-1.668917756558915499e+01,0.000000000000000000e+00
3.285534355277909491e+00,-1.690260896205344565e+01,0.000000000000000000e+00
3.639623888767332449e+00,-1.712308413427192022e+01,0.000000000000000000e+00
4.005815201394411496e+00,-1.735109190168063265e+01,0.000000000000000000e+00
4.384975470096872385e+00,-1.758717600948693516e+01,0.000000000000000000e+00
4.778049726104677930e+00,-1.783192433891318629e+01,0.000000000000000000e+00
5.186070469912746006e+00,-1.808597706355050505e+01,0.000000000000000000e+00
5.610171378259701136e+00,-1.835004374272552141e+01,0.000000000000000000e+00
6.051595955002416538e+00,-1.862489724434730931e+01,0.000000000000000000e+00
6.511713177310677558e+00,-1.891138824185068756e+01,0.000000000000000000e+00
6.992035821404799734e+00,-1.921046053532757369e+01,0.000000000000000000e+00
7.494237649201303419e+00,-1.952315654815094348e+01,0.000000000000000000e+00
8.020176012122252729e+00,-1.985063220968852704e+01,0.000000000000000000e+00
8.571918546329472477e+00,-2.019417458701881074e+01,0.000000000000000000e+00
9.151774187477517586e+00,-2.055522137154186169e+01,0.000000000000000000e+00
9.762329559372153298e+00,-2.093538330036859918e+01,0.000000000000000000e+00
1.040649210343332065e+01,-2.133647073703394881e+01,0.000000000000000000e+00
1.108754167151552572e+01,-2.176052576474251765e+01,0.000000000000000000e+00
1.180919259675789235e+01,-2.220986105109456332e+01,0.000000000000000000e+00
1.257566855527867489e+01,-2.268710662818796209e+01,0.000000000000000000e+00
1.339179362099264026e+01,-2.319526695603603983e+01,0.000000000000000000e+00
1.426310155344404507e+01,-2.373778727007873002e+01,0.000000000000000000e+00
1.519596263638760902e+01,-2.431862370902878112e+01,0.000000000000000000e+00
1.619772353645056739e+01,-2.494230696733509944e+01,0.000000000000000000e+00
1.727698573080014555e+01,-2.561418469803589559e+01,0.000000000000000000e+00
1.843768523810981108e+01,-2.633174342174503479e+01,0.000000000000000000e+00
1.964840887242178979e+01,-2.704371473802676462e+01,0.000000000000000000e+00
2.091118352887103882e+01,-2.775007781594234757e+01,0.000000000000000000e+00
2.222465054683677721e+01,-2.844625549583904700e+01,0.000000000000000000e+00
2.358833415261134903e+01,-2.912916677245839026e+01,0.000000000000000000e+00
2.499853947082413796e+01,-2.979209922396283261e+01,0.000000000000000000e+00
2.640957491530408419e+01,-3.038074063070230935e+01,0.000000000000000000e+00
2.778952213553523976e+01,-3.086339106484835071e+01,0.000000000000000000e+00
2.913092402982945117e+01,-3.123909142369528524e+01,0.000000000000000000e+00
3.043745505633429005e+01,-3.151890738547226434e+01,0.000000000000000000e+00
3.170421379253188121e+01,-3.170421379253189542e+01,0.000000000000000000e+00
3.292628837409012021e+01,-3.179654707891951659e+01,0.000000000000000000e+00
3.410011507289741672e+01,-3.179887174450708898e+01,0.000000000000000000e+00
3.522395793047960666e+01,-3.171579417678079693e+01,0.000000000000000000e+00
3.629182780686828380e+01,-3.154800460362076109e+01,0.000000000000000000e+00
3.728686786103078532e+01,-3.128739706994692327e+01,0.000000000000000000e+00
3.823465343132231453e+01,-3.096181186342953140e+01,0.000000000000000000e+00
3.910163431804983247e+01,-3.054954486561416971e+01,0.000000000000000000e+00
3.991289658185793598e+01,-3.007652487059301549e+01,0.000000000000000000e+00
4.064390720397074119e+01,-2.952952708798821035e+01,0.000000000000000000e+00
4.129612217333034607e+01,-2.891585604459507408e+01,0.000000000000000000e+00
4.187374700943949790e+01,-2.824419898997206957e+01,0.000000000000000000e+00
4.237184256680465211e+01,-2.751659630065243078e+01,0.000000000000000000e+00
4.277478817291374469e+01,-2.672865416366744284e+01,0.000000000000000000e+00
4.309982434288313158e+01,-2.589698713464389712e+01,0.000000000000000000e+00
4.335196527747355333e+01,-2.502926882284869237e+01,0.000000000000000000e+00
4.350630634882731584e+01,-2.411593940443203721e+01,0.000000000000000000e+00
4.353516125046039775e+01,-2.314805584577313269e+01,0.000000000000000000e+00
4.349023989818171998e+01,-2.215938403274159185e+01,0.000000000000000000e+00
4.334524696502382568e+01,-2.114088950427759528e+01,0.000000000000000000e+00
4.310833337243144570e+01,-2.010174598186351247e+01,0.000000000000000000e+00
4.276640010024294725e+01,-1.904082809201001325e+01,0.000000000000000000e+00
4.232544789152713349e+01,-1.796608671474523078e+01,0.000000000000000000e+00
4.178294868708905341e+01,-1.688140706230862520e+01,0.000000000000000000e+00
4.113502503431845270e+01,-1.579025669095634754e+01,0.000000000000000000e+00
4.038363553821700691e+01,-1.469844128736577105e+01,0.000000000000000000e+00
3.952774754633684751e+01,-1.361049497134662900e+01,0.000000000000000000e+00
3.856624963973864340e+01,-1.253093411778632138e+01,0.000000000000000000e+00
3.749170414705452004e+01,-1.146236425792544189e+01,0.000000000000000000e+00
3.632244644254247845e+01,-1.041529391687050676e+01,0.000000000000000000e+00
3.511220701889952522e+01,-9.408287515188522576e+00,0.000000000000000000e+00
3.389953504159201714e+01,-8.452103369232563779e+00,0.000000000000000000e+00
3.269154135410527573e+01,-7.547437017528839220e+00,0.000000000000000000e+00
3.149013129221036422e+01,-6.693434034009822398e+00,0.000000000000000000e+00
3.029685648493911287e+01,-5.889112329443551452e+00,0.000000000000000000e+00
2.911301669059696806e+01,-5.133410332368137929e+00,0.000000000000000000e+00
2.793986848615892171e+01,-4.425240432921436984e+00,0.000000000000000000e+00
2.678207700727447360e+01,-3.763975457666092872e+00,0.000000000000000000e+00
2.568079849808045267e+01,-3.153205567222796546e+00,0.000000000000000000e+00
2.466772020260445686e+01,-2.592681867642417703e+00,0.000000000000000000e+00
2.373463939471861295e+01,-2.076511879913681025e+00,0.000000000000000000e+00
2.287209358881001364e+01,-1.599372587139075597e+00,0.000000000000000000e+00
2.207192911505788757e+01,-1.156740789412896708e+00,0.000000000000000000e+00
2.132717636221507007e+01,-7.447614096547600093e-01,0.000000000000000000e+00
2.063186202290092197e+01,-3.601304911997814662e-01,0.000000000000000000e+00
1.998083854515308033e+01,-4.893893993720355990e-15,0.000000000000000000e+00
