1.621720244248686171e+01,0.000000000000000000e+00,0.000000000000000000e+00
1.579094534166242525e+01,2.756319762166525855e-01,0.000000000000000000e+00
1.538627977088608034e+01,5.373007292146537717e-01,0.000000000000000000e+00
1.500137770408642091e+01,7.861888916572964403e-01,0.000000000000000000e+00
1.463461286518252003e+01,1.023351821689696184e+00,0.000000000000000000e+00
1.428451746958156221e+01,1.249733342526404556e+00,0.000000000000000000e+00
1.394978441911182188e+01,1.466181423491796476e+00,0.000000000000000000e+00
1.362923550354686775e+01,1.673459696745279723e+00,0.000000000000000000e+00
1.332179715148544474e+01,1.872256491405705159e+00,0.000000000000000000e+00
1.302651530352890319e+01,2.063197335728432780e+00,0.000000000000000000e+00
1.274250107114056441e+01,2.246846740548596344e+00,0.000000000000000000e+00
1.246897098519751168e+01,2.423722434731934605e+00,0.000000000000000000e+00
1.220518453535849979e+01,2.594292059383928706e+00,0.000000000000000000e+00
1.195048911816326864e+01,2.758987805776079494e+00,0.000000000000000000e+00
1.170426706099837766e+01,2.918201531061949794e+00,0.000000000000000000e+00
1.146596286397058861e+01,3.072295489846161853e+00,0.000000000000000000e+00
1.123506583364602207e+01,3.221603286494431728e+00,0.000000000000000000e+00
1.101109109427523514e+01,3.366428383856154838e+00,0.000000000000000000e+00
1.079361504217819601e+01,3.507058120759467990e+00,0.000000000000000000e+00
1.058222112021016237e+01,3.643750941625452544e+00,0.000000000000000000e+00
1.037653671840163305e+01,3.776750500268493127e+00,0.000000000000000000e+00
1.017622061678437007e+01,3.906285107369436016e+00,0.000000000000000000e+00
9.980935557044317008e+00,4.032559723416533792e+00,0.000000000000000000e+00
9.790387025721363656e+00,4.155772733363973792e+00,0.000000000000000000e+00
9.604296921646511720e+00,4.276108491737497630e+00,0.000000000000000000e+00
9.422389978733638927e+00,4.393732605206410291e+00,0.000000000000000000e+00
9.244425591819581456e+00,4.508807623702660194e+00,0.000000000000000000e+00
9.070176983127085535e+00,4.621486004321850416e+00,0.000000000000000000e+00
8.899417230809829604e+00,4.731904077912265194e+00,0.000000000000000000e+00
8.731942450101032094e+00,4.840194736855671032e+00,0.000000000000000000e+00
8.567566936034932468e+00,4.946487076819903628e+00,0.000000000000000000e+00
8.406104155101036923e+00,5.050896946244156638e+00,0.000000000000000000e+00
8.247375344627293714e+00,5.153532086550222324e+00,0.000000000000000000e+00
8.091224526491469504e+00,5.254502645769492553e+00,0.000000000000000000e+00
7.937498480765121656e+00,5.353910327699896499e+00,0.000000000000000000e+00
7.786043536168302914e+00,5.451846376854029508e+00,0.000000000000000000e+00
7.636718432960351244e+00,5.548400715948151429e+00,0.000000000000000000e+00
7.489395435143019419e+00,5.643664262973400625e+00,0.000000000000000000e+00
7.343946491817129107e+00,5.737719835891153863e+00,0.000000000000000000e+00
7.200243560575061430e+00,5.830642270468851862e+00,0.000000000000000000e+00
7.058169992854828934e+00,5.922507837791031626e+00,0.000000000000000000e+00
6.917617746967541059e+00,6.013393364721047796e+00,0.000000000000000000e+00
6.778477991188039731e+00,6.103368997449608813e+00,0.000000000000000000e+00
6.640641525062223494e+00,6.192498403752732195e+00,0.000000000000000000e+00
6.504007307026526519e+00,6.280846847658702714e+00,0.000000000000000000e+00
6.368481509671047647e+00,6.368481509671046759e+00,0.000000000000000000e+00
6.233969415052089680e+00,6.455464304529701991e+00,0.000000000000000000e+00
6.100375364092577968e+00,6.541851659858311407e+00,0.000000000000000000e+00
5.967607896247481669e+00,6.627700013165962467e+00,0.000000000000000000e+00
5.835582759761830829e+00,6.713070044553599125e+00,0.000000000000000000e+00
5.704215013598471273e+00,6.798018735385808142e+00,0.000000000000000000e+00
5.573418368966754244e+00,6.882598496017265255e+00,0.000000000000000000e+00
5.443107159522241112e+00,6.966859461960729583e+00,0.000000000000000000e+00
5.313202214923686384e+00,7.050857485536567992e+00,0.000000000000000000e+00
5.183624667865614377e+00,7.134647275358621421e+00,0.000000000000000000e+00
5.054293854888660675e+00,7.218279694348158415e+00,0.000000000000000000e+00
4.925127755912591887e+00,7.301802175854750665e+00,0.000000000000000000e+00
4.796047917850203568e+00,7.385266153473406092e+00,0.000000000000000000e+00
4.666978083178156211e+00,7.468726172787819806e+00,0.000000000000000000e+00
4.537839776552137216e+00,7.552233634309777344e+00,0.000000000000000000e+00
4.408552274508783064e+00,7.635836527272546803e+00,0.000000000000000000e+00
4.279034920966966915e+00,7.719583343898489325e+00,0.000000000000000000e+00
4.149210357965580798e+00,7.803529730514995322e+00,0.000000000000000000e+00
4.018999152673202069e+00,7.887729958652724527e+00,0.000000000000000000e+00
3.888318888349844293e+00,7.972235154069024610e+00,0.000000000000000000e+00
3.757084820198955288e+00,8.057094397858069357e+00,0.000000000000000000e+00
3.625214026321620597e+00,8.142364016391727688e+00,0.000000000000000000e+00
3.492622373911766775e+00,8.228102682509005561e+00,0.000000000000000000e+00
3.359221923075446981e+00,8.314366019511849615e+00,0.000000000000000000e+00
3.224921115811901107e+00,8.401206733301714635e+00,0.000000000000000000e+00
3.089628419765488854e+00,8.488684317810946567e+00,0.000000000000000000e+00
2.953252102524967171e+00,8.576866880672001869e+00,0.000000000000000000e+00
2.815695605438090166e+00,8.665820010553517250e+00,0.000000000000000000e+00
2.676857373089376324e+00,8.755605948077963774e+00,0.000000000000000000e+00
2.536632302662553240e+00,8.846288131018811285e+00,0.000000000000000000e+00
2.394912567857508723e+00,8.937935382929470762e+00,0.000000000000000000e+00
2.251584892288507778e+00,9.030613756228099476e+00,0.000000000000000000e+00
2.106530362769011511e+00,9.124385444781026422e+00,0.000000000000000000e+00
1.959629042279292577e+00,9.219329795715580644e+00,0.000000000000000000e+00
1.810762330731829239e+00,9.315564620534185991e+00,0.000000000000000000e+00
1.659802687556143352e+00,9.413208806089762959e+00,0.000000000000000000e+00
1.506612254194813705e+00,9.512375401950482257e+00,0.000000000000000000e+00
1.351035879134428574e+00,9.613119788247825426e+00,0.000000000000000000e+00
1.192904248794889988e+00,9.715425457588377611e+00,0.000000000000000000e+00
1.032046356035108747e+00,9.819265164970387261e+00,0.000000000000000000e+00
8.682956616432254693e-01,9.924664826842839460e+00,0.000000000000000000e+00
7.015120777289349796e-01,1.003209009865403267e+01,0.000000000000000000e+00
5.315303564969200423e-01,1.014220338599461080e+01,0.000000000000000000e+00
3.581340642029495758e-01,1.025561777175559186e+01,0.000000000000000000e+00
1.810299460183492359e-01,1.037119866140976043e+01,0.000000000000000000e+00
6.420539661854129265e-16,1.048553699944238460e+01,0.000000000000000000e+00
-1.849376752543295255e-01,1.059507231940241034e+01,0.000000000000000000e+00
-3.735587775958852386e-01,1.069732377129218115e+01,0.000000000000000000e+00
-5.655886965840769554e-01,1.079207522855485379e+01,0.000000000000000000e+00
-7.607618836379238525e-01,1.087940179873345592e+01,0.000000000000000000e+00
-9.588091445749654662e-01,1.095923867085770986e+01,0.000000000000000000e+00
-1.159429004157060961e+00,1.103123010434664586e+01,0.000000000000000000e+00
-1.362296072554238346e+00,1.109501115235093671e+01,0.000000000000000000e+00
-1.567166455289036087e+00,1.115096874589980125e+01,0.000000000000000000e+00
-1.773988307853518576e+00,1.120052136572595636e+01,0.000000000000000000e+00
-1.982820429317304178e+00,1.124513345235381045e+01,0.000000000000000000e+00
-2.193763666627470688e+00,1.128593568123810797e+01,0.000000000000000000e+00
-2.406947767925739168e+00,1.132379894092540340e+01,0.000000000000000000e+00
-2.622533047969282549e+00,1.135943862679184946e+01,0.000000000000000000e+00
-2.840549066371714115e+00,1.139282003617671180e+01,0.000000000000000000e+00
-3.060960079774463161e+00,1.142365853765837613e+01,0.000000000000000000e+00
-3.283737050123102019e+00,1.145175201837484913e+01,0.000000000000000000e+00
-3.508884797941381528e+00,1.147704502930576709e+01,0.000000000000000000e+00
-3.736411859848829842e+00,1.149949326916311776e+01,0.000000000000000000e+00
-3.966319281572884048e+00,1.151902760187933517e+01,0.000000000000000000e+00
-4.198602181220725704e+00,1.153556468617687081e+01,0.000000000000000000e+00
-4.433246390421251348e+00,1.154900169277966704e+01,0.000000000000000000e+00
-4.670219587360858959e+00,1.155919910324414168e+01,0.000000000000000000e+00
-4.909488009664072727e+00,1.156602894255045655e+01,0.000000000000000000e+00
-5.151060069121356833e+00,1.156947033983616535e+01,0.000000000000000000e+00
-5.394965878251043456e+00,1.156954166182229748e+01,0.000000000000000000e+00
-5.641192567104796218e+00,1.156615879142353087e+01,0.000000000000000000e+00
-5.889668260976823611e+00,1.155912480293336664e+01,0.000000000000000000e+00
-6.140323660138606421e+00,1.154826921341494206e+01,0.000000000000000000e+00
-6.393125329867164197e+00,1.153350340051574108e+01,0.000000000000000000e+00
-6.648047167563900572e+00,1.151475546533504790e+01,0.000000000000000000e+00
-6.905075998823999583e+00,1.149197630891379340e+01,0.000000000000000000e+00
-7.164202408467441607e+00,1.146512048730950717e+01,0.000000000000000000e+00
-7.425391163911463366e+00,1.143409969592564757e+01,0.000000000000000000e+00
-7.688585837016281843e+00,1.139879726502020141e+01,0.000000000000000000e+00
-7.953731781022589153e+00,1.135910618922882698e+01,0.000000000000000000e+00
-8.220778315356769284e+00,1.131493064545853322e+01,0.000000000000000000e+00
-8.489670192955832917e+00,1.126617286682718344e+01,0.000000000000000000e+00
-8.760345528901831713e+00,1.121273095483795323e+01,0.000000000000000000e+00
-9.032741495779067264e+00,1.115450678885374458e+01,0.000000000000000000e+00
-9.306799178134383510e+00,1.109141135609449336e+01,0.000000000000000000e+00
-9.582450397273804654e+00,1.102334820078619160e+01,0.000000000000000000e+00
-9.859599217936784399e+00,1.095019428264071593e+01,0.000000000000000000e+00
-1.013815040188265115e+01,1.087183526850311743e+01,0.000000000000000000e+00
-1.041804621417064070e+01,1.078820266524478555e+01,0.000000000000000000e+00
-1.069923285828826032e+01,1.069923285828826209e+01,0.000000000000000000e+00
-1.098163363014620941e+01,1.060484032567604729e+01,0.000000000000000000e+00
-1.126516297967126512e+01,1.050493442634294716e+01,0.000000000000000000e+00
-1.154973222897125673e+01,1.039942560952282768e+01,0.000000000000000000e+00
-1.183524962456134944e+01,1.028822553737565570e+01,0.000000000000000000e+00
-1.212162066275146266e+01,1.017124742738565324e+01,0.000000000000000000e+00
-1.240874764399726082e+01,1.004840571405515171e+01,0.000000000000000000e+00
-1.269652876332700231e+01,9.919615429316499089e+00,0.000000000000000000e+00
-1.298485954143967902e+01,9.784793497467777712e+00,0.000000000000000000e+00
-1.327363618069761486e+01,9.643861186547471931e+00,0.000000000000000000e+00
-1.356274976441431335e+01,9.496739623894873361e+00,0.000000000000000000e+00
-1.385207327495396790e+01,9.343341399881817111e+00,0.000000000000000000e+00
-1.414147546371102493e+01,9.183581545150222070e+00,0.000000000000000000e+00
-1.443083693806936552e+01,9.017387725000586940e+00,0.000000000000000000e+00
-1.472004106615567309e+01,8.844692987121412386e+00,0.000000000000000000e+00
-1.500897481847816017e+01,8.665435651708676801e+00,0.000000000000000000e+00
-1.529752043304706000e+01,8.479554040821669858e+00,0.000000000000000000e+00
-1.558554376287557908e+01,8.286980616293686097e+00,0.000000000000000000e+00
-1.587290980449974853e+01,8.087651502922263091e+00,0.000000000000000000e+00
-1.615949858691617180e+01,7.881514075723001334e+00,0.000000000000000000e+00
-1.644517449472530402e+01,7.668510806585669748e+00,0.000000000000000000e+00
-1.672974220323546035e+01,7.448561126697263113e+00,0.000000000000000000e+00
-1.701305408304802569e+01,7.221613005065885105e+00,0.000000000000000000e+00
-1.729517311429151860e+01,6.987703518532881297e+00,0.000000000000000000e+00
-1.757598667053023789e+01,6.746789163078418028e+00,0.000000000000000000e+00
-1.785458778138454505e+01,6.498538497517010626e+00,0.000000000000000000e+00
-1.813157479527578531e+01,6.243201874440367227e+00,0.000000000000000000e+00
-1.841264435874833438e+01,5.982630811889046996e+00,0.000000000000000000e+00
-1.869924431252519170e+01,5.716932706430311484e+00,0.000000000000000000e+00
-1.899171942521496348e+01,5.445787912806320463e+00,0.000000000000000000e+00
-1.929043608500461815e+01,5.168856770621181873e+00,0.000000000000000000e+00
-1.959578425822001790e+01,4.885777753247836586e+00,0.000000000000000000e+00
-1.990817969291467193e+01,4.596165434305873099e+00,0.000000000000000000e+00
-2.022806634802523362e+01,4.299608232169323863e+00,0.000000000000000000e+00
-2.055591909485546864e+01,3.995665908267939770e+00,0.000000000000000000e+00
-2.089224671804653255e+01,3.683866784009479201e+00,0.000000000000000000e+00
-2.123759526085108718e+01,3.363704639228926485e+00,0.000000000000000000e+00
-2.159255176220338512e+01,3.034635248014663667e+00,0.000000000000000000e+00
-2.195774843940564125e+01,2.696072500548862383e+00,0.000000000000000000e+00
-2.233386738294696272e+01,2.347384051809681793e+00,0.000000000000000000e+00
-2.272164583452368092e+01,1.987886427171865922e+00,0.000000000000000000e+00
-2.312188214052941859e+01,1.616839504220817680e+00,0.000000000000000000e+00
-2.353544247965014335e+01,1.233440274802215963e+00,0.000000000000000000e+00
-2.396326848975168033e+01,8.368157751994735882e-01,0.000000000000000000e+00
-2.440638593406528045e+01,4.260150511422439723e-01,0.000000000000000000e+00
-2.486590901465672232e+01,3.045195588268867094e-15,0.000000000000000000e+00
-2.486212738180766735e+01,-4.339700477030611347e-01,0.000000000000000000e+00
-2.478999960971894723e+01,-8.656858620715096597e-01,0.000000000000000000e+00
-2.470315399267725098e+01,-1.294637442043200526e+00,0.000000000000000000e+00
-2.460227100539270140e+01,-1.720358377977362574e+00,0.000000000000000000e+00
-2.448742632165786048e+01,-2.142372202071373355e+00,0.000000000000000000e+00
-2.435871005705639547e+01,-2.560203592605244438e+00,0.000000000000000000e+00
-2.421622676659039541e+01,-2.973378770260973081e+00,0.000000000000000000e+00
-2.406009554559443231e+01,-3.381425910997133411e+00,0.000000000000000000e+00
-2.389045980349600029e+01,-3.783877105072543046e+00,0.000000000000000000e+00
-2.370749464668005402e+01,-4.180270951211192632e+00,0.000000000000000000e+00
-2.351139091110115231e+01,-4.570151433557585463e+00,0.000000000000000000e+00
-2.330235274840595494e+01,-4.953067979023153100e+00,0.000000000000000000e+00
-2.308059196561127280e+01,-5.328574517207878891e+00,0.000000000000000000e+00
-2.284632988311835433e+01,-5.696229802054372016e+00,0.000000000000000000e+00
-2.259980261613396024e+01,-6.055598860095859237e+00,0.000000000000000000e+00
-2.234127284132657110e+01,-6.406256899228961466e+00,0.000000000000000000e+00
-2.207102337131121672e+01,-6.747789015800989887e+00,0.000000000000000000e+00
-2.178929077860612651e+01,-7.079769740915176968e+00,0.000000000000000000e+00
-2.149618624333692196e+01,-7.401730503998340538e+00,0.000000000000000000e+00
-2.119187660503402171e+01,-7.713212292474683096e+00,0.000000000000000000e+00
-2.087686561920749995e+01,-8.013877875481139057e+00,0.000000000000000000e+00
-2.055175725532687636e+01,-8.303448918150019509e+00,0.000000000000000000e+00
-2.021703856078575967e+01,-8.581623727392020839e+00,0.000000000000000000e+00
-1.987308259154587375e+01,-8.848066435261916496e+00,0.000000000000000000e+00
-1.951983149677652918e+01,-9.102246912842039350e+00,0.000000000000000000e+00
-1.915711275030037442e+01,-9.343548191152061477e+00,0.000000000000000000e+00
-1.878496936686816454e+01,-9.571419960392564263e+00,0.000000000000000000e+00
-1.840586754333435238e+01,-9.786573370702768671e+00,0.000000000000000000e+00
-1.802731369362510705e+01,-9.992703153754844081e+00,0.000000000000000000e+00
-1.765461290915797576e+01,-1.019289551554100015e+01,0.000000000000000000e+00
-1.728992790338212160e+01,-1.038883678296807034e+01,0.000000000000000000e+00
-1.693317733559432625e+01,-1.058102354745853546e+01,0.000000000000000000e+00
-1.658336414341490794e+01,-1.076936259549296970e+01,0.000000000000000000e+00
-1.624008805879447692e+01,-1.095407770992786212e+01,0.000000000000000000e+00
-1.590308173789676438e+01,-1.113545771364047710e+01,0.000000000000000000e+00
-1.557196374730252053e+01,-1.131369390697300581e+01,0.000000000000000000e+00
-1.524635370364733689e+01,-1.148895158268318006e+01,0.000000000000000000e+00
-1.492592912918830983e+01,-1.166141389089273872e+01,0.000000000000000000e+00
-1.461038092431872926e+01,-1.183125319141022302e+01,0.000000000000000000e+00
-1.429941193126791354e+01,-1.199863127757890169e+01,0.000000000000000000e+00
-1.399273327323487415e+01,-1.216369746022292198e+01,0.000000000000000000e+00
-1.369007644721201444e+01,-1.232660019981630306e+01,0.000000000000000000e+00
-1.339117999371013568e+01,-1.248747736531953656e+01,0.000000000000000000e+00
-1.309579771361976341e+01,-1.264646484918675284e+01,0.000000000000000000e+00
-1.280368902030343570e+01,-1.280368902030343037e+01,0.000000000000000000e+00
-1.251462607189796650e+01,-1.295927466320413224e+01,0.000000000000000000e+00
-1.222838729185363071e+01,-1.311333990584728326e+01,0.000000000000000000e+00
-1.194475960429106465e+01,-1.326599950315184451e+01,0.000000000000000000e+00
-1.166353759320293548e+01,-1.341736516365521403e+01,0.000000000000000000e+00
-1.138452019006891724e+01,-1.356754283647594228e+01,0.000000000000000000e+00
-1.110751521148154097e+01,-1.371663895082839524e+01,0.000000000000000000e+00
-1.083233212694466552e+01,-1.386475286301908660e+01,0.000000000000000000e+00
-1.055878845059103988e+01,-1.401198553594223029e+01,0.000000000000000000e+00
-1.028670343334538373e+01,-1.415843262690532889e+01,0.000000000000000000e+00
-1.001590103568545587e+01,-1.430418909984045150e+01,0.000000000000000000e+00
-9.746208938597343163e+00,-1.444934896333438523e+01,0.000000000000000000e+00
-9.477455719144108670e+00,-1.459400200801415792e+01,0.000000000000000000e+00
-9.209474959679665673e+00,-1.473824077231429897e+01,0.000000000000000000e+00
-8.942099442737307058e+00,-1.488215263168568825e+01,0.000000000000000000e+00
-8.675165443460437942e+00,-1.502582731213925449e+01,0.000000000000000000e+00
-8.408509514576428145e+00,-1.516935271495002269e+01,0.000000000000000000e+00
-8.141968313469762464e+00,-1.531281528715382123e+01,0.000000000000000000e+00
-7.875380459830950919e+00,-1.545630442531420101e+01,0.000000000000000000e+00
-7.608582217325420949e+00,-1.559990534915421456e+01,0.000000000000000000e+00
-7.341411477233600991e+00,-1.574370771923573642e+01,0.000000000000000000e+00
-7.073703820933478603e+00,-1.588779890952336515e+01,0.000000000000000000e+00
-6.805293817880133211e+00,-1.603226754097866902e+01,0.000000000000000000e+00
-6.536015083580942076e+00,-1.617720500710178655e+01,0.000000000000000000e+00
-6.265697497801615334e+00,-1.632270003420228122e+01,0.000000000000000000e+00
-5.994170297377167778e+00,-1.646884754040933529e+01,0.000000000000000000e+00
-5.721257977827918673e+00,-1.661573965319742285e+01,0.000000000000000000e+00
-5.446782647761225782e+00,-1.676347328558655292e+01,0.000000000000000000e+00
-5.170562157199725561e+00,-1.691214677091170770e+01,0.000000000000000000e+00
-4.892409378450813584e+00,-1.706185913159211154e+01,0.000000000000000000e+00
-4.612133320925316582e+00,-1.721271588497466709e+01,0.000000000000000000e+00
-4.329535976189515800e+00,-1.736482034435840660e+01,0.000000000000000000e+00
-4.044414715770419555e+00,-1.751828476695935777e+01,0.000000000000000000e+00
-3.756558869655996613e+00,-1.767321996621191005e+01,0.000000000000000000e+00
-3.465751252414478234e+00,-1.782974452396297238e+01,0.000000000000000000e+00
-3.171766083145057369e+00,-1.798797932342063532e+01,0.000000000000000000e+00
-2.874368779355458425e+00,-1.814805023439015841e+01,0.000000000000000000e+00
-2.573315318883220293e+00,-1.831008990612919618e+01,0.000000000000000000e+00
-2.268350653884421142e+00,-1.847423354535746753e+01,0.000000000000000000e+00
-1.959208838855591717e+00,-1.864062693480637023e+01,0.000000000000000000e+00
-1.645610777258458723e+00,-1.880941725405191534e+01,0.000000000000000000e+00
-1.327264385149862003e+00,-1.898076500644805620e+01,0.000000000000000000e+00
-1.003862220502702574e+00,-1.915483224505825177e+01,0.000000000000000000e+00
-6.750812035569522251e-01,-1.933179633159201671e+01,0.000000000000000000e+00
-3.405803878148205288e-01,-1.951183735010025089e+01,0.000000000000000000e+00
-3.617940770997790356e-15,-1.969515223228303924e+01,0.000000000000000000e+00
3.470406032623508108e-01,-1.988194284521611976e+01,0.000000000000000000e+00
7.009446580207643329e-01,-2.007242876438908752e+01,0.000000000000000000e+00
1.062139997448212414e+00,-2.026683847281259077e+01,0.000000000000000000e+00
1.431081403463914770e+00,-2.046541753712437739e+01,0.000000000000000000e+00
1.808253060112024579e+00,-2.066842705370875777e+01,0.000000000000000000e+00
2.194171045298020761e+00,-2.087614299986799793e+01,0.000000000000000000e+00
2.589387022608566902e+00,-2.108886494822581170e+01,0.000000000000000000e+00
2.994490581062272394e+00,-2.130690761445519144e+01,0.000000000000000000e+00
3.410114061587004919e+00,-2.153061282155964307e+01,0.000000000000000000e+00
3.836936177706999018e+00,-2.176034638766321905e+01,0.000000000000000000e+00
4.275686250345032136e+00,-2.199649887024164130e+01,0.000000000000000000e+00
4.727150613993838846e+00,-2.223949511063506179e+01,0.000000000000000000e+00
5.192177588960707801e+00,-2.248979196158219196e+01,0.000000000000000000e+00
5.671683872035381491e+00,-2.274788153500229271e+01,0.000000000000000000e+00
6.166662770759549161e+00,-2.301429877361806575e+01,0.000000000000000000e+00
6.678192421011435620e+00,-2.328962470778414584e+01,0.000000000000000000e+00
7.207444915950841136e+00,-2.357449007591801049e+01,0.000000000000000000e+00
7.755697298116035476e+00,-2.386958189372633399e+01,0.000000000000000000e+00
8.324344053023375878e+00,-2.417565054830656734e+01,0.000000000000000000e+00
8.914911345569194623e+00,-2.449351761839122688e+01,0.000000000000000000e+00
9.529073142157994170e+00,-2.482408423930325370e+01,0.000000000000000000e+00
1.016866982669854380e+01,-2.516834100479253067e+01,0.000000000000000000e+00
1.083572979622465127e+01,-2.552737967586279666e+01,0.000000000000000000e+00
1.153249446219006380e+01,-2.590240665692557442e+01,0.000000000000000000e+00
1.226144729470795802e+01,-2.629475857896440871e+01,0.000000000000000000e+00
1.302534775318835258e+01,-2.670592053626833362e+01,0.000000000000000000e+00
1.382727137504823212e+01,-2.713754806314031853e+01,0.000000000000000000e+00
1.467065660571079810e+01,-2.759149214236830971e+01,0.000000000000000000e+00
1.555935986632484536e+01,-2.806982824030366075e+01,0.000000000000000000e+00
1.649772293301617765e+01,-2.857489432917825312e+01,0.000000000000000000e+00
1.749064913718035541e+01,-2.910932849200106176e+01,0.000000000000000000e+00
1.854364725073588360e+01,-2.967603898970979870e+01,0.000000000000000000e+00
1.966263897004960626e+01,-3.027780884611467727e+01,0.000000000000000000e+00
2.085111624364288119e+01,-3.091305109274696505e+01,0.000000000000000000e+00
2.205105366463252281e+01,-3.149216833770834256e+01,0.000000000000000000e+00
2.323636012988715649e+01,-3.198210598033390895e+01,0.000000000000000000e+00
2.439793305364901599e+01,-3.237715071708639414e+01,0.000000000000000000e+00
2.554074237590970853e+01,-3.269065948404478661e+01,0.000000000000000000e+00
2.666416162888573993e+01,-3.292749737690201783e+01,0.000000000000000000e+00
2.776228750940100554e+01,-3.308580587796201655e+01,0.000000000000000000e+00
2.881645743316577679e+01,-3.314954223914295994e+01,0.000000000000000000e+00
2.984670802964262037e+01,-3.314812746417409528e+01,0.000000000000000000e+00
3.083476759612584317e+01,-3.306623995096840218e+01,0.000000000000000000e+00
3.178298085216250968e+01,-3.291224013503957480e+01,0.000000000000000000e+00
3.268412910390452453e+01,-3.268412910390453874e+01,0.000000000000000000e+00
3.354809634662898077e+01,-3.239702005808585028e+01,0.000000000000000000e+00
3.434817682842284370e+01,-3.203019307382834313e+01,0.000000000000000000e+00
3.510008675311478754e+01,-3.160426006770958907e+01,0.000000000000000000e+00
3.579727707713313123e+01,-3.111809821308464663e+01,0.000000000000000000e+00
3.643646657867513738e+01,-3.057382566756961495e+01,0.000000000000000000e+00
3.701395372342302181e+01,-2.997330873064688106e+01,0.000000000000000000e+00
3.753146551547692411e+01,-2.932279454897468796e+01,0.000000000000000000e+00
3.798536142856188036e+01,-2.862402294911126788e+01,0.000000000000000000e+00
3.836192679142773443e+01,-2.787157127020049430e+01,0.000000000000000000e+00
3.867140984300567652e+01,-2.707801268526976202e+01,0.000000000000000000e+00
3.892097862894282656e+01,-2.625253156906403973e+01,0.000000000000000000e+00
3.909836722506059203e+01,-2.539077655757902008e+01,0.000000000000000000e+00
3.918859860478821133e+01,-2.448775421240884143e+01,0.000000000000000000e+00
3.917623723160857452e+01,-2.353945815415490728e+01,0.000000000000000000e+00
3.910662749713167585e+01,-2.257822191256742173e+01,0.000000000000000000e+00
3.897140650188910627e+01,-2.160220337184241046e+01,0.000000000000000000e+00
3.872514781442463061e+01,-2.059052633541447719e+01,0.000000000000000000e+00
3.839592555046608879e+01,-1.956370122485586549e+01,0.000000000000000000e+00
3.799560758924895509e+01,-1.853169604363706213e+01,0.000000000000000000e+00
3.750633636139115623e+01,-1.748949187465400712e+01,0.000000000000000000e+00
3.693093314478342393e+01,-1.644271081126936807e+01,0.000000000000000000e+00
3.627042403620960442e+01,-1.539588157661454559e+01,0.000000000000000000e+00
3.553448039623696530e+01,-1.435686200150500014e+01,0.000000000000000000e+00
3.467668237435087519e+01,-1.331113121785983289e+01,0.000000000000000000e+00
3.376853166629294378e+01,-1.229074038140630698e+01,0.000000000000000000e+00
3.274509591637881556e+01,-1.127504072382791378e+01,0.000000000000000000e+00
3.167086377994700896e+01,-1.029048743881414651e+01,0.000000000000000000e+00
3.059531936492304993e+01,-9.353927838883254964e+00,0.000000000000000000e+00
2.952339366642543794e+01,-8.465696905788329119e+00,0.000000000000000000e+00
2.845678550997503464e+01,-7.624972696583483867e+00,0.000000000000000000e+00
2.739613082175533876e+01,-6.830622583418769267e+00,0.000000000000000000e+00
2.633366204531418120e+01,-6.079604922113590604e+00,0.000000000000000000e+00
2.527882621800675977e+01,-5.373180383953539696e+00,0.000000000000000000e+00
2.424065758785310010e+01,-4.711906515628462522e+00,0.000000000000000000e+00
2.326245615814161738e+01,-4.101798658228172023e+00,0.000000000000000000e+00
2.236263798321580509e+01,-3.541893901151857982e+00,0.000000000000000000e+00
2.153407920267421360e+01,-3.026417465691252140e+00,0.000000000000000000e+00
2.076837688470458332e+01,-2.550036036454498944e+00,0.000000000000000000e+00
2.005821096249741942e+01,-2.108202924010898371e+00,0.000000000000000000e+00
1.939735430411093375e+01,-1.697048604005497952e+00,0.000000000000000000e+00
1.878048192594478039e+01,-1.313259227844026711e+00,0.000000000000000000e+00
1.820300331717233888e+01,-9.539789801348448339e-01,0.000000000000000000e+00
1.766094165993968801e+01,-6.167336727139556274e-01,0.000000000000000000e+00
1.715083395692160195e+01,-2.993689202911615221e-01,0.000000000000000000e+00
1.666965114584600371e+01,-4.082886983732662728e-15,0.000000000000000000e+00
