1.393965951087042932e+01,0.000000000000000000e+00,0.000000000000000000e+00
1.406055244656334402e+01,2.454278558813717814e-01,0.000000000000000000e+00
1.418363853434353494e+01,4.953035718120810671e-01,0.000000000000000000e+00
1.430905271611681329e+01,7.499056764956510968e-01,0.000000000000000000e+00
1.443694109893848854e+01,1.009529265265008524e+00,0.000000000000000000e+00
1.456711306238727488e+01,1.274457253259292600e+00,0.000000000000000000e+00
1.468826668340186536e+01,1.543799037137266739e+00,0.000000000000000000e+00
1.480044124448560616e+01,1.817265679373403886e+00,0.000000000000000000e+00
1.490285309845950579e+01,2.094459413904619094e+00,0.000000000000000000e+00
1.499495955004666570e+01,2.374968276023201597e+00,0.000000000000000000e+00
1.507605675395507383e+01,2.658315568414359564e+00,0.000000000000000000e+00
1.514820270380411671e+01,2.944512324446267204e+00,0.000000000000000000e+00
1.520984635982607891e+01,3.232952645773933043e+00,0.000000000000000000e+00
1.526190890089493024e+01,3.523489301072743718e+00,0.000000000000000000e+00
1.530349721443846356e+01,3.815590396992120770e+00,0.000000000000000000e+00
1.533503928348297229e+01,4.109011391908804711e+00,0.000000000000000000e+00
1.535675663219879361e+01,4.403479104503975172e+00,0.000000000000000000e+00
1.536839779593290345e+01,4.698590731078341243e+00,0.000000000000000000e+00
1.536969715637117240e+01,4.993917331239885016e+00,0.000000000000000000e+00
1.536050876039513646e+01,5.289047320381850881e+00,0.000000000000000000e+00
1.534105926761186112e+01,5.583688935524382835e+00,0.000000000000000000e+00
1.531147586134187399e+01,5.877524906482060274e+00,0.000000000000000000e+00
1.527184246444098115e+01,6.170224872457168885e+00,0.000000000000000000e+00
1.522225236365599166e+01,6.461462774359096883e+00,0.000000000000000000e+00
1.516280804750594235e+01,6.750917092576761647e+00,0.000000000000000000e+00
1.509362103859823989e+01,7.038271079587763879e+00,0.000000000000000000e+00
1.501481038794030987e+01,7.323212337335712974e+00,0.000000000000000000e+00
1.492647717813099284e+01,7.605419993555528002e+00,0.000000000000000000e+00
1.482870743457158369e+01,7.884563602310401542e+00,0.000000000000000000e+00
1.472159643159868381e+01,8.160314153869935083e+00,0.000000000000000000e+00
1.460523709606192533e+01,8.432337568989659360e+00,0.000000000000000000e+00
1.447971191694577264e+01,8.700288665756778173e+00,0.000000000000000000e+00
1.434512430627769142e+01,8.963828528322482114e+00,0.000000000000000000e+00
1.420167448519501718e+01,9.222675246804991289e+00,0.000000000000000000e+00
1.404962007913434263e+01,9.476588401776481874e+00,0.000000000000000000e+00
1.388935669323669053e+01,9.725432257487817367e+00,0.000000000000000000e+00
1.372126860763000700e+01,9.969085181628102532e+00,0.000000000000000000e+00
1.354486140377762737e+01,1.020678516889764964e+01,0.000000000000000000e+00
1.335969385248222174e+01,1.043773678147451101e+01,0.000000000000000000e+00
1.316723666511721724e+01,1.066261801271179444e+01,0.000000000000000000e+00
1.296795494865482645e+01,1.088140621453984735e+01,0.000000000000000000e+00
1.276077356614847780e+01,1.109277122532874493e+01,0.000000000000000000e+00
1.254705948393663917e+01,1.129742310338211730e+01,0.000000000000000000e+00
1.232710825212217998e+01,1.149521441355599372e+01,0.000000000000000000e+00
1.209956097766954031e+01,1.168441021622918008e+01,0.000000000000000000e+00
1.186593837722258904e+01,1.186593837722258726e+01,0.000000000000000000e+00
1.162686621991167968e+01,1.203997242510611088e+01,0.000000000000000000e+00
1.138228529736769445e+01,1.220600660147110439e+01,0.000000000000000000e+00
1.113219794282769115e+01,1.236355835286022398e+01,0.000000000000000000e+00
1.087636513587813702e+01,1.251182683771425097e+01,0.000000000000000000e+00
1.061577928009244332e+01,1.265139309523734390e+01,0.000000000000000000e+00
1.035083826702080856e+01,1.278222074369819161e+01,0.000000000000000000e+00
1.008171456785252040e+01,1.290400619928189307e+01,0.000000000000000000e+00
9.808711539711520544e+00,1.301659985554252863e+01,0.000000000000000000e+00
9.532103388049444348e+00,1.311981476737327057e+01,0.000000000000000000e+00
9.252188899511750719e+00,1.321349513483922422e+01,0.000000000000000000e+00
8.969270424314030876e+00,1.329749024712368488e+01,0.000000000000000000e+00
8.683666200290815596e+00,1.337167333928872637e+01,0.000000000000000000e+00
8.395668763621213060e+00,1.343587861681441353e+01,0.000000000000000000e+00
8.105420205475692086e+00,1.348968454380250748e+01,0.000000000000000000e+00
7.813502335463833326e+00,1.353338303008143839e+01,0.000000000000000000e+00
7.520254021866148442e+00,1.356689738721851768e+01,0.000000000000000000e+00
7.226005866587970949e+00,1.359014047203985243e+01,0.000000000000000000e+00
6.931099271439439491e+00,1.360304824482613739e+01,0.000000000000000000e+00
6.635876464661199847e+00,1.360556300774049632e+01,0.000000000000000000e+00
6.340683590024719152e+00,1.359763983956940159e+01,0.000000000000000000e+00
6.045869183054023210e+00,1.357924451535357591e+01,0.000000000000000000e+00
5.751784238617671186e+00,1.355035450625520888e+01,0.000000000000000000e+00
5.458781855376584780e+00,1.351095920591000166e+01,0.000000000000000000e+00
5.167217045520634322e+00,1.346106062018521321e+01,0.000000000000000000e+00
4.877446572718902473e+00,1.340067432314151574e+01,0.000000000000000000e+00
4.589828619044407532e+00,1.332983020209656466e+01,0.000000000000000000e+00
4.304723080586047246e+00,1.324857535721801760e+01,0.000000000000000000e+00
4.022489565183135163e+00,1.315697052710438797e+01,0.000000000000000000e+00
3.743492705566106249e+00,1.305511053180432057e+01,0.000000000000000000e+00
3.468084607939437181e+00,1.294306796177757235e+01,0.000000000000000000e+00
3.196650160247780370e+00,1.282106351390608978e+01,0.000000000000000000e+00
2.929506862178003601e+00,1.268908829707390495e+01,0.000000000000000000e+00
2.666781132678344157e+00,1.254621881218758617e+01,0.000000000000000000e+00
2.408959700033265428e+00,1.239302329911676281e+01,0.000000000000000000e+00
2.156495037001867843e+00,1.223009109744450740e+01,0.000000000000000000e+00
1.909931857783267128e+00,1.205883516000521816e+01,0.000000000000000000e+00
1.670351910734166445e+00,1.188517141136447641e+01,0.000000000000000000e+00
1.438540581285536080e+00,1.171597284468935207e+01,0.000000000000000000e+00
1.214190762692738179e+00,1.155225343320920040e+01,0.000000000000000000e+00
9.968159433699065319e-01,1.139365836894442729e+01,0.000000000000000000e+00
7.859632103666521763e-01,1.123979756150733422e+01,0.000000000000000000e+00
5.812234435661710608e-01,1.109040397279816759e+01,0.000000000000000000e+00
3.822145576999844141e-01,1.094519288271427904e+01,0.000000000000000000e+00
1.885828505162057411e-01,1.080390427029275102e+01,0.000000000000000000e+00
6.531224808423347270e-16,1.066629956158892512e+01,0.000000000000000000e+00
-1.838394730657397780e-01,1.053215635815528550e+01,0.000000000000000000e+00
-3.632202392642885913e-01,1.040126676905344638e+01,0.000000000000000000e+00
-5.384079652510113112e-01,1.027343597871621128e+01,0.000000000000000000e+00
-7.096511601372238465e-01,1.014848439981086514e+01,0.000000000000000000e+00
-8.771823733263532930e-01,1.002624040618053947e+01,0.000000000000000000e+00
-1.041219984344574856e+00,9.906546408074234478e+00,0.000000000000000000e+00
-1.201968940791626750e+00,9.789251449472699207e+00,0.000000000000000000e+00
-1.359622349640418726e+00,9.674215700508318250e+00,0.000000000000000000e+00
-1.514362048578037356e+00,9.561305677975974859e+00,0.000000000000000000e+00
-1.666359897631517262e+00,9.450396592377655836e+00,0.000000000000000000e+00
-1.815778276293503524e+00,9.341369423417392071e+00,0.000000000000000000e+00
-1.962771176709749099e+00,9.234112375965151998e+00,0.000000000000000000e+00
-2.107484503466274361e+00,9.128518282191897981e+00,0.000000000000000000e+00
-2.250057236416184825e+00,9.024486663182386792e+00,0.000000000000000000e+00
-2.390621273061886320e+00,8.921920052721947769e+00,0.000000000000000000e+00
-2.529302991113145715e+00,8.820727784058000509e+00,0.000000000000000000e+00
-2.666222378507578039e+00,8.720820448202527331e+00,0.000000000000000000e+00
-2.801495192952951019e+00,8.622115634826910124e+00,0.000000000000000000e+00
-2.935231416027759721e+00,8.524531006923634635e+00,0.000000000000000000e+00
-3.067537712277284001e+00,8.427990597807330175e+00,0.000000000000000000e+00
-3.198515888542051933e+00,8.332418764490277852e+00,0.000000000000000000e+00
-3.328264668916109947e+00,8.237744126724203753e+00,0.000000000000000000e+00
-3.456879329951071611e+00,8.143897347832464106e+00,0.000000000000000000e+00
-3.584451726538792293e+00,8.050810392090589573e+00,0.000000000000000000e+00
-3.711071831571605806e+00,7.958419225313393852e+00,0.000000000000000000e+00
-3.836825951678445090e+00,7.866658988197452906e+00,0.000000000000000000e+00
-3.961799382683878878e+00,7.775469089159201097e+00,0.000000000000000000e+00
-4.086074519631473834e+00,7.684788488448217159e+00,0.000000000000000000e+00
-4.209732300541812577e+00,7.594558107086067267e+00,0.000000000000000000e+00
-4.332852505333891102e+00,7.504720680940403454e+00,0.000000000000000000e+00
-4.455512537774816373e+00,7.415218099974113741e+00,0.000000000000000000e+00
-4.577790026868132855e+00,7.325995446696833113e+00,0.000000000000000000e+00
-4.699760443791931586e+00,7.236996445716870952e+00,0.000000000000000000e+00
-4.821499144058346786e+00,7.148166440698493496e+00,0.000000000000000000e+00
-4.943081091023967311e+00,7.059451407310519677e+00,0.000000000000000000e+00
-5.064579871342043127e+00,6.970796169697411671e+00,0.000000000000000000e+00
-5.186070347787759438e+00,6.882147799590903503e+00,0.000000000000000000e+00
-5.307625963021276760e+00,6.793451438179817004e+00,0.000000000000000000e+00
-5.429321128195024215e+00,6.704653223123716366e+00,0.000000000000000000e+00
-5.551230691871033684e+00,6.615699120356546281e+00,0.000000000000000000e+00
-5.673428982049292912e+00,6.526533461561555782e+00,0.000000000000000000e+00
-5.795992687337657934e+00,6.437102014415687634e+00,0.000000000000000000e+00
-5.918997741794447265e+00,6.347347973007122945e+00,0.000000000000000000e+00
-6.042522265427091810e+00,6.257214977604223627e+00,0.000000000000000000e+00
-6.166645535465115735e+00,6.166645535465116623e+00,0.000000000000000000e+00
-6.291447390171948761e+00,6.075580121978310544e+00,0.000000000000000000e+00
-6.417011144190218452e+00,5.983959699870876392e+00,0.000000000000000000e+00
-6.543419992615132408e+00,5.891721824890008286e+00,0.000000000000000000e+00
-6.670761100588032733e+00,5.798804155881552624e+00,0.000000000000000000e+00
-6.799123040899967663e+00,5.705141635948111301e+00,0.000000000000000000e+00
-6.928597015780354695e+00,5.610667235821509280e+00,0.000000000000000000e+00
-7.059278322369487491e+00,5.515312686777735784e+00,0.000000000000000000e+00
-7.191263484127654593e+00,5.419005723820722764e+00,0.000000000000000000e+00
-7.324655155851145238e+00,5.321673473699593870e+00,0.000000000000000000e+00
-7.459557262269338018e+00,5.223238226747978885e+00,0.000000000000000000e+00
-7.596080298901712879e+00,5.123620856228171760e+00,0.000000000000000000e+00
-7.734337683670387875e+00,5.022737620129192671e+00,0.000000000000000000e+00
-7.874448890731653883e+00,4.920501774994611388e+00,0.000000000000000000e+00
-8.016538691863583921e+00,4.816822400851544117e+00,0.000000000000000000e+00
-8.160737325542191556e+00,4.711603891687610179e+00,0.000000000000000000e+00
-8.307182576287496900e+00,4.604746494106892740e+00,0.000000000000000000e+00
-8.456017907812370282e+00,4.496144475882205782e+00,0.000000000000000000e+00
-8.607396624058285539e+00,4.385687633850127831e+00,0.000000000000000000e+00
-8.761477844758079669e+00,4.273258268886301892e+00,0.000000000000000000e+00
-8.918430897418618386e+00,4.158732626192459314e+00,0.000000000000000000e+00
-9.078435396807931212e+00,4.041979856379276370e+00,0.000000000000000000e+00
-9.241687093047746160e+00,3.922863430288123343e+00,0.000000000000000000e+00
-9.408381316280882700e+00,3.801232794434971751e+00,0.000000000000000000e+00
-9.578715942360583213e+00,3.676924552092597942e+00,0.000000000000000000e+00
-9.752961841931664821e+00,3.549787806397202150e+00,0.000000000000000000e+00
-9.931403334531324845e+00,3.419656406796197423e+00,0.000000000000000000e+00
-1.011406374577423151e+01,3.286258519957215185e+00,0.000000000000000000e+00
-1.030134261616919389e+01,3.149436497980549809e+00,0.000000000000000000e+00
-1.049450486812604488e+01,3.009250846758495967e+00,0.000000000000000000e+00
-1.069026667227901584e+01,2.864448321710511003e+00,0.000000000000000000e+00
-1.088293031970914271e+01,2.713419281694578800e+00,0.000000000000000000e+00
-1.107260838024589589e+01,2.556313067789118598e+00,0.000000000000000000e+00
-1.125959595262500024e+01,2.393301001483667090e+00,0.000000000000000000e+00
-1.144283964233684081e+01,2.224262707090777003e+00,0.000000000000000000e+00
-1.162199894599323891e+01,2.049271983943949049e+00,0.000000000000000000e+00
-1.179710818858540833e+01,1.868478377897105469e+00,0.000000000000000000e+00
-1.196829270999065997e+01,1.682033847424637685e+00,0.000000000000000000e+00
-1.213549745645154232e+01,1.490051726528718978e+00,0.000000000000000000e+00
-1.229842599175628592e+01,1.292616658835066268e+00,0.000000000000000000e+00
-1.245686093087348745e+01,1.089834114570424894e+00,0.000000000000000000e+00
-1.261065699262148598e+01,8.818230400071601638e-01,0.000000000000000000e+00
-1.275965461037404225e+01,6.687051625483214634e-01,0.000000000000000000e+00
-1.290369745064668194e+01,4.506070442652820862e-01,0.000000000000000000e+00
-1.304275948788465378e+01,2.276622137041515725e-01,0.000000000000000000e+00
-1.317688755796259770e+01,1.613703317058347906e-15,0.000000000000000000e+00
-1.330590953105812346e+01,-2.322555147936045117e-01,0.000000000000000000e+00
-1.342943813719009505e+01,-4.689663135925002391e-01,0.000000000000000000e+00
-1.354720227895853490e+01,-7.099787869383679118e-01,0.000000000000000000e+00
-1.365925353847336687e+01,-9.551480534735498074e-01,0.000000000000000000e+00
-1.376569271701564645e+01,-1.204342058320241327e+00,0.000000000000000000e+00
-1.386648229993834747e+01,-1.457426017960052667e+00,0.000000000000000000e+00
-1.396144055023666652e+01,-1.714249347532819545e+00,0.000000000000000000e+00
-1.405038405881821006e+01,-1.974652703515487051e+00,0.000000000000000000e+00
-1.413317985990342862e+01,-2.238475782116811086e+00,0.000000000000000000e+00
-1.420976315956286307e+01,-2.505564634508099520e+00,0.000000000000000000e+00
-1.428007762644858403e+01,-2.775765903539692214e+00,0.000000000000000000e+00
-1.434407024225192373e+01,-3.048926251046346181e+00,0.000000000000000000e+00
-1.440167677453922757e+01,-3.324889066112905578e+00,0.000000000000000000e+00
-1.445281632151783135e+01,-3.603491828903362837e+00,0.000000000000000000e+00
-1.449741064339441543e+01,-3.884569474239889963e+00,0.000000000000000000e+00
-1.453538574761761915e+01,-4.167954793353690235e+00,0.000000000000000000e+00
-1.456667194629744699e+01,-4.453478540726262480e+00,0.000000000000000000e+00
-1.459120391101654945e+01,-4.740969542439896323e+00,0.000000000000000000e+00
-1.460892072499462024e+01,-5.030254805975325816e+00,0.000000000000000000e+00
-1.461976593256864909e+01,-5.321159631394054124e+00,0.000000000000000000e+00
-1.462368758595309615e+01,-5.613507723841277830e+00,0.000000000000000000e+00
-1.462063503920381002e+01,-5.907119994202765234e+00,0.000000000000000000e+00
-1.461055925413091749e+01,-6.201814454116758135e+00,0.000000000000000000e+00
-1.459345183130385770e+01,-6.497423372964859389e+00,0.000000000000000000e+00
-1.456931779502106572e+01,-6.793784461912218298e+00,0.000000000000000000e+00
-1.453816553961916291e+01,-7.090737111637451129e+00,0.000000000000000000e+00
-1.450000674194562222e+01,-7.388122452862081246e+00,0.000000000000000000e+00
-1.445485627297176912e+01,-7.685783413650181473e+00,0.000000000000000000e+00
-1.440271170607061357e+01,-7.983553464139690803e+00,0.000000000000000000e+00
-1.434346351941707809e+01,-8.281202524047030167e+00,0.000000000000000000e+00
-1.427697304175469917e+01,-8.578470859708518859e+00,0.000000000000000000e+00
-1.420320262758530205e+01,-8.875146020936082181e+00,0.000000000000000000e+00
-1.412245358388111960e+01,-9.171228591951795295e+00,0.000000000000000000e+00
-1.403499398116059282e+01,-9.466722974125012513e+00,0.000000000000000000e+00
-1.394041096857501039e+01,-9.761180845937536432e+00,0.000000000000000000e+00
-1.383829864661592346e+01,-1.005411248200549501e+01,0.000000000000000000e+00
-1.372939503649966753e+01,-1.034584123521551646e+01,0.000000000000000000e+00
-1.361392186781192137e+01,-1.063636147570692536e+01,0.000000000000000000e+00
-1.349108832552729353e+01,-1.092486791643557176e+01,0.000000000000000000e+00
-1.336142095001322083e+01,-1.121156339116047640e+01,0.000000000000000000e+00
-1.322537116221725029e+01,-1.149663975401263727e+01,0.000000000000000000e+00
-1.308250914999439907e+01,-1.177954414821845397e+01,0.000000000000000000e+00
-1.293227460175709709e+01,-1.205954116421341027e+01,0.000000000000000000e+00
-1.277543657638653229e+01,-1.233709569507619186e+01,0.000000000000000000e+00
-1.261206986054787293e+01,-1.261206986054786761e+01,0.000000000000000000e+00
-1.244216315293402531e+01,-1.288423711399122240e+01,0.000000000000000000e+00
-1.226561864785070988e+01,-1.315326564705034151e+01,0.000000000000000000e+00
-1.208128585980344027e+01,-1.341762727112665843e+01,0.000000000000000000e+00
-1.188835317335612274e+01,-1.367598590451450136e+01,0.000000000000000000e+00
-1.168581471147921746e+01,-1.392661166479562063e+01,0.000000000000000000e+00
-1.147498602992743066e+01,-1.417042761963683084e+01,0.000000000000000000e+00
-1.125633094161292469e+01,-1.440744659791351090e+01,0.000000000000000000e+00
-1.103044993439864285e+01,-1.463790146558691063e+01,0.000000000000000000e+00
-1.079534987001256319e+01,-1.485852438624612049e+01,0.000000000000000000e+00
-1.055401285497817554e+01,-1.507269242196772119e+01,0.000000000000000000e+00
-1.030514840487178851e+01,-1.527801079979422028e+01,0.000000000000000000e+00
-1.004956787385749983e+01,-1.547497747042977601e+01,0.000000000000000000e+00
-9.787431159959536942e+00,-1.566316403589554085e+01,0.000000000000000000e+00
-9.519370154877336176e+00,-1.584289243366221100e+01,0.000000000000000000e+00
-9.244767327182435324e+00,-1.601240671483268585e+01,0.000000000000000000e+00
-8.965512054530998753e+00,-1.617421189683554772e+01,0.000000000000000000e+00
-8.680218838833559047e+00,-1.632511729519208288e+01,0.000000000000000000e+00
-8.390071110882434624e+00,-1.646644170415312658e+01,0.000000000000000000e+00
-8.095821286429639940e+00,-1.659889348430611378e+01,0.000000000000000000e+00
-7.797167867555650389e+00,-1.672108045234782381e+01,0.000000000000000000e+00
-7.494146570639625082e+00,-1.683212878668477330e+01,0.000000000000000000e+00
-7.187782200747002470e+00,-1.693335370265568329e+01,0.000000000000000000e+00
-6.878395084915761792e+00,-1.702462524727825510e+01,0.000000000000000000e+00
-6.566239355093101082e+00,-1.710563834011509599e+01,0.000000000000000000e+00
-6.251490229561066592e+00,-1.717582824366018812e+01,0.000000000000000000e+00
-5.934334201514517737e+00,-1.723455793980213357e+01,0.000000000000000000e+00
-5.615459691873089021e+00,-1.728260784734901634e+01,0.000000000000000000e+00
-5.295245074189202761e+00,-1.731996621642698386e+01,0.000000000000000000e+00
-4.974051849916251378e+00,-1.734658026581154644e+01,0.000000000000000000e+00
-4.652237308859442422e+00,-1.736238600553095068e+01,0.000000000000000000e+00
-4.330158731951546436e+00,-1.736731808129500365e+01,0.000000000000000000e+00
-4.008174447534571527e+00,-1.736131091941819449e+01,0.000000000000000000e+00
-3.686601519921033798e+00,-1.734409651226948768e+01,0.000000000000000000e+00
-3.365735041990061571e+00,-1.731520572696190641e+01,0.000000000000000000e+00
-3.046101443112477103e+00,-1.727529973503506255e+01,0.000000000000000000e+00
-2.728094311868406230e+00,-1.722450959373549750e+01,0.000000000000000000e+00
-2.412099466234920442e+00,-1.716297950942712802e+01,0.000000000000000000e+00
-2.098491733751142618e+00,-1.709084365591037624e+01,0.000000000000000000e+00
-1.787628892953714965e+00,-1.700815279646012002e+01,0.000000000000000000e+00
-1.479770833409968400e+00,-1.691385802197666877e+01,0.000000000000000000e+00
-1.175343753049952200e+00,-1.680819874927853874e+01,0.000000000000000000e+00
-8.748153981614169572e-01,-1.669247218884722628e+01,0.000000000000000000e+00
-5.785377070082853290e-01,-1.656715231160615431e+01,0.000000000000000000e+00
-2.867982086167390476e-01,-1.643065836742353270e+01,0.000000000000000000e+00
-2.991099101598329415e-15,-1.628278511910998816e+01,0.000000000000000000e+00
2.814893624286906593e-01,-1.612651477300697422e+01,0.000000000000000000e+00
5.573117604980372120e-01,-1.595932073116924954e+01,0.000000000000000000e+00
8.270815262157890091e-01,-1.578165565361829970e+01,0.000000000000000000e+00
1.090590578867733251e+00,-1.559617189110173996e+01,0.000000000000000000e+00
1.347195214660781071e+00,-1.539851176560257251e+01,0.000000000000000000e+00
1.596963728438293817e+00,-1.519409493253614230e+01,0.000000000000000000e+00
1.839120029460534544e+00,-1.497843064255340906e+01,0.000000000000000000e+00
2.073635159640594861e+00,-1.475468083017803700e+01,0.000000000000000000e+00
2.300222267819560962e+00,-1.452303182753503386e+01,0.000000000000000000e+00
2.519487348307711816e+00,-1.428872279321438832e+01,0.000000000000000000e+00
2.732946870035896758e+00,-1.405979279567670659e+01,0.000000000000000000e+00
2.941057613742846577e+00,-1.383658820332550299e+01,0.000000000000000000e+00
3.144141883643389868e+00,-1.361877471432768871e+01,0.000000000000000000e+00
3.342498996543882051e+00,-1.340603124570091254e+01,0.000000000000000000e+00
3.536408866766066694e+00,-1.319805756710801603e+01,0.000000000000000000e+00
3.726133694216952286e+00,-1.299457246489447115e+01,0.000000000000000000e+00
3.911919484477498710e+00,-1.279531208910235485e+01,0.000000000000000000e+00
4.093997426637574044e+00,-1.260002848120032226e+01,0.000000000000000000e+00
4.272585139870665571e+00,-1.240848823900848252e+01,0.000000000000000000e+00
4.447887803160869957e+00,-1.222047130345213617e+01,0.000000000000000000e+00
4.620099181762255647e+00,-1.203576985620965978e+01,0.000000000000000000e+00
4.789402562207601299e+00,-1.185418731743836140e+01,0.000000000000000000e+00
4.955971605244810618e+00,-1.167553743117133891e+01,0.000000000000000000e+00
5.119971125448167015e+00,-1.149964342908432613e+01,0.000000000000000000e+00
5.281557805234238678e+00,-1.132633726439609489e+01,0.000000000000000000e+00
5.440880850366978549e+00,-1.115545890908264326e+01,0.000000000000000000e+00
5.598082593273642438e+00,-1.098685570824437363e+01,0.000000000000000000e+00
5.753299048590602816e+00,-1.082038178373622905e+01,0.000000000000000000e+00
5.906660426168845568e+00,-1.065589748298047290e+01,0.000000000000000000e+00
6.058291605785075085e+00,-1.049326886828778882e+01,0.000000000000000000e+00
6.208312577675877186e+00,-1.033236724304462228e+01,0.000000000000000000e+00
6.356838855818844003e+00,-1.017306871651670619e+01,0.000000000000000000e+00
6.503981860290143580e+00,-1.001525379194639775e+01,0.000000000000000000e+00
6.649849272081734597e+00,-9.858806977281254547e+00,0.000000000000000000e+00
6.794545369095559728e+00,-9.703616425592688444e+00,0.000000000000000000e+00
6.938171348715185260e+00,-9.549573605502683193e+00,0.000000000000000000e+00
7.080825620437757095e+00,-9.396572972399063417e+00,0.000000000000000000e+00
7.222604085471606261e+00,-9.244511661842921058e+00,0.000000000000000000e+00
7.363600414752868417e+00,-9.093289214038639656e+00,0.000000000000000000e+00
7.503906299414712322e+00,-8.942807290817809118e+00,0.000000000000000000e+00
7.643611691714476741e+00,-8.792969407213476529e+00,0.000000000000000000e+00
7.782805053441757437e+00,-8.643680692828311862e+00,0.000000000000000000e+00
7.921573573711109262e+00,-8.494847634606211173e+00,0.000000000000000000e+00
8.060003390613857732e+00,-8.346377840235438939e+00,0.000000000000000000e+00
8.198179817845936412e+00,-8.198179817845939965e+00,0.000000000000000000e+00
8.336187541134590262e+00,-8.050162733160265205e+00,0.000000000000000000e+00
8.474110837272791130e+00,-7.902236197359524539e+00,0.000000000000000000e+00
8.612033779950426293e+00,-7.754310045096976189e+00,0.000000000000000000e+00
8.750040434161824976e+00,-7.606294104772614695e+00,0.000000000000000000e+00
8.888215077996866498e+00,-7.458097993771514389e+00,0.000000000000000000e+00
9.026642395070078706e+00,-7.309630884888894009e+00,0.000000000000000000e+00
9.165407685651167924e+00,-7.160801285873466426e+00,0.000000000000000000e+00
9.304597087887373164e+00,-7.011516820152195351e+00,0.000000000000000000e+00
9.444297777364589308e+00,-6.861683982401881821e+00,0.000000000000000000e+00
9.584598201391575145e+00,-6.711207911325611342e+00,0.000000000000000000e+00
9.725588305728567917e+00,-6.559992143517033192e+00,0.000000000000000000e+00
9.867359759717917456e+00,-6.407938352772377222e+00,0.000000000000000000e+00
1.001000621562067039e+01,-6.254946096563242186e+00,0.000000000000000000e+00
1.015362355931419458e+01,-6.100912537222352938e+00,0.000000000000000000e+00
1.029831023005858270e+01,-5.945732183522607350e+00,0.000000000000000000e+00
1.044416810465524748e+01,-5.789296915304711355e+00,0.000000000000000000e+00
1.059130538673515076e+01,-5.631496967734106462e+00,0.000000000000000000e+00
1.073942144267920007e+01,-5.472008537891229096e+00,0.000000000000000000e+00
1.088609064617071454e+01,-5.309501170219447452e+00,0.000000000000000000e+00
1.102972305956337529e+01,-5.143244330003192033e+00,0.000000000000000000e+00
1.117063279400454867e+01,-4.973486152939064375e+00,0.000000000000000000e+00
1.130873749938941586e+01,-4.800274271616000732e+00,0.000000000000000000e+00
1.144396825868652989e+01,-4.623663304134454144e+00,0.000000000000000000e+00
1.157607626917613608e+01,-4.443639346563680981e+00,0.000000000000000000e+00
1.170501027383463821e+01,-4.260275331455896541e+00,0.000000000000000000e+00
1.183093583143734229e+01,-4.073717897822013434e+00,0.000000000000000000e+00
1.195381930205431509e+01,-3.884031336446542859e+00,0.000000000000000000e+00
1.207295821486308895e+01,-3.691073742252017453e+00,0.000000000000000000e+00
1.218923630072120723e+01,-3.495207265155575893e+00,0.000000000000000000e+00
1.230150176415568808e+01,-3.296177463395546514e+00,0.000000000000000000e+00
1.241057790799146510e+01,-3.094304603929213471e+00,0.000000000000000000e+00
1.251625284403276339e+01,-2.889604653772034126e+00,0.000000000000000000e+00
1.261847402377597405e+01,-2.682139452016316650e+00,0.000000000000000000e+00
1.272157221816226524e+01,-2.472823140484190052e+00,0.000000000000000000e+00
1.282566180045426485e+01,-2.261510220862007703e+00,0.000000000000000000e+00
1.293081493786331038e+01,-2.048039886873637361e+00,0.000000000000000000e+00
1.303711235952515146e+01,-1.832246653116534674e+00,0.000000000000000000e+00
1.314463866045080209e+01,-1.613958686150804178e+00,0.000000000000000000e+00
1.325348196516989852e+01,-1.392997086556616138e+00,0.000000000000000000e+00
1.336373419458916523e+01,-1.169175244400298519e+00,0.000000000000000000e+00
1.347549140539276102e+01,-9.422981533512829744e-01,0.000000000000000000e+00
1.358885415979681710e+01,-7.121616695160752908e-01,0.000000000000000000e+00
1.370392791323226866e+01,-4.785517077895093951e-01,0.000000000000000000e+00
1.382082347170484127e+01,-2.412433710600545289e-01,0.000000000000000000e+00
1.393965404804838926e+01,-3.414230542232781026e-15,0.000000000000000000e+00
