1.986788820436953173e+01,0.000000000000000000e+00,0.000000000000000000e+00
1.928216614029653186e+01,3.365714619355545945e-01,0.000000000000000000e+00
1.872966377893520828e+01,6.540542714821331316e-01,0.000000000000000000e+00
1.820732354751170590e+01,9.542053938129123614e-01,0.000000000000000000e+00
1.771244611733730068e+01,1.238574888706606369e+00,0.000000000000000000e+00
1.724264197935861631e+01,1.508535702430077841e+00,0.000000000000000000e+00
1.679579023343567812e+01,1.765308688167974260e+00,0.000000000000000000e+00
1.636999588256120575e+01,2.009982756422634242e+00,0.000000000000000000e+00
1.596355706309908484e+01,2.243531634467201830e+00,0.000000000000000000e+00
1.557495840031205425e+01,2.466831069311359759e+00,0.000000000000000000e+00
1.520282685361038055e+01,2.680668557330690316e+00,0.000000000000000000e+00
1.484592046901829576e+01,2.885754610201758386e+00,0.000000000000000000e+00
1.450312745089925137e+01,3.082734904425257216e+00,0.000000000000000000e+00
1.417341877654177651e+01,3.272191555005291796e+00,0.000000000000000000e+00
1.385588194147089247e+01,3.454659372097831138e+00,0.000000000000000000e+00
1.354965901268443318e+01,3.630620190165877226e+00,0.000000000000000000e+00
1.325399225687887217e+01,3.800521122542985353e+00,0.000000000000000000e+00
1.296816051081042431e+01,3.964764550235360563e+00,0.000000000000000000e+00
1.269152786912521513e+01,4.123727379967630391e+00,0.000000000000000000e+00
1.242348646567456782e+01,4.277749443462181667e+00,0.000000000000000000e+00
1.216349197540141702e+01,4.427149023781925763e+00,0.000000000000000000e+00
1.191103662203485136e+01,4.572218579188906062e+00,0.000000000000000000e+00
1.166564218283728671e+01,4.713225383075149821e+00,0.000000000000000000e+00
1.142688486046778884e+01,4.850424850995379344e+00,0.000000000000000000e+00
1.119434831513875928e+01,4.984044983235055959e+00,0.000000000000000000e+00
1.096766067547065582e+01,5.114304165017391490e+00,0.000000000000000000e+00
1.074647594287871755e+01,5.241406529580993734e+00,0.000000000000000000e+00
1.053045503592416310e+01,5.365534835560130666e+00,0.000000000000000000e+00
1.031930030584450542e+01,5.486869300764706026e+00,0.000000000000000000e+00
1.011272648955681142e+01,5.605575828027526519e+00,0.000000000000000000e+00
9.910454546412728050e+00,5.721803600162937542e+00,0.000000000000000000e+00
9.712239409544205060e+00,5.835702183762597528e+00,0.000000000000000000e+00
9.517845441062913636e+00,5.947409912330130943e+00,0.000000000000000000e+00
9.327039496352279357e+00,6.057050270984255746e+00,0.000000000000000000e+00
9.139613980274235772e+00,6.164747470347083258e+00,0.000000000000000000e+00
8.955373391728153720e+00,6.270619956370709680e+00,0.000000000000000000e+00
8.774122104112191067e+00,6.374772854549387802e+00,0.000000000000000000e+00
8.595678006708906693e+00,6.477307975335008905e+00,0.000000000000000000e+00
8.419876636277400905e+00,6.578328592883259773e+00,0.000000000000000000e+00
8.246554127168385762e+00,6.677927861059345993e+00,0.000000000000000000e+00
8.075548878140832443e+00,6.776190085202069113e+00,0.000000000000000000e+00
7.906716030018704267e+00,6.873203384574224195e+00,0.000000000000000000e+00
7.739917005484122647e+00,6.969052574267530886e+00,0.000000000000000000e+00
7.575012674920714062e+00,7.063813597047568393e+00,0.000000000000000000e+00
7.411868166643103883e+00,7.157557888877132513e+00,0.000000000000000000e+00
7.250361978747238645e+00,7.250361978747236869e+00,0.000000000000000000e+00
7.090374366411396068e+00,7.342297592542600171e+00,0.000000000000000000e+00
6.931784916705403532e+00,7.433429249295924635e+00,0.000000000000000000e+00
6.774477419631041997e+00,7.523819403670010786e+00,0.000000000000000000e+00
6.618345509251408743e+00,7.613535581915862771e+00,0.000000000000000000e+00
6.463283160560573393e+00,7.702640926551723055e+00,0.000000000000000000e+00
6.309183400532184294e+00,7.791192641375337402e+00,0.000000000000000000e+00
6.155942031436886452e+00,7.879246491403304908e+00,0.000000000000000000e+00
6.003462474612199173e+00,7.966863788726571194e+00,0.000000000000000000e+00
5.851647984392969626e+00,8.054102490680064008e+00,0.000000000000000000e+00
5.700400461026476684e+00,8.141015556046792057e+00,0.000000000000000000e+00
5.549622755013143838e+00,8.227654086552627533e+00,0.000000000000000000e+00
5.399223749067634692e+00,8.314075482984868870e+00,0.000000000000000000e+00
5.249112032220260460e+00,8.400335231966922223e+00,0.000000000000000000e+00
5.099194330253591367e+00,8.486484500359139815e+00,0.000000000000000000e+00
4.949376706024291472e+00,8.572571920631959941e+00,0.000000000000000000e+00
4.799569600155185078e+00,8.658652763428923649e+00,0.000000000000000000e+00
4.649683286971584728e+00,8.744782413285982159e+00,0.000000000000000000e+00
4.499625553040424997e+00,8.831012381236561737e+00,0.000000000000000000e+00
4.349302271290098609e+00,8.917391155015646831e+00,0.000000000000000000e+00
4.198621808036036462e+00,9.003973523935634660e+00,0.000000000000000000e+00
4.047492463620192993e+00,9.090816915391126685e+00,0.000000000000000000e+00
3.895819329942180609e+00,9.177975185266191716e+00,0.000000000000000000e+00
3.743504549029086803e+00,9.265498895005995550e+00,0.000000000000000000e+00
3.590450947071653687e+00,9.353444499535864765e+00,0.000000000000000000e+00
3.436560996444520732e+00,9.441873738309793040e+00,0.000000000000000000e+00
3.281733115672926360e+00,9.530845012166277996e+00,0.000000000000000000e+00
3.125861744723918534e+00,9.620413231222718409e+00,0.000000000000000000e+00
2.968840344871502168e+00,9.710639215884310005e+00,0.000000000000000000e+00
2.810560979445989371e+00,9.801590955015596407e+00,0.000000000000000000e+00
2.650910610438431902e+00,9.893333084479657202e+00,0.000000000000000000e+00
2.489771146518874989e+00,9.985926643325575114e+00,0.000000000000000000e+00
2.327022433235421683e+00,1.007944152847724517e+01,0.000000000000000000e+00
2.162541249149264821e+00,1.017395667373677171e+01,0.000000000000000000e+00
1.996197748545689654e+00,1.026954714395161261e+01,0.000000000000000000e+00
1.827855656863810241e+00,1.036628455565710816e+01,0.000000000000000000e+00
1.657374396145502526e+00,1.046425010404729861e+01,0.000000000000000000e+00
1.484607174937507823e+00,1.056352894218468030e+01,0.000000000000000000e+00
1.309399226535100880e+00,1.066420091342384602e+01,0.000000000000000000e+00
1.131589147056128786e+00,1.076635155753488604e+01,0.000000000000000000e+00
9.510107219028263170e-01,1.087010229183613497e+01,0.000000000000000000e+00
7.674871672164258474e-01,1.097557783467134307e+01,0.000000000000000000e+00
5.808298847076901472e-01,1.108289442242482536e+01,0.000000000000000000e+00
3.908378417371960456e-01,1.119213142853439535e+01,0.000000000000000000e+00
1.973004579349060539e-01,1.130333566482211971e+01,0.000000000000000000e+00
6.990618903544562265e-16,1.141654705407584203e+01,0.000000000000000000e+00
-2.012911626703693946e-01,1.153196298599644365e+01,0.000000000000000000e+00
-4.068287578816522920e-01,1.165005135347302101e+01,0.000000000000000000e+00
-6.169072926037849625e-01,1.177129237382921012e+01,0.000000000000000000e+00
-8.318247768539863696e-01,1.189564851785272381e+01,0.000000000000000000e+00
-1.051792713522271328e+00,1.202204572722283160e+01,0.000000000000000000e+00
-1.276939238560992118e+00,1.214926530156677309e+01,0.000000000000000000e+00
-1.507220937250852710e+00,1.227532945646751372e+01,0.000000000000000000e+00
-1.742310442905032009e+00,1.239718297244029444e+01,0.000000000000000000e+00
-1.981689320065109783e+00,1.251189394617643025e+01,0.000000000000000000e+00
-2.225014606035814690e+00,1.261868488359478135e+01,0.000000000000000000e+00
-2.472161302459974674e+00,1.271816735669685450e+01,0.000000000000000000e+00
-2.723027980640062129e+00,1.281083942667156350e+01,0.000000000000000000e+00
-2.977457720842338951e+00,1.289678628452969100e+01,0.000000000000000000e+00
-3.235282601305142780e+00,1.297600977191491367e+01,0.000000000000000000e+00
-3.496308811272104577e+00,1.304840212261823496e+01,0.000000000000000000e+00
-3.760315033568499388e+00,1.311377696145890326e+01,0.000000000000000000e+00
-4.027070875127904515e+00,1.317195531673333342e+01,0.000000000000000000e+00
-4.296338545452633717e+00,1.322277041147104981e+01,0.000000000000000000e+00
-4.567883574917143363e+00,1.326609716623110202e+01,0.000000000000000000e+00
-4.841537507457689848e+00,1.330201497718261905e+01,0.000000000000000000e+00
-5.117165145449623864e+00,1.333067096264308304e+01,0.000000000000000000e+00
-5.394595682695330296e+00,1.335209285373551680e+01,0.000000000000000000e+00
-5.673620359970718674e+00,1.336621194782283695e+01,0.000000000000000000e+00
-5.954002763382768570e+00,1.337290915848502593e+01,0.000000000000000000e+00
-6.235459382707400522e+00,1.337198579877228610e+01,0.000000000000000000e+00
-6.517719332313594016e+00,1.336330498537820333e+01,0.000000000000000000e+00
-6.800598842894647333e+00,1.334692673279120889e+01,0.000000000000000000e+00
-7.083935755499751075e+00,1.332294545418155529e+01,0.000000000000000000e+00
-7.367554596449632953e+00,1.329142033156462510e+01,0.000000000000000000e+00
-7.651274590853885726e+00,1.325239633401971240e+01,0.000000000000000000e+00
-7.934894579406941872e+00,1.320588224312131764e+01,0.000000000000000000e+00
-8.218197830384456282e+00,1.315186575445449435e+01,0.000000000000000000e+00
-8.500986649555782648e+00,1.309037149950646750e+01,0.000000000000000000e+00
-8.783089561277991564e+00,1.302146576650244292e+01,0.000000000000000000e+00
-9.064283621807154745e+00,1.294513858702909381e+01,0.000000000000000000e+00
-9.344217055126799565e+00,1.286121141563492110e+01,0.000000000000000000e+00
-9.622561367708962976e+00,1.276957023374278499e+01,0.000000000000000000e+00
-9.899217579230858988e+00,1.267042070579516810e+01,0.000000000000000000e+00
-1.017415591543491615e+01,1.256403621011485860e+01,0.000000000000000000e+00
-1.044726833577099612e+01,1.245056957195082070e+01,0.000000000000000000e+00
-1.071839652143323818e+01,1.233010473432435816e+01,0.000000000000000000e+00
-1.098727165164453545e+01,1.220260140014443628e+01,0.000000000000000000e+00
-1.125347453803243170e+01,1.206787397364545278e+01,0.000000000000000000e+00
-1.151666779527534779e+01,1.192585861586323581e+01,0.000000000000000000e+00
-1.177685544924671390e+01,1.177685544924671568e+01,0.000000000000000000e+00
-1.203410491831737872e+01,1.162120003446968752e+01,0.000000000000000000e+00
-1.228821297898296194e+01,1.145894398457422980e+01,0.000000000000000000e+00
-1.253878954519815814e+01,1.128997681709589784e+01,0.000000000000000000e+00
-1.278555141666069694e+01,1.111431028217061012e+01,0.000000000000000000e+00
-1.302848656039288322e+01,1.093219826762382318e+01,0.000000000000000000e+00
-1.326761618380916907e+01,1.074390374420834426e+01,0.000000000000000000e+00
-1.350274134654742220e+01,1.054949773249546219e+01,0.000000000000000000e+00
-1.373349683342270211e+01,1.034893216089957235e+01,0.000000000000000000e+00
-1.395955764983804670e+01,1.014221230474991309e+01,0.000000000000000000e+00
-1.418083360402169824e+01,9.929526587633565882e+00,0.000000000000000000e+00
-1.439731146828323816e+01,9.711109204990187038e+00,0.000000000000000000e+00
-1.460893370626763321e+01,9.487152477369246384e+00,0.000000000000000000e+00
-1.481549519315609231e+01,9.257748879563203914e+00,0.000000000000000000e+00
-1.501676451702268800e+01,9.022982423489359860e+00,0.000000000000000000e+00
-1.521254552701335605e+01,8.782967255080595947e+00,0.000000000000000000e+00
-1.540275260139569902e+01,8.537885184241321923e+00,0.000000000000000000e+00
-1.558732727894831704e+01,8.287928928611080437e+00,0.000000000000000000e+00
-1.576620727408644917e+01,8.033283848151231865e+00,0.000000000000000000e+00
-1.593925244440779565e+01,7.774092854515746609e+00,0.000000000000000000e+00
-1.610628636082991960e+01,7.510484674492395207e+00,0.000000000000000000e+00
-1.626713470079817014e+01,7.242594996573242128e+00,0.000000000000000000e+00
-1.642164174123838905e+01,6.970573359972147998e+00,0.000000000000000000e+00
-1.656970525527671967e+01,6.694595477490421054e+00,0.000000000000000000e+00
-1.671123769064767117e+01,6.414843130367937185e+00,0.000000000000000000e+00
-1.684615667433121189e+01,6.131499591241482250e+00,0.000000000000000000e+00
-1.697438820667161963e+01,5.844750578255485607e+00,0.000000000000000000e+00
-1.709589319478025971e+01,5.554792423678214242e+00,0.000000000000000000e+00
-1.721065461067566460e+01,5.261825162471511774e+00,0.000000000000000000e+00
-1.731866175181953693e+01,4.966046344851815064e+00,0.000000000000000000e+00
-1.741990993271000221e+01,4.667650798692543290e+00,0.000000000000000000e+00
-1.751440032779987277e+01,4.366830454726292388e+00,0.000000000000000000e+00
-1.760213980964612901e+01,4.063774177792262243e+00,0.000000000000000000e+00
-1.768314078248459964e+01,3.758667604251869854e+00,0.000000000000000000e+00
-1.775742101142661511e+01,3.451692985689725823e+00,0.000000000000000000e+00
-1.782500344747747789e+01,3.143029039011680847e+00,0.000000000000000000e+00
-1.788591604857917261e+01,2.832850803045856569e+00,0.000000000000000000e+00
-1.794019159688239640e+01,2.521329501746686574e+00,0.000000000000000000e+00
-1.798786751245526361e+01,2.208632414096443508e+00,0.000000000000000000e+00
-1.802898566363859700e+01,1.894922750792583876e+00,0.000000000000000000e+00
-1.806359217425934105e+01,1.580359537803297743e+00,0.000000000000000000e+00
-1.809173722791606664e+01,1.265097506867897348e+00,0.000000000000000000e+00
-1.811347486955202868e+01,9.492869930123957189e-01,0.000000000000000000e+00
-1.812886280453288279e+01,6.330738391446071311e-01,0.000000000000000000e+00
-1.813796219544776989e+01,3.165993077870953853e-01,0.000000000000000000e+00
-1.814083745685366367e+01,2.221611852538824860e-15,0.000000000000000000e+00
-1.813339226302093010e+01,-3.165195393198629303e-01,0.000000000000000000e+00
-1.804010146203501108e+01,-6.299742247634644299e-01,0.000000000000000000e+00
-1.793694551106628410e+01,-9.400354813558935430e-01,0.000000000000000000e+00
-1.782496610518105129e+01,-1.246443052736434520e+00,0.000000000000000000e+00
-1.770409947897108083e+01,-1.548908002345183554e+00,0.000000000000000000e+00
-1.757360510212452098e+01,-1.847060325119780355e+00,0.000000000000000000e+00
-1.743478204533141707e+01,-2.140722057873867712e+00,0.000000000000000000e+00
-1.728681831738686725e+01,-2.429503875674141167e+00,0.000000000000000000e+00
-1.712985786633030116e+01,-2.713102950997578144e+00,0.000000000000000000e+00
-1.696456769671329923e+01,-2.991311000985815927e+00,0.000000000000000000e+00
-1.679091257786507185e+01,-3.263822777589817647e+00,0.000000000000000000e+00
-1.660912432796461857e+01,-3.530378359502071905e+00,0.000000000000000000e+00
-1.641916181635027527e+01,-3.790662188338702610e+00,0.000000000000000000e+00
-1.622152643421323504e+01,-4.044480788910243874e+00,0.000000000000000000e+00
-1.601597290666470386e+01,-4.291467006339541257e+00,0.000000000000000000e+00
-1.580318465631581581e+01,-4.531490280492950440e+00,0.000000000000000000e+00
-1.558296710494253823e+01,-4.764191152141964203e+00,0.000000000000000000e+00
-1.535554015587916332e+01,-4.989317442940457425e+00,0.000000000000000000e+00
-1.512144599843423620e+01,-5.206731410129421533e+00,0.000000000000000000e+00
-1.488064245091852200e+01,-5.416110918892408144e+00,0.000000000000000000e+00
-1.463365576696383563e+01,-5.617334150026023210e+00,0.000000000000000000e+00
-1.438039297507430803e+01,-5.810055899745675489e+00,0.000000000000000000e+00
-1.412116652410616346e+01,-5.994079564985183239e+00,0.000000000000000000e+00
-1.386313880219798733e+01,-6.172267063152357736e+00,0.000000000000000000e+00
-1.361092413839608106e+01,-6.346878160300815530e+00,0.000000000000000000e+00
-1.336377133898590230e+01,-6.517946788165855487e+00,0.000000000000000000e+00
-1.312128201678678074e+01,-6.685627117546440346e+00,0.000000000000000000e+00
-1.288328389238811766e+01,-6.850163556355171046e+00,0.000000000000000000e+00
-1.264957699582006434e+01,-7.011775025831783914e+00,0.000000000000000000e+00
-1.241989920293424632e+01,-7.170632148122106919e+00,0.000000000000000000e+00
-1.219398165329781669e+01,-7.326883364611238569e+00,0.000000000000000000e+00
-1.197159265574557629e+01,-7.480681344118199405e+00,0.000000000000000000e+00
-1.175252644117226275e+01,-7.632179910151783098e+00,0.000000000000000000e+00
-1.153657887355143785e+01,-7.781520705434851415e+00,0.000000000000000000e+00
-1.132355901108599916e+01,-7.928841378924897043e+00,0.000000000000000000e+00
-1.111327870320027600e+01,-8.074269603451266875e+00,0.000000000000000000e+00
-1.090555510362867153e+01,-8.217925216958578361e+00,0.000000000000000000e+00
-1.070022190775324056e+01,-8.359929576959885367e+00,0.000000000000000000e+00
-1.049711408056821682e+01,-8.500395377070631753e+00,0.000000000000000000e+00
-1.029607170538201011e+01,-8.639429970560874139e+00,0.000000000000000000e+00
-1.009694638278583234e+01,-8.777141582997249003e+00,0.000000000000000000e+00
-9.899589538839636660e+00,-8.913630457659797557e+00,0.000000000000000000e+00
-9.703857014957595339e+00,-9.048993060170731795e+00,0.000000000000000000e+00
-9.509614282286690923e+00,-9.183327765149289945e+00,0.000000000000000000e+00
-9.316726172786136573e+00,-9.316726172786131244e+00,0.000000000000000000e+00
-9.125060205753179332e+00,-9.449276458221422814e+00,0.000000000000000000e+00
-8.934492000313611015e+00,-9.581069661102141310e+00,0.000000000000000000e+00
-8.744896369193412511e+00,-9.712191348510566868e+00,0.000000000000000000e+00
-8.556148916188965003e+00,-9.842723400662055866e+00,0.000000000000000000e+00
-8.368132199159813212e+00,-9.972751611651990089e+00,0.000000000000000000e+00
-8.180728094096609837e+00,-1.010235786178632367e+01,0.000000000000000000e+00
-7.993817546313281674e+00,-1.023161987768189896e+01,0.000000000000000000e+00
-7.807287004166003186e+00,-1.036061978978281850e+01,0.000000000000000000e+00
-7.621022658294196894e+00,-1.048943780237729051e+01,0.000000000000000000e+00
-7.434908432857961103e+00,-1.061814965869622718e+01,0.000000000000000000e+00
-7.248831839601020732e+00,-1.074683515270486467e+01,0.000000000000000000e+00
-7.062680749034917937e+00,-1.087557463604660768e+01,0.000000000000000000e+00
-6.876339780553228032e+00,-1.100444398423788783e+01,0.000000000000000000e+00
-6.689694961767548520e+00,-1.113352206805335598e+01,0.000000000000000000e+00
-6.502633169553282855e+00,-1.126289103264891800e+01,0.000000000000000000e+00
-6.315037313784085171e+00,-1.139262889038746884e+01,0.000000000000000000e+00
-6.126789568023351507e+00,-1.152281528818933864e+01,0.000000000000000000e+00
-5.937773028450559210e+00,-1.165353572494219669e+01,0.000000000000000000e+00
-5.747866258343319323e+00,-1.178487227036531415e+01,0.000000000000000000e+00
-5.556945181569011183e+00,-1.191690739876697158e+01,0.000000000000000000e+00
-5.364886161861846858e+00,-1.204973160735155879e+01,0.000000000000000000e+00
-5.171560454798486361e+00,-1.218343293243757586e+01,0.000000000000000000e+00
-4.976835063078640431e+00,-1.231809903624719560e+01,0.000000000000000000e+00
-4.780576437075477969e+00,-1.245382739915816472e+01,0.000000000000000000e+00
-4.582645127006114372e+00,-1.259071400782303485e+01,0.000000000000000000e+00
-4.382896038944084083e+00,-1.272885435202368498e+01,0.000000000000000000e+00
-4.181182154259341033e+00,-1.286835548209492686e+01,0.000000000000000000e+00
-3.977349319248043802e+00,-1.300932343548856274e+01,0.000000000000000000e+00
-3.771236505954429941e+00,-1.315186466200561810e+01,0.000000000000000000e+00
-3.562679002290693564e+00,-1.329609904760767236e+01,0.000000000000000000e+00
-3.351503144679181645e+00,-1.344214491136468226e+01,0.000000000000000000e+00
-3.137527334687189029e+00,-1.359012395510461069e+01,0.000000000000000000e+00
-2.920563820063238225e+00,-1.374017248452289230e+01,0.000000000000000000e+00
-2.700413625001733209e+00,-1.389242375928356132e+01,0.000000000000000000e+00
-2.476868807344442480e+00,-1.404702103667073487e+01,0.000000000000000000e+00
-2.249711605076337051e+00,-1.420412005413272460e+01,0.000000000000000000e+00
-2.018710800363423985e+00,-1.436387370715595324e+01,0.000000000000000000e+00
-1.783624345181462401e+00,-1.452645456452720651e+01,0.000000000000000000e+00
-1.544195572304566166e+00,-1.469203946350248380e+01,0.000000000000000000e+00
-1.300152620567222250e+00,-1.486081245465556222e+01,0.000000000000000000e+00
-1.051208294442118829e+00,-1.503297898510404629e+01,0.000000000000000000e+00
-7.970564560683182087e-01,-1.520874318607567766e+01,0.000000000000000000e+00
-5.373725314591522029e-01,-1.538833591814551838e+01,0.000000000000000000e+00
-2.718101459382061269e-01,-1.557199283165096304e+01,0.000000000000000000e+00
-2.895059623074556802e-15,-1.575997054873405290e+01,0.000000000000000000e+00
2.784526768152183474e-01,-1.595254317072646444e+01,0.000000000000000000e+00
5.639704297618373108e-01,-1.615000007073459543e+01,0.000000000000000000e+00
8.570065251898433267e-01,-1.635265864942235581e+01,0.000000000000000000e+00
1.158047510765775501e+00,-1.656085096087738862e+01,0.000000000000000000e+00
1.467617413201461440e+00,-1.677494379333606389e+01,0.000000000000000000e+00
1.786280487001689288e+00,-1.699532357080035894e+01,0.000000000000000000e+00
2.114646635414094256e+00,-1.722241477156324052e+01,0.000000000000000000e+00
2.453375328741891348e+00,-1.745667253177446199e+01,0.000000000000000000e+00
2.803181253296014752e+00,-1.769858988390642551e+01,0.000000000000000000e+00
3.164841420969742192e+00,-1.794870761271881676e+01,0.000000000000000000e+00
3.539199804844951114e+00,-1.820760456933648541e+01,0.000000000000000000e+00
3.927178573236171033e+00,-1.847592256094559815e+01,0.000000000000000000e+00
4.329784457276449672e+00,-1.875435691754346834e+01,0.000000000000000000e+00
4.748119586458159347e+00,-1.904366750751450965e+01,0.000000000000000000e+00
5.183395315987510799e+00,-1.934469467497989115e+01,0.000000000000000000e+00
5.636943966603085165e+00,-1.965835980825344720e+01,0.000000000000000000e+00
6.110234893088708041e+00,-1.998567779961235757e+01,0.000000000000000000e+00
6.604893742225559805e+00,-2.032777273523947059e+01,0.000000000000000000e+00
7.122724051299575088e+00,-2.068589266846746000e+01,0.000000000000000000e+00
7.665731782801911365e+00,-2.106142497684390946e+01,0.000000000000000000e+00
8.236155005655358963e+00,-2.145591734035593845e+01,0.000000000000000000e+00
8.836498879106400750e+00,-2.187110220590408716e+01,0.000000000000000000e+00
9.469576991866409443e+00,-2.230892535963867829e+01,0.000000000000000000e+00
1.013856075286779301e+01,-2.277158028540305068e+01,0.000000000000000000e+00
1.084703790607936291e+01,-2.326154785661669422e+01,0.000000000000000000e+00
1.159908357172359494e+01,-2.378164560590419185e+01,0.000000000000000000e+00
1.239935484425746282e+01,-2.433510407882588211e+01,0.000000000000000000e+00
1.325315303684281076e+01,-2.492555566567541092e+01,0.000000000000000000e+00
1.416639188776528790e+01,-2.555684748541831652e+01,0.000000000000000000e+00
1.514614238716199779e+01,-2.623388815323714240e+01,0.000000000000000000e+00
1.617561327270509963e+01,-2.692074128419982415e+01,0.000000000000000000e+00
1.724505781835072682e+01,-2.759786148201601463e+01,0.000000000000000000e+00
1.835719321699081874e+01,-2.826759866881890559e+01,0.000000000000000000e+00
1.951136803209762149e+01,-2.892679268667521342e+01,0.000000000000000000e+00
2.070733386812328902e+01,-2.957313758870375864e+01,0.000000000000000000e+00
2.194541948320187430e+01,-3.020527861383492407e+01,0.000000000000000000e+00
2.322644470788069526e+01,-3.082253317424587991e+01,0.000000000000000000e+00
2.455113092935246044e+01,-3.142401459390135088e+01,0.000000000000000000e+00
2.591323066018997778e+01,-3.200017485890550972e+01,0.000000000000000000e+00
2.728423522721451988e+01,-3.251608535321841487e+01,0.000000000000000000e+00
2.863663962602142021e+01,-3.294268551474832663e+01,0.000000000000000000e+00
2.995725259894912895e+01,-3.327089964629230678e+01,0.000000000000000000e+00
3.123718805325242798e+01,-3.349778305746478679e+01,0.000000000000000000e+00
3.248034533303404459e+01,-3.363438219474286939e+01,0.000000000000000000e+00
3.368249670025373632e+01,-3.368249670025375764e+01,0.000000000000000000e+00
3.483954279048693081e+01,-3.364415539218398266e+01,0.000000000000000000e+00
3.594866607504582134e+01,-3.352267344150536843e+01,0.000000000000000000e+00
3.700773751994967142e+01,-3.332191653327559067e+01,0.000000000000000000e+00
3.799884152044862873e+01,-3.303188898610657276e+01,0.000000000000000000e+00
3.893578582850659586e+01,-3.267100352829747578e+01,0.000000000000000000e+00
3.981400347121152095e+01,-3.224074430855771567e+01,0.000000000000000000e+00
4.062119122844240593e+01,-3.173675283836283612e+01,0.000000000000000000e+00
4.135715330253908917e+01,-3.116485037185048057e+01,0.000000000000000000e+00
4.202540396849634874e+01,-3.053324323971787280e+01,0.000000000000000000e+00
4.261816784949379411e+01,-2.984156239290227575e+01,0.000000000000000000e+00
4.313241996782516452e+01,-2.909318462032245733e+01,0.000000000000000000e+00
4.356778166319458734e+01,-2.829324823084982654e+01,0.000000000000000000e+00
4.392626129468875718e+01,-2.744817442701199894e+01,0.000000000000000000e+00
4.420920308562162404e+01,-2.656356913274176179e+01,0.000000000000000000e+00
4.440529612276343840e+01,-2.563740966992254755e+01,0.000000000000000000e+00
4.449885807492238143e+01,-2.466611981024160016e+01,0.000000000000000000e+00
4.447381984618335338e+01,-2.364714947422914193e+01,0.000000000000000000e+00
4.438328534499942890e+01,-2.261441341545033623e+01,0.000000000000000000e+00
4.421224397492913738e+01,-2.156375220019757322e+01,0.000000000000000000e+00
4.391279157929536581e+01,-2.047687100438979968e+01,0.000000000000000000e+00
4.352981615914509206e+01,-1.938072282025843762e+01,0.000000000000000000e+00
4.306564590191185715e+01,-1.828028212916200701e+01,0.000000000000000000e+00
4.248671395660622352e+01,-1.716574668802550718e+01,0.000000000000000000e+00
4.181451303595446944e+01,-1.605108769702249916e+01,0.000000000000000000e+00
4.103926140905576858e+01,-1.493706958916593663e+01,0.000000000000000000e+00
4.014908776303261106e+01,-1.382443956520236483e+01,0.000000000000000000e+00
3.919328377797717167e+01,-1.273466985951044528e+01,0.000000000000000000e+00
3.809950450859648186e+01,-1.164818747665048626e+01,0.000000000000000000e+00
3.692682354472124473e+01,-1.058859626217854810e+01,0.000000000000000000e+00
3.573092400967707505e+01,-9.574072233210781491e+00,0.000000000000000000e+00
3.453631780522172079e+01,-8.610871143933319871e+00,0.000000000000000000e+00
3.334673543408700880e+01,-7.698700489610400766e+00,0.000000000000000000e+00
3.216339095702526407e+01,-6.836539793473989768e+00,0.000000000000000000e+00
3.098127059055346777e+01,-6.022148954871084925e+00,0.000000000000000000e+00
2.980560493791566401e+01,-5.255532326892011774e+00,0.000000000000000000e+00
2.864105526454135031e+01,-4.536297508378502208e+00,0.000000000000000000e+00
2.749100280307118638e+01,-3.863608480749419538e+00,0.000000000000000000e+00
2.636063401686197949e+01,-3.236678872882584823e+00,0.000000000000000000e+00
2.531716305657001342e+01,-2.660941062157225812e+00,0.000000000000000000e+00
2.435629346933090389e+01,-2.130899564076955244e+00,0.000000000000000000e+00
2.346832284864131424e+01,-1.641064998466516878e+00,0.000000000000000000e+00
2.264477281601203273e+01,-1.186762255656182319e+00,0.000000000000000000e+00
2.187841684416155630e+01,-7.640111514593331821e-01,0.000000000000000000e+00
2.116307769100341574e+01,-3.694028951773975500e-01,0.000000000000000000e+00
2.049343070612650308e+01,-5.019442863561181259e-15,0.000000000000000000e+00
